q1_neighbor_count,q2_neighbor_count,min_neighbor_count,max_neighbor_count,mean_neighbor_count,sum_neighbor_count,diff_neighbor_count,shared_neighbor_count
6,6,6,6,6.0,12,0,5
21,19,19,21,20.0,40,2,18
19,19,19,19,19.0,38,0,18
8,8,8,8,8.0,16,0,7
14,15,14,15,14.5,29,1,11
6,7,6,7,6.5,13,1,5
7,9,7,9,8.0,16,2,6
12,8,8,12,10.0,20,4,3
1,5,1,5,3.0,6,4,0
5,3,3,5,4.0,8,2,2
7,8,7,8,7.5,15,1,6
1,6,1,6,3.5,7,5,0
15,17,15,17,16.0,32,2,13
1,5,1,5,3.0,6,4,0
27,26,26,27,26.5,53,1,25
22,24,22,24,23.0,46,2,19
1,10,1,10,5.5,11,9,0
27,23,23,27,25.0,50,4,22
37,19,19,37,28.0,56,18,15
6,6,6,6,6.0,12,0,4
1,8,1,8,4.5,9,7,0
4,1,1,4,2.5,5,3,0
9,5,5,9,7.0,14,4,4
1,6,1,6,3.5,7,5,0
2,7,2,7,4.5,9,5,1
24,17,17,24,20.5,41,7,15
26,25,25,26,25.5,51,1,23
2,5,2,5,3.5,7,3,0
1,75,1,75,38.0,76,74,0
17,19,17,19,18.0,36,2,13
9,7,7,9,8.0,16,2,5
6,1,1,6,3.5,7,5,0
6,6,6,6,6.0,12,0,5
6,10,6,10,8.0,16,4,5
6,12,6,12,9.0,18,6,5
1,77,1,77,39.0,78,76,0
4,1,1,4,2.5,5,3,0
2,36,2,36,19.0,38,34,1
3,5,3,5,4.0,8,2,0
30,40,30,40,35.0,70,10,21
8,10,8,10,9.0,18,2,7
2,4,2,4,3.0,6,2,1
1,4,1,4,2.5,5,3,0
11,10,10,11,10.5,21,1,9
17,3,3,17,10.0,20,14,1
10,5,5,10,7.5,15,5,3
1,4,1,4,2.5,5,3,0
4,4,4,4,4.0,8,0,2
5,2,2,5,3.5,7,3,0
3,77,3,77,40.0,80,74,1
4,4,4,4,4.0,8,0,3
1,19,1,19,10.0,20,18,0
5,18,5,18,11.5,23,13,3
22,20,20,22,21.0,42,2,18
3,7,3,7,5.0,10,4,1
5,7,5,7,6.0,12,2,4
2,11,2,11,6.5,13,9,0
25,17,17,25,21.0,42,8,14
16,14,14,16,15.0,30,2,12
14,18,14,18,16.0,32,4,13
4,4,4,4,4.0,8,0,3
8,6,6,8,7.0,14,2,3
1,27,1,27,14.0,28,26,0
5,7,5,7,6.0,12,2,3
4,3,3,4,3.5,7,1,2
6,8,6,8,7.0,14,2,4
4,10,4,10,7.0,14,6,2
5,2,2,5,3.5,7,3,1
12,13,12,13,12.5,25,1,11
1,5,1,5,3.0,6,4,0
28,22,22,28,25.0,50,6,8
5,6,5,6,5.5,11,1,0
1,6,1,6,3.5,7,5,0
9,7,7,9,8.0,16,2,5
6,8,6,8,7.0,14,2,5
6,6,6,6,6.0,12,0,5
4,4,4,4,4.0,8,0,0
8,2,2,8,5.0,10,6,0
16,3,3,16,9.5,19,13,0
6,4,4,6,5.0,10,2,3
4,6,4,6,5.0,10,2,3
1,5,1,5,3.0,6,4,0
13,12,12,13,12.5,25,1,9
11,2,2,11,6.5,13,9,0
4,1,1,4,2.5,5,3,0
11,7,7,11,9.0,18,4,5
4,1,1,4,2.5,5,3,0
4,2,2,4,3.0,6,2,1
1,5,1,5,3.0,6,4,0
1,15,1,15,8.0,16,14,0
26,7,7,26,16.5,33,19,6
4,4,4,4,4.0,8,0,0
42,29,29,42,35.5,71,13,21
2,13,2,13,7.5,15,11,1
17,12,12,17,14.5,29,5,11
33,31,31,33,32.0,64,2,30
5,1,1,5,3.0,6,4,0
4,1,1,4,2.5,5,3,0
3,5,3,5,4.0,8,2,1
2,7,2,7,4.5,9,5,1
1,4,1,4,2.5,5,3,0
32,31,31,32,31.5,63,1,29
6,4,4,6,5.0,10,2,3
5,5,5,5,5.0,10,0,3
20,13,13,20,16.5,33,7,8
10,1,1,10,5.5,11,9,0
4,1,1,4,2.5,5,3,0
9,2,2,9,5.5,11,7,1
4,1,1,4,2.5,5,3,0
23,16,16,23,19.5,39,7,15
5,4,4,5,4.5,9,1,3
1,7,1,7,4.0,8,6,0
8,2,2,8,5.0,10,6,1
8,10,8,10,9.0,18,2,0
18,20,18,20,19.0,38,2,17
16,5,5,16,10.5,21,11,0
17,19,17,19,18.0,36,2,16
10,8,8,10,9.0,18,2,7
12,12,12,12,12.0,24,0,11
7,2,2,7,4.5,9,5,1
11,1,1,11,6.0,12,10,0
8,6,6,8,7.0,14,2,5
15,14,14,15,14.5,29,1,12
5,8,5,8,6.5,13,3,0
1,4,1,4,2.5,5,3,0
17,21,17,21,19.0,38,4,16
1,5,1,5,3.0,6,4,0
20,20,20,20,20.0,40,0,18
10,9,9,10,9.5,19,1,5
7,1,1,7,4.0,8,6,0
15,16,15,16,15.5,31,1,9
26,10,10,26,18.0,36,16,6
6,2,2,6,4.0,8,4,1
10,8,8,10,9.0,18,2,7
5,4,4,5,4.5,9,1,3
15,1,1,15,8.0,16,14,0
4,6,4,6,5.0,10,2,0
1,5,1,5,3.0,6,4,0
8,13,8,13,10.5,21,5,2
8,8,8,8,8.0,16,0,4
12,11,11,12,11.5,23,1,7
4,2,2,4,3.0,6,2,0
1,14,1,14,7.5,15,13,0
1,15,1,15,8.0,16,14,0
4,1,1,4,2.5,5,3,0
1,4,1,4,2.5,5,3,0
3,12,3,12,7.5,15,9,0
4,1,1,4,2.5,5,3,0
1,6,1,6,3.5,7,5,0
5,1,1,5,3.0,6,4,0
45,36,36,45,40.5,81,9,31
1,5,1,5,3.0,6,4,0
10,7,7,10,8.5,17,3,5
27,31,27,31,29.0,58,4,23
1,75,1,75,38.0,76,74,0
6,1,1,6,3.5,7,5,0
19,19,19,19,19.0,38,0,17
11,7,7,11,9.0,18,4,5
6,6,6,6,6.0,12,0,5
9,7,7,9,8.0,16,2,1
7,3,3,7,5.0,10,4,1
1,4,1,4,2.5,5,3,0
7,1,1,7,4.0,8,6,0
6,6,6,6,6.0,12,0,5
9,3,3,9,6.0,12,6,1
8,14,8,14,11.0,22,6,4
5,1,1,5,3.0,6,4,0
7,7,7,7,7.0,14,0,6
9,6,6,9,7.5,15,3,5
4,2,2,4,3.0,6,2,0
4,1,1,4,2.5,5,3,0
1,5,1,5,3.0,6,4,0
1,4,1,4,2.5,5,3,0
6,1,1,6,3.5,7,5,0
8,8,8,8,8.0,16,0,7
1,7,1,7,4.0,8,6,0
8,1,1,8,4.5,9,7,0
23,12,12,23,17.5,35,11,8
1,9,1,9,5.0,10,8,0
5,6,5,6,5.5,11,1,4
15,6,6,15,10.5,21,9,5
4,1,1,4,2.5,5,3,0
11,12,11,12,11.5,23,1,10
1,7,1,7,4.0,8,6,0
1,4,1,4,2.5,5,3,0
12,8,8,12,10.0,20,4,7
4,8,4,8,6.0,12,4,1
13,44,13,44,28.5,57,31,7
2,4,2,4,3.0,6,2,0
1,5,1,5,3.0,6,4,0
2,4,2,4,3.0,6,2,1
5,1,1,5,3.0,6,4,0
1,11,1,11,6.0,12,10,0
1,13,1,13,7.0,14,12,0
36,29,29,36,32.5,65,7,24
4,1,1,4,2.5,5,3,0
13,22,13,22,17.5,35,9,10
21,1,1,21,11.0,22,20,0
15,5,5,15,10.0,20,10,4
2,41,2,41,21.5,43,39,0
5,6,5,6,5.5,11,1,4
1,10,1,10,5.5,11,9,0
5,2,2,5,3.5,7,3,1
45,25,25,45,35.0,70,20,21
13,19,13,19,16.0,32,6,12
11,11,11,11,11.0,22,0,10
20,12,12,20,16.0,32,8,1
6,1,1,6,3.5,7,5,0
5,10,5,10,7.5,15,5,1
5,4,4,5,4.5,9,1,3
1,4,1,4,2.5,5,3,0
1,4,1,4,2.5,5,3,0
6,1,1,6,3.5,7,5,0
26,27,26,27,26.5,53,1,25
2,21,2,21,11.5,23,19,0
9,2,2,9,5.5,11,7,0
1,9,1,9,5.0,10,8,0
8,1,1,8,4.5,9,7,0
2,4,2,4,3.0,6,2,0
5,5,5,5,5.0,10,0,3
4,1,1,4,2.5,5,3,0
1,5,1,5,3.0,6,4,0
8,18,8,18,13.0,26,10,4
3,16,3,16,9.5,19,13,2
24,34,24,34,29.0,58,10,11
53,27,27,53,40.0,80,26,24
6,1,1,6,3.5,7,5,0
1,5,1,5,3.0,6,4,0
1,4,1,4,2.5,5,3,0
4,4,4,4,4.0,8,0,3
5,5,5,5,5.0,10,0,4
12,12,12,12,12.0,24,0,11
11,9,9,11,10.0,20,2,8
4,1,1,4,2.5,5,3,0
18,49,18,49,33.5,67,31,17
1,5,1,5,3.0,6,4,0
27,35,27,35,31.0,62,8,18
13,1,1,13,7.0,14,12,0
10,12,10,12,11.0,22,2,9
13,4,4,13,8.5,17,9,3
41,43,41,43,42.0,84,2,40
1,4,1,4,2.5,5,3,0
4,7,4,7,5.5,11,3,0
6,1,1,6,3.5,7,5,0
10,23,10,23,16.5,33,13,9
5,1,1,5,3.0,6,4,0
34,22,22,34,28.0,56,12,16
10,2,2,10,6.0,12,8,0
29,32,29,32,30.5,61,3,24
1,5,1,5,3.0,6,4,0
6,11,6,11,8.5,17,5,5
6,6,6,6,6.0,12,0,3
1,5,1,5,3.0,6,4,0
4,6,4,6,5.0,10,2,2
1,4,1,4,2.5,5,3,0
14,1,1,14,7.5,15,13,0
1,6,1,6,3.5,7,5,0
5,4,4,5,4.5,9,1,3
5,4,4,5,4.5,9,1,3
9,15,9,15,12.0,24,6,8
1,9,1,9,5.0,10,8,0
4,4,4,4,4.0,8,0,2
13,3,3,13,8.0,16,10,2
7,9,7,9,8.0,16,2,3
4,4,4,4,4.0,8,0,3
27,25,25,27,26.0,52,2,23
3,6,3,6,4.5,9,3,2
22,1,1,22,11.5,23,21,0
11,10,10,11,10.5,21,1,7
1,5,1,5,3.0,6,4,0
4,6,4,6,5.0,10,2,3
24,11,11,24,17.5,35,13,8
7,9,7,9,8.0,16,2,6
26,24,24,26,25.0,50,2,23
51,24,24,51,37.5,75,27,20
23,8,8,23,15.5,31,15,6
4,1,1,4,2.5,5,3,0
6,7,6,7,6.5,13,1,2
25,26,25,26,25.5,51,1,24
21,3,3,21,12.0,24,18,2
3,7,3,7,5.0,10,4,2
13,19,13,19,16.0,32,6,12
5,13,5,13,9.0,18,8,0
29,2,2,29,15.5,31,27,1
6,1,1,6,3.5,7,5,0
3,5,3,5,4.0,8,2,2
11,10,10,11,10.5,21,1,9
6,4,4,6,5.0,10,2,3
1,4,1,4,2.5,5,3,0
4,4,4,4,4.0,8,0,3
5,7,5,7,6.0,12,2,3
18,13,13,18,15.5,31,5,9
1,4,1,4,2.5,5,3,0
4,1,1,4,2.5,5,3,0
1,4,1,4,2.5,5,3,0
7,17,7,17,12.0,24,10,5
2,5,2,5,3.5,7,3,1
14,14,14,14,14.0,28,0,9
4,1,1,4,2.5,5,3,0
4,1,1,4,2.5,5,3,0
4,5,4,5,4.5,9,1,1
5,1,1,5,3.0,6,4,0
2,8,2,8,5.0,10,6,1
19,55,19,55,37.0,74,36,11
12,1,1,12,6.5,13,11,0
6,13,6,13,9.5,19,7,5
7,55,7,55,31.0,62,48,5
3,4,3,4,3.5,7,1,2
5,3,3,5,4.0,8,2,2
12,11,11,12,11.5,23,1,6
14,5,5,14,9.5,19,9,4
1,9,1,9,5.0,10,8,0
19,15,15,19,17.0,34,4,4
1,4,1,4,2.5,5,3,0
42,23,23,42,32.5,65,19,21
37,31,31,37,34.0,68,6,29
5,1,1,5,3.0,6,4,0
4,5,4,5,4.5,9,1,0
4,9,4,9,6.5,13,5,3
17,17,17,17,17.0,34,0,16
1,12,1,12,6.5,13,11,0
5,5,5,5,5.0,10,0,3
15,17,15,17,16.0,32,2,13
4,4,4,4,4.0,8,0,2
1,4,1,4,2.5,5,3,0
24,25,24,25,24.5,49,1,23
1,5,1,5,3.0,6,4,0
28,51,28,51,39.5,79,23,27
24,18,18,24,21.0,42,6,13
6,1,1,6,3.5,7,5,0
1,4,1,4,2.5,5,3,0
48,24,24,48,36.0,72,24,17
1,4,1,4,2.5,5,3,0
15,15,15,15,15.0,30,0,12
5,2,2,5,3.5,7,3,0
3,4,3,4,3.5,7,1,2
11,23,11,23,17.0,34,12,1
3,9,3,9,6.0,12,6,2
1,4,1,4,2.5,5,3,0
12,10,10,12,11.0,22,2,9
3,6,3,6,4.5,9,3,1
4,5,4,5,4.5,9,1,3
1,6,1,6,3.5,7,5,0
40,48,40,48,44.0,88,8,39
6,1,1,6,3.5,7,5,0
1,13,1,13,7.0,14,12,0
1,5,1,5,3.0,6,4,0
3,6,3,6,4.5,9,3,2
4,1,1,4,2.5,5,3,0
1,20,1,20,10.5,21,19,0
4,1,1,4,2.5,5,3,0
18,20,18,20,19.0,38,2,17
16,18,16,18,17.0,34,2,8
4,1,1,4,2.5,5,3,0
7,11,7,11,9.0,18,4,6
5,1,1,5,3.0,6,4,0
5,4,4,5,4.5,9,1,2
4,1,1,4,2.5,5,3,0
22,10,10,22,16.0,32,12,9
4,1,1,4,2.5,5,3,0
23,21,21,23,22.0,44,2,19
1,7,1,7,4.0,8,6,0
5,3,3,5,4.0,8,2,2
44,28,28,44,36.0,72,16,19
1,7,1,7,4.0,8,6,0
9,8,8,9,8.5,17,1,5
4,4,4,4,4.0,8,0,2
1,4,1,4,2.5,5,3,0
2,5,2,5,3.5,7,3,1
5,1,1,5,3.0,6,4,0
6,1,1,6,3.5,7,5,0
1,9,1,9,5.0,10,8,0
46,47,46,47,46.5,93,1,44
15,21,15,21,18.0,36,6,11
10,5,5,10,7.5,15,5,4
2,5,2,5,3.5,7,3,1
47,33,33,47,40.0,80,14,27
4,3,3,4,3.5,7,1,2
37,33,33,37,35.0,70,4,29
8,4,4,8,6.0,12,4,3
1,4,1,4,2.5,5,3,0
6,6,6,6,6.0,12,0,5
5,4,4,5,4.5,9,1,3
17,17,17,17,17.0,34,0,15
14,14,14,14,14.0,28,0,13
9,16,9,16,12.5,25,7,6
8,1,1,8,4.5,9,7,0
6,2,2,6,4.0,8,4,1
4,5,4,5,4.5,9,1,3
7,16,7,16,11.5,23,9,6
2,21,2,21,11.5,23,19,0
12,9,9,12,10.5,21,3,5
11,1,1,11,6.0,12,10,0
17,14,14,17,15.5,31,3,13
15,22,15,22,18.5,37,7,14
9,10,9,10,9.5,19,1,7
12,41,12,41,26.5,53,29,11
1,10,1,10,5.5,11,9,0
8,7,7,8,7.5,15,1,5
4,3,3,4,3.5,7,1,2
12,6,6,12,9.0,18,6,5
5,4,4,5,4.5,9,1,2
4,6,4,6,5.0,10,2,1
5,1,1,5,3.0,6,4,0
1,5,1,5,3.0,6,4,0
2,18,2,18,10.0,20,16,0
1,4,1,4,2.5,5,3,0
27,27,27,27,27.0,54,0,26
19,20,19,20,19.5,39,1,18
5,6,5,6,5.5,11,1,4
7,6,6,7,6.5,13,1,5
14,52,14,52,33.0,66,38,10
5,7,5,7,6.0,12,2,4
1,9,1,9,5.0,10,8,0
4,4,4,4,4.0,8,0,3
5,6,5,6,5.5,11,1,2
26,25,25,26,25.5,51,1,20
1,12,1,12,6.5,13,11,0
19,18,18,19,18.5,37,1,16
13,12,12,13,12.5,25,1,11
9,6,6,9,7.5,15,3,5
7,6,6,7,6.5,13,1,5
6,1,1,6,3.5,7,5,0
8,1,1,8,4.5,9,7,0
1,6,1,6,3.5,7,5,0
4,6,4,6,5.0,10,2,3
1,5,1,5,3.0,6,4,0
6,7,6,7,6.5,13,1,5
5,2,2,5,3.5,7,3,1
6,6,6,6,6.0,12,0,5
1,4,1,4,2.5,5,3,0
1,19,1,19,10.0,20,18,0
7,11,7,11,9.0,18,4,6
7,8,7,8,7.5,15,1,6
16,9,9,16,12.5,25,7,7
15,15,15,15,15.0,30,0,12
51,40,40,51,45.5,91,11,19
2,5,2,5,3.5,7,3,0
17,2,2,17,9.5,19,15,0
1,12,1,12,6.5,13,11,0
5,6,5,6,5.5,11,1,3
13,12,12,13,12.5,25,1,10
5,13,5,13,9.0,18,8,4
7,2,2,7,4.5,9,5,1
2,17,2,17,9.5,19,15,0
4,1,1,4,2.5,5,3,0
5,5,5,5,5.0,10,0,4
7,5,5,7,6.0,12,2,1
6,6,6,6,6.0,12,0,3
19,23,19,23,21.0,42,4,17
10,2,2,10,6.0,12,8,0
6,5,5,6,5.5,11,1,4
3,4,3,4,3.5,7,1,2
7,7,7,7,7.0,14,0,6
1,4,1,4,2.5,5,3,0
19,18,18,19,18.5,37,1,15
1,18,1,18,9.5,19,17,0
33,14,14,33,23.5,47,19,11
4,2,2,4,3.0,6,2,1
10,12,10,12,11.0,22,2,9
23,28,23,28,25.5,51,5,22
5,9,5,9,7.0,14,4,4
12,1,1,12,6.5,13,11,0
24,19,19,24,21.5,43,5,10
5,5,5,5,5.0,10,0,3
11,11,11,11,11.0,22,0,8
9,9,9,9,9.0,18,0,8
6,7,6,7,6.5,13,1,5
39,13,13,39,26.0,52,26,4
28,37,28,37,32.5,65,9,10
17,11,11,17,14.0,28,6,7
5,4,4,5,4.5,9,1,3
9,13,9,13,11.0,22,4,2
1,9,1,9,5.0,10,8,0
5,6,5,6,5.5,11,1,4
4,6,4,6,5.0,10,2,3
4,1,1,4,2.5,5,3,0
9,9,9,9,9.0,18,0,8
11,49,11,49,30.0,60,38,9
34,38,34,38,36.0,72,4,8
8,1,1,8,4.5,9,7,0
14,16,14,16,15.0,30,2,8
4,2,2,4,3.0,6,2,1
36,21,21,36,28.5,57,15,18
5,4,4,5,4.5,9,1,3
5,8,5,8,6.5,13,3,3
5,4,4,5,4.5,9,1,3
1,7,1,7,4.0,8,6,0
1,4,1,4,2.5,5,3,0
19,15,15,19,17.0,34,4,14
4,1,1,4,2.5,5,3,0
31,20,20,31,25.5,51,11,17
8,3,3,8,5.5,11,5,2
1,4,1,4,2.5,5,3,0
2,11,2,11,6.5,13,9,1
18,17,17,18,17.5,35,1,15
7,8,7,8,7.5,15,1,6
13,1,1,13,7.0,14,12,0
4,1,1,4,2.5,5,3,0
6,1,1,6,3.5,7,5,0
6,4,4,6,5.0,10,2,3
6,10,6,10,8.0,16,4,4
10,17,10,17,13.5,27,7,9
9,8,8,9,8.5,17,1,5
5,6,5,6,5.5,11,1,4
12,11,11,12,11.5,23,1,8
1,65,1,65,33.0,66,64,0
1,4,1,4,2.5,5,3,0
28,26,26,28,27.0,54,2,24
1,7,1,7,4.0,8,6,0
8,1,1,8,4.5,9,7,0
1,10,1,10,5.5,11,9,0
6,5,5,6,5.5,11,1,3
13,10,10,13,11.5,23,3,0
6,8,6,8,7.0,14,2,3
1,5,1,5,3.0,6,4,0
19,41,19,41,30.0,60,22,18
9,6,6,9,7.5,15,3,4
33,28,28,33,30.5,61,5,9
1,4,1,4,2.5,5,3,0
15,14,14,15,14.5,29,1,13
33,12,12,33,22.5,45,21,10
7,6,6,7,6.5,13,1,5
29,38,29,38,33.5,67,9,28
12,12,12,12,12.0,24,0,10
1,8,1,8,4.5,9,7,0
5,7,5,7,6.0,12,2,3
6,5,5,6,5.5,11,1,4
1,7,1,7,4.0,8,6,0
5,1,1,5,3.0,6,4,0
1,12,1,12,6.5,13,11,0
6,5,5,6,5.5,11,1,4
4,1,1,4,2.5,5,3,0
1,8,1,8,4.5,9,7,0
4,1,1,4,2.5,5,3,0
2,4,2,4,3.0,6,2,1
20,20,20,20,20.0,40,0,18
11,11,11,11,11.0,22,0,10
7,8,7,8,7.5,15,1,5
14,39,14,39,26.5,53,25,8
18,15,15,18,16.5,33,3,5
17,10,10,17,13.5,27,7,8
5,5,5,5,5.0,10,0,4
13,12,12,13,12.5,25,1,11
1,4,1,4,2.5,5,3,0
41,43,41,43,42.0,84,2,40
21,13,13,21,17.0,34,8,11
6,1,1,6,3.5,7,5,0
5,4,4,5,4.5,9,1,3
6,1,1,6,3.5,7,5,0
12,13,12,13,12.5,25,1,9
2,5,2,5,3.5,7,3,1
48,28,28,48,38.0,76,20,25
1,17,1,17,9.0,18,16,0
1,6,1,6,3.5,7,5,0
2,12,2,12,7.0,14,10,0
1,18,1,18,9.5,19,17,0
3,9,3,9,6.0,12,6,2
1,4,1,4,2.5,5,3,0
5,2,2,5,3.5,7,3,1
17,4,4,17,10.5,21,13,2
6,5,5,6,5.5,11,1,4
5,5,5,5,5.0,10,0,4
1,16,1,16,8.5,17,15,0
20,38,20,38,29.0,58,18,18
5,5,5,5,5.0,10,0,4
21,30,21,30,25.5,51,9,7
6,4,4,6,5.0,10,2,3
3,5,3,5,4.0,8,2,2
6,1,1,6,3.5,7,5,0
8,8,8,8,8.0,16,0,5
10,26,10,26,18.0,36,16,5
1,6,1,6,3.5,7,5,0
4,4,4,4,4.0,8,0,3
20,8,8,20,14.0,28,12,7
7,9,7,9,8.0,16,2,6
1,15,1,15,8.0,16,14,0
21,10,10,21,15.5,31,11,8
1,26,1,26,13.5,27,25,0
5,6,5,6,5.5,11,1,2
4,1,1,4,2.5,5,3,0
1,5,1,5,3.0,6,4,0
1,6,1,6,3.5,7,5,0
23,15,15,23,19.0,38,8,13
14,11,11,14,12.5,25,3,8
8,12,8,12,10.0,20,4,7
16,8,8,16,12.0,24,8,7
6,6,6,6,6.0,12,0,5
4,6,4,6,5.0,10,2,1
21,20,20,21,20.5,41,1,17
1,11,1,11,6.0,12,10,0
7,8,7,8,7.5,15,1,6
1,88,1,88,44.5,89,87,0
18,23,18,23,20.5,41,5,17
4,5,4,5,4.5,9,1,2
10,11,10,11,10.5,21,1,9
19,15,15,19,17.0,34,4,14
1,7,1,7,4.0,8,6,0
4,5,4,5,4.5,9,1,3
9,9,9,9,9.0,18,0,8
17,4,4,17,10.5,21,13,3
9,18,9,18,13.5,27,9,8
16,13,13,16,14.5,29,3,10
9,1,1,9,5.0,10,8,0
4,1,1,4,2.5,5,3,0
6,6,6,6,6.0,12,0,5
5,5,5,5,5.0,10,0,4
10,10,10,10,10.0,20,0,9
1,6,1,6,3.5,7,5,0
4,1,1,4,2.5,5,3,0
21,23,21,23,22.0,44,2,18
12,16,12,16,14.0,28,4,11
14,2,2,14,8.0,16,12,0
12,10,10,12,11.0,22,2,9
5,1,1,5,3.0,6,4,0
1,4,1,4,2.5,5,3,0
9,10,9,10,9.5,19,1,5
21,8,8,21,14.5,29,13,5
4,1,1,4,2.5,5,3,0
18,28,18,28,23.0,46,10,16
6,4,4,6,5.0,10,2,3
33,2,2,33,17.5,35,31,1
6,6,6,6,6.0,12,0,5
7,1,1,7,4.0,8,6,0
10,2,2,10,6.0,12,8,1
7,1,1,7,4.0,8,6,0
4,5,4,5,4.5,9,1,3
8,10,8,10,9.0,18,2,7
6,14,6,14,10.0,20,8,5
1,7,1,7,4.0,8,6,0
7,7,7,7,7.0,14,0,6
4,4,4,4,4.0,8,0,3
13,13,13,13,13.0,26,0,12
1,4,1,4,2.5,5,3,0
36,15,15,36,25.5,51,21,11
1,5,1,5,3.0,6,4,0
5,4,4,5,4.5,9,1,3
4,3,3,4,3.5,7,1,1
4,23,4,23,13.5,27,19,3
7,6,6,7,6.5,13,1,5
2,7,2,7,4.5,9,5,0
27,24,24,27,25.5,51,3,23
5,10,5,10,7.5,15,5,4
5,1,1,5,3.0,6,4,0
1,5,1,5,3.0,6,4,0
1,6,1,6,3.5,7,5,0
11,5,5,11,8.0,16,6,2
2,10,2,10,6.0,12,8,0
4,1,1,4,2.5,5,3,0
23,1,1,23,12.0,24,22,0
19,7,7,19,13.0,26,12,4
4,5,4,5,4.5,9,1,3
14,17,14,17,15.5,31,3,13
5,1,1,5,3.0,6,4,0
17,21,17,21,19.0,38,4,16
14,3,3,14,8.5,17,11,1
8,10,8,10,9.0,18,2,6
1,5,1,5,3.0,6,4,0
25,19,19,25,22.0,44,6,18
1,7,1,7,4.0,8,6,0
10,4,4,10,7.0,14,6,2
34,22,22,34,28.0,56,12,16
26,28,26,28,27.0,54,2,22
6,7,6,7,6.5,13,1,5
4,5,4,5,4.5,9,1,2
20,18,18,20,19.0,38,2,15
4,1,1,4,2.5,5,3,0
14,11,11,14,12.5,25,3,7
4,5,4,5,4.5,9,1,3
6,11,6,11,8.5,17,5,5
16,12,12,16,14.0,28,4,10
3,5,3,5,4.0,8,2,0
15,35,15,35,25.0,50,20,10
16,16,16,16,16.0,32,0,12
11,1,1,11,6.0,12,10,0
6,14,6,14,10.0,20,8,0
20,55,20,55,37.5,75,35,11
10,10,10,10,10.0,20,0,9
15,14,14,15,14.5,29,1,12
5,18,5,18,11.5,23,13,2
19,2,2,19,10.5,21,17,0
6,3,3,6,4.5,9,3,2
1,35,1,35,18.0,36,34,0
13,11,11,13,12.0,24,2,8
10,22,10,22,16.0,32,12,9
9,2,2,9,5.5,11,7,1
5,6,5,6,5.5,11,1,4
8,1,1,8,4.5,9,7,0
12,8,8,12,10.0,20,4,7
5,1,1,5,3.0,6,4,0
1,4,1,4,2.5,5,3,0
1,15,1,15,8.0,16,14,0
1,5,1,5,3.0,6,4,0
4,3,3,4,3.5,7,1,2
6,1,1,6,3.5,7,5,0
2,4,2,4,3.0,6,2,1
8,10,8,10,9.0,18,2,7
15,7,7,15,11.0,22,8,6
7,1,1,7,4.0,8,6,0
7,6,6,7,6.5,13,1,5
17,24,17,24,20.5,41,7,12
4,18,4,18,11.0,22,14,0
6,8,6,8,7.0,14,2,3
29,7,7,29,18.0,36,22,4
14,11,11,14,12.5,25,3,7
47,42,42,47,44.5,89,5,40
4,2,2,4,3.0,6,2,0
3,4,3,4,3.5,7,1,2
5,4,4,5,4.5,9,1,3
44,19,19,44,31.5,63,25,9
7,2,2,7,4.5,9,5,1
6,1,1,6,3.5,7,5,0
4,24,4,24,14.0,28,20,0
11,1,1,11,6.0,12,10,0
10,15,10,15,12.5,25,5,4
4,1,1,4,2.5,5,3,0
5,1,1,5,3.0,6,4,0
23,42,23,42,32.5,65,19,21
8,1,1,8,4.5,9,7,0
9,8,8,9,8.5,17,1,5
4,1,1,4,2.5,5,3,0
5,6,5,6,5.5,11,1,4
13,26,13,26,19.5,39,13,11
6,2,2,6,4.0,8,4,1
7,2,2,7,4.5,9,5,0
16,11,11,16,13.5,27,5,8
9,13,9,13,11.0,22,4,8
5,5,5,5,5.0,10,0,4
12,12,12,12,12.0,24,0,11
22,21,21,22,21.5,43,1,19
1,6,1,6,3.5,7,5,0
1,6,1,6,3.5,7,5,0
1,9,1,9,5.0,10,8,0
1,5,1,5,3.0,6,4,0
11,1,1,11,6.0,12,10,0
3,11,3,11,7.0,14,8,1
1,26,1,26,13.5,27,25,0
3,5,3,5,4.0,8,2,2
15,20,15,20,17.5,35,5,14
23,21,21,23,22.0,44,2,19
5,2,2,5,3.5,7,3,0
4,1,1,4,2.5,5,3,0
30,32,30,32,31.0,62,2,29
8,1,1,8,4.5,9,7,0
5,5,5,5,5.0,10,0,2
1,6,1,6,3.5,7,5,0
4,1,1,4,2.5,5,3,0
6,8,6,8,7.0,14,2,5
5,2,2,5,3.5,7,3,0
14,10,10,14,12.0,24,4,9
8,2,2,8,5.0,10,6,0
38,25,25,38,31.5,63,13,8
12,12,12,12,12.0,24,0,11
6,1,1,6,3.5,7,5,0
10,8,8,10,9.0,18,2,7
2,6,2,6,4.0,8,4,1
1,5,1,5,3.0,6,4,0
4,4,4,4,4.0,8,0,3
7,8,7,8,7.5,15,1,6
6,19,6,19,12.5,25,13,0
4,1,1,4,2.5,5,3,0
1,4,1,4,2.5,5,3,0
7,1,1,7,4.0,8,6,0
1,4,1,4,2.5,5,3,0
6,2,2,6,4.0,8,4,1
4,4,4,4,4.0,8,0,3
6,6,6,6,6.0,12,0,5
4,6,4,6,5.0,10,2,3
16,19,16,19,17.5,35,3,15
1,11,1,11,6.0,12,10,0
7,1,1,7,4.0,8,6,0
6,5,5,6,5.5,11,1,4
4,1,1,4,2.5,5,3,0
4,1,1,4,2.5,5,3,0
4,2,2,4,3.0,6,2,1
4,1,1,4,2.5,5,3,0
11,11,11,11,11.0,22,0,10
1,5,1,5,3.0,6,4,0
8,16,8,16,12.0,24,8,6
4,1,1,4,2.5,5,3,0
8,6,6,8,7.0,14,2,0
5,1,1,5,3.0,6,4,0
3,8,3,8,5.5,11,5,2
1,5,1,5,3.0,6,4,0
16,1,1,16,8.5,17,15,0
15,14,14,15,14.5,29,1,11
13,13,13,13,13.0,26,0,9
7,8,7,8,7.5,15,1,4
1,5,1,5,3.0,6,4,0
21,10,10,21,15.5,31,11,9
14,16,14,16,15.0,30,2,13
5,1,1,5,3.0,6,4,0
46,20,20,46,33.0,66,26,19
1,5,1,5,3.0,6,4,0
31,32,31,32,31.5,63,1,29
19,18,18,19,18.5,37,1,15
33,7,7,33,20.0,40,26,6
18,19,18,19,18.5,37,1,15
17,20,17,20,18.5,37,3,16
1,6,1,6,3.5,7,5,0
17,17,17,17,17.0,34,0,16
8,8,8,8,8.0,16,0,7
1,30,1,30,15.5,31,29,0
4,1,1,4,2.5,5,3,0
9,5,5,9,7.0,14,4,3
6,4,4,6,5.0,10,2,3
1,6,1,6,3.5,7,5,0
15,9,9,15,12.0,24,6,8
1,10,1,10,5.5,11,9,0
4,1,1,4,2.5,5,3,0
4,1,1,4,2.5,5,3,0
3,18,3,18,10.5,21,15,2
4,5,4,5,4.5,9,1,3
8,9,8,9,8.5,17,1,6
6,13,6,13,9.5,19,7,4
7,5,5,7,6.0,12,2,2
9,1,1,9,5.0,10,8,0
1,8,1,8,4.5,9,7,0
4,1,1,4,2.5,5,3,0
4,10,4,10,7.0,14,6,2
6,1,1,6,3.5,7,5,0
40,17,17,40,28.5,57,23,13
5,4,4,5,4.5,9,1,1
4,4,4,4,4.0,8,0,3
7,6,6,7,6.5,13,1,5
1,17,1,17,9.0,18,16,0
1,4,1,4,2.5,5,3,0
1,4,1,4,2.5,5,3,0
7,6,6,7,6.5,13,1,3
10,20,10,20,15.0,30,10,9
1,6,1,6,3.5,7,5,0
4,2,2,4,3.0,6,2,1
11,5,5,11,8.0,16,6,4
13,12,12,13,12.5,25,1,11
12,9,9,12,10.5,21,3,5
4,4,4,4,4.0,8,0,3
21,6,6,21,13.5,27,15,5
4,1,1,4,2.5,5,3,0
1,23,1,23,12.0,24,22,0
24,21,21,24,22.5,45,3,20
6,1,1,6,3.5,7,5,0
8,8,8,8,8.0,16,0,7
7,5,5,7,6.0,12,2,0
2,5,2,5,3.5,7,3,1
1,5,1,5,3.0,6,4,0
2,4,2,4,3.0,6,2,0
19,11,11,19,15.0,30,8,8
1,4,1,4,2.5,5,3,0
7,6,6,7,6.5,13,1,4
15,38,15,38,26.5,53,23,13
21,10,10,21,15.5,31,11,7
9,7,7,9,8.0,16,2,6
9,12,9,12,10.5,21,3,7
12,6,6,12,9.0,18,6,5
1,27,1,27,14.0,28,26,0
2,9,2,9,5.5,11,7,0
3,21,3,21,12.0,24,18,2
4,1,1,4,2.5,5,3,0
2,7,2,7,4.5,9,5,1
1,4,1,4,2.5,5,3,0
4,12,4,12,8.0,16,8,0
9,9,9,9,9.0,18,0,7
16,17,16,17,16.5,33,1,12
10,6,6,10,8.0,16,4,5
4,4,4,4,4.0,8,0,3
1,5,1,5,3.0,6,4,0
6,4,4,6,5.0,10,2,3
34,26,26,34,30.0,60,8,23
14,15,14,15,14.5,29,1,11
11,6,6,11,8.5,17,5,5
1,6,1,6,3.5,7,5,0
19,15,15,19,17.0,34,4,13
4,10,4,10,7.0,14,6,3
9,9,9,9,9.0,18,0,2
7,10,7,10,8.5,17,3,4
1,6,1,6,3.5,7,5,0
11,1,1,11,6.0,12,10,0
13,9,9,13,11.0,22,4,1
13,12,12,13,12.5,25,1,10
1,4,1,4,2.5,5,3,0
4,4,4,4,4.0,8,0,3
19,7,7,19,13.0,26,12,4
5,5,5,5,5.0,10,0,4
4,3,3,4,3.5,7,1,2
1,13,1,13,7.0,14,12,0
6,6,6,6,6.0,12,0,4
22,24,22,24,23.0,46,2,19
7,1,1,7,4.0,8,6,0
32,25,25,32,28.5,57,7,21
7,3,3,7,5.0,10,4,2
21,20,20,21,20.5,41,1,2
5,7,5,7,6.0,12,2,1
1,7,1,7,4.0,8,6,0
1,6,1,6,3.5,7,5,0
8,5,5,8,6.5,13,3,4
18,13,13,18,15.5,31,5,11
1,31,1,31,16.0,32,30,0
10,2,2,10,6.0,12,8,0
4,1,1,4,2.5,5,3,0
5,5,5,5,5.0,10,0,4
3,4,3,4,3.5,7,1,2
2,6,2,6,4.0,8,4,1
24,42,24,42,33.0,66,18,23
1,5,1,5,3.0,6,4,0
1,4,1,4,2.5,5,3,0
3,10,3,10,6.5,13,7,0
5,1,1,5,3.0,6,4,0
8,8,8,8,8.0,16,0,7
8,14,8,14,11.0,22,6,0
5,1,1,5,3.0,6,4,0
7,7,7,7,7.0,14,0,6
26,25,25,26,25.5,51,1,24
12,20,12,20,16.0,32,8,11
42,42,42,42,42.0,84,0,41
2,13,2,13,7.5,15,11,1
13,14,13,14,13.5,27,1,12
39,39,39,39,39.0,78,0,34
5,1,1,5,3.0,6,4,0
4,1,1,4,2.5,5,3,0
1,4,1,4,2.5,5,3,0
1,5,1,5,3.0,6,4,0
1,4,1,4,2.5,5,3,0
5,6,5,6,5.5,11,1,4
8,8,8,8,8.0,16,0,7
11,5,5,11,8.0,16,6,3
49,28,28,49,38.5,77,21,24
4,3,3,4,3.5,7,1,2
36,25,25,36,30.5,61,11,24
4,1,1,4,2.5,5,3,0
5,5,5,5,5.0,10,0,4
1,13,1,13,7.0,14,12,0
1,5,1,5,3.0,6,4,0
19,14,14,19,16.5,33,5,13
9,1,1,9,5.0,10,8,0
5,5,5,5,5.0,10,0,4
8,5,5,8,6.5,13,3,2
8,8,8,8,8.0,16,0,6
5,1,1,5,3.0,6,4,0
4,10,4,10,7.0,14,6,1
4,1,1,4,2.5,5,3,0
1,28,1,28,14.5,29,27,0
1,6,1,6,3.5,7,5,0
9,1,1,9,5.0,10,8,0
7,8,7,8,7.5,15,1,5
12,3,3,12,7.5,15,9,0
1,12,1,12,6.5,13,11,0
6,1,1,6,3.5,7,5,0
7,9,7,9,8.0,16,2,4
1,12,1,12,6.5,13,11,0
1,16,1,16,8.5,17,15,0
4,4,4,4,4.0,8,0,1
4,5,4,5,4.5,9,1,3
3,4,3,4,3.5,7,1,2
23,24,23,24,23.5,47,1,20
6,5,5,6,5.5,11,1,4
5,1,1,5,3.0,6,4,0
5,1,1,5,3.0,6,4,0
6,1,1,6,3.5,7,5,0
1,4,1,4,2.5,5,3,0
4,5,4,5,4.5,9,1,3
8,1,1,8,4.5,9,7,0
1,6,1,6,3.5,7,5,0
16,6,6,16,11.0,22,10,5
7,6,6,7,6.5,13,1,4
4,1,1,4,2.5,5,3,0
1,7,1,7,4.0,8,6,0
16,10,10,16,13.0,26,6,9
17,26,17,26,21.5,43,9,14
3,6,3,6,4.5,9,3,2
7,1,1,7,4.0,8,6,0
1,33,1,33,17.0,34,32,0
26,26,26,26,26.0,52,0,25
7,8,7,8,7.5,15,1,5
4,4,4,4,4.0,8,0,3
9,7,7,9,8.0,16,2,5
9,7,7,9,8.0,16,2,4
8,9,8,9,8.5,17,1,5
10,13,10,13,11.5,23,3,9
1,7,1,7,4.0,8,6,0
42,37,37,42,39.5,79,5,29
8,8,8,8,8.0,16,0,7
2,5,2,5,3.5,7,3,0
5,5,5,5,5.0,10,0,4
5,1,1,5,3.0,6,4,0
6,1,1,6,3.5,7,5,0
16,17,16,17,16.5,33,1,15
5,5,5,5,5.0,10,0,3
10,12,10,12,11.0,22,2,9
4,1,1,4,2.5,5,3,0
11,15,11,15,13.0,26,4,9
4,1,1,4,2.5,5,3,0
9,13,9,13,11.0,22,4,6
2,6,2,6,4.0,8,4,1
6,8,6,8,7.0,14,2,2
8,9,8,9,8.5,17,1,5
3,4,3,4,3.5,7,1,2
10,10,10,10,10.0,20,0,7
1,14,1,14,7.5,15,13,0
5,1,1,5,3.0,6,4,0
4,6,4,6,5.0,10,2,2
4,3,3,4,3.5,7,1,2
10,5,5,10,7.5,15,5,1
4,6,4,6,5.0,10,2,0
29,24,24,29,26.5,53,5,22
16,38,16,38,27.0,54,22,15
1,8,1,8,4.5,9,7,0
1,4,1,4,2.5,5,3,0
4,4,4,4,4.0,8,0,3
4,2,2,4,3.0,6,2,0
13,1,1,13,7.0,14,12,0
4,5,4,5,4.5,9,1,1
4,4,4,4,4.0,8,0,3
6,8,6,8,7.0,14,2,3
13,20,13,20,16.5,33,7,11
6,6,6,6,6.0,12,0,5
3,10,3,10,6.5,13,7,2
7,9,7,9,8.0,16,2,6
1,6,1,6,3.5,7,5,0
1,5,1,5,3.0,6,4,0
14,14,14,14,14.0,28,0,13
1,5,1,5,3.0,6,4,0
19,2,2,19,10.5,21,17,0
6,6,6,6,6.0,12,0,5
42,16,16,42,29.0,58,26,15
7,1,1,7,4.0,8,6,0
7,4,4,7,5.5,11,3,3
12,4,4,12,8.0,16,8,1
5,4,4,5,4.5,9,1,3
6,8,6,8,7.0,14,2,5
6,6,6,6,6.0,12,0,4
13,14,13,14,13.5,27,1,5
4,1,1,4,2.5,5,3,0
14,13,13,14,13.5,27,1,12
4,10,4,10,7.0,14,6,3
7,12,7,12,9.5,19,5,6
33,26,26,33,29.5,59,7,23
6,4,4,6,5.0,10,2,2
17,10,10,17,13.5,27,7,9
7,9,7,9,8.0,16,2,6
17,32,17,32,24.5,49,15,10
2,5,2,5,3.5,7,3,1
8,1,1,8,4.5,9,7,0
6,7,6,7,6.5,13,1,5
5,1,1,5,3.0,6,4,0
5,1,1,5,3.0,6,4,0
1,5,1,5,3.0,6,4,0
8,7,7,8,7.5,15,1,3
15,6,6,15,10.5,21,9,4
1,4,1,4,2.5,5,3,0
6,10,6,10,8.0,16,4,5
5,7,5,7,6.0,12,2,3
5,2,2,5,3.5,7,3,1
11,14,11,14,12.5,25,3,10
19,18,18,19,18.5,37,1,14
1,4,1,4,2.5,5,3,0
9,8,8,9,8.5,17,1,6
1,5,1,5,3.0,6,4,0
15,19,15,19,17.0,34,4,14
5,5,5,5,5.0,10,0,4
1,8,1,8,4.5,9,7,0
4,5,4,5,4.5,9,1,3
4,1,1,4,2.5,5,3,0
1,5,1,5,3.0,6,4,0
18,31,18,31,24.5,49,13,12
4,13,4,13,8.5,17,9,2
6,5,5,6,5.5,11,1,4
5,10,5,10,7.5,15,5,0
16,14,14,16,15.0,30,2,12
4,1,1,4,2.5,5,3,0
20,3,3,20,11.5,23,17,0
1,9,1,9,5.0,10,8,0
4,5,4,5,4.5,9,1,3
19,29,19,29,24.0,48,10,16
5,5,5,5,5.0,10,0,4
21,17,17,21,19.0,38,4,14
8,1,1,8,4.5,9,7,0
9,8,8,9,8.5,17,1,7
1,6,1,6,3.5,7,5,0
5,6,5,6,5.5,11,1,4
10,1,1,10,5.5,11,9,0
19,19,19,19,19.0,38,0,16
14,14,14,14,14.0,28,0,13
22,17,17,22,19.5,39,5,12
1,12,1,12,6.5,13,11,0
5,5,5,5,5.0,10,0,4
6,8,6,8,7.0,14,2,4
9,9,9,9,9.0,18,0,8
20,13,13,20,16.5,33,7,11
8,7,7,8,7.5,15,1,5
7,6,6,7,6.5,13,1,4
2,30,2,30,16.0,32,28,1
1,4,1,4,2.5,5,3,0
12,7,7,12,9.5,19,5,2
1,4,1,4,2.5,5,3,0
23,25,23,25,24.0,48,2,22
4,2,2,4,3.0,6,2,1
15,14,14,15,14.5,29,1,10
18,20,18,20,19.0,38,2,17
12,12,12,12,12.0,24,0,11
26,27,26,27,26.5,53,1,25
1,7,1,7,4.0,8,6,0
18,19,18,19,18.5,37,1,16
7,6,6,7,6.5,13,1,5
9,8,8,9,8.5,17,1,6
14,20,14,20,17.0,34,6,12
4,1,1,4,2.5,5,3,0
1,4,1,4,2.5,5,3,0
18,12,12,18,15.0,30,6,7
1,5,1,5,3.0,6,4,0
2,6,2,6,4.0,8,4,1
25,40,25,40,32.5,65,15,23
5,1,1,5,3.0,6,4,0
2,4,2,4,3.0,6,2,1
5,2,2,5,3.5,7,3,1
10,2,2,10,6.0,12,8,1
2,7,2,7,4.5,9,5,1
6,1,1,6,3.5,7,5,0
5,7,5,7,6.0,12,2,4
24,19,19,24,21.5,43,5,10
1,31,1,31,16.0,32,30,0
2,4,2,4,3.0,6,2,1
29,11,11,29,20.0,40,18,9
3,4,3,4,3.5,7,1,2
15,6,6,15,10.5,21,9,5
6,1,1,6,3.5,7,5,0
14,15,14,15,14.5,29,1,12
1,7,1,7,4.0,8,6,0
13,13,13,13,13.0,26,0,12
9,5,5,9,7.0,14,4,3
4,3,3,4,3.5,7,1,2
5,5,5,5,5.0,10,0,4
6,6,6,6,6.0,12,0,4
5,5,5,5,5.0,10,0,2
7,11,7,11,9.0,18,4,0
1,4,1,4,2.5,5,3,0
6,9,6,9,7.5,15,3,0
5,1,1,5,3.0,6,4,0
7,1,1,7,4.0,8,6,0
4,4,4,4,4.0,8,0,3
2,5,2,5,3.5,7,3,1
4,1,1,4,2.5,5,3,0
49,41,41,49,45.0,90,8,33
1,5,1,5,3.0,6,4,0
6,6,6,6,6.0,12,0,5
15,16,15,16,15.5,31,1,12
21,18,18,21,19.5,39,3,14
23,21,21,23,22.0,44,2,18
1,5,1,5,3.0,6,4,0
4,2,2,4,3.0,6,2,0
23,24,23,24,23.5,47,1,22
1,4,1,4,2.5,5,3,0
5,7,5,7,6.0,12,2,3
6,8,6,8,7.0,14,2,5
6,1,1,6,3.5,7,5,0
6,3,3,6,4.5,9,3,2
1,5,1,5,3.0,6,4,0
5,5,5,5,5.0,10,0,4
6,6,6,6,6.0,12,0,5
25,9,9,25,17.0,34,16,1
30,5,5,30,17.5,35,25,1
37,44,37,44,40.5,81,7,27
49,20,20,49,34.5,69,29,16
16,18,16,18,17.0,34,2,5
12,4,4,12,8.0,16,8,1
5,8,5,8,6.5,13,3,4
8,5,5,8,6.5,13,3,4
20,19,19,20,19.5,39,1,15
1,4,1,4,2.5,5,3,0
1,35,1,35,18.0,36,34,0
14,24,14,24,19.0,38,10,7
15,18,15,18,16.5,33,3,14
1,4,1,4,2.5,5,3,0
8,11,8,11,9.5,19,3,7
8,9,8,9,8.5,17,1,5
1,13,1,13,7.0,14,12,0
9,1,1,9,5.0,10,8,0
8,8,8,8,8.0,16,0,4
34,27,27,34,30.5,61,7,23
1,13,1,13,7.0,14,12,0
21,21,21,21,21.0,42,0,19
11,12,11,12,11.5,23,1,9
4,1,1,4,2.5,5,3,0
1,4,1,4,2.5,5,3,0
2,34,2,34,18.0,36,32,1
3,6,3,6,4.5,9,3,2
13,11,11,13,12.0,24,2,8
2,4,2,4,3.0,6,2,0
5,6,5,6,5.5,11,1,4
7,2,2,7,4.5,9,5,1
19,18,18,19,18.5,37,1,15
9,10,9,10,9.5,19,1,7
5,6,5,6,5.5,11,1,4
4,4,4,4,4.0,8,0,3
1,4,1,4,2.5,5,3,0
21,6,6,21,13.5,27,15,4
1,4,1,4,2.5,5,3,0
7,4,4,7,5.5,11,3,3
7,7,7,7,7.0,14,0,5
6,1,1,6,3.5,7,5,0
1,4,1,4,2.5,5,3,0
2,5,2,5,3.5,7,3,0
5,2,2,5,3.5,7,3,1
15,12,12,15,13.5,27,3,5
5,5,5,5,5.0,10,0,3
2,15,2,15,8.5,17,13,0
1,4,1,4,2.5,5,3,0
24,39,24,39,31.5,63,15,15
12,8,8,12,10.0,20,4,7
8,1,1,8,4.5,9,7,0
1,28,1,28,14.5,29,27,0
1,4,1,4,2.5,5,3,0
5,1,1,5,3.0,6,4,0
6,1,1,6,3.5,7,5,0
1,7,1,7,4.0,8,6,0
15,18,15,18,16.5,33,3,14
8,5,5,8,6.5,13,3,2
2,22,2,22,12.0,24,20,1
1,4,1,4,2.5,5,3,0
4,5,4,5,4.5,9,1,3
7,7,7,7,7.0,14,0,6
2,25,2,25,13.5,27,23,1
5,1,1,5,3.0,6,4,0
4,1,1,4,2.5,5,3,0
4,12,4,12,8.0,16,8,1
11,4,4,11,7.5,15,7,3
8,1,1,8,4.5,9,7,0
12,5,5,12,8.5,17,7,2
4,1,1,4,2.5,5,3,0
2,12,2,12,7.0,14,10,1
1,4,1,4,2.5,5,3,0
2,4,2,4,3.0,6,2,1
4,6,4,6,5.0,10,2,2
1,4,1,4,2.5,5,3,0
6,6,6,6,6.0,12,0,5
6,8,6,8,7.0,14,2,5
107,7,7,107,57.0,114,100,6
5,4,4,5,4.5,9,1,3
14,16,14,16,15.0,30,2,10
8,1,1,8,4.5,9,7,0
16,12,12,16,14.0,28,4,10
1,15,1,15,8.0,16,14,0
9,1,1,9,5.0,10,8,0
1,10,1,10,5.5,11,9,0
31,33,31,33,32.0,64,2,25
7,7,7,7,7.0,14,0,6
5,5,5,5,5.0,10,0,4
1,4,1,4,2.5,5,3,0
20,24,20,24,22.0,44,4,17
25,30,25,30,27.5,55,5,23
7,6,6,7,6.5,13,1,4
5,1,1,5,3.0,6,4,0
5,5,5,5,5.0,10,0,3
11,9,9,11,10.0,20,2,8
30,22,22,30,26.0,52,8,19
7,1,1,7,4.0,8,6,0
21,18,18,21,19.5,39,3,17
1,6,1,6,3.5,7,5,0
2,8,2,8,5.0,10,6,0
7,9,7,9,8.0,16,2,6
20,24,20,24,22.0,44,4,18
9,10,9,10,9.5,19,1,7
16,15,15,16,15.5,31,1,14
5,5,5,5,5.0,10,0,0
1,10,1,10,5.5,11,9,0
10,10,10,10,10.0,20,0,9
14,14,14,14,14.0,28,0,13
5,1,1,5,3.0,6,4,0
2,5,2,5,3.5,7,3,1
17,14,14,17,15.5,31,3,7
6,6,6,6,6.0,12,0,5
6,1,1,6,3.5,7,5,0
1,4,1,4,2.5,5,3,0
37,41,37,41,39.0,78,4,33
4,4,4,4,4.0,8,0,3
1,18,1,18,9.5,19,17,0
17,15,15,17,16.0,32,2,12
4,2,2,4,3.0,6,2,0
41,40,40,41,40.5,81,1,39
11,8,8,11,9.5,19,3,5
4,1,1,4,2.5,5,3,0
12,13,12,13,12.5,25,1,6
5,4,4,5,4.5,9,1,0
6,6,6,6,6.0,12,0,5
1,6,1,6,3.5,7,5,0
4,3,3,4,3.5,7,1,2
1,4,1,4,2.5,5,3,0
1,4,1,4,2.5,5,3,0
30,28,28,30,29.0,58,2,24
4,1,1,4,2.5,5,3,0
2,6,2,6,4.0,8,4,1
16,11,11,16,13.5,27,5,8
1,7,1,7,4.0,8,6,0
2,5,2,5,3.5,7,3,1
5,6,5,6,5.5,11,1,4
3,5,3,5,4.0,8,2,2
4,5,4,5,4.5,9,1,3
37,17,17,37,27.0,54,20,16
8,9,8,9,8.5,17,1,7
5,1,1,5,3.0,6,4,0
12,9,9,12,10.5,21,3,5
1,5,1,5,3.0,6,4,0
5,7,5,7,6.0,12,2,0
7,1,1,7,4.0,8,6,0
5,5,5,5,5.0,10,0,4
21,10,10,21,15.5,31,11,8
2,4,2,4,3.0,6,2,0
20,10,10,20,15.0,30,10,2
7,1,1,7,4.0,8,6,0
1,4,1,4,2.5,5,3,0
1,17,1,17,9.0,18,16,0
5,2,2,5,3.5,7,3,1
9,9,9,9,9.0,18,0,8
7,8,7,8,7.5,15,1,6
19,10,10,19,14.5,29,9,1
1,4,1,4,2.5,5,3,0
9,20,9,20,14.5,29,11,8
1,5,1,5,3.0,6,4,0
6,1,1,6,3.5,7,5,0
5,7,5,7,6.0,12,2,3
1,6,1,6,3.5,7,5,0
13,10,10,13,11.5,23,3,8
5,2,2,5,3.5,7,3,1
21,23,21,23,22.0,44,2,16
1,4,1,4,2.5,5,3,0
5,4,4,5,4.5,9,1,3
8,5,5,8,6.5,13,3,3
6,1,1,6,3.5,7,5,0
5,1,1,5,3.0,6,4,0
4,1,1,4,2.5,5,3,0
29,24,24,29,26.5,53,5,14
7,1,1,7,4.0,8,6,0
9,7,7,9,8.0,16,2,5
9,1,1,9,5.0,10,8,0
2,5,2,5,3.5,7,3,1
3,17,3,17,10.0,20,14,0
33,32,32,33,32.5,65,1,31
1,4,1,4,2.5,5,3,0
10,12,10,12,11.0,22,2,3
7,7,7,7,7.0,14,0,6
5,6,5,6,5.5,11,1,4
13,11,11,13,12.0,24,2,9
5,4,4,5,4.5,9,1,3
5,7,5,7,6.0,12,2,3
3,4,3,4,3.5,7,1,2
4,2,2,4,3.0,6,2,1
7,1,1,7,4.0,8,6,0
19,13,13,19,16.0,32,6,11
15,1,1,15,8.0,16,14,0
12,11,11,12,11.5,23,1,8
1,5,1,5,3.0,6,4,0
17,20,17,20,18.5,37,3,13
14,6,6,14,10.0,20,8,3
7,9,7,9,8.0,16,2,6
1,4,1,4,2.5,5,3,0
12,9,9,12,10.5,21,3,5
11,11,11,11,11.0,22,0,10
6,9,6,9,7.5,15,3,5
1,4,1,4,2.5,5,3,0
4,1,1,4,2.5,5,3,0
4,1,1,4,2.5,5,3,0
5,5,5,5,5.0,10,0,4
5,1,1,5,3.0,6,4,0
6,5,5,6,5.5,11,1,3
11,8,8,11,9.5,19,3,7
12,15,12,15,13.5,27,3,9
4,4,4,4,4.0,8,0,3
5,5,5,5,5.0,10,0,4
6,1,1,6,3.5,7,5,0
4,1,1,4,2.5,5,3,0
4,1,1,4,2.5,5,3,0
7,7,7,7,7.0,14,0,6
12,16,12,16,14.0,28,4,9
8,1,1,8,4.5,9,7,0
15,21,15,21,18.0,36,6,11
12,1,1,12,6.5,13,11,0
5,1,1,5,3.0,6,4,0
2,6,2,6,4.0,8,4,0
7,6,6,7,6.5,13,1,5
7,4,4,7,5.5,11,3,3
8,6,6,8,7.0,14,2,5
5,5,5,5,5.0,10,0,0
13,26,13,26,19.5,39,13,10
4,1,1,4,2.5,5,3,0
1,17,1,17,9.0,18,16,0
3,7,3,7,5.0,10,4,2
7,1,1,7,4.0,8,6,0
4,4,4,4,4.0,8,0,3
4,1,1,4,2.5,5,3,0
10,10,10,10,10.0,20,0,7
6,4,4,6,5.0,10,2,2
19,18,18,19,18.5,37,1,17
5,1,1,5,3.0,6,4,0
32,28,28,32,30.0,60,4,24
5,4,4,5,4.5,9,1,3
5,7,5,7,6.0,12,2,1
5,4,4,5,4.5,9,1,2
1,5,1,5,3.0,6,4,0
10,22,10,22,16.0,32,12,9
5,1,1,5,3.0,6,4,0
12,1,1,12,6.5,13,11,0
18,19,18,19,18.5,37,1,17
12,11,11,12,11.5,23,1,2
25,12,12,25,18.5,37,13,7
1,12,1,12,6.5,13,11,0
6,1,1,6,3.5,7,5,0
1,4,1,4,2.5,5,3,0
1,7,1,7,4.0,8,6,0
1,4,1,4,2.5,5,3,0
1,4,1,4,2.5,5,3,0
4,4,4,4,4.0,8,0,2
11,1,1,11,6.0,12,10,0
15,31,15,31,23.0,46,16,10
1,4,1,4,2.5,5,3,0
45,45,45,45,45.0,90,0,44
16,1,1,16,8.5,17,15,0
4,4,4,4,4.0,8,0,2
7,4,4,7,5.5,11,3,0
1,6,1,6,3.5,7,5,0
6,1,1,6,3.5,7,5,0
4,1,1,4,2.5,5,3,0
7,6,6,7,6.5,13,1,5
43,42,42,43,42.5,85,1,40
1,6,1,6,3.5,7,5,0
6,6,6,6,6.0,12,0,5
17,13,13,17,15.0,30,4,11
11,15,11,15,13.0,26,4,7
11,12,11,12,11.5,23,1,2
49,32,32,49,40.5,81,17,31
10,14,10,14,12.0,24,4,9
12,16,12,16,14.0,28,4,11
2,9,2,9,5.5,11,7,0
4,7,4,7,5.5,11,3,3
4,1,1,4,2.5,5,3,0
12,10,10,12,11.0,22,2,6
6,2,2,6,4.0,8,4,0
48,44,44,48,46.0,92,4,40
5,4,4,5,4.5,9,1,3
1,4,1,4,2.5,5,3,0
6,6,6,6,6.0,12,0,3
15,1,1,15,8.0,16,14,0
8,17,8,17,12.5,25,9,7
1,4,1,4,2.5,5,3,0
10,13,10,13,11.5,23,3,9
2,6,2,6,4.0,8,4,1
2,7,2,7,4.5,9,5,0
5,5,5,5,5.0,10,0,3
17,19,17,19,18.0,36,2,15
4,1,1,4,2.5,5,3,0
5,4,4,5,4.5,9,1,3
5,1,1,5,3.0,6,4,0
9,9,9,9,9.0,18,0,8
4,1,1,4,2.5,5,3,0
21,20,20,21,20.5,41,1,19
4,1,1,4,2.5,5,3,0
9,9,9,9,9.0,18,0,8
15,11,11,15,13.0,26,4,10
1,11,1,11,6.0,12,10,0
17,7,7,17,12.0,24,10,6
1,14,1,14,7.5,15,13,0
14,9,9,14,11.5,23,5,8
16,1,1,16,8.5,17,15,0
4,12,4,12,8.0,16,8,0
1,14,1,14,7.5,15,13,0
13,13,13,13,13.0,26,0,8
7,9,7,9,8.0,16,2,6
7,14,7,14,10.5,21,7,0
5,5,5,5,5.0,10,0,4
2,4,2,4,3.0,6,2,1
5,5,5,5,5.0,10,0,4
4,1,1,4,2.5,5,3,0
1,6,1,6,3.5,7,5,0
17,17,17,17,17.0,34,0,11
14,13,13,14,13.5,27,1,3
4,1,1,4,2.5,5,3,0
13,10,10,13,11.5,23,3,7
32,32,32,32,32.0,64,0,29
8,4,4,8,6.0,12,4,2
1,5,1,5,3.0,6,4,0
10,1,1,10,5.5,11,9,0
17,20,17,20,18.5,37,3,16
8,10,8,10,9.0,18,2,3
21,6,6,21,13.5,27,15,4
2,10,2,10,6.0,12,8,0
12,12,12,12,12.0,24,0,11
6,2,2,6,4.0,8,4,1
6,8,6,8,7.0,14,2,5
1,5,1,5,3.0,6,4,0
18,1,1,18,9.5,19,17,0
1,5,1,5,3.0,6,4,0
2,8,2,8,5.0,10,6,1
1,7,1,7,4.0,8,6,0
11,10,10,11,10.5,21,1,9
5,1,1,5,3.0,6,4,0
4,8,4,8,6.0,12,4,2
3,9,3,9,6.0,12,6,2
4,4,4,4,4.0,8,0,2
26,29,26,29,27.5,55,3,17
6,11,6,11,8.5,17,5,4
1,34,1,34,17.5,35,33,0
8,12,8,12,10.0,20,4,7
7,1,1,7,4.0,8,6,0
1,5,1,5,3.0,6,4,0
8,7,7,8,7.5,15,1,6
1,9,1,9,5.0,10,8,0
20,40,20,40,30.0,60,20,15
10,10,10,10,10.0,20,0,6
4,2,2,4,3.0,6,2,1
1,24,1,24,12.5,25,23,0
1,4,1,4,2.5,5,3,0
12,13,12,13,12.5,25,1,11
6,1,1,6,3.5,7,5,0
4,1,1,4,2.5,5,3,0
32,18,18,32,25.0,50,14,16
5,2,2,5,3.5,7,3,1
1,6,1,6,3.5,7,5,0
11,11,11,11,11.0,22,0,10
4,4,4,4,4.0,8,0,2
8,24,8,24,16.0,32,16,5
9,11,9,11,10.0,20,2,5
14,14,14,14,14.0,28,0,13
6,7,6,7,6.5,13,1,5
7,28,7,28,17.5,35,21,5
6,15,6,15,10.5,21,9,0
1,10,1,10,5.5,11,9,0
1,4,1,4,2.5,5,3,0
1,9,1,9,5.0,10,8,0
18,23,18,23,20.5,41,5,17
31,33,31,33,32.0,64,2,30
2,5,2,5,3.5,7,3,1
6,9,6,9,7.5,15,3,3
5,5,5,5,5.0,10,0,0
1,4,1,4,2.5,5,3,0
2,5,2,5,3.5,7,3,1
19,18,18,19,18.5,37,1,17
1,5,1,5,3.0,6,4,0
1,6,1,6,3.5,7,5,0
17,61,17,61,39.0,78,44,15
33,34,33,34,33.5,67,1,27
21,15,15,21,18.0,36,6,11
1,12,1,12,6.5,13,11,0
5,5,5,5,5.0,10,0,4
4,1,1,4,2.5,5,3,0
18,17,17,18,17.5,35,1,16
7,7,7,7,7.0,14,0,6
1,23,1,23,12.0,24,22,0
8,5,5,8,6.5,13,3,4
6,7,6,7,6.5,13,1,5
1,4,1,4,2.5,5,3,0
17,16,16,17,16.5,33,1,13
4,9,4,9,6.5,13,5,2
4,13,4,13,8.5,17,9,3
4,5,4,5,4.5,9,1,1
1,9,1,9,5.0,10,8,0
5,2,2,5,3.5,7,3,1
13,8,8,13,10.5,21,5,7
5,5,5,5,5.0,10,0,4
24,21,21,24,22.5,45,3,20
9,1,1,9,5.0,10,8,0
1,27,1,27,14.0,28,26,0
1,4,1,4,2.5,5,3,0
2,23,2,23,12.5,25,21,1
5,8,5,8,6.5,13,3,2
27,25,25,27,26.0,52,2,24
4,1,1,4,2.5,5,3,0
6,6,6,6,6.0,12,0,5
6,6,6,6,6.0,12,0,0
1,4,1,4,2.5,5,3,0
2,4,2,4,3.0,6,2,1
7,12,7,12,9.5,19,5,6
19,31,19,31,25.0,50,12,17
4,4,4,4,4.0,8,0,3
3,4,3,4,3.5,7,1,2
15,8,8,15,11.5,23,7,5
1,19,1,19,10.0,20,18,0
22,15,15,22,18.5,37,7,6
1,5,1,5,3.0,6,4,0
4,4,4,4,4.0,8,0,3
24,4,4,24,14.0,28,20,2
5,1,1,5,3.0,6,4,0
6,4,4,6,5.0,10,2,2
5,5,5,5,5.0,10,0,4
2,4,2,4,3.0,6,2,1
2,6,2,6,4.0,8,4,1
13,12,12,13,12.5,25,1,11
21,20,20,21,20.5,41,1,17
6,5,5,6,5.5,11,1,3
38,27,27,38,32.5,65,11,26
8,29,8,29,18.5,37,21,1
4,1,1,4,2.5,5,3,0
4,1,1,4,2.5,5,3,0
6,2,2,6,4.0,8,4,0
11,26,11,26,18.5,37,15,9
1,11,1,11,6.0,12,10,0
12,13,12,13,12.5,25,1,10
1,4,1,4,2.5,5,3,0
19,25,19,25,22.0,44,6,17
14,11,11,14,12.5,25,3,8
1,5,1,5,3.0,6,4,0
1,13,1,13,7.0,14,12,0
24,21,21,24,22.5,45,3,20
6,6,6,6,6.0,12,0,5
5,4,4,5,4.5,9,1,1
2,4,2,4,3.0,6,2,0
5,5,5,5,5.0,10,0,4
14,14,14,14,14.0,28,0,10
25,19,19,25,22.0,44,6,18
10,14,10,14,12.0,24,4,8
2,5,2,5,3.5,7,3,1
6,1,1,6,3.5,7,5,0
6,8,6,8,7.0,14,2,4
34,34,34,34,34.0,68,0,33
2,5,2,5,3.5,7,3,0
4,2,2,4,3.0,6,2,1
8,1,1,8,4.5,9,7,0
4,6,4,6,5.0,10,2,3
5,1,1,5,3.0,6,4,0
7,6,6,7,6.5,13,1,3
4,29,4,29,16.5,33,25,3
6,7,6,7,6.5,13,1,5
1,5,1,5,3.0,6,4,0
4,5,4,5,4.5,9,1,3
6,6,6,6,6.0,12,0,5
12,14,12,14,13.0,26,2,9
6,3,3,6,4.5,9,3,2
6,5,5,6,5.5,11,1,4
18,17,17,18,17.5,35,1,16
1,4,1,4,2.5,5,3,0
4,5,4,5,4.5,9,1,3
15,9,9,15,12.0,24,6,6
5,4,4,5,4.5,9,1,3
1,8,1,8,4.5,9,7,0
16,7,7,16,11.5,23,9,6
1,5,1,5,3.0,6,4,0
18,18,18,18,18.0,36,0,1
2,7,2,7,4.5,9,5,1
28,30,28,30,29.0,58,2,19
2,17,2,17,9.5,19,15,1
1,4,1,4,2.5,5,3,0
1,4,1,4,2.5,5,3,0
5,1,1,5,3.0,6,4,0
7,8,7,8,7.5,15,1,5
17,17,17,17,17.0,34,0,16
22,3,3,22,12.5,25,19,1
7,8,7,8,7.5,15,1,6
6,6,6,6,6.0,12,0,3
9,14,9,14,11.5,23,5,8
18,19,18,19,18.5,37,1,13
4,6,4,6,5.0,10,2,0
5,1,1,5,3.0,6,4,0
14,12,12,14,13.0,26,2,11
1,5,1,5,3.0,6,4,0
8,17,8,17,12.5,25,9,4
6,1,1,6,3.5,7,5,0
2,9,2,9,5.5,11,7,0
4,5,4,5,4.5,9,1,1
4,1,1,4,2.5,5,3,0
5,1,1,5,3.0,6,4,0
5,1,1,5,3.0,6,4,0
1,5,1,5,3.0,6,4,0
8,1,1,8,4.5,9,7,0
26,26,26,26,26.0,52,0,25
11,26,11,26,18.5,37,15,1
10,10,10,10,10.0,20,0,6
1,4,1,4,2.5,5,3,0
5,4,4,5,4.5,9,1,3
5,5,5,5,5.0,10,0,1
8,8,8,8,8.0,16,0,7
33,22,22,33,27.5,55,11,20
5,5,5,5,5.0,10,0,4
6,2,2,6,4.0,8,4,0
4,1,1,4,2.5,5,3,0
19,1,1,19,10.0,20,18,0
1,5,1,5,3.0,6,4,0
5,3,3,5,4.0,8,2,2
5,5,5,5,5.0,10,0,4
11,14,11,14,12.5,25,3,6
7,36,7,36,21.5,43,29,4
14,14,14,14,14.0,28,0,10
8,1,1,8,4.5,9,7,0
1,5,1,5,3.0,6,4,0
28,24,24,28,26.0,52,4,23
17,16,16,17,16.5,33,1,11
5,1,1,5,3.0,6,4,0
18,10,10,18,14.0,28,8,6
11,7,7,11,9.0,18,4,6
10,16,10,16,13.0,26,6,9
16,21,16,21,18.5,37,5,14
13,13,13,13,13.0,26,0,9
9,6,6,9,7.5,15,3,0
8,8,8,8,8.0,16,0,6
4,8,4,8,6.0,12,4,0
1,4,1,4,2.5,5,3,0
16,1,1,16,8.5,17,15,0
2,22,2,22,12.0,24,20,0
1,4,1,4,2.5,5,3,0
1,6,1,6,3.5,7,5,0
8,1,1,8,4.5,9,7,0
5,6,5,6,5.5,11,1,3
1,10,1,10,5.5,11,9,0
15,24,15,24,19.5,39,9,14
4,4,4,4,4.0,8,0,3
7,6,6,7,6.5,13,1,3
5,6,5,6,5.5,11,1,3
4,5,4,5,4.5,9,1,2
7,1,1,7,4.0,8,6,0
4,4,4,4,4.0,8,0,2
19,15,15,19,17.0,34,4,9
23,34,23,34,28.5,57,11,19
8,8,8,8,8.0,16,0,7
1,6,1,6,3.5,7,5,0
1,5,1,5,3.0,6,4,0
1,4,1,4,2.5,5,3,0
23,24,23,24,23.5,47,1,22
16,7,7,16,11.5,23,9,5
5,1,1,5,3.0,6,4,0
15,11,11,15,13.0,26,4,7
1,10,1,10,5.5,11,9,0
23,23,23,23,23.0,46,0,21
4,1,1,4,2.5,5,3,0
15,14,14,15,14.5,29,1,12
43,37,37,43,40.0,80,6,27
8,8,8,8,8.0,16,0,7
4,6,4,6,5.0,10,2,2
1,5,1,5,3.0,6,4,0
19,20,19,20,19.5,39,1,18
33,31,31,33,32.0,64,2,27
7,6,6,7,6.5,13,1,5
5,2,2,5,3.5,7,3,1
10,6,6,10,8.0,16,4,4
6,1,1,6,3.5,7,5,0
6,8,6,8,7.0,14,2,4
1,4,1,4,2.5,5,3,0
7,1,1,7,4.0,8,6,0
14,16,14,16,15.0,30,2,8
1,105,1,105,53.0,106,104,0
4,5,4,5,4.5,9,1,2
6,4,4,6,5.0,10,2,3
6,6,6,6,6.0,12,0,3
1,5,1,5,3.0,6,4,0
1,4,1,4,2.5,5,3,0
1,9,1,9,5.0,10,8,0
1,4,1,4,2.5,5,3,0
3,4,3,4,3.5,7,1,2
6,6,6,6,6.0,12,0,5
11,19,11,19,15.0,30,8,7
3,12,3,12,7.5,15,9,2
17,4,4,17,10.5,21,13,3
4,3,3,4,3.5,7,1,2
4,2,2,4,3.0,6,2,1
2,6,2,6,4.0,8,4,1
6,1,1,6,3.5,7,5,0
8,10,8,10,9.0,18,2,2
4,6,4,6,5.0,10,2,3
14,10,10,14,12.0,24,4,9
3,4,3,4,3.5,7,1,2
13,13,13,13,13.0,26,0,10
1,14,1,14,7.5,15,13,0
10,9,9,10,9.5,19,1,7
27,11,11,27,19.0,38,16,10
10,17,10,17,13.5,27,7,9
28,29,28,29,28.5,57,1,10
1,5,1,5,3.0,6,4,0
1,5,1,5,3.0,6,4,0
10,4,4,10,7.0,14,6,3
5,1,1,5,3.0,6,4,0
13,11,11,13,12.0,24,2,6
1,4,1,4,2.5,5,3,0
1,4,1,4,2.5,5,3,0
16,20,16,20,18.0,36,4,11
5,1,1,5,3.0,6,4,0
1,5,1,5,3.0,6,4,0
14,2,2,14,8.0,16,12,0
4,4,4,4,4.0,8,0,3
24,25,24,25,24.5,49,1,15
45,25,25,45,35.0,70,20,21
4,5,4,5,4.5,9,1,3
6,1,1,6,3.5,7,5,0
3,5,3,5,4.0,8,2,2
5,12,5,12,8.5,17,7,0
34,49,34,49,41.5,83,15,29
9,8,8,9,8.5,17,1,7
15,15,15,15,15.0,30,0,14
17,13,13,17,15.0,30,4,12
11,9,9,11,10.0,20,2,6
1,4,1,4,2.5,5,3,0
8,8,8,8,8.0,16,0,7
6,6,6,6,6.0,12,0,5
7,8,7,8,7.5,15,1,5
1,8,1,8,4.5,9,7,0
4,2,2,4,3.0,6,2,1
5,1,1,5,3.0,6,4,0
4,3,3,4,3.5,7,1,2
6,6,6,6,6.0,12,0,5
5,4,4,5,4.5,9,1,3
8,12,8,12,10.0,20,4,6
1,11,1,11,6.0,12,10,0
5,5,5,5,5.0,10,0,4
14,1,1,14,7.5,15,13,0
14,21,14,21,17.5,35,7,0
19,7,7,19,13.0,26,12,6
13,20,13,20,16.5,33,7,10
5,2,2,5,3.5,7,3,0
5,3,3,5,4.0,8,2,2
19,48,19,48,33.5,67,29,14
13,13,13,13,13.0,26,0,12
5,1,1,5,3.0,6,4,0
1,4,1,4,2.5,5,3,0
11,39,11,39,25.0,50,28,5
10,9,9,10,9.5,19,1,6
8,9,8,9,8.5,17,1,7
4,5,4,5,4.5,9,1,3
4,4,4,4,4.0,8,0,3
15,6,6,15,10.5,21,9,3
12,11,11,12,11.5,23,1,9
4,1,1,4,2.5,5,3,0
13,13,13,13,13.0,26,0,12
6,1,1,6,3.5,7,5,0
1,4,1,4,2.5,5,3,0
8,7,7,8,7.5,15,1,5
1,6,1,6,3.5,7,5,0
10,2,2,10,6.0,12,8,1
3,4,3,4,3.5,7,1,1
16,19,16,19,17.5,35,3,15
4,1,1,4,2.5,5,3,0
1,4,1,4,2.5,5,3,0
25,41,25,41,33.0,66,16,13
6,9,6,9,7.5,15,3,0
1,4,1,4,2.5,5,3,0
15,11,11,15,13.0,26,4,10
1,4,1,4,2.5,5,3,0
16,17,16,17,16.5,33,1,15
7,1,1,7,4.0,8,6,0
2,4,2,4,3.0,6,2,1
4,5,4,5,4.5,9,1,3
11,2,2,11,6.5,13,9,1
9,6,6,9,7.5,15,3,3
25,31,25,31,28.0,56,6,23
18,23,18,23,20.5,41,5,15
8,7,7,8,7.5,15,1,5
5,2,2,5,3.5,7,3,1
34,46,34,46,40.0,80,12,27
21,35,21,35,28.0,56,14,20
2,8,2,8,5.0,10,6,1
4,5,4,5,4.5,9,1,3
7,15,7,15,11.0,22,8,6
1,4,1,4,2.5,5,3,0
5,8,5,8,6.5,13,3,4
7,3,3,7,5.0,10,4,2
46,46,46,46,46.0,92,0,33
4,1,1,4,2.5,5,3,0
4,3,3,4,3.5,7,1,2
8,7,7,8,7.5,15,1,5
1,8,1,8,4.5,9,7,0
4,1,1,4,2.5,5,3,0
4,1,1,4,2.5,5,3,0
12,6,6,12,9.0,18,6,2
1,4,1,4,2.5,5,3,0
48,39,39,48,43.5,87,9,37
1,5,1,5,3.0,6,4,0
2,10,2,10,6.0,12,8,1
34,27,27,34,30.5,61,7,25
1,25,1,25,13.0,26,24,0
1,9,1,9,5.0,10,8,0
38,51,38,51,44.5,89,13,19
14,15,14,15,14.5,29,1,11
5,1,1,5,3.0,6,4,0
6,4,4,6,5.0,10,2,1
27,25,25,27,26.0,52,2,18
8,40,8,40,24.0,48,32,5
20,13,13,20,16.5,33,7,10
4,4,4,4,4.0,8,0,3
5,4,4,5,4.5,9,1,3
13,9,9,13,11.0,22,4,7
4,2,2,4,3.0,6,2,0
2,8,2,8,5.0,10,6,1
3,4,3,4,3.5,7,1,0
1,5,1,5,3.0,6,4,0
5,1,1,5,3.0,6,4,0
2,4,2,4,3.0,6,2,1
5,3,3,5,4.0,8,2,2
11,11,11,11,11.0,22,0,10
1,4,1,4,2.5,5,3,0
1,4,1,4,2.5,5,3,0
5,5,5,5,5.0,10,0,4
6,2,2,6,4.0,8,4,1
9,8,8,9,8.5,17,1,6
49,47,47,49,48.0,96,2,35
5,5,5,5,5.0,10,0,0
5,2,2,5,3.5,7,3,0
21,22,21,22,21.5,43,1,18
15,32,15,32,23.5,47,17,4
23,19,19,23,21.0,42,4,18
12,12,12,12,12.0,24,0,11
1,8,1,8,4.5,9,7,0
16,13,13,16,14.5,29,3,10
3,5,3,5,4.0,8,2,2
2,6,2,6,4.0,8,4,0
4,5,4,5,4.5,9,1,3
8,6,6,8,7.0,14,2,4
10,10,10,10,10.0,20,0,9
24,14,14,24,19.0,38,10,6
4,6,4,6,5.0,10,2,3
11,1,1,11,6.0,12,10,0
5,2,2,5,3.5,7,3,1
4,4,4,4,4.0,8,0,3
13,5,5,13,9.0,18,8,0
4,1,1,4,2.5,5,3,0
10,4,4,10,7.0,14,6,2
39,29,29,39,34.0,68,10,17
9,9,9,9,9.0,18,0,8
1,4,1,4,2.5,5,3,0
1,6,1,6,3.5,7,5,0
1,5,1,5,3.0,6,4,0
9,15,9,15,12.0,24,6,6
6,1,1,6,3.5,7,5,0
5,6,5,6,5.5,11,1,3
1,7,1,7,4.0,8,6,0
1,5,1,5,3.0,6,4,0
37,42,37,42,39.5,79,5,27
6,7,6,7,6.5,13,1,5
2,7,2,7,4.5,9,5,1
2,11,2,11,6.5,13,9,1
25,19,19,25,22.0,44,6,18
8,8,8,8,8.0,16,0,7
1,25,1,25,13.0,26,24,0
1,9,1,9,5.0,10,8,0
10,1,1,10,5.5,11,9,0
7,3,3,7,5.0,10,4,2
1,9,1,9,5.0,10,8,0
4,1,1,4,2.5,5,3,0
2,6,2,6,4.0,8,4,0
5,1,1,5,3.0,6,4,0
42,25,25,42,33.5,67,17,24
38,42,38,42,40.0,80,4,18
1,4,1,4,2.5,5,3,0
20,1,1,20,10.5,21,19,0
10,12,10,12,11.0,22,2,9
5,1,1,5,3.0,6,4,0
3,5,3,5,4.0,8,2,1
31,41,31,41,36.0,72,10,24
20,19,19,20,19.5,39,1,15
4,3,3,4,3.5,7,1,2
40,25,25,40,32.5,65,15,21
17,14,14,17,15.5,31,3,13
13,13,13,13,13.0,26,0,11
4,2,2,4,3.0,6,2,1
22,1,1,22,11.5,23,21,0
1,4,1,4,2.5,5,3,0
4,1,1,4,2.5,5,3,0
14,13,13,14,13.5,27,1,12
4,1,1,4,2.5,5,3,0
4,2,2,4,3.0,6,2,1
9,8,8,9,8.5,17,1,6
17,17,17,17,17.0,34,0,16
5,1,1,5,3.0,6,4,0
14,17,14,17,15.5,31,3,12
6,1,1,6,3.5,7,5,0
3,7,3,7,5.0,10,4,2
7,7,7,7,7.0,14,0,5
20,2,2,20,11.0,22,18,0
11,11,11,11,11.0,22,0,9
17,20,17,20,18.5,37,3,15
4,1,1,4,2.5,5,3,0
6,6,6,6,6.0,12,0,5
1,4,1,4,2.5,5,3,0
1,6,1,6,3.5,7,5,0
77,2,2,77,39.5,79,75,0
2,6,2,6,4.0,8,4,1
8,7,7,8,7.5,15,1,6
1,5,1,5,3.0,6,4,0
8,1,1,8,4.5,9,7,0
2,18,2,18,10.0,20,16,1
31,32,31,32,31.5,63,1,30
6,2,2,6,4.0,8,4,0
9,13,9,13,11.0,22,4,6
9,19,9,19,14.0,28,10,4
4,1,1,4,2.5,5,3,0
7,6,6,7,6.5,13,1,3
17,1,1,17,9.0,18,16,0
6,9,6,9,7.5,15,3,4
6,7,6,7,6.5,13,1,4
45,41,41,45,43.0,86,4,39
6,8,6,8,7.0,14,2,3
18,33,18,33,25.5,51,15,16
4,2,2,4,3.0,6,2,1
14,11,11,14,12.5,25,3,10
5,4,4,5,4.5,9,1,2
8,7,7,8,7.5,15,1,5
16,56,16,56,36.0,72,40,8
1,4,1,4,2.5,5,3,0
7,11,7,11,9.0,18,4,1
1,8,1,8,4.5,9,7,0
6,1,1,6,3.5,7,5,0
10,12,10,12,11.0,22,2,8
1,5,1,5,3.0,6,4,0
6,13,6,13,9.5,19,7,5
13,12,12,13,12.5,25,1,11
37,38,37,38,37.5,75,1,31
1,6,1,6,3.5,7,5,0
7,1,1,7,4.0,8,6,0
5,1,1,5,3.0,6,4,0
7,6,6,7,6.5,13,1,5
8,3,3,8,5.5,11,5,2
8,8,8,8,8.0,16,0,6
1,4,1,4,2.5,5,3,0
23,16,16,23,19.5,39,7,12
1,6,1,6,3.5,7,5,0
18,27,18,27,22.5,45,9,14
6,5,5,6,5.5,11,1,4
4,4,4,4,4.0,8,0,0
7,5,5,7,6.0,12,2,4
6,15,6,15,10.5,21,9,5
29,40,29,40,34.5,69,11,15
6,5,5,6,5.5,11,1,4
16,22,16,22,19.0,38,6,12
1,105,1,105,53.0,106,104,0
3,11,3,11,7.0,14,8,2
23,19,19,23,21.0,42,4,18
7,7,7,7,7.0,14,0,6
29,28,28,29,28.5,57,1,18
6,1,1,6,3.5,7,5,0
8,9,8,9,8.5,17,1,6
2,26,2,26,14.0,28,24,0
4,4,4,4,4.0,8,0,3
19,17,17,19,18.0,36,2,15
23,8,8,23,15.5,31,15,6
9,25,9,25,17.0,34,16,6
6,5,5,6,5.5,11,1,4
4,1,1,4,2.5,5,3,0
26,26,26,26,26.0,52,0,25
4,1,1,4,2.5,5,3,0
1,29,1,29,15.0,30,28,0
2,9,2,9,5.5,11,7,0
4,4,4,4,4.0,8,0,3
4,5,4,5,4.5,9,1,3
4,1,1,4,2.5,5,3,0
23,24,23,24,23.5,47,1,19
4,4,4,4,4.0,8,0,1
5,6,5,6,5.5,11,1,3
13,12,12,13,12.5,25,1,10
4,13,4,13,8.5,17,9,2
13,13,13,13,13.0,26,0,11
21,19,19,21,20.0,40,2,17
16,11,11,16,13.5,27,5,10
46,44,44,46,45.0,90,2,41
19,18,18,19,18.5,37,1,17
4,1,1,4,2.5,5,3,0
1,7,1,7,4.0,8,6,0
5,1,1,5,3.0,6,4,0
3,4,3,4,3.5,7,1,2
1,4,1,4,2.5,5,3,0
39,23,23,39,31.0,62,16,19
4,3,3,4,3.5,7,1,2
5,1,1,5,3.0,6,4,0
2,15,2,15,8.5,17,13,0
5,1,1,5,3.0,6,4,0
3,4,3,4,3.5,7,1,2
5,1,1,5,3.0,6,4,0
4,4,4,4,4.0,8,0,3
1,5,1,5,3.0,6,4,0
1,7,1,7,4.0,8,6,0
5,5,5,5,5.0,10,0,4
7,31,7,31,19.0,38,24,6
16,16,16,16,16.0,32,0,12
17,22,17,22,19.5,39,5,11
11,3,3,11,7.0,14,8,2
4,1,1,4,2.5,5,3,0
5,6,5,6,5.5,11,1,4
2,55,2,55,28.5,57,53,1
1,9,1,9,5.0,10,8,0
2,5,2,5,3.5,7,3,1
1,13,1,13,7.0,14,12,0
1,4,1,4,2.5,5,3,0
14,20,14,20,17.0,34,6,11
10,11,10,11,10.5,21,1,9
4,1,1,4,2.5,5,3,0
2,10,2,10,6.0,12,8,1
19,16,16,19,17.5,35,3,13
4,1,1,4,2.5,5,3,0
11,11,11,11,11.0,22,0,4
20,21,20,21,20.5,41,1,19
9,8,8,9,8.5,17,1,7
37,38,37,38,37.5,75,1,32
23,21,21,23,22.0,44,2,20
6,6,6,6,6.0,12,0,5
7,12,7,12,9.5,19,5,6
1,65,1,65,33.0,66,64,0
2,6,2,6,4.0,8,4,0
31,11,11,31,21.0,42,20,9
14,15,14,15,14.5,29,1,11
4,5,4,5,4.5,9,1,0
7,7,7,7,7.0,14,0,6
5,1,1,5,3.0,6,4,0
41,21,21,41,31.0,62,20,20
13,13,13,13,13.0,26,0,12
40,36,36,40,38.0,76,4,30
2,9,2,9,5.5,11,7,1
24,27,24,27,25.5,51,3,22
27,15,15,27,21.0,42,12,14
22,23,22,23,22.5,45,1,14
16,1,1,16,8.5,17,15,0
1,8,1,8,4.5,9,7,0
9,8,8,9,8.5,17,1,7
11,22,11,22,16.5,33,11,10
50,19,19,50,34.5,69,31,16
6,1,1,6,3.5,7,5,0
1,56,1,56,28.5,57,55,0
5,2,2,5,3.5,7,3,1
1,6,1,6,3.5,7,5,0
3,10,3,10,6.5,13,7,2
7,7,7,7,7.0,14,0,5
49,12,12,49,30.5,61,37,10
9,10,9,10,9.5,19,1,8
7,1,1,7,4.0,8,6,0
13,13,13,13,13.0,26,0,12
1,4,1,4,2.5,5,3,0
4,1,1,4,2.5,5,3,0
23,15,15,23,19.0,38,8,9
12,1,1,12,6.5,13,11,0
4,7,4,7,5.5,11,3,3
1,4,1,4,2.5,5,3,0
4,5,4,5,4.5,9,1,2
17,16,16,17,16.5,33,1,13
4,6,4,6,5.0,10,2,3
4,1,1,4,2.5,5,3,0
21,36,21,36,28.5,57,15,20
15,10,10,15,12.5,25,5,9
4,16,4,16,10.0,20,12,0
5,1,1,5,3.0,6,4,0
1,4,1,4,2.5,5,3,0
5,5,5,5,5.0,10,0,4
8,12,8,12,10.0,20,4,7
6,1,1,6,3.5,7,5,0
16,6,6,16,11.0,22,10,5
6,7,6,7,6.5,13,1,5
5,4,4,5,4.5,9,1,3
9,1,1,9,5.0,10,8,0
10,8,8,10,9.0,18,2,7
17,10,10,17,13.5,27,7,9
5,5,5,5,5.0,10,0,3
25,15,15,25,20.0,40,10,10
17,16,16,17,16.5,33,1,11
27,29,27,29,28.0,56,2,25
5,8,5,8,6.5,13,3,1
1,5,1,5,3.0,6,4,0
12,12,12,12,12.0,24,0,9
3,16,3,16,9.5,19,13,2
4,1,1,4,2.5,5,3,0
8,15,8,15,11.5,23,7,6
8,1,1,8,4.5,9,7,0
13,2,2,13,7.5,15,11,0
5,10,5,10,7.5,15,5,4
6,5,5,6,5.5,11,1,4
5,1,1,5,3.0,6,4,0
13,8,8,13,10.5,21,5,5
5,1,1,5,3.0,6,4,0
1,8,1,8,4.5,9,7,0
1,12,1,12,6.5,13,11,0
1,10,1,10,5.5,11,9,0
1,4,1,4,2.5,5,3,0
8,8,8,8,8.0,16,0,7
7,5,5,7,6.0,12,2,4
1,14,1,14,7.5,15,13,0
5,5,5,5,5.0,10,0,4
15,52,15,52,33.5,67,37,8
7,6,6,7,6.5,13,1,4
4,1,1,4,2.5,5,3,0
4,1,1,4,2.5,5,3,0
6,4,4,6,5.0,10,2,2
7,6,6,7,6.5,13,1,5
25,36,25,36,30.5,61,11,19
15,21,15,21,18.0,36,6,12
41,23,23,41,32.0,64,18,22
5,9,5,9,7.0,14,4,1
11,21,11,21,16.0,32,10,5
1,4,1,4,2.5,5,3,0
5,5,5,5,5.0,10,0,3
1,4,1,4,2.5,5,3,0
4,1,1,4,2.5,5,3,0
6,1,1,6,3.5,7,5,0
22,13,13,22,17.5,35,9,12
5,1,1,5,3.0,6,4,0
1,4,1,4,2.5,5,3,0
5,5,5,5,5.0,10,0,4
5,5,5,5,5.0,10,0,0
23,16,16,23,19.5,39,7,12
5,2,2,5,3.5,7,3,1
11,11,11,11,11.0,22,0,9
4,6,4,6,5.0,10,2,1
34,13,13,34,23.5,47,21,4
26,8,8,26,17.0,34,18,5
13,14,13,14,13.5,27,1,12
13,18,13,18,15.5,31,5,10
13,8,8,13,10.5,21,5,5
5,2,2,5,3.5,7,3,0
25,35,25,35,30.0,60,10,23
12,19,12,19,15.5,31,7,7
11,12,11,12,11.5,23,1,10
4,4,4,4,4.0,8,0,3
8,8,8,8,8.0,16,0,7
1,4,1,4,2.5,5,3,0
4,1,1,4,2.5,5,3,0
9,20,9,20,14.5,29,11,7
1,6,1,6,3.5,7,5,0
1,14,1,14,7.5,15,13,0
23,34,23,34,28.5,57,11,19
16,10,10,16,13.0,26,6,4
6,4,4,6,5.0,10,2,0
5,6,5,6,5.5,11,1,4
1,4,1,4,2.5,5,3,0
1,4,1,4,2.5,5,3,0
12,12,12,12,12.0,24,0,5
8,7,7,8,7.5,15,1,6
4,5,4,5,4.5,9,1,1
2,4,2,4,3.0,6,2,1
5,7,5,7,6.0,12,2,4
2,4,2,4,3.0,6,2,1
5,1,1,5,3.0,6,4,0
1,5,1,5,3.0,6,4,0
4,3,3,4,3.5,7,1,2
1,31,1,31,16.0,32,30,0
4,9,4,9,6.5,13,5,2
1,7,1,7,4.0,8,6,0
5,2,2,5,3.5,7,3,0
4,9,4,9,6.5,13,5,3
5,1,1,5,3.0,6,4,0
9,6,6,9,7.5,15,3,4
4,1,1,4,2.5,5,3,0
9,1,1,9,5.0,10,8,0
5,1,1,5,3.0,6,4,0
1,5,1,5,3.0,6,4,0
7,7,7,7,7.0,14,0,5
1,13,1,13,7.0,14,12,0
2,8,2,8,5.0,10,6,1
3,8,3,8,5.5,11,5,1
1,8,1,8,4.5,9,7,0
11,25,11,25,18.0,36,14,7
37,13,13,37,25.0,50,24,7
17,11,11,17,14.0,28,6,8
1,5,1,5,3.0,6,4,0
2,6,2,6,4.0,8,4,0
19,26,19,26,22.5,45,7,18
5,5,5,5,5.0,10,0,4
5,5,5,5,5.0,10,0,3
12,10,10,12,11.0,22,2,5
4,1,1,4,2.5,5,3,0
34,40,34,40,37.0,74,6,16
41,29,29,41,35.0,70,12,25
1,4,1,4,2.5,5,3,0
4,5,4,5,4.5,9,1,3
3,6,3,6,4.5,9,3,2
13,16,13,16,14.5,29,3,4
8,22,8,22,15.0,30,14,5
16,24,16,24,20.0,40,8,12
1,6,1,6,3.5,7,5,0
6,1,1,6,3.5,7,5,0
5,6,5,6,5.5,11,1,4
4,1,1,4,2.5,5,3,0
4,5,4,5,4.5,9,1,3
2,15,2,15,8.5,17,13,0
16,19,16,19,17.5,35,3,13
2,4,2,4,3.0,6,2,1
4,1,1,4,2.5,5,3,0
1,4,1,4,2.5,5,3,0
13,16,13,16,14.5,29,3,8
12,1,1,12,6.5,13,11,0
11,12,11,12,11.5,23,1,10
46,28,28,46,37.0,74,18,20
14,1,1,14,7.5,15,13,0
2,4,2,4,3.0,6,2,1
7,1,1,7,4.0,8,6,0
14,14,14,14,14.0,28,0,13
5,2,2,5,3.5,7,3,1
4,1,1,4,2.5,5,3,0
13,1,1,13,7.0,14,12,0
13,13,13,13,13.0,26,0,12
11,7,7,11,9.0,18,4,2
5,20,5,20,12.5,25,15,4
37,21,21,37,29.0,58,16,16
6,18,6,18,12.0,24,12,3
1,8,1,8,4.5,9,7,0
36,24,24,36,30.0,60,12,19
2,5,2,5,3.5,7,3,0
7,5,5,7,6.0,12,2,4
4,6,4,6,5.0,10,2,3
13,10,10,13,11.5,23,3,8
5,1,1,5,3.0,6,4,0
4,6,4,6,5.0,10,2,3
4,1,1,4,2.5,5,3,0
7,4,4,7,5.5,11,3,3
7,5,5,7,6.0,12,2,3
6,6,6,6,6.0,12,0,5
4,1,1,4,2.5,5,3,0
38,25,25,38,31.5,63,13,18
8,11,8,11,9.5,19,3,5
5,6,5,6,5.5,11,1,3
1,7,1,7,4.0,8,6,0
6,5,5,6,5.5,11,1,3
4,1,1,4,2.5,5,3,0
14,33,14,33,23.5,47,19,8
1,15,1,15,8.0,16,14,0
10,2,2,10,6.0,12,8,0
7,7,7,7,7.0,14,0,4
4,1,1,4,2.5,5,3,0
4,1,1,4,2.5,5,3,0
4,4,4,4,4.0,8,0,2
7,14,7,14,10.5,21,7,5
10,4,4,10,7.0,14,6,3
14,14,14,14,14.0,28,0,12
38,21,21,38,29.5,59,17,18
7,10,7,10,8.5,17,3,5
4,2,2,4,3.0,6,2,1
38,40,38,40,39.0,78,2,35
5,1,1,5,3.0,6,4,0
6,7,6,7,6.5,13,1,3
1,6,1,6,3.5,7,5,0
27,18,18,27,22.5,45,9,14
5,5,5,5,5.0,10,0,4
5,6,5,6,5.5,11,1,4
13,11,11,13,12.0,24,2,10
17,17,17,17,17.0,34,0,15
1,6,1,6,3.5,7,5,0
10,9,9,10,9.5,19,1,6
5,5,5,5,5.0,10,0,4
5,7,5,7,6.0,12,2,4
8,8,8,8,8.0,16,0,7
14,9,9,14,11.5,23,5,8
4,1,1,4,2.5,5,3,0
5,6,5,6,5.5,11,1,2
27,22,22,27,24.5,49,5,19
13,6,6,13,9.5,19,7,4
8,6,6,8,7.0,14,2,0
2,4,2,4,3.0,6,2,1
4,1,1,4,2.5,5,3,0
1,15,1,15,8.0,16,14,0
4,2,2,4,3.0,6,2,0
18,1,1,18,9.5,19,17,0
11,11,11,11,11.0,22,0,6
7,1,1,7,4.0,8,6,0
4,1,1,4,2.5,5,3,0
11,6,6,11,8.5,17,5,5
8,1,1,8,4.5,9,7,0
4,1,1,4,2.5,5,3,0
22,16,16,22,19.0,38,6,12
1,5,1,5,3.0,6,4,0
2,35,2,35,18.5,37,33,0
5,1,1,5,3.0,6,4,0
4,8,4,8,6.0,12,4,3
22,45,22,45,33.5,67,23,21
4,1,1,4,2.5,5,3,0
12,14,12,14,13.0,26,2,10
20,1,1,20,10.5,21,19,0
51,44,44,51,47.5,95,7,26
1,4,1,4,2.5,5,3,0
12,14,12,14,13.0,26,2,8
5,1,1,5,3.0,6,4,0
23,25,23,25,24.0,48,2,20
18,16,16,18,17.0,34,2,14
15,11,11,15,13.0,26,4,10
1,6,1,6,3.5,7,5,0
9,18,9,18,13.5,27,9,0
7,7,7,7,7.0,14,0,6
1,5,1,5,3.0,6,4,0
4,1,1,4,2.5,5,3,0
16,3,3,16,9.5,19,13,2
4,1,1,4,2.5,5,3,0
2,8,2,8,5.0,10,6,1
33,32,32,33,32.5,65,1,31
1,16,1,16,8.5,17,15,0
5,7,5,7,6.0,12,2,4
11,13,11,13,12.0,24,2,10
4,1,1,4,2.5,5,3,0
5,3,3,5,4.0,8,2,2
7,7,7,7,7.0,14,0,6
8,17,8,17,12.5,25,9,5
3,4,3,4,3.5,7,1,2
12,2,2,12,7.0,14,10,0
9,20,9,20,14.5,29,11,8
1,5,1,5,3.0,6,4,0
4,1,1,4,2.5,5,3,0
1,9,1,9,5.0,10,8,0
9,11,9,11,10.0,20,2,7
45,8,8,45,26.5,53,37,5
4,1,1,4,2.5,5,3,0
38,25,25,38,31.5,63,13,20
9,9,9,9,9.0,18,0,4
4,1,1,4,2.5,5,3,0
1,10,1,10,5.5,11,9,0
12,9,9,12,10.5,21,3,8
1,6,1,6,3.5,7,5,0
16,19,16,19,17.5,35,3,12
32,33,32,33,32.5,65,1,28
10,2,2,10,6.0,12,8,0
5,7,5,7,6.0,12,2,4
17,14,14,17,15.5,31,3,12
6,6,6,6,6.0,12,0,5
2,5,2,5,3.5,7,3,0
5,8,5,8,6.5,13,3,2
4,7,4,7,5.5,11,3,3
5,2,2,5,3.5,7,3,0
6,10,6,10,8.0,16,4,4
38,31,31,38,34.5,69,7,23
1,5,1,5,3.0,6,4,0
18,34,18,34,26.0,52,16,11
1,4,1,4,2.5,5,3,0
4,1,1,4,2.5,5,3,0
22,9,9,22,15.5,31,13,6
5,17,5,17,11.0,22,12,1
8,12,8,12,10.0,20,4,7
1,6,1,6,3.5,7,5,0
5,2,2,5,3.5,7,3,1
1,5,1,5,3.0,6,4,0
13,10,10,13,11.5,23,3,5
1,13,1,13,7.0,14,12,0
9,5,5,9,7.0,14,4,4
5,8,5,8,6.5,13,3,4
9,19,9,19,14.0,28,10,6
5,5,5,5,5.0,10,0,3
7,5,5,7,6.0,12,2,2
7,4,4,7,5.5,11,3,3
13,65,13,65,39.0,78,52,12
10,4,4,10,7.0,14,6,2
23,20,20,23,21.5,43,3,11
7,18,7,18,12.5,25,11,6
18,15,15,18,16.5,33,3,11
21,10,10,21,15.5,31,11,5
2,22,2,22,12.0,24,20,0
10,5,5,10,7.5,15,5,4
1,105,1,105,53.0,106,104,0
15,19,15,19,17.0,34,4,11
13,11,11,13,12.0,24,2,10
1,6,1,6,3.5,7,5,0
5,6,5,6,5.5,11,1,3
1,4,1,4,2.5,5,3,0
7,8,7,8,7.5,15,1,6
5,1,1,5,3.0,6,4,0
13,12,12,13,12.5,25,1,11
1,4,1,4,2.5,5,3,0
1,4,1,4,2.5,5,3,0
19,38,19,38,28.5,57,19,18
1,6,1,6,3.5,7,5,0
26,38,26,38,32.0,64,12,24
5,1,1,5,3.0,6,4,0
12,4,4,12,8.0,16,8,3
6,9,6,9,7.5,15,3,0
16,2,2,16,9.0,18,14,0
15,8,8,15,11.5,23,7,7
16,13,13,16,14.5,29,3,9
4,1,1,4,2.5,5,3,0
2,4,2,4,3.0,6,2,1
8,15,8,15,11.5,23,7,7
18,14,14,18,16.0,32,4,5
51,35,35,51,43.0,86,16,30
4,8,4,8,6.0,12,4,3
21,21,21,21,21.0,42,0,19
5,1,1,5,3.0,6,4,0
31,53,31,53,42.0,84,22,26
6,5,5,6,5.5,11,1,3
3,6,3,6,4.5,9,3,2
1,4,1,4,2.5,5,3,0
1,18,1,18,9.5,19,17,0
8,17,8,17,12.5,25,9,6
4,5,4,5,4.5,9,1,3
11,1,1,11,6.0,12,10,0
18,7,7,18,12.5,25,11,5
38,18,18,38,28.0,56,20,16
6,7,6,7,6.5,13,1,3
4,1,1,4,2.5,5,3,0
9,5,5,9,7.0,14,4,0
5,5,5,5,5.0,10,0,4
1,4,1,4,2.5,5,3,0
10,7,7,10,8.5,17,3,4
5,6,5,6,5.5,11,1,4
10,1,1,10,5.5,11,9,0
6,1,1,6,3.5,7,5,0
2,5,2,5,3.5,7,3,1
10,9,9,10,9.5,19,1,4
5,1,1,5,3.0,6,4,0
8,1,1,8,4.5,9,7,0
13,8,8,13,10.5,21,5,7
15,12,12,15,13.5,27,3,11
7,4,4,7,5.5,11,3,2
30,25,25,30,27.5,55,5,24
19,16,16,19,17.5,35,3,13
1,5,1,5,3.0,6,4,0
4,1,1,4,2.5,5,3,0
6,11,6,11,8.5,17,5,5
12,13,12,13,12.5,25,1,8
4,1,1,4,2.5,5,3,0
4,1,1,4,2.5,5,3,0
16,13,13,16,14.5,29,3,8
10,20,10,20,15.0,30,10,9
4,4,4,4,4.0,8,0,3
23,27,23,27,25.0,50,4,21
4,5,4,5,4.5,9,1,3
10,13,10,13,11.5,23,3,8
8,3,3,8,5.5,11,5,2
6,1,1,6,3.5,7,5,0
3,5,3,5,4.0,8,2,2
6,7,6,7,6.5,13,1,4
10,1,1,10,5.5,11,9,0
26,27,26,27,26.5,53,1,25
29,24,24,29,26.5,53,5,21
14,15,14,15,14.5,29,1,12
15,19,15,19,17.0,34,4,14
6,6,6,6,6.0,12,0,5
1,6,1,6,3.5,7,5,0
1,6,1,6,3.5,7,5,0
2,8,2,8,5.0,10,6,1
3,6,3,6,4.5,9,3,1
6,7,6,7,6.5,13,1,5
5,4,4,5,4.5,9,1,3
5,1,1,5,3.0,6,4,0
4,4,4,4,4.0,8,0,3
5,1,1,5,3.0,6,4,0
6,7,6,7,6.5,13,1,4
4,1,1,4,2.5,5,3,0
15,21,15,21,18.0,36,6,13
5,15,5,15,10.0,20,10,4
1,7,1,7,4.0,8,6,0
31,50,31,50,40.5,81,19,25
1,6,1,6,3.5,7,5,0
15,9,9,15,12.0,24,6,7
1,6,1,6,3.5,7,5,0
1,5,1,5,3.0,6,4,0
32,33,32,33,32.5,65,1,31
25,18,18,25,21.5,43,7,13
20,20,20,20,20.0,40,0,18
1,5,1,5,3.0,6,4,0
7,7,7,7,7.0,14,0,6
5,12,5,12,8.5,17,7,4
4,2,2,4,3.0,6,2,1
13,13,13,13,13.0,26,0,12
4,3,3,4,3.5,7,1,1
9,7,7,9,8.0,16,2,6
7,8,7,8,7.5,15,1,6
1,4,1,4,2.5,5,3,0
9,5,5,9,7.0,14,4,3
10,1,1,10,5.5,11,9,0
5,5,5,5,5.0,10,0,2
1,5,1,5,3.0,6,4,0
12,1,1,12,6.5,13,11,0
12,12,12,12,12.0,24,0,11
1,11,1,11,6.0,12,10,0
12,3,3,12,7.5,15,9,1
5,3,3,5,4.0,8,2,2
5,7,5,7,6.0,12,2,4
2,9,2,9,5.5,11,7,0
6,8,6,8,7.0,14,2,4
1,5,1,5,3.0,6,4,0
7,5,5,7,6.0,12,2,4
4,5,4,5,4.5,9,1,3
8,1,1,8,4.5,9,7,0
6,1,1,6,3.5,7,5,0
13,13,13,13,13.0,26,0,12
16,6,6,16,11.0,22,10,4
5,1,1,5,3.0,6,4,0
6,6,6,6,6.0,12,0,4
1,7,1,7,4.0,8,6,0
6,3,3,6,4.5,9,3,0
8,1,1,8,4.5,9,7,0
30,41,30,41,35.5,71,11,24
23,9,9,23,16.0,32,14,8
8,9,8,9,8.5,17,1,7
4,12,4,12,8.0,16,8,0
23,24,23,24,23.5,47,1,8
25,30,25,30,27.5,55,5,23
21,16,16,21,18.5,37,5,9
7,5,5,7,6.0,12,2,3
2,4,2,4,3.0,6,2,0
34,9,9,34,21.5,43,25,6
6,5,5,6,5.5,11,1,4
4,1,1,4,2.5,5,3,0
1,4,1,4,2.5,5,3,0
5,1,1,5,3.0,6,4,0
4,1,1,4,2.5,5,3,0
4,1,1,4,2.5,5,3,0
47,46,46,47,46.5,93,1,39
11,11,11,11,11.0,22,0,10
4,4,4,4,4.0,8,0,2
2,6,2,6,4.0,8,4,0
7,1,1,7,4.0,8,6,0
1,6,1,6,3.5,7,5,0
10,9,9,10,9.5,19,1,7
6,1,1,6,3.5,7,5,0
1,11,1,11,6.0,12,10,0
17,18,17,18,17.5,35,1,16
12,11,11,12,11.5,23,1,10
8,7,7,8,7.5,15,1,6
1,14,1,14,7.5,15,13,0
3,5,3,5,4.0,8,2,1
32,32,32,32,32.0,64,0,31
10,8,8,10,9.0,18,2,5
4,6,4,6,5.0,10,2,0
4,4,4,4,4.0,8,0,2
9,88,9,88,48.5,97,79,1
20,22,20,22,21.0,42,2,19
1,4,1,4,2.5,5,3,0
7,20,7,20,13.5,27,13,4
5,4,4,5,4.5,9,1,3
6,1,1,6,3.5,7,5,0
5,5,5,5,5.0,10,0,4
13,1,1,13,7.0,14,12,0
16,1,1,16,8.5,17,15,0
1,22,1,22,11.5,23,21,0
8,1,1,8,4.5,9,7,0
30,15,15,30,22.5,45,15,13
10,3,3,10,6.5,13,7,0
10,8,8,10,9.0,18,2,7
10,10,10,10,10.0,20,0,9
4,1,1,4,2.5,5,3,0
4,6,4,6,5.0,10,2,3
1,10,1,10,5.5,11,9,0
5,1,1,5,3.0,6,4,0
8,8,8,8,8.0,16,0,7
1,9,1,9,5.0,10,8,0
4,11,4,11,7.5,15,7,2
1,6,1,6,3.5,7,5,0
5,8,5,8,6.5,13,3,0
6,1,1,6,3.5,7,5,0
5,2,2,5,3.5,7,3,0
1,6,1,6,3.5,7,5,0
5,4,4,5,4.5,9,1,0
20,10,10,20,15.0,30,10,9
1,4,1,4,2.5,5,3,0
22,10,10,22,16.0,32,12,6
6,6,6,6,6.0,12,0,4
4,1,1,4,2.5,5,3,0
21,15,15,21,18.0,36,6,14
4,3,3,4,3.5,7,1,2
26,26,26,26,26.0,52,0,25
16,13,13,16,14.5,29,3,11
1,4,1,4,2.5,5,3,0
4,4,4,4,4.0,8,0,3
2,4,2,4,3.0,6,2,1
4,1,1,4,2.5,5,3,0
2,8,2,8,5.0,10,6,0
7,10,7,10,8.5,17,3,5
2,6,2,6,4.0,8,4,0
1,4,1,4,2.5,5,3,0
33,22,22,33,27.5,55,11,21
4,20,4,20,12.0,24,16,1
8,5,5,8,6.5,13,3,4
24,48,24,48,36.0,72,24,22
1,15,1,15,8.0,16,14,0
5,7,5,7,6.0,12,2,0
16,26,16,26,21.0,42,10,14
7,4,4,7,5.5,11,3,3
6,12,6,12,9.0,18,6,5
11,16,11,16,13.5,27,5,8
12,6,6,12,9.0,18,6,3
19,12,12,19,15.5,31,7,7
3,9,3,9,6.0,12,6,0
6,8,6,8,7.0,14,2,5
24,9,9,24,16.5,33,15,7
7,6,6,7,6.5,13,1,5
8,12,8,12,10.0,20,4,4
8,1,1,8,4.5,9,7,0
1,11,1,11,6.0,12,10,0
5,2,2,5,3.5,7,3,1
5,1,1,5,3.0,6,4,0
15,15,15,15,15.0,30,0,11
1,7,1,7,4.0,8,6,0
4,5,4,5,4.5,9,1,3
1,65,1,65,33.0,66,64,0
1,7,1,7,4.0,8,6,0
4,1,1,4,2.5,5,3,0
8,7,7,8,7.5,15,1,6
1,5,1,5,3.0,6,4,0
1,65,1,65,33.0,66,64,0
9,8,8,9,8.5,17,1,7
45,44,44,45,44.5,89,1,32
23,23,23,23,23.0,46,0,22
2,4,2,4,3.0,6,2,1
5,1,1,5,3.0,6,4,0
14,14,14,14,14.0,28,0,9
6,1,1,6,3.5,7,5,0
5,1,1,5,3.0,6,4,0
107,24,24,107,65.5,131,83,19
5,5,5,5,5.0,10,0,2
4,2,2,4,3.0,6,2,1
15,17,15,17,16.0,32,2,14
33,40,33,40,36.5,73,7,27
1,11,1,11,6.0,12,10,0
1,9,1,9,5.0,10,8,0
2,5,2,5,3.5,7,3,1
5,4,4,5,4.5,9,1,3
2,5,2,5,3.5,7,3,1
1,6,1,6,3.5,7,5,0
6,4,4,6,5.0,10,2,0
8,3,3,8,5.5,11,5,2
4,1,1,4,2.5,5,3,0
2,4,2,4,3.0,6,2,1
17,22,17,22,19.5,39,5,15
4,2,2,4,3.0,6,2,1
8,1,1,8,4.5,9,7,0
1,5,1,5,3.0,6,4,0
4,1,1,4,2.5,5,3,0
3,5,3,5,4.0,8,2,2
8,9,8,9,8.5,17,1,5
32,14,14,32,23.0,46,18,11
13,3,3,13,8.0,16,10,2
11,6,6,11,8.5,17,5,4
14,5,5,14,9.5,19,9,1
5,1,1,5,3.0,6,4,0
5,4,4,5,4.5,9,1,3
15,17,15,17,16.0,32,2,11
14,14,14,14,14.0,28,0,13
1,8,1,8,4.5,9,7,0
2,4,2,4,3.0,6,2,1
21,19,19,21,20.0,40,2,18
6,6,6,6,6.0,12,0,5
1,5,1,5,3.0,6,4,0
5,5,5,5,5.0,10,0,2
4,5,4,5,4.5,9,1,3
8,1,1,8,4.5,9,7,0
5,1,1,5,3.0,6,4,0
2,7,2,7,4.5,9,5,0
19,6,6,19,12.5,25,13,5
31,25,25,31,28.0,56,6,21
1,146,1,146,73.5,147,145,0
6,1,1,6,3.5,7,5,0
1,4,1,4,2.5,5,3,0
9,1,1,9,5.0,10,8,0
1,5,1,5,3.0,6,4,0
1,5,1,5,3.0,6,4,0
14,14,14,14,14.0,28,0,12
10,10,10,10,10.0,20,0,9
4,1,1,4,2.5,5,3,0
5,1,1,5,3.0,6,4,0
2,9,2,9,5.5,11,7,0
2,4,2,4,3.0,6,2,0
5,2,2,5,3.5,7,3,1
1,17,1,17,9.0,18,16,0
5,1,1,5,3.0,6,4,0
4,1,1,4,2.5,5,3,0
30,107,30,107,68.5,137,77,18
5,4,4,5,4.5,9,1,3
1,5,1,5,3.0,6,4,0
1,4,1,4,2.5,5,3,0
1,8,1,8,4.5,9,7,0
12,2,2,12,7.0,14,10,0
4,4,4,4,4.0,8,0,3
33,20,20,33,26.5,53,13,18
1,7,1,7,4.0,8,6,0
21,1,1,21,11.0,22,20,0
11,12,11,12,11.5,23,1,9
18,11,11,18,14.5,29,7,10
4,5,4,5,4.5,9,1,3
7,10,7,10,8.5,17,3,4
4,1,1,4,2.5,5,3,0
5,1,1,5,3.0,6,4,0
15,1,1,15,8.0,16,14,0
5,6,5,6,5.5,11,1,4
4,1,1,4,2.5,5,3,0
8,2,2,8,5.0,10,6,1
4,2,2,4,3.0,6,2,1
7,14,7,14,10.5,21,7,5
4,1,1,4,2.5,5,3,0
1,4,1,4,2.5,5,3,0
4,16,4,16,10.0,20,12,1
7,1,1,7,4.0,8,6,0
5,5,5,5,5.0,10,0,4
4,2,2,4,3.0,6,2,1
11,11,11,11,11.0,22,0,10
4,1,1,4,2.5,5,3,0
13,10,10,13,11.5,23,3,9
6,1,1,6,3.5,7,5,0
11,11,11,11,11.0,22,0,10
8,2,2,8,5.0,10,6,0
14,12,12,14,13.0,26,2,10
7,6,6,7,6.5,13,1,5
7,1,1,7,4.0,8,6,0
5,1,1,5,3.0,6,4,0
1,4,1,4,2.5,5,3,0
11,11,11,11,11.0,22,0,9
19,23,19,23,21.0,42,4,14
7,2,2,7,4.5,9,5,0
4,1,1,4,2.5,5,3,0
8,1,1,8,4.5,9,7,0
5,1,1,5,3.0,6,4,0
2,6,2,6,4.0,8,4,1
4,5,4,5,4.5,9,1,3
30,22,22,30,26.0,52,8,18
11,20,11,20,15.5,31,9,9
7,4,4,7,5.5,11,3,3
6,6,6,6,6.0,12,0,5
11,10,10,11,10.5,21,1,6
34,23,23,34,28.5,57,11,21
5,2,2,5,3.5,7,3,1
18,20,18,20,19.0,38,2,16
1,4,1,4,2.5,5,3,0
1,13,1,13,7.0,14,12,0
8,8,8,8,8.0,16,0,7
13,4,4,13,8.5,17,9,0
6,2,2,6,4.0,8,4,1
6,5,5,6,5.5,11,1,4
7,1,1,7,4.0,8,6,0
6,2,2,6,4.0,8,4,1
1,5,1,5,3.0,6,4,0
15,40,15,40,27.5,55,25,1
1,5,1,5,3.0,6,4,0
11,9,9,11,10.0,20,2,7
1,4,1,4,2.5,5,3,0
18,23,18,23,20.5,41,5,15
12,24,12,24,18.0,36,12,10
2,18,2,18,10.0,20,16,1
4,12,4,12,8.0,16,8,3
10,10,10,10,10.0,20,0,9
1,4,1,4,2.5,5,3,0
23,24,23,24,23.5,47,1,13
9,10,9,10,9.5,19,1,6
44,33,33,44,38.5,77,11,17
3,8,3,8,5.5,11,5,2
3,6,3,6,4.5,9,3,1
27,27,27,27,27.0,54,0,26
5,5,5,5,5.0,10,0,4
17,22,17,22,19.5,39,5,16
6,2,2,6,4.0,8,4,1
1,4,1,4,2.5,5,3,0
1,4,1,4,2.5,5,3,0
12,14,12,14,13.0,26,2,10
15,13,13,15,14.0,28,2,11
2,9,2,9,5.5,11,7,0
6,9,6,9,7.5,15,3,4
31,25,25,31,28.0,56,6,24
4,1,1,4,2.5,5,3,0
5,1,1,5,3.0,6,4,0
1,14,1,14,7.5,15,13,0
4,1,1,4,2.5,5,3,0
7,9,7,9,8.0,16,2,6
8,28,8,28,18.0,36,20,6
5,9,5,9,7.0,14,4,1
4,4,4,4,4.0,8,0,0
1,5,1,5,3.0,6,4,0
2,5,2,5,3.5,7,3,1
4,1,1,4,2.5,5,3,0
13,13,13,13,13.0,26,0,10
5,66,5,66,35.5,71,61,1
1,4,1,4,2.5,5,3,0
1,16,1,16,8.5,17,15,0
10,1,1,10,5.5,11,9,0
8,7,7,8,7.5,15,1,6
4,1,1,4,2.5,5,3,0
28,13,13,28,20.5,41,15,5
9,1,1,9,5.0,10,8,0
20,6,6,20,13.0,26,14,5
10,11,10,11,10.5,21,1,6
12,2,2,12,7.0,14,10,1
29,31,29,31,30.0,60,2,13
7,6,6,7,6.5,13,1,5
2,4,2,4,3.0,6,2,1
5,8,5,8,6.5,13,3,3
9,7,7,9,8.0,16,2,6
9,1,1,9,5.0,10,8,0
9,9,9,9,9.0,18,0,8
3,4,3,4,3.5,7,1,2
12,13,12,13,12.5,25,1,11
1,4,1,4,2.5,5,3,0
9,9,9,9,9.0,18,0,8
1,10,1,10,5.5,11,9,0
6,6,6,6,6.0,12,0,5
7,1,1,7,4.0,8,6,0
4,3,3,4,3.5,7,1,2
8,14,8,14,11.0,22,6,4
4,1,1,4,2.5,5,3,0
9,7,7,9,8.0,16,2,3
6,5,5,6,5.5,11,1,4
3,5,3,5,4.0,8,2,2
49,51,49,51,50.0,100,2,30
23,21,21,23,22.0,44,2,19
5,5,5,5,5.0,10,0,4
38,21,21,38,29.5,59,17,19
13,4,4,13,8.5,17,9,0
4,1,1,4,2.5,5,3,0
19,12,12,19,15.5,31,7,11
1,10,1,10,5.5,11,9,0
32,31,31,32,31.5,63,1,24
8,6,6,8,7.0,14,2,5
4,2,2,4,3.0,6,2,1
1,8,1,8,4.5,9,7,0
7,5,5,7,6.0,12,2,3
12,5,5,12,8.5,17,7,3
29,28,28,29,28.5,57,1,26
7,1,1,7,4.0,8,6,0
5,1,1,5,3.0,6,4,0
4,1,1,4,2.5,5,3,0
41,31,31,41,36.0,72,10,29
15,14,14,15,14.5,29,1,13
20,35,20,35,27.5,55,15,19
1,7,1,7,4.0,8,6,0
2,8,2,8,5.0,10,6,0
1,6,1,6,3.5,7,5,0
1,5,1,5,3.0,6,4,0
2,12,2,12,7.0,14,10,1
3,4,3,4,3.5,7,1,0
8,11,8,11,9.5,19,3,7
4,1,1,4,2.5,5,3,0
13,17,13,17,15.0,30,4,10
4,4,4,4,4.0,8,0,2
1,4,1,4,2.5,5,3,0
17,23,17,23,20.0,40,6,16
17,23,17,23,20.0,40,6,16
13,13,13,13,13.0,26,0,8
4,4,4,4,4.0,8,0,3
6,1,1,6,3.5,7,5,0
7,1,1,7,4.0,8,6,0
42,23,23,42,32.5,65,19,22
23,33,23,33,28.0,56,10,22
39,28,28,39,33.5,67,11,21
4,1,1,4,2.5,5,3,0
3,15,3,15,9.0,18,12,0
17,16,16,17,16.5,33,1,14
1,4,1,4,2.5,5,3,0
4,1,1,4,2.5,5,3,0
4,1,1,4,2.5,5,3,0
1,4,1,4,2.5,5,3,0
8,4,4,8,6.0,12,4,0
13,12,12,13,12.5,25,1,8
1,7,1,7,4.0,8,6,0
6,5,5,6,5.5,11,1,4
5,2,2,5,3.5,7,3,0
5,1,1,5,3.0,6,4,0
34,36,34,36,35.0,70,2,33
11,11,11,11,11.0,22,0,10
3,4,3,4,3.5,7,1,2
6,1,1,6,3.5,7,5,0
1,6,1,6,3.5,7,5,0
37,24,24,37,30.5,61,13,15
13,14,13,14,13.5,27,1,9
6,1,1,6,3.5,7,5,0
1,12,1,12,6.5,13,11,0
8,13,8,13,10.5,21,5,7
1,4,1,4,2.5,5,3,0
12,10,10,12,11.0,22,2,9
1,9,1,9,5.0,10,8,0
5,6,5,6,5.5,11,1,4
5,1,1,5,3.0,6,4,0
5,1,1,5,3.0,6,4,0
10,8,8,10,9.0,18,2,6
2,10,2,10,6.0,12,8,1
1,4,1,4,2.5,5,3,0
11,1,1,11,6.0,12,10,0
2,9,2,9,5.5,11,7,0
20,18,18,20,19.0,38,2,17
6,1,1,6,3.5,7,5,0
1,5,1,5,3.0,6,4,0
4,1,1,4,2.5,5,3,0
19,15,15,19,17.0,34,4,9
3,6,3,6,4.5,9,3,2
8,3,3,8,5.5,11,5,1
7,2,2,7,4.5,9,5,1
4,1,1,4,2.5,5,3,0
4,1,1,4,2.5,5,3,0
6,1,1,6,3.5,7,5,0
9,1,1,9,5.0,10,8,0
1,5,1,5,3.0,6,4,0
11,6,6,11,8.5,17,5,3
4,4,4,4,4.0,8,0,3
1,4,1,4,2.5,5,3,0
6,6,6,6,6.0,12,0,4
7,7,7,7,7.0,14,0,6
1,6,1,6,3.5,7,5,0
4,3,3,4,3.5,7,1,2
4,1,1,4,2.5,5,3,0
4,1,1,4,2.5,5,3,0
2,5,2,5,3.5,7,3,1
23,34,23,34,28.5,57,11,19
4,1,1,4,2.5,5,3,0
1,6,1,6,3.5,7,5,0
6,1,1,6,3.5,7,5,0
11,9,9,11,10.0,20,2,8
17,2,2,17,9.5,19,15,0
12,1,1,12,6.5,13,11,0
19,2,2,19,10.5,21,17,1
4,5,4,5,4.5,9,1,3
19,19,19,19,19.0,38,0,18
7,1,1,7,4.0,8,6,0
1,27,1,27,14.0,28,26,0
9,12,9,12,10.5,21,3,4
24,22,22,24,23.0,46,2,21
10,15,10,15,12.5,25,5,7
5,5,5,5,5.0,10,0,3
1,6,1,6,3.5,7,5,0
1,6,1,6,3.5,7,5,0
6,6,6,6,6.0,12,0,5
7,7,7,7,7.0,14,0,4
11,10,10,11,10.5,21,1,9
1,5,1,5,3.0,6,4,0
5,2,2,5,3.5,7,3,1
1,6,1,6,3.5,7,5,0
88,37,37,88,62.5,125,51,26
1,7,1,7,4.0,8,6,0
16,8,8,16,12.0,24,8,0
7,2,2,7,4.5,9,5,0
4,1,1,4,2.5,5,3,0
5,3,3,5,4.0,8,2,2
4,1,1,4,2.5,5,3,0
13,9,9,13,11.0,22,4,8
1,39,1,39,20.0,40,38,0
7,11,7,11,9.0,18,4,4
11,7,7,11,9.0,18,4,4
5,2,2,5,3.5,7,3,0
5,5,5,5,5.0,10,0,4
4,6,4,6,5.0,10,2,3
14,1,1,14,7.5,15,13,0
1,8,1,8,4.5,9,7,0
1,4,1,4,2.5,5,3,0
4,1,1,4,2.5,5,3,0
1,4,1,4,2.5,5,3,0
1,5,1,5,3.0,6,4,0
1,4,1,4,2.5,5,3,0
6,5,5,6,5.5,11,1,4
6,7,6,7,6.5,13,1,0
1,39,1,39,20.0,40,38,0
1,7,1,7,4.0,8,6,0
31,27,27,31,29.0,58,4,24
6,5,5,6,5.5,11,1,4
16,14,14,16,15.0,30,2,12
4,2,2,4,3.0,6,2,1
5,5,5,5,5.0,10,0,4
8,8,8,8,8.0,16,0,7
21,12,12,21,16.5,33,9,9
1,5,1,5,3.0,6,4,0
8,8,8,8,8.0,16,0,7
33,40,33,40,36.5,73,7,21
31,25,25,31,28.0,56,6,20
1,5,1,5,3.0,6,4,0
14,13,13,14,13.5,27,1,12
7,6,6,7,6.5,13,1,5
3,14,3,14,8.5,17,11,1
1,5,1,5,3.0,6,4,0
5,5,5,5,5.0,10,0,4
4,1,1,4,2.5,5,3,0
4,1,1,4,2.5,5,3,0
1,6,1,6,3.5,7,5,0
12,19,12,19,15.5,31,7,11
5,3,3,5,4.0,8,2,2
1,4,1,4,2.5,5,3,0
4,4,4,4,4.0,8,0,3
1,5,1,5,3.0,6,4,0
38,29,29,38,33.5,67,9,17
9,11,9,11,10.0,20,2,5
1,7,1,7,4.0,8,6,0
5,1,1,5,3.0,6,4,0
1,4,1,4,2.5,5,3,0
5,1,1,5,3.0,6,4,0
9,5,5,9,7.0,14,4,4
3,5,3,5,4.0,8,2,2
5,4,4,5,4.5,9,1,3
4,1,1,4,2.5,5,3,0
2,4,2,4,3.0,6,2,0
11,20,11,20,15.5,31,9,10
5,1,1,5,3.0,6,4,0
5,2,2,5,3.5,7,3,1
29,53,29,53,41.0,82,24,25
7,7,7,7,7.0,14,0,6
4,6,4,6,5.0,10,2,0
4,8,4,8,6.0,12,4,3
7,6,6,7,6.5,13,1,5
6,2,2,6,4.0,8,4,1
5,1,1,5,3.0,6,4,0
1,5,1,5,3.0,6,4,0
31,2,2,31,16.5,33,29,0
7,52,7,52,29.5,59,45,2
16,3,3,16,9.5,19,13,0
23,32,23,32,27.5,55,9,20
17,15,15,17,16.0,32,2,14
6,6,6,6,6.0,12,0,5
15,17,15,17,16.0,32,2,7
1,4,1,4,2.5,5,3,0
12,3,3,12,7.5,15,9,1
6,6,6,6,6.0,12,0,4
2,5,2,5,3.5,7,3,1
1,5,1,5,3.0,6,4,0
6,9,6,9,7.5,15,3,2
5,9,5,9,7.0,14,4,1
7,5,5,7,6.0,12,2,2
1,4,1,4,2.5,5,3,0
9,36,9,36,22.5,45,27,5
2,6,2,6,4.0,8,4,0
5,5,5,5,5.0,10,0,4
3,5,3,5,4.0,8,2,1
4,10,4,10,7.0,14,6,1
9,8,8,9,8.5,17,1,7
7,1,1,7,4.0,8,6,0
1,7,1,7,4.0,8,6,0
5,4,4,5,4.5,9,1,3
22,22,22,22,22.0,44,0,20
4,5,4,5,4.5,9,1,3
13,23,13,23,18.0,36,10,6
4,9,4,9,6.5,13,5,0
7,6,6,7,6.5,13,1,5
6,7,6,7,6.5,13,1,5
9,5,5,9,7.0,14,4,4
7,6,6,7,6.5,13,1,5
8,7,7,8,7.5,15,1,5
5,1,1,5,3.0,6,4,0
1,5,1,5,3.0,6,4,0
12,22,12,22,17.0,34,10,9
31,31,31,31,31.0,62,0,29
12,14,12,14,13.0,26,2,10
5,1,1,5,3.0,6,4,0
4,4,4,4,4.0,8,0,3
29,12,12,29,20.5,41,17,9
1,4,1,4,2.5,5,3,0
1,6,1,6,3.5,7,5,0
6,8,6,8,7.0,14,2,3
5,1,1,5,3.0,6,4,0
12,1,1,12,6.5,13,11,0
4,4,4,4,4.0,8,0,3
1,21,1,21,11.0,22,20,0
15,5,5,15,10.0,20,10,0
5,2,2,5,3.5,7,3,1
7,5,5,7,6.0,12,2,1
4,4,4,4,4.0,8,0,3
8,1,1,8,4.5,9,7,0
10,13,10,13,11.5,23,3,8
1,4,1,4,2.5,5,3,0
4,3,3,4,3.5,7,1,2
3,20,3,20,11.5,23,17,0
7,7,7,7,7.0,14,0,6
17,12,12,17,14.5,29,5,9
42,31,31,42,36.5,73,11,26
7,6,6,7,6.5,13,1,5
16,9,9,16,12.5,25,7,7
5,3,3,5,4.0,8,2,2
27,21,21,27,24.0,48,6,20
9,6,6,9,7.5,15,3,4
2,4,2,4,3.0,6,2,1
5,1,1,5,3.0,6,4,0
7,1,1,7,4.0,8,6,0
6,6,6,6,6.0,12,0,1
6,1,1,6,3.5,7,5,0
43,16,16,43,29.5,59,27,12
6,3,3,6,4.5,9,3,2
9,8,8,9,8.5,17,1,7
31,32,31,32,31.5,63,1,29
6,7,6,7,6.5,13,1,3
17,20,17,20,18.5,37,3,16
7,1,1,7,4.0,8,6,0
18,15,15,18,16.5,33,3,14
7,1,1,7,4.0,8,6,0
35,32,32,35,33.5,67,3,29
33,16,16,33,24.5,49,17,15
7,3,3,7,5.0,10,4,1
1,20,1,20,10.5,21,19,0
17,12,12,17,14.5,29,5,11
5,7,5,7,6.0,12,2,3
5,1,1,5,3.0,6,4,0
8,8,8,8,8.0,16,0,6
25,18,18,25,21.5,43,7,6
4,1,1,4,2.5,5,3,0
4,3,3,4,3.5,7,1,2
6,1,1,6,3.5,7,5,0
17,9,9,17,13.0,26,8,8
4,1,1,4,2.5,5,3,0
6,1,1,6,3.5,7,5,0
16,7,7,16,11.5,23,9,5
5,5,5,5,5.0,10,0,4
9,9,9,9,9.0,18,0,8
9,1,1,9,5.0,10,8,0
26,26,26,26,26.0,52,0,25
10,5,5,10,7.5,15,5,3
14,7,7,14,10.5,21,7,6
2,5,2,5,3.5,7,3,1
7,7,7,7,7.0,14,0,4
23,23,23,23,23.0,46,0,15
6,3,3,6,4.5,9,3,2
2,18,2,18,10.0,20,16,0
5,6,5,6,5.5,11,1,4
4,4,4,4,4.0,8,0,1
11,4,4,11,7.5,15,7,3
20,25,20,25,22.5,45,5,12
13,13,13,13,13.0,26,0,12
17,13,13,17,15.0,30,4,12
1,4,1,4,2.5,5,3,0
18,7,7,18,12.5,25,11,4
6,14,6,14,10.0,20,8,3
23,5,5,23,14.0,28,18,3
1,11,1,11,6.0,12,10,0
9,10,9,10,9.5,19,1,8
8,1,1,8,4.5,9,7,0
1,4,1,4,2.5,5,3,0
2,4,2,4,3.0,6,2,1
11,2,2,11,6.5,13,9,0
4,30,4,30,17.0,34,26,1
10,105,10,105,57.5,115,95,0
39,49,39,49,44.0,88,10,25
1,4,1,4,2.5,5,3,0
6,1,1,6,3.5,7,5,0
5,1,1,5,3.0,6,4,0
2,5,2,5,3.5,7,3,1
4,1,1,4,2.5,5,3,0
36,33,33,36,34.5,69,3,29
4,7,4,7,5.5,11,3,3
19,19,19,19,19.0,38,0,18
2,4,2,4,3.0,6,2,0
4,1,1,4,2.5,5,3,0
12,13,12,13,12.5,25,1,11
4,1,1,4,2.5,5,3,0
1,4,1,4,2.5,5,3,0
9,9,9,9,9.0,18,0,7
1,5,1,5,3.0,6,4,0
5,1,1,5,3.0,6,4,0
13,1,1,13,7.0,14,12,0
7,7,7,7,7.0,14,0,6
5,2,2,5,3.5,7,3,0
1,5,1,5,3.0,6,4,0
22,19,19,22,20.5,41,3,18
18,36,18,36,27.0,54,18,17
6,4,4,6,5.0,10,2,3
4,4,4,4,4.0,8,0,3
1,5,1,5,3.0,6,4,0
2,6,2,6,4.0,8,4,1
5,2,2,5,3.5,7,3,0
4,5,4,5,4.5,9,1,1
26,5,5,26,15.5,31,21,2
1,4,1,4,2.5,5,3,0
6,16,6,16,11.0,22,10,5
3,4,3,4,3.5,7,1,2
11,5,5,11,8.0,16,6,0
7,12,7,12,9.5,19,5,6
6,7,6,7,6.5,13,1,5
1,4,1,4,2.5,5,3,0
5,2,2,5,3.5,7,3,0
47,33,33,47,40.0,80,14,29
12,14,12,14,13.0,26,2,11
6,2,2,6,4.0,8,4,1
24,24,24,24,24.0,48,0,23
1,6,1,6,3.5,7,5,0
1,5,1,5,3.0,6,4,0
11,5,5,11,8.0,16,6,4
5,5,5,5,5.0,10,0,4
1,5,1,5,3.0,6,4,0
4,5,4,5,4.5,9,1,2
16,20,16,20,18.0,36,4,14
3,5,3,5,4.0,8,2,2
4,4,4,4,4.0,8,0,3
3,5,3,5,4.0,8,2,2
8,1,1,8,4.5,9,7,0
9,12,9,12,10.5,21,3,6
12,1,1,12,6.5,13,11,0
4,20,4,20,12.0,24,16,3
15,23,15,23,19.0,38,8,14
5,3,3,5,4.0,8,2,2
1,9,1,9,5.0,10,8,0
4,1,1,4,2.5,5,3,0
40,31,31,40,35.5,71,9,30
6,3,3,6,4.5,9,3,2
20,25,20,25,22.5,45,5,18
10,10,10,10,10.0,20,0,8
6,6,6,6,6.0,12,0,2
2,8,2,8,5.0,10,6,1
8,1,1,8,4.5,9,7,0
18,19,18,19,18.5,37,1,10
9,12,9,12,10.5,21,3,7
16,16,16,16,16.0,32,0,10
6,5,5,6,5.5,11,1,4
7,2,2,7,4.5,9,5,0
5,5,5,5,5.0,10,0,4
6,1,1,6,3.5,7,5,0
17,2,2,17,9.5,19,15,1
8,1,1,8,4.5,9,7,0
17,8,8,17,12.5,25,9,4
26,41,26,41,33.5,67,15,24
5,7,5,7,6.0,12,2,2
8,1,1,8,4.5,9,7,0
16,4,4,16,10.0,20,12,2
1,4,1,4,2.5,5,3,0
11,11,11,11,11.0,22,0,9
5,1,1,5,3.0,6,4,0
10,6,6,10,8.0,16,4,5
1,6,1,6,3.5,7,5,0
14,16,14,16,15.0,30,2,11
1,4,1,4,2.5,5,3,0
7,6,6,7,6.5,13,1,5
1,4,1,4,2.5,5,3,0
4,1,1,4,2.5,5,3,0
20,20,20,20,20.0,40,0,19
7,5,5,7,6.0,12,2,4
5,1,1,5,3.0,6,4,0
6,5,5,6,5.5,11,1,0
5,16,5,16,10.5,21,11,0
6,5,5,6,5.5,11,1,3
5,17,5,17,11.0,22,12,0
4,1,1,4,2.5,5,3,0
25,34,25,34,29.5,59,9,20
4,1,1,4,2.5,5,3,0
9,2,2,9,5.5,11,7,0
7,9,7,9,8.0,16,2,4
26,26,26,26,26.0,52,0,25
36,40,36,40,38.0,76,4,28
1,8,1,8,4.5,9,7,0
7,7,7,7,7.0,14,0,3
6,11,6,11,8.5,17,5,2
7,4,4,7,5.5,11,3,1
6,6,6,6,6.0,12,0,4
15,15,15,15,15.0,30,0,13
4,1,1,4,2.5,5,3,0
6,9,6,9,7.5,15,3,5
4,5,4,5,4.5,9,1,3
13,15,13,15,14.0,28,2,10
6,7,6,7,6.5,13,1,5
17,1,1,17,9.0,18,16,0
7,30,7,30,18.5,37,23,5
12,9,9,12,10.5,21,3,8
3,4,3,4,3.5,7,1,2
8,8,8,8,8.0,16,0,7
2,6,2,6,4.0,8,4,0
1,5,1,5,3.0,6,4,0
7,1,1,7,4.0,8,6,0
6,6,6,6,6.0,12,0,5
34,41,34,41,37.5,75,7,16
8,12,8,12,10.0,20,4,4
5,4,4,5,4.5,9,1,3
5,6,5,6,5.5,11,1,4
1,4,1,4,2.5,5,3,0
1,12,1,12,6.5,13,11,0
7,7,7,7,7.0,14,0,6
1,13,1,13,7.0,14,12,0
5,6,5,6,5.5,11,1,3
4,2,2,4,3.0,6,2,1
12,10,10,12,11.0,22,2,9
1,4,1,4,2.5,5,3,0
5,1,1,5,3.0,6,4,0
31,31,31,31,31.0,62,0,28
6,5,5,6,5.5,11,1,4
18,22,18,22,20.0,40,4,13
36,13,13,36,24.5,49,23,8
7,11,7,11,9.0,18,4,6
8,25,8,25,16.5,33,17,7
1,4,1,4,2.5,5,3,0
2,5,2,5,3.5,7,3,0
28,44,28,44,36.0,72,16,17
4,1,1,4,2.5,5,3,0
11,11,11,11,11.0,22,0,10
4,1,1,4,2.5,5,3,0
16,2,2,16,9.0,18,14,0
17,1,1,17,9.0,18,16,0
31,32,31,32,31.5,63,1,29
8,2,2,8,5.0,10,6,1
18,18,18,18,18.0,36,0,12
4,5,4,5,4.5,9,1,3
1,4,1,4,2.5,5,3,0
15,61,15,61,38.0,76,46,3
6,1,1,6,3.5,7,5,0
5,5,5,5,5.0,10,0,4
1,4,1,4,2.5,5,3,0
7,2,2,7,4.5,9,5,0
4,1,1,4,2.5,5,3,0
25,8,8,25,16.5,33,17,6
1,4,1,4,2.5,5,3,0
5,1,1,5,3.0,6,4,0
7,2,2,7,4.5,9,5,0
20,14,14,20,17.0,34,6,7
21,23,21,23,22.0,44,2,17
1,8,1,8,4.5,9,7,0
5,4,4,5,4.5,9,1,3
1,13,1,13,7.0,14,12,0
34,25,25,34,29.5,59,9,20
41,42,41,42,41.5,83,1,40
16,14,14,16,15.0,30,2,12
5,6,5,6,5.5,11,1,4
4,1,1,4,2.5,5,3,0
10,13,10,13,11.5,23,3,8
6,3,3,6,4.5,9,3,0
1,16,1,16,8.5,17,15,0
2,20,2,20,11.0,22,18,1
1,4,1,4,2.5,5,3,0
4,1,1,4,2.5,5,3,0
5,5,5,5,5.0,10,0,2
7,8,7,8,7.5,15,1,0
33,31,31,33,32.0,64,2,30
1,9,1,9,5.0,10,8,0
1,5,1,5,3.0,6,4,0
9,12,9,12,10.5,21,3,7
12,12,12,12,12.0,24,0,11
1,4,1,4,2.5,5,3,0
16,1,1,16,8.5,17,15,0
4,1,1,4,2.5,5,3,0
2,6,2,6,4.0,8,4,1
10,7,7,10,8.5,17,3,4
6,1,1,6,3.5,7,5,0
42,41,41,42,41.5,83,1,39
7,1,1,7,4.0,8,6,0
42,41,41,42,41.5,83,1,40
5,5,5,5,5.0,10,0,3
22,17,17,22,19.5,39,5,14
4,2,2,4,3.0,6,2,1
41,42,41,42,41.5,83,1,39
4,3,3,4,3.5,7,1,2
13,27,13,27,20.0,40,14,10
6,1,1,6,3.5,7,5,0
1,30,1,30,15.5,31,29,0
12,11,11,12,11.5,23,1,8
2,4,2,4,3.0,6,2,1
27,24,24,27,25.5,51,3,23
6,1,1,6,3.5,7,5,0
5,4,4,5,4.5,9,1,1
9,8,8,9,8.5,17,1,4
2,14,2,14,8.0,16,12,1
6,5,5,6,5.5,11,1,4
1,4,1,4,2.5,5,3,0
1,6,1,6,3.5,7,5,0
6,16,6,16,11.0,22,10,5
1,6,1,6,3.5,7,5,0
1,4,1,4,2.5,5,3,0
6,6,6,6,6.0,12,0,5
24,11,11,24,17.5,35,13,10
1,4,1,4,2.5,5,3,0
5,1,1,5,3.0,6,4,0
39,25,25,39,32.0,64,14,21
15,13,13,15,14.0,28,2,12
1,107,1,107,54.0,108,106,0
14,9,9,14,11.5,23,5,8
29,39,29,39,34.0,68,10,18
5,4,4,5,4.5,9,1,3
1,7,1,7,4.0,8,6,0
14,1,1,14,7.5,15,13,0
38,40,38,40,39.0,78,2,32
1,8,1,8,4.5,9,7,0
3,6,3,6,4.5,9,3,2
5,1,1,5,3.0,6,4,0
4,3,3,4,3.5,7,1,1
7,19,7,19,13.0,26,12,3
19,20,19,20,19.5,39,1,18
4,1,1,4,2.5,5,3,0
9,11,9,11,10.0,20,2,1
1,7,1,7,4.0,8,6,0
7,9,7,9,8.0,16,2,6
1,7,1,7,4.0,8,6,0
1,66,1,66,33.5,67,65,0
12,1,1,12,6.5,13,11,0
14,2,2,14,8.0,16,12,1
8,3,3,8,5.5,11,5,1
1,7,1,7,4.0,8,6,0
14,11,11,14,12.5,25,3,6
4,5,4,5,4.5,9,1,0
12,9,9,12,10.5,21,3,8
1,5,1,5,3.0,6,4,0
32,32,32,32,32.0,64,0,31
20,19,19,20,19.5,39,1,16
29,1,1,29,15.0,30,28,0
38,42,38,42,40.0,80,4,32
11,6,6,11,8.5,17,5,0
1,10,1,10,5.5,11,9,0
8,5,5,8,6.5,13,3,4
11,9,9,11,10.0,20,2,7
42,42,42,42,42.0,84,0,40
7,11,7,11,9.0,18,4,0
5,5,5,5,5.0,10,0,4
15,15,15,15,15.0,30,0,11
7,8,7,8,7.5,15,1,5
6,1,1,6,3.5,7,5,0
10,28,10,28,19.0,38,18,4
11,1,1,11,6.0,12,10,0
11,9,9,11,10.0,20,2,7
16,16,16,16,16.0,32,0,15
19,19,19,19,19.0,38,0,18
5,5,5,5,5.0,10,0,1
26,15,15,26,20.5,41,11,13
1,31,1,31,16.0,32,30,0
13,15,13,15,14.0,28,2,12
1,15,1,15,8.0,16,14,0
8,10,8,10,9.0,18,2,7
31,46,31,46,38.5,77,15,27
7,9,7,9,8.0,16,2,1
4,5,4,5,4.5,9,1,3
6,5,5,6,5.5,11,1,4
4,1,1,4,2.5,5,3,0
6,5,5,6,5.5,11,1,4
5,3,3,5,4.0,8,2,2
4,1,1,4,2.5,5,3,0
6,2,2,6,4.0,8,4,0
2,5,2,5,3.5,7,3,1
10,9,9,10,9.5,19,1,8
4,5,4,5,4.5,9,1,0
1,29,1,29,15.0,30,28,0
1,4,1,4,2.5,5,3,0
2,9,2,9,5.5,11,7,1
32,7,7,32,19.5,39,25,0
10,4,4,10,7.0,14,6,2
5,9,5,9,7.0,14,4,0
1,30,1,30,15.5,31,29,0
5,3,3,5,4.0,8,2,2
1,4,1,4,2.5,5,3,0
1,31,1,31,16.0,32,30,0
1,8,1,8,4.5,9,7,0
6,1,1,6,3.5,7,5,0
15,13,13,15,14.0,28,2,12
49,41,41,49,45.0,90,8,37
6,1,1,6,3.5,7,5,0
10,11,10,11,10.5,21,1,8
7,6,6,7,6.5,13,1,4
1,7,1,7,4.0,8,6,0
5,1,1,5,3.0,6,4,0
11,10,10,11,10.5,21,1,9
27,25,25,27,26.0,52,2,20
6,5,5,6,5.5,11,1,4
1,5,1,5,3.0,6,4,0
7,7,7,7,7.0,14,0,4
11,6,6,11,8.5,17,5,5
22,20,20,22,21.0,42,2,18
5,7,5,7,6.0,12,2,4
4,1,1,4,2.5,5,3,0
13,10,10,13,11.5,23,3,3
42,45,42,45,43.5,87,3,40
3,6,3,6,4.5,9,3,2
8,7,7,8,7.5,15,1,4
5,1,1,5,3.0,6,4,0
1,5,1,5,3.0,6,4,0
4,6,4,6,5.0,10,2,2
15,12,12,15,13.5,27,3,11
34,27,27,34,30.5,61,7,23
15,13,13,15,14.0,28,2,9
4,4,4,4,4.0,8,0,3
7,1,1,7,4.0,8,6,0
22,21,21,22,21.5,43,1,19
13,12,12,13,12.5,25,1,11
4,4,4,4,4.0,8,0,3
11,10,10,11,10.5,21,1,9
6,7,6,7,6.5,13,1,5
1,7,1,7,4.0,8,6,0
5,6,5,6,5.5,11,1,4
6,1,1,6,3.5,7,5,0
18,31,18,31,24.5,49,13,5
4,1,1,4,2.5,5,3,0
1,4,1,4,2.5,5,3,0
34,9,9,34,21.5,43,25,8
4,1,1,4,2.5,5,3,0
9,11,9,11,10.0,20,2,8
30,22,22,30,26.0,52,8,21
8,6,6,8,7.0,14,2,4
19,19,19,19,19.0,38,0,18
20,14,14,20,17.0,34,6,8
1,5,1,5,3.0,6,4,0
1,11,1,11,6.0,12,10,0
6,5,5,6,5.5,11,1,4
16,20,16,20,18.0,36,4,15
9,6,6,9,7.5,15,3,2
33,31,31,33,32.0,64,2,27
4,1,1,4,2.5,5,3,0
6,8,6,8,7.0,14,2,2
2,10,2,10,6.0,12,8,0
24,25,24,25,24.5,49,1,20
1,105,1,105,53.0,106,104,0
8,12,8,12,10.0,20,4,6
5,1,1,5,3.0,6,4,0
4,1,1,4,2.5,5,3,0
5,12,5,12,8.5,17,7,4
21,21,21,21,21.0,42,0,18
42,15,15,42,28.5,57,27,11
2,15,2,15,8.5,17,13,0
1,10,1,10,5.5,11,9,0
1,146,1,146,73.5,147,145,0
1,4,1,4,2.5,5,3,0
5,1,1,5,3.0,6,4,0
9,5,5,9,7.0,14,4,4
5,1,1,5,3.0,6,4,0
28,49,28,49,38.5,77,21,21
4,1,1,4,2.5,5,3,0
1,10,1,10,5.5,11,9,0
12,15,12,15,13.5,27,3,11
4,2,2,4,3.0,6,2,1
4,1,1,4,2.5,5,3,0
2,5,2,5,3.5,7,3,1
4,3,3,4,3.5,7,1,2
1,6,1,6,3.5,7,5,0
4,1,1,4,2.5,5,3,0
6,1,1,6,3.5,7,5,0
1,10,1,10,5.5,11,9,0
5,6,5,6,5.5,11,1,4
1,6,1,6,3.5,7,5,0
6,5,5,6,5.5,11,1,4
6,1,1,6,3.5,7,5,0
1,4,1,4,2.5,5,3,0
1,4,1,4,2.5,5,3,0
6,1,1,6,3.5,7,5,0
19,19,19,19,19.0,38,0,13
7,11,7,11,9.0,18,4,6
4,6,4,6,5.0,10,2,3
5,2,2,5,3.5,7,3,0
7,1,1,7,4.0,8,6,0
4,1,1,4,2.5,5,3,0
6,1,1,6,3.5,7,5,0
13,2,2,13,7.5,15,11,0
1,5,1,5,3.0,6,4,0
5,1,1,5,3.0,6,4,0
1,5,1,5,3.0,6,4,0
5,2,2,5,3.5,7,3,1
2,20,2,20,11.0,22,18,0
21,22,21,22,21.5,43,1,12
1,29,1,29,15.0,30,28,0
4,1,1,4,2.5,5,3,0
17,23,17,23,20.0,40,6,10
1,31,1,31,16.0,32,30,0
28,48,28,48,38.0,76,20,27
8,7,7,8,7.5,15,1,0
1,5,1,5,3.0,6,4,0
2,4,2,4,3.0,6,2,1
4,1,1,4,2.5,5,3,0
7,4,4,7,5.5,11,3,2
7,4,4,7,5.5,11,3,2
5,5,5,5,5.0,10,0,4
4,1,1,4,2.5,5,3,0
5,1,1,5,3.0,6,4,0
6,1,1,6,3.5,7,5,0
1,4,1,4,2.5,5,3,0
30,28,28,30,29.0,58,2,20
5,1,1,5,3.0,6,4,0
12,11,11,12,11.5,23,1,8
1,5,1,5,3.0,6,4,0
1,5,1,5,3.0,6,4,0
7,4,4,7,5.5,11,3,3
6,1,1,6,3.5,7,5,0
5,1,1,5,3.0,6,4,0
1,5,1,5,3.0,6,4,0
1,8,1,8,4.5,9,7,0
15,26,15,26,20.5,41,11,10
15,18,15,18,16.5,33,3,14
5,1,1,5,3.0,6,4,0
26,18,18,26,22.0,44,8,17
1,5,1,5,3.0,6,4,0
1,6,1,6,3.5,7,5,0
9,11,9,11,10.0,20,2,8
6,9,6,9,7.5,15,3,2
7,1,1,7,4.0,8,6,0
5,6,5,6,5.5,11,1,3
15,23,15,23,19.0,38,8,8
22,25,22,25,23.5,47,3,20
1,9,1,9,5.0,10,8,0
17,12,12,17,14.5,29,5,10
3,6,3,6,4.5,9,3,1
10,5,5,10,7.5,15,5,4
11,12,11,12,11.5,23,1,10
10,5,5,10,7.5,15,5,4
12,19,12,19,15.5,31,7,11
4,3,3,4,3.5,7,1,2
4,5,4,5,4.5,9,1,2
9,1,1,9,5.0,10,8,0
1,10,1,10,5.5,11,9,0
4,10,4,10,7.0,14,6,3
29,5,5,29,17.0,34,24,4
1,14,1,14,7.5,15,13,0
12,11,11,12,11.5,23,1,10
1,12,1,12,6.5,13,11,0
1,4,1,4,2.5,5,3,0
1,4,1,4,2.5,5,3,0
14,1,1,14,7.5,15,13,0
1,4,1,4,2.5,5,3,0
11,10,10,11,10.5,21,1,5
10,4,4,10,7.0,14,6,0
22,18,18,22,20.0,40,4,17
9,1,1,9,5.0,10,8,0
1,4,1,4,2.5,5,3,0
1,6,1,6,3.5,7,5,0
8,5,5,8,6.5,13,3,4
15,20,15,20,17.5,35,5,14
1,5,1,5,3.0,6,4,0
1,4,1,4,2.5,5,3,0
4,8,4,8,6.0,12,4,3
11,16,11,16,13.5,27,5,1
5,1,1,5,3.0,6,4,0
4,1,1,4,2.5,5,3,0
5,5,5,5,5.0,10,0,4
12,3,3,12,7.5,15,9,0
20,21,20,21,20.5,41,1,19
6,6,6,6,6.0,12,0,5
7,1,1,7,4.0,8,6,0
11,16,11,16,13.5,27,5,9
9,3,3,9,6.0,12,6,1
8,26,8,26,17.0,34,18,7
6,8,6,8,7.0,14,2,0
23,14,14,23,18.5,37,9,11
12,13,12,13,12.5,25,1,8
4,1,1,4,2.5,5,3,0
16,19,16,19,17.5,35,3,13
6,5,5,6,5.5,11,1,2
4,1,1,4,2.5,5,3,0
4,5,4,5,4.5,9,1,1
49,28,28,49,38.5,77,21,27
1,4,1,4,2.5,5,3,0
4,3,3,4,3.5,7,1,2
40,27,27,40,33.5,67,13,26
19,18,18,19,18.5,37,1,15
4,4,4,4,4.0,8,0,3
7,6,6,7,6.5,13,1,5
6,5,5,6,5.5,11,1,4
1,6,1,6,3.5,7,5,0
13,12,12,13,12.5,25,1,11
12,13,12,13,12.5,25,1,11
5,6,5,6,5.5,11,1,4
6,1,1,6,3.5,7,5,0
10,11,10,11,10.5,21,1,9
21,3,3,21,12.0,24,18,2
10,1,1,10,5.5,11,9,0
4,4,4,4,4.0,8,0,3
5,6,5,6,5.5,11,1,4
2,8,2,8,5.0,10,6,1
8,11,8,11,9.5,19,3,3
4,1,1,4,2.5,5,3,0
5,1,1,5,3.0,6,4,0
24,23,23,24,23.5,47,1,18
44,40,40,44,42.0,84,4,35
20,21,20,21,20.5,41,1,19
9,5,5,9,7.0,14,4,4
25,24,24,25,24.5,49,1,23
1,4,1,4,2.5,5,3,0
37,12,12,37,24.5,49,25,10
16,1,1,16,8.5,17,15,0
1,4,1,4,2.5,5,3,0
5,5,5,5,5.0,10,0,3
1,4,1,4,2.5,5,3,0
2,16,2,16,9.0,18,14,0
1,4,1,4,2.5,5,3,0
2,7,2,7,4.5,9,5,1
15,15,15,15,15.0,30,0,14
5,6,5,6,5.5,11,1,4
9,4,4,9,6.5,13,5,2
1,7,1,7,4.0,8,6,0
25,38,25,38,31.5,63,13,24
18,17,17,18,17.5,35,1,14
5,1,1,5,3.0,6,4,0
1,4,1,4,2.5,5,3,0
146,23,23,146,84.5,169,123,16
23,24,23,24,23.5,47,1,10
16,1,1,16,8.5,17,15,0
49,34,34,49,41.5,83,15,27
21,22,21,22,21.5,43,1,19
13,14,13,14,13.5,27,1,11
4,3,3,4,3.5,7,1,2
1,8,1,8,4.5,9,7,0
5,8,5,8,6.5,13,3,1
15,15,15,15,15.0,30,0,13
8,29,8,29,18.5,37,21,5
16,1,1,16,8.5,17,15,0
27,40,27,40,33.5,67,13,22
14,1,1,14,7.5,15,13,0
4,2,2,4,3.0,6,2,1
1,107,1,107,54.0,108,106,0
14,7,7,14,10.5,21,7,0
1,5,1,5,3.0,6,4,0
27,27,27,27,27.0,54,0,26
1,4,1,4,2.5,5,3,0
8,7,7,8,7.5,15,1,6
1,13,1,13,7.0,14,12,0
1,4,1,4,2.5,5,3,0
9,1,1,9,5.0,10,8,0
6,2,2,6,4.0,8,4,1
7,1,1,7,4.0,8,6,0
16,12,12,16,14.0,28,4,9
4,7,4,7,5.5,11,3,2
1,6,1,6,3.5,7,5,0
15,20,15,20,17.5,35,5,14
10,10,10,10,10.0,20,0,6
4,1,1,4,2.5,5,3,0
1,5,1,5,3.0,6,4,0
26,27,26,27,26.5,53,1,25
11,12,11,12,11.5,23,1,10
9,9,9,9,9.0,18,0,8
26,22,22,26,24.0,48,4,21
5,5,5,5,5.0,10,0,0
20,15,15,20,17.5,35,5,11
31,28,28,31,29.5,59,3,23
5,11,5,11,8.0,16,6,2
1,6,1,6,3.5,7,5,0
8,1,1,8,4.5,9,7,0
3,15,3,15,9.0,18,12,0
9,9,9,9,9.0,18,0,8
22,21,21,22,21.5,43,1,14
19,15,15,19,17.0,34,4,12
3,15,3,15,9.0,18,12,2
6,2,2,6,4.0,8,4,0
1,6,1,6,3.5,7,5,0
1,14,1,14,7.5,15,13,0
6,5,5,6,5.5,11,1,0
20,18,18,20,19.0,38,2,16
1,5,1,5,3.0,6,4,0
19,17,17,19,18.0,36,2,15
7,4,4,7,5.5,11,3,2
1,4,1,4,2.5,5,3,0
2,4,2,4,3.0,6,2,0
1,105,1,105,53.0,106,104,0
23,18,18,23,20.5,41,5,17
8,12,8,12,10.0,20,4,7
7,1,1,7,4.0,8,6,0
4,1,1,4,2.5,5,3,0
26,26,26,26,26.0,52,0,24
4,1,1,4,2.5,5,3,0
42,39,39,42,40.5,81,3,33
7,6,6,7,6.5,13,1,5
13,12,12,13,12.5,25,1,10
4,1,1,4,2.5,5,3,0
1,4,1,4,2.5,5,3,0
5,4,4,5,4.5,9,1,3
1,5,1,5,3.0,6,4,0
5,4,4,5,4.5,9,1,2
1,16,1,16,8.5,17,15,0
2,8,2,8,5.0,10,6,0
6,2,2,6,4.0,8,4,1
4,1,1,4,2.5,5,3,0
54,20,20,54,37.0,74,34,10
15,25,15,25,20.0,40,10,14
1,31,1,31,16.0,32,30,0
5,17,5,17,11.0,22,12,3
3,6,3,6,4.5,9,3,0
3,5,3,5,4.0,8,2,2
3,4,3,4,3.5,7,1,2
1,4,1,4,2.5,5,3,0
1,4,1,4,2.5,5,3,0
5,1,1,5,3.0,6,4,0
1,7,1,7,4.0,8,6,0
10,2,2,10,6.0,12,8,1
1,6,1,6,3.5,7,5,0
1,26,1,26,13.5,27,25,0
7,1,1,7,4.0,8,6,0
5,2,2,5,3.5,7,3,1
1,4,1,4,2.5,5,3,0
18,19,18,19,18.5,37,1,17
8,6,6,8,7.0,14,2,5
31,33,31,33,32.0,64,2,28
4,1,1,4,2.5,5,3,0
17,14,14,17,15.5,31,3,13
6,7,6,7,6.5,13,1,3
1,5,1,5,3.0,6,4,0
4,7,4,7,5.5,11,3,0
26,36,26,36,31.0,62,10,22
19,21,19,21,20.0,40,2,14
20,19,19,20,19.5,39,1,17
25,25,25,25,25.0,50,0,23
5,3,3,5,4.0,8,2,2
4,2,2,4,3.0,6,2,1
4,1,1,4,2.5,5,3,0
7,8,7,8,7.5,15,1,4
20,21,20,21,20.5,41,1,19
1,4,1,4,2.5,5,3,0
6,6,6,6,6.0,12,0,5
1,4,1,4,2.5,5,3,0
2,6,2,6,4.0,8,4,0
5,1,1,5,3.0,6,4,0
7,49,7,49,28.0,56,42,0
8,4,4,8,6.0,12,4,1
14,12,12,14,13.0,26,2,9
9,17,9,17,13.0,26,8,8
1,6,1,6,3.5,7,5,0
1,4,1,4,2.5,5,3,0
17,15,15,17,16.0,32,2,14
6,1,1,6,3.5,7,5,0
4,4,4,4,4.0,8,0,3
1,7,1,7,4.0,8,6,0
4,26,4,26,15.0,30,22,1
23,7,7,23,15.0,30,16,5
25,34,25,34,29.5,59,9,17
12,13,12,13,12.5,25,1,10
1,5,1,5,3.0,6,4,0
18,7,7,18,12.5,25,11,6
6,1,1,6,3.5,7,5,0
4,5,4,5,4.5,9,1,1
9,8,8,9,8.5,17,1,7
7,8,7,8,7.5,15,1,6
2,12,2,12,7.0,14,10,1
6,6,6,6,6.0,12,0,5
10,11,10,11,10.5,21,1,8
8,9,8,9,8.5,17,1,7
7,7,7,7,7.0,14,0,6
18,12,12,18,15.0,30,6,10
11,11,11,11,11.0,22,0,5
10,11,10,11,10.5,21,1,9
5,1,1,5,3.0,6,4,0
13,20,13,20,16.5,33,7,9
5,1,1,5,3.0,6,4,0
27,22,22,27,24.5,49,5,21
6,1,1,6,3.5,7,5,0
1,16,1,16,8.5,17,15,0
6,1,1,6,3.5,7,5,0
2,7,2,7,4.5,9,5,1
4,24,4,24,14.0,28,20,0
8,1,1,8,4.5,9,7,0
1,12,1,12,6.5,13,11,0
5,7,5,7,6.0,12,2,4
8,1,1,8,4.5,9,7,0
4,5,4,5,4.5,9,1,1
10,5,5,10,7.5,15,5,3
4,1,1,4,2.5,5,3,0
24,28,24,28,26.0,52,4,11
8,2,2,8,5.0,10,6,1
2,6,2,6,4.0,8,4,1
9,13,9,13,11.0,22,4,8
11,15,11,15,13.0,26,4,6
4,2,2,4,3.0,6,2,1
11,13,11,13,12.0,24,2,9
4,2,2,4,3.0,6,2,0
31,31,31,31,31.0,62,0,30
4,1,1,4,2.5,5,3,0
4,1,1,4,2.5,5,3,0
17,10,10,17,13.5,27,7,7
16,10,10,16,13.0,26,6,9
1,6,1,6,3.5,7,5,0
17,17,17,17,17.0,34,0,16
7,7,7,7,7.0,14,0,1
4,9,4,9,6.5,13,5,2
4,17,4,17,10.5,21,13,0
20,8,8,20,14.0,28,12,0
16,26,16,26,21.0,42,10,15
6,8,6,8,7.0,14,2,5
1,6,1,6,3.5,7,5,0
1,6,1,6,3.5,7,5,0
10,1,1,10,5.5,11,9,0
7,2,2,7,4.5,9,5,0
9,16,9,16,12.5,25,7,8
10,2,2,10,6.0,12,8,0
1,6,1,6,3.5,7,5,0
4,4,4,4,4.0,8,0,3
4,1,1,4,2.5,5,3,0
2,4,2,4,3.0,6,2,0
12,12,12,12,12.0,24,0,10
15,14,14,15,14.5,29,1,13
3,8,3,8,5.5,11,5,2
12,12,12,12,12.0,24,0,10
16,8,8,16,12.0,24,8,7
1,10,1,10,5.5,11,9,0
13,1,1,13,7.0,14,12,0
13,12,12,13,12.5,25,1,10
2,4,2,4,3.0,6,2,1
26,26,26,26,26.0,52,0,25
11,9,9,11,10.0,20,2,7
2,5,2,5,3.5,7,3,0
8,1,1,8,4.5,9,7,0
8,8,8,8,8.0,16,0,5
4,1,1,4,2.5,5,3,0
2,5,2,5,3.5,7,3,1
8,1,1,8,4.5,9,7,0
6,2,2,6,4.0,8,4,0
27,22,22,27,24.5,49,5,15
1,6,1,6,3.5,7,5,0
1,5,1,5,3.0,6,4,0
10,7,7,10,8.5,17,3,5
11,12,11,12,11.5,23,1,10
1,4,1,4,2.5,5,3,0
5,1,1,5,3.0,6,4,0
7,10,7,10,8.5,17,3,0
4,1,1,4,2.5,5,3,0
36,27,27,36,31.5,63,9,25
7,8,7,8,7.5,15,1,5
7,8,7,8,7.5,15,1,0
5,7,5,7,6.0,12,2,4
28,14,14,28,21.0,42,14,12
1,5,1,5,3.0,6,4,0
23,1,1,23,12.0,24,22,0
5,3,3,5,4.0,8,2,0
1,4,1,4,2.5,5,3,0
7,1,1,7,4.0,8,6,0
33,26,26,33,29.5,59,7,22
47,33,33,47,40.0,80,14,30
4,1,1,4,2.5,5,3,0
10,2,2,10,6.0,12,8,1
13,10,10,13,11.5,23,3,7
14,17,14,17,15.5,31,3,13
31,24,24,31,27.5,55,7,23
7,5,5,7,6.0,12,2,2
13,12,12,13,12.5,25,1,11
9,1,1,9,5.0,10,8,0
12,10,10,12,11.0,22,2,9
5,1,1,5,3.0,6,4,0
1,4,1,4,2.5,5,3,0
1,17,1,17,9.0,18,16,0
10,1,1,10,5.5,11,9,0
24,11,11,24,17.5,35,13,9
1,5,1,5,3.0,6,4,0
14,6,6,14,10.0,20,8,0
6,11,6,11,8.5,17,5,1
4,1,1,4,2.5,5,3,0
10,10,10,10,10.0,20,0,9
5,5,5,5,5.0,10,0,4
24,23,23,24,23.5,47,1,22
26,27,26,27,26.5,53,1,24
6,31,6,31,18.5,37,25,5
1,13,1,13,7.0,14,12,0
9,8,8,9,8.5,17,1,7
5,5,5,5,5.0,10,0,4
33,16,16,33,24.5,49,17,9
3,8,3,8,5.5,11,5,2
11,11,11,11,11.0,22,0,10
10,11,10,11,10.5,21,1,9
1,23,1,23,12.0,24,22,0
6,1,1,6,3.5,7,5,0
6,3,3,6,4.5,9,3,2
8,1,1,8,4.5,9,7,0
1,5,1,5,3.0,6,4,0
35,25,25,35,30.0,60,10,21
1,4,1,4,2.5,5,3,0
11,8,8,11,9.5,19,3,6
6,1,1,6,3.5,7,5,0
4,5,4,5,4.5,9,1,3
18,21,18,21,19.5,39,3,14
4,1,1,4,2.5,5,3,0
6,1,1,6,3.5,7,5,0
6,1,1,6,3.5,7,5,0
1,4,1,4,2.5,5,3,0
4,1,1,4,2.5,5,3,0
12,4,4,12,8.0,16,8,3
1,5,1,5,3.0,6,4,0
15,65,15,65,40.0,80,50,14
1,4,1,4,2.5,5,3,0
13,1,1,13,7.0,14,12,0
6,4,4,6,5.0,10,2,3
2,22,2,22,12.0,24,20,1
17,10,10,17,13.5,27,7,7
9,20,9,20,14.5,29,11,0
32,32,32,32,32.0,64,0,31
4,4,4,4,4.0,8,0,3
1,7,1,7,4.0,8,6,0
5,1,1,5,3.0,6,4,0
4,10,4,10,7.0,14,6,0
1,11,1,11,6.0,12,10,0
11,16,11,16,13.5,27,5,10
5,1,1,5,3.0,6,4,0
4,1,1,4,2.5,5,3,0
7,1,1,7,4.0,8,6,0
10,8,8,10,9.0,18,2,5
1,5,1,5,3.0,6,4,0
5,1,1,5,3.0,6,4,0
2,5,2,5,3.5,7,3,1
4,8,4,8,6.0,12,4,3
9,9,9,9,9.0,18,0,8
1,5,1,5,3.0,6,4,0
1,11,1,11,6.0,12,10,0
12,15,12,15,13.5,27,3,11
55,1,1,55,28.0,56,54,0
23,21,21,23,22.0,44,2,17
1,5,1,5,3.0,6,4,0
4,2,2,4,3.0,6,2,1
2,5,2,5,3.5,7,3,1
1,4,1,4,2.5,5,3,0
4,5,4,5,4.5,9,1,3
7,6,6,7,6.5,13,1,5
6,2,2,6,4.0,8,4,1
4,3,3,4,3.5,7,1,1
12,6,6,12,9.0,18,6,4
7,1,1,7,4.0,8,6,0
27,22,22,27,24.5,49,5,21
6,7,6,7,6.5,13,1,5
1,10,1,10,5.5,11,9,0
1,4,1,4,2.5,5,3,0
2,4,2,4,3.0,6,2,1
12,8,8,12,10.0,20,4,7
25,24,24,25,24.5,49,1,16
1,16,1,16,8.5,17,15,0
1,88,1,88,44.5,89,87,0
9,15,9,15,12.0,24,6,5
5,6,5,6,5.5,11,1,4
4,4,4,4,4.0,8,0,3
4,2,2,4,3.0,6,2,1
27,49,27,49,38.0,76,22,19
1,4,1,4,2.5,5,3,0
2,10,2,10,6.0,12,8,0
8,1,1,8,4.5,9,7,0
8,1,1,8,4.5,9,7,0
1,7,1,7,4.0,8,6,0
6,4,4,6,5.0,10,2,0
12,11,11,12,11.5,23,1,10
5,1,1,5,3.0,6,4,0
36,88,36,88,62.0,124,52,27
1,4,1,4,2.5,5,3,0
19,20,19,20,19.5,39,1,18
5,1,1,5,3.0,6,4,0
4,1,1,4,2.5,5,3,0
4,1,1,4,2.5,5,3,0
41,35,35,41,38.0,76,6,32
7,20,7,20,13.5,27,13,5
10,14,10,14,12.0,24,4,9
6,5,5,6,5.5,11,1,4
6,2,2,6,4.0,8,4,1
11,11,11,11,11.0,22,0,10
4,1,1,4,2.5,5,3,0
5,9,5,9,7.0,14,4,1
17,18,17,18,17.5,35,1,15
19,19,19,19,19.0,38,0,16
7,7,7,7,7.0,14,0,6
4,1,1,4,2.5,5,3,0
5,2,2,5,3.5,7,3,0
7,7,7,7,7.0,14,0,4
12,12,12,12,12.0,24,0,11
7,7,7,7,7.0,14,0,4
1,4,1,4,2.5,5,3,0
29,28,28,29,28.5,57,1,19
18,14,14,18,16.0,32,4,9
11,3,3,11,7.0,14,8,2
16,22,16,22,19.0,38,6,5
1,19,1,19,10.0,20,18,0
12,10,10,12,11.0,22,2,8
1,23,1,23,12.0,24,22,0
22,24,22,24,23.0,46,2,18
4,5,4,5,4.5,9,1,0
5,9,5,9,7.0,14,4,4
21,21,21,21,21.0,42,0,18
23,20,20,23,21.5,43,3,19
33,36,33,36,34.5,69,3,32
5,1,1,5,3.0,6,4,0
1,7,1,7,4.0,8,6,0
14,12,12,14,13.0,26,2,6
5,4,4,5,4.5,9,1,3
11,12,11,12,11.5,23,1,10
4,6,4,6,5.0,10,2,2
5,3,3,5,4.0,8,2,2
27,27,27,27,27.0,54,0,26
4,1,1,4,2.5,5,3,0
6,5,5,6,5.5,11,1,1
14,8,8,14,11.0,22,6,5
1,4,1,4,2.5,5,3,0
1,10,1,10,5.5,11,9,0
10,10,10,10,10.0,20,0,9
5,8,5,8,6.5,13,3,4
4,1,1,4,2.5,5,3,0
13,7,7,13,10.0,20,6,4
4,1,1,4,2.5,5,3,0
19,28,19,28,23.5,47,9,17
10,9,9,10,9.5,19,1,8
5,2,2,5,3.5,7,3,0
46,43,43,46,44.5,89,3,33
10,8,8,10,9.0,18,2,5
3,11,3,11,7.0,14,8,2
6,8,6,8,7.0,14,2,5
11,11,11,11,11.0,22,0,9
4,1,1,4,2.5,5,3,0
1,11,1,11,6.0,12,10,0
4,1,1,4,2.5,5,3,0
7,1,1,7,4.0,8,6,0
5,7,5,7,6.0,12,2,1
5,1,1,5,3.0,6,4,0
1,10,1,10,5.5,11,9,0
5,12,5,12,8.5,17,7,4
9,9,9,9,9.0,18,0,4
5,5,5,5,5.0,10,0,4
22,20,20,22,21.0,42,2,15
17,7,7,17,12.0,24,10,6
8,19,8,19,13.5,27,11,5
6,6,6,6,6.0,12,0,4
1,4,1,4,2.5,5,3,0
11,10,10,11,10.5,21,1,9
2,7,2,7,4.5,9,5,1
5,3,3,5,4.0,8,2,1
4,1,1,4,2.5,5,3,0
4,1,1,4,2.5,5,3,0
5,3,3,5,4.0,8,2,2
13,16,13,16,14.5,29,3,10
5,3,3,5,4.0,8,2,2
1,5,1,5,3.0,6,4,0
23,23,23,23,23.0,46,0,22
6,1,1,6,3.5,7,5,0
6,6,6,6,6.0,12,0,5
17,18,17,18,17.5,35,1,16
6,6,6,6,6.0,12,0,5
32,33,32,33,32.5,65,1,31
16,21,16,21,18.5,37,5,14
1,5,1,5,3.0,6,4,0
1,7,1,7,4.0,8,6,0
1,6,1,6,3.5,7,5,0
19,19,19,19,19.0,38,0,18
4,1,1,4,2.5,5,3,0
1,107,1,107,54.0,108,106,0
5,6,5,6,5.5,11,1,4
6,27,6,27,16.5,33,21,0
7,1,1,7,4.0,8,6,0
17,7,7,17,12.0,24,10,5
1,11,1,11,6.0,12,10,0
9,1,1,9,5.0,10,8,0
1,5,1,5,3.0,6,4,0
5,4,4,5,4.5,9,1,3
6,3,3,6,4.5,9,3,2
5,1,1,5,3.0,6,4,0
5,4,4,5,4.5,9,1,3
9,5,5,9,7.0,14,4,4
27,1,1,27,14.0,28,26,0
2,6,2,6,4.0,8,4,0
1,5,1,5,3.0,6,4,0
8,1,1,8,4.5,9,7,0
6,1,1,6,3.5,7,5,0
6,7,6,7,6.5,13,1,4
4,1,1,4,2.5,5,3,0
29,8,8,29,18.5,37,21,1
17,20,17,20,18.5,37,3,11
6,1,1,6,3.5,7,5,0
31,40,31,40,35.5,71,9,27
19,11,11,19,15.0,30,8,10
6,5,5,6,5.5,11,1,4
4,1,1,4,2.5,5,3,0
6,15,6,15,10.5,21,9,2
4,1,1,4,2.5,5,3,0
4,4,4,4,4.0,8,0,3
5,8,5,8,6.5,13,3,0
8,10,8,10,9.0,18,2,5
5,1,1,5,3.0,6,4,0
4,16,4,16,10.0,20,12,0
5,5,5,5,5.0,10,0,3
19,42,19,42,30.5,61,23,15
4,1,1,4,2.5,5,3,0
7,1,1,7,4.0,8,6,0
5,9,5,9,7.0,14,4,4
4,4,4,4,4.0,8,0,3
5,5,5,5,5.0,10,0,4
10,10,10,10,10.0,20,0,9
17,46,17,46,31.5,63,29,12
1,22,1,22,11.5,23,21,0
5,11,5,11,8.0,16,6,4
1,7,1,7,4.0,8,6,0
4,1,1,4,2.5,5,3,0
5,5,5,5,5.0,10,0,4
1,13,1,13,7.0,14,12,0
20,21,20,21,20.5,41,1,18
5,5,5,5,5.0,10,0,4
4,1,1,4,2.5,5,3,0
1,19,1,19,10.0,20,18,0
2,6,2,6,4.0,8,4,0
1,4,1,4,2.5,5,3,0
15,12,12,15,13.5,27,3,10
6,4,4,6,5.0,10,2,2
2,5,2,5,3.5,7,3,1
7,7,7,7,7.0,14,0,6
4,1,1,4,2.5,5,3,0
29,2,2,29,15.5,31,27,0
8,10,8,10,9.0,18,2,7
20,19,19,20,19.5,39,1,18
1,6,1,6,3.5,7,5,0
11,1,1,11,6.0,12,10,0
7,1,1,7,4.0,8,6,0
13,22,13,22,17.5,35,9,12
15,11,11,15,13.0,26,4,10
22,24,22,24,23.0,46,2,20
5,1,1,5,3.0,6,4,0
11,9,9,11,10.0,20,2,8
5,1,1,5,3.0,6,4,0
2,4,2,4,3.0,6,2,1
4,1,1,4,2.5,5,3,0
4,1,1,4,2.5,5,3,0
4,3,3,4,3.5,7,1,2
1,8,1,8,4.5,9,7,0
19,20,19,20,19.5,39,1,16
9,1,1,9,5.0,10,8,0
2,11,2,11,6.5,13,9,0
2,5,2,5,3.5,7,3,1
14,13,13,14,13.5,27,1,12
4,11,4,11,7.5,15,7,3
8,6,6,8,7.0,14,2,5
6,11,6,11,8.5,17,5,5
14,8,8,14,11.0,22,6,4
2,7,2,7,4.5,9,5,0
12,16,12,16,14.0,28,4,8
2,5,2,5,3.5,7,3,1
5,1,1,5,3.0,6,4,0
4,10,4,10,7.0,14,6,3
2,9,2,9,5.5,11,7,0
15,15,15,15,15.0,30,0,9
4,1,1,4,2.5,5,3,0
6,5,5,6,5.5,11,1,0
6,6,6,6,6.0,12,0,5
49,29,29,49,39.0,78,20,27
1,7,1,7,4.0,8,6,0
6,7,6,7,6.5,13,1,5
8,1,1,8,4.5,9,7,0
25,21,21,25,23.0,46,4,20
16,12,12,16,14.0,28,4,9
7,4,4,7,5.5,11,3,3
1,16,1,16,8.5,17,15,0
5,1,1,5,3.0,6,4,0
13,11,11,13,12.0,24,2,10
1,5,1,5,3.0,6,4,0
1,5,1,5,3.0,6,4,0
5,11,5,11,8.0,16,6,1
7,4,4,7,5.5,11,3,1
11,13,11,13,12.0,24,2,10
11,18,11,18,14.5,29,7,8
1,5,1,5,3.0,6,4,0
5,5,5,5,5.0,10,0,4
22,19,19,22,20.5,41,3,18
8,1,1,8,4.5,9,7,0
1,4,1,4,2.5,5,3,0
4,2,2,4,3.0,6,2,1
1,7,1,7,4.0,8,6,0
4,5,4,5,4.5,9,1,3
1,7,1,7,4.0,8,6,0
1,5,1,5,3.0,6,4,0
12,5,5,12,8.5,17,7,4
8,9,8,9,8.5,17,1,7
15,17,15,17,16.0,32,2,12
1,7,1,7,4.0,8,6,0
1,5,1,5,3.0,6,4,0
1,5,1,5,3.0,6,4,0
23,33,23,33,28.0,56,10,20
6,1,1,6,3.5,7,5,0
3,4,3,4,3.5,7,1,0
4,5,4,5,4.5,9,1,3
6,1,1,6,3.5,7,5,0
1,5,1,5,3.0,6,4,0
6,10,6,10,8.0,16,4,5
1,6,1,6,3.5,7,5,0
1,28,1,28,14.5,29,27,0
17,37,17,37,27.0,54,20,13
12,14,12,14,13.0,26,2,11
5,2,2,5,3.5,7,3,1
11,8,8,11,9.5,19,3,6
5,1,1,5,3.0,6,4,0
24,28,24,28,26.0,52,4,19
8,6,6,8,7.0,14,2,1
7,1,1,7,4.0,8,6,0
1,6,1,6,3.5,7,5,0
9,18,9,18,13.5,27,9,0
5,1,1,5,3.0,6,4,0
4,4,4,4,4.0,8,0,3
9,5,5,9,7.0,14,4,3
22,19,19,22,20.5,41,3,17
1,9,1,9,5.0,10,8,0
13,8,8,13,10.5,21,5,6
31,30,30,31,30.5,61,1,20
31,27,27,31,29.0,58,4,26
5,1,1,5,3.0,6,4,0
12,12,12,12,12.0,24,0,10
9,9,9,9,9.0,18,0,8
1,10,1,10,5.5,11,9,0
17,16,16,17,16.5,33,1,13
4,4,4,4,4.0,8,0,3
3,4,3,4,3.5,7,1,0
18,18,18,18,18.0,36,0,12
4,1,1,4,2.5,5,3,0
13,15,13,15,14.0,28,2,10
7,8,7,8,7.5,15,1,6
10,5,5,10,7.5,15,5,3
1,9,1,9,5.0,10,8,0
17,22,17,22,19.5,39,5,15
8,49,8,49,28.5,57,41,6
5,5,5,5,5.0,10,0,3
1,8,1,8,4.5,9,7,0
9,1,1,9,5.0,10,8,0
27,39,27,39,33.0,66,12,20
15,13,13,15,14.0,28,2,12
1,18,1,18,9.5,19,17,0
14,35,14,35,24.5,49,21,9
6,3,3,6,4.5,9,3,1
6,1,1,6,3.5,7,5,0
6,9,6,9,7.5,15,3,5
6,8,6,8,7.0,14,2,5
5,5,5,5,5.0,10,0,2
5,2,2,5,3.5,7,3,1
29,33,29,33,31.0,62,4,25
4,1,1,4,2.5,5,3,0
4,5,4,5,4.5,9,1,3
4,1,1,4,2.5,5,3,0
26,28,26,28,27.0,54,2,23
23,12,12,23,17.5,35,11,2
10,1,1,10,5.5,11,9,0
1,11,1,11,6.0,12,10,0
4,1,1,4,2.5,5,3,0
8,11,8,11,9.5,19,3,4
6,16,6,16,11.0,22,10,3
12,12,12,12,12.0,24,0,10
13,10,10,13,11.5,23,3,9
24,15,15,24,19.5,39,9,12
13,13,13,13,13.0,26,0,7
1,11,1,11,6.0,12,10,0
10,11,10,11,10.5,21,1,9
38,40,38,40,39.0,78,2,37
6,1,1,6,3.5,7,5,0
33,31,31,33,32.0,64,2,30
4,1,1,4,2.5,5,3,0
23,18,18,23,20.5,41,5,9
15,23,15,23,19.0,38,8,12
5,1,1,5,3.0,6,4,0
5,5,5,5,5.0,10,0,3
1,4,1,4,2.5,5,3,0
4,3,3,4,3.5,7,1,2
5,1,1,5,3.0,6,4,0
4,1,1,4,2.5,5,3,0
8,7,7,8,7.5,15,1,5
15,14,14,15,14.5,29,1,11
1,4,1,4,2.5,5,3,0
24,9,9,24,16.5,33,15,1
1,4,1,4,2.5,5,3,0
9,1,1,9,5.0,10,8,0
6,6,6,6,6.0,12,0,4
4,5,4,5,4.5,9,1,1
8,9,8,9,8.5,17,1,3
4,9,4,9,6.5,13,5,3
4,6,4,6,5.0,10,2,3
1,7,1,7,4.0,8,6,0
1,11,1,11,6.0,12,10,0
4,6,4,6,5.0,10,2,0
8,11,8,11,9.5,19,3,6
1,12,1,12,6.5,13,11,0
2,5,2,5,3.5,7,3,1
6,6,6,6,6.0,12,0,3
9,4,4,9,6.5,13,5,3
13,26,13,26,19.5,39,13,10
3,5,3,5,4.0,8,2,2
6,11,6,11,8.5,17,5,5
4,6,4,6,5.0,10,2,3
6,6,6,6,6.0,12,0,0
7,7,7,7,7.0,14,0,6
5,1,1,5,3.0,6,4,0
4,8,4,8,6.0,12,4,0
1,4,1,4,2.5,5,3,0
19,15,15,19,17.0,34,4,14
4,4,4,4,4.0,8,0,3
10,13,10,13,11.5,23,3,9
16,14,14,16,15.0,30,2,11
14,16,14,16,15.0,30,2,13
9,14,9,14,11.5,23,5,6
8,9,8,9,8.5,17,1,6
1,21,1,21,11.0,22,20,0
3,4,3,4,3.5,7,1,2
5,4,4,5,4.5,9,1,3
23,17,17,23,20.0,40,6,15
5,1,1,5,3.0,6,4,0
20,26,20,26,23.0,46,6,19
12,1,1,12,6.5,13,11,0
3,4,3,4,3.5,7,1,2
4,4,4,4,4.0,8,0,3
1,9,1,9,5.0,10,8,0
5,1,1,5,3.0,6,4,0
9,1,1,9,5.0,10,8,0
15,28,15,28,21.5,43,13,9
1,5,1,5,3.0,6,4,0
13,11,11,13,12.0,24,2,10
11,9,9,11,10.0,20,2,7
13,18,13,18,15.5,31,5,6
20,13,13,20,16.5,33,7,11
7,8,7,8,7.5,15,1,6
1,5,1,5,3.0,6,4,0
6,1,1,6,3.5,7,5,0
3,7,3,7,5.0,10,4,2
1,8,1,8,4.5,9,7,0
12,8,8,12,10.0,20,4,7
1,10,1,10,5.5,11,9,0
1,4,1,4,2.5,5,3,0
13,1,1,13,7.0,14,12,0
5,5,5,5,5.0,10,0,4
7,16,7,16,11.5,23,9,0
7,1,1,7,4.0,8,6,0
4,1,1,4,2.5,5,3,0
16,13,13,16,14.5,29,3,12
14,15,14,15,14.5,29,1,10
6,1,1,6,3.5,7,5,0
1,4,1,4,2.5,5,3,0
8,2,2,8,5.0,10,6,1
8,26,8,26,17.0,34,18,6
6,1,1,6,3.5,7,5,0
40,25,25,40,32.5,65,15,22
5,2,2,5,3.5,7,3,0
36,34,34,36,35.0,70,2,33
12,30,12,30,21.0,42,18,7
14,29,14,29,21.5,43,15,2
7,1,1,7,4.0,8,6,0
9,9,9,9,9.0,18,0,7
4,4,4,4,4.0,8,0,3
19,17,17,19,18.0,36,2,15
4,5,4,5,4.5,9,1,2
1,6,1,6,3.5,7,5,0
5,3,3,5,4.0,8,2,1
5,1,1,5,3.0,6,4,0
49,42,42,49,45.5,91,7,40
23,21,21,23,22.0,44,2,13
6,7,6,7,6.5,13,1,5
4,1,1,4,2.5,5,3,0
19,15,15,19,17.0,34,4,14
5,2,2,5,3.5,7,3,1
2,4,2,4,3.0,6,2,1
2,5,2,5,3.5,7,3,0
12,12,12,12,12.0,24,0,10
7,7,7,7,7.0,14,0,2
9,8,8,9,8.5,17,1,6
5,2,2,5,3.5,7,3,1
20,18,18,20,19.0,38,2,15
2,6,2,6,4.0,8,4,1
5,1,1,5,3.0,6,4,0
9,8,8,9,8.5,17,1,7
7,1,1,7,4.0,8,6,0
16,15,15,16,15.5,31,1,12
2,4,2,4,3.0,6,2,1
22,23,22,23,22.5,45,1,20
10,12,10,12,11.0,22,2,8
20,17,17,20,18.5,37,3,14
13,16,13,16,14.5,29,3,9
23,1,1,23,12.0,24,22,0
7,6,6,7,6.5,13,1,5
2,6,2,6,4.0,8,4,1
7,7,7,7,7.0,14,0,6
5,4,4,5,4.5,9,1,2
13,13,13,13,13.0,26,0,12
4,1,1,4,2.5,5,3,0
1,4,1,4,2.5,5,3,0
5,1,1,5,3.0,6,4,0
6,1,1,6,3.5,7,5,0
7,3,3,7,5.0,10,4,2
4,1,1,4,2.5,5,3,0
5,22,5,22,13.5,27,17,2
1,4,1,4,2.5,5,3,0
20,21,20,21,20.5,41,1,19
1,5,1,5,3.0,6,4,0
2,20,2,20,11.0,22,18,0
1,6,1,6,3.5,7,5,0
34,24,24,34,29.0,58,10,19
5,16,5,16,10.5,21,11,4
15,22,15,22,18.5,37,7,11
5,1,1,5,3.0,6,4,0
5,9,5,9,7.0,14,4,1
5,4,4,5,4.5,9,1,2
8,9,8,9,8.5,17,1,6
8,11,8,11,9.5,19,3,7
1,6,1,6,3.5,7,5,0
5,12,5,12,8.5,17,7,4
5,1,1,5,3.0,6,4,0
16,12,12,16,14.0,28,4,11
44,30,30,44,37.0,74,14,25
15,20,15,20,17.5,35,5,14
5,5,5,5,5.0,10,0,4
21,30,21,30,25.5,51,9,17
1,5,1,5,3.0,6,4,0
5,5,5,5,5.0,10,0,3
4,12,4,12,8.0,16,8,0
41,24,24,41,32.5,65,17,23
5,4,4,5,4.5,9,1,3
1,5,1,5,3.0,6,4,0
18,19,18,19,18.5,37,1,11
24,33,24,33,28.5,57,9,19
3,18,3,18,10.5,21,15,0
18,15,15,18,16.5,33,3,13
5,8,5,8,6.5,13,3,4
4,5,4,5,4.5,9,1,3
1,10,1,10,5.5,11,9,0
4,4,4,4,4.0,8,0,3
5,1,1,5,3.0,6,4,0
26,25,25,26,25.5,51,1,24
1,44,1,44,22.5,45,43,0
47,49,47,49,48.0,96,2,40
13,14,13,14,13.5,27,1,9
10,13,10,13,11.5,23,3,7
3,5,3,5,4.0,8,2,2
10,1,1,10,5.5,11,9,0
8,1,1,8,4.5,9,7,0
8,10,8,10,9.0,18,2,6
1,11,1,11,6.0,12,10,0
5,6,5,6,5.5,11,1,3
49,32,32,49,40.5,81,17,24
8,5,5,8,6.5,13,3,4
12,22,12,22,17.0,34,10,10
2,15,2,15,8.5,17,13,1
7,5,5,7,6.0,12,2,2
1,4,1,4,2.5,5,3,0
4,2,2,4,3.0,6,2,1
8,7,7,8,7.5,15,1,5
13,1,1,13,7.0,14,12,0
20,21,20,21,20.5,41,1,19
6,1,1,6,3.5,7,5,0
23,21,21,23,22.0,44,2,19
27,2,2,27,14.5,29,25,1
4,4,4,4,4.0,8,0,3
34,36,34,36,35.0,70,2,22
9,8,8,9,8.5,17,1,3
1,43,1,43,22.0,44,42,0
21,31,21,31,26.0,52,10,17
7,6,6,7,6.5,13,1,5
21,23,21,23,22.0,44,2,18
41,49,41,49,45.0,90,8,40
5,7,5,7,6.0,12,2,4
22,19,19,22,20.5,41,3,15
1,40,1,40,20.5,41,39,0
37,39,37,39,38.0,76,2,33
2,20,2,20,11.0,22,18,0
4,7,4,7,5.5,11,3,1
1,11,1,11,6.0,12,10,0
8,5,5,8,6.5,13,3,2
19,2,2,19,10.5,21,17,0
1,24,1,24,12.5,25,23,0
4,2,2,4,3.0,6,2,1
13,12,12,13,12.5,25,1,10
14,14,14,14,14.0,28,0,13
8,9,8,9,8.5,17,1,7
6,1,1,6,3.5,7,5,0
5,5,5,5,5.0,10,0,4
2,6,2,6,4.0,8,4,1
4,1,1,4,2.5,5,3,0
1,4,1,4,2.5,5,3,0
3,8,3,8,5.5,11,5,2
5,1,1,5,3.0,6,4,0
16,6,6,16,11.0,22,10,5
3,11,3,11,7.0,14,8,2
1,11,1,11,6.0,12,10,0
1,10,1,10,5.5,11,9,0
23,38,23,38,30.5,61,15,18
21,1,1,21,11.0,22,20,0
8,5,5,8,6.5,13,3,4
1,22,1,22,11.5,23,21,0
8,8,8,8,8.0,16,0,7
1,4,1,4,2.5,5,3,0
1,4,1,4,2.5,5,3,0
5,4,4,5,4.5,9,1,0
1,10,1,10,5.5,11,9,0
4,1,1,4,2.5,5,3,0
19,19,19,19,19.0,38,0,18
8,8,8,8,8.0,16,0,7
1,5,1,5,3.0,6,4,0
1,4,1,4,2.5,5,3,0
6,2,2,6,4.0,8,4,1
2,5,2,5,3.5,7,3,1
4,7,4,7,5.5,11,3,1
26,12,12,26,19.0,38,14,6
5,4,4,5,4.5,9,1,3
9,5,5,9,7.0,14,4,0
20,32,20,32,26.0,52,12,17
1,13,1,13,7.0,14,12,0
26,26,26,26,26.0,52,0,25
13,12,12,13,12.5,25,1,11
9,6,6,9,7.5,15,3,5
6,1,1,6,3.5,7,5,0
12,12,12,12,12.0,24,0,9
20,19,19,20,19.5,39,1,18
5,10,5,10,7.5,15,5,4
9,8,8,9,8.5,17,1,7
24,18,18,24,21.0,42,6,15
37,11,11,37,24.0,48,26,5
4,5,4,5,4.5,9,1,3
9,13,9,13,11.0,22,4,6
12,4,4,12,8.0,16,8,2
11,8,8,11,9.5,19,3,6
5,5,5,5,5.0,10,0,3
1,5,1,5,3.0,6,4,0
4,6,4,6,5.0,10,2,3
17,9,9,17,13.0,26,8,8
18,20,18,20,19.0,38,2,14
1,9,1,9,5.0,10,8,0
5,6,5,6,5.5,11,1,1
1,19,1,19,10.0,20,18,0
2,18,2,18,10.0,20,16,0
33,23,23,33,28.0,56,10,22
5,2,2,5,3.5,7,3,0
1,5,1,5,3.0,6,4,0
9,8,8,9,8.5,17,1,7
13,9,9,13,11.0,22,4,8
4,1,1,4,2.5,5,3,0
7,7,7,7,7.0,14,0,4
1,6,1,6,3.5,7,5,0
5,1,1,5,3.0,6,4,0
9,4,4,9,6.5,13,5,2
18,25,18,25,21.5,43,7,16
15,17,15,17,16.0,32,2,5
1,4,1,4,2.5,5,3,0
18,20,18,20,19.0,38,2,17
20,49,20,49,34.5,69,29,19
28,30,28,30,29.0,58,2,26
15,1,1,15,8.0,16,14,0
5,6,5,6,5.5,11,1,4
20,2,2,20,11.0,22,18,0
49,49,49,49,49.0,98,0,38
18,6,6,18,12.0,24,12,5
5,1,1,5,3.0,6,4,0
27,26,26,27,26.5,53,1,25
1,4,1,4,2.5,5,3,0
7,8,7,8,7.5,15,1,4
1,4,1,4,2.5,5,3,0
4,1,1,4,2.5,5,3,0
4,1,1,4,2.5,5,3,0
13,12,12,13,12.5,25,1,10
14,13,13,14,13.5,27,1,6
5,2,2,5,3.5,7,3,1
5,1,1,5,3.0,6,4,0
1,10,1,10,5.5,11,9,0
2,4,2,4,3.0,6,2,0
6,5,5,6,5.5,11,1,4
8,6,6,8,7.0,14,2,4
24,23,23,24,23.5,47,1,21
13,18,13,18,15.5,31,5,12
6,8,6,8,7.0,14,2,4
4,7,4,7,5.5,11,3,3
1,4,1,4,2.5,5,3,0
1,15,1,15,8.0,16,14,0
44,44,44,44,44.0,88,0,43
6,1,1,6,3.5,7,5,0
6,4,4,6,5.0,10,2,2
12,9,9,12,10.5,21,3,5
1,4,1,4,2.5,5,3,0
12,13,12,13,12.5,25,1,11
5,1,1,5,3.0,6,4,0
3,5,3,5,4.0,8,2,0
1,4,1,4,2.5,5,3,0
16,9,9,16,12.5,25,7,8
11,14,11,14,12.5,25,3,10
1,107,1,107,54.0,108,106,0
5,3,3,5,4.0,8,2,0
1,5,1,5,3.0,6,4,0
4,2,2,4,3.0,6,2,1
1,7,1,7,4.0,8,6,0
21,17,17,21,19.0,38,4,15
8,9,8,9,8.5,17,1,7
13,13,13,13,13.0,26,0,12
6,6,6,6,6.0,12,0,4
1,40,1,40,20.5,41,39,0
37,23,23,37,30.0,60,14,14
17,20,17,20,18.5,37,3,16
66,23,23,66,44.5,89,43,18
13,12,12,13,12.5,25,1,10
13,14,13,14,13.5,27,1,9
6,3,3,6,4.5,9,3,0
4,4,4,4,4.0,8,0,2
1,5,1,5,3.0,6,4,0
12,12,12,12,12.0,24,0,9
4,1,1,4,2.5,5,3,0
15,5,5,15,10.0,20,10,4
5,1,1,5,3.0,6,4,0
4,9,4,9,6.5,13,5,1
1,8,1,8,4.5,9,7,0
10,7,7,10,8.5,17,3,2
5,1,1,5,3.0,6,4,0
5,1,1,5,3.0,6,4,0
7,8,7,8,7.5,15,1,5
1,5,1,5,3.0,6,4,0
1,4,1,4,2.5,5,3,0
12,1,1,12,6.5,13,11,0
4,4,4,4,4.0,8,0,3
4,7,4,7,5.5,11,3,0
15,2,2,15,8.5,17,13,0
7,1,1,7,4.0,8,6,0
23,8,8,23,15.5,31,15,5
6,8,6,8,7.0,14,2,5
1,17,1,17,9.0,18,16,0
5,5,5,5,5.0,10,0,2
1,5,1,5,3.0,6,4,0
4,13,4,13,8.5,17,9,0
1,5,1,5,3.0,6,4,0
4,5,4,5,4.5,9,1,3
4,4,4,4,4.0,8,0,2
5,2,2,5,3.5,7,3,1
5,6,5,6,5.5,11,1,4
17,9,9,17,13.0,26,8,8
1,5,1,5,3.0,6,4,0
19,21,19,21,20.0,40,2,18
1,4,1,4,2.5,5,3,0
34,29,29,34,31.5,63,5,26
13,9,9,13,11.0,22,4,8
21,25,21,25,23.0,46,4,20
14,13,13,14,13.5,27,1,12
4,4,4,4,4.0,8,0,3
15,18,15,18,16.5,33,3,8
1,4,1,4,2.5,5,3,0
21,21,21,21,21.0,42,0,20
1,6,1,6,3.5,7,5,0
4,4,4,4,4.0,8,0,2
6,11,6,11,8.5,17,5,4
2,10,2,10,6.0,12,8,0
8,6,6,8,7.0,14,2,3
1,5,1,5,3.0,6,4,0
1,8,1,8,4.5,9,7,0
8,11,8,11,9.5,19,3,6
9,1,1,9,5.0,10,8,0
1,5,1,5,3.0,6,4,0
4,1,1,4,2.5,5,3,0
2,7,2,7,4.5,9,5,0
5,107,5,107,56.0,112,102,1
4,4,4,4,4.0,8,0,3
1,5,1,5,3.0,6,4,0
5,1,1,5,3.0,6,4,0
4,2,2,4,3.0,6,2,1
7,1,1,7,4.0,8,6,0
6,1,1,6,3.5,7,5,0
18,17,17,18,17.5,35,1,15
1,8,1,8,4.5,9,7,0
13,18,13,18,15.5,31,5,6
1,4,1,4,2.5,5,3,0
4,4,4,4,4.0,8,0,3
5,8,5,8,6.5,13,3,4
11,19,11,19,15.0,30,8,4
1,4,1,4,2.5,5,3,0
11,9,9,11,10.0,20,2,2
6,1,1,6,3.5,7,5,0
2,7,2,7,4.5,9,5,1
4,2,2,4,3.0,6,2,1
20,20,20,20,20.0,40,0,16
2,4,2,4,3.0,6,2,1
4,5,4,5,4.5,9,1,3
4,4,4,4,4.0,8,0,3
19,15,15,19,17.0,34,4,5
2,5,2,5,3.5,7,3,0
5,6,5,6,5.5,11,1,4
1,26,1,26,13.5,27,25,0
5,5,5,5,5.0,10,0,4
7,13,7,13,10.0,20,6,0
5,7,5,7,6.0,12,2,4
4,3,3,4,3.5,7,1,2
8,9,8,9,8.5,17,1,2
6,1,1,6,3.5,7,5,0
1,5,1,5,3.0,6,4,0
33,32,32,33,32.5,65,1,26
14,2,2,14,8.0,16,12,0
10,1,1,10,5.5,11,9,0
25,20,20,25,22.5,45,5,18
6,17,6,17,11.5,23,11,5
20,1,1,20,10.5,21,19,0
4,4,4,4,4.0,8,0,3
37,22,22,37,29.5,59,15,10
10,5,5,10,7.5,15,5,3
25,22,22,25,23.5,47,3,20
2,26,2,26,14.0,28,24,0
4,1,1,4,2.5,5,3,0
8,7,7,8,7.5,15,1,6
1,9,1,9,5.0,10,8,0
6,2,2,6,4.0,8,4,1
7,5,5,7,6.0,12,2,3
14,11,11,14,12.5,25,3,7
13,12,12,13,12.5,25,1,9
30,31,30,31,30.5,61,1,27
17,22,17,22,19.5,39,5,14
4,1,1,4,2.5,5,3,0
2,17,2,17,9.5,19,15,0
1,5,1,5,3.0,6,4,0
8,23,8,23,15.5,31,15,1
8,146,8,146,77.0,154,138,0
12,1,1,12,6.5,13,11,0
17,1,1,17,9.0,18,16,0
5,1,1,5,3.0,6,4,0
5,1,1,5,3.0,6,4,0
13,13,13,13,13.0,26,0,12
4,2,2,4,3.0,6,2,1
2,15,2,15,8.5,17,13,1
1,7,1,7,4.0,8,6,0
1,9,1,9,5.0,10,8,0
4,6,4,6,5.0,10,2,2
16,16,16,16,16.0,32,0,12
1,30,1,30,15.5,31,29,0
4,1,1,4,2.5,5,3,0
11,10,10,11,10.5,21,1,9
4,9,4,9,6.5,13,5,3
3,6,3,6,4.5,9,3,1
6,9,6,9,7.5,15,3,0
5,1,1,5,3.0,6,4,0
7,29,7,29,18.0,36,22,4
1,8,1,8,4.5,9,7,0
1,8,1,8,4.5,9,7,0
13,18,13,18,15.5,31,5,12
4,2,2,4,3.0,6,2,0
3,5,3,5,4.0,8,2,2
39,40,39,40,39.5,79,1,34
15,10,10,15,12.5,25,5,9
6,1,1,6,3.5,7,5,0
1,6,1,6,3.5,7,5,0
4,1,1,4,2.5,5,3,0
13,15,13,15,14.0,28,2,11
2,4,2,4,3.0,6,2,1
13,15,13,15,14.0,28,2,9
5,1,1,5,3.0,6,4,0
9,1,1,9,5.0,10,8,0
22,23,22,23,22.5,45,1,21
5,1,1,5,3.0,6,4,0
7,8,7,8,7.5,15,1,1
8,2,2,8,5.0,10,6,0
1,20,1,20,10.5,21,19,0
6,9,6,9,7.5,15,3,5
34,42,34,42,38.0,76,8,24
25,21,21,25,23.0,46,4,20
12,13,12,13,12.5,25,1,11
4,1,1,4,2.5,5,3,0
16,19,16,19,17.5,35,3,13
6,5,5,6,5.5,11,1,2
4,1,1,4,2.5,5,3,0
6,6,6,6,6.0,12,0,5
15,15,15,15,15.0,30,0,11
5,9,5,9,7.0,14,4,4
7,8,7,8,7.5,15,1,6
32,25,25,32,28.5,57,7,21
13,27,13,27,20.0,40,14,11
14,19,14,19,16.5,33,5,5
6,3,3,6,4.5,9,3,2
5,6,5,6,5.5,11,1,4
5,5,5,5,5.0,10,0,3
4,1,1,4,2.5,5,3,0
5,8,5,8,6.5,13,3,3
9,39,9,39,24.0,48,30,6
2,30,2,30,16.0,32,28,0
26,27,26,27,26.5,53,1,25
9,8,8,9,8.5,17,1,6
18,15,15,18,16.5,33,3,9
17,6,6,17,11.5,23,11,5
5,1,1,5,3.0,6,4,0
6,6,6,6,6.0,12,0,5
7,7,7,7,7.0,14,0,4
12,12,12,12,12.0,24,0,11
1,4,1,4,2.5,5,3,0
6,7,6,7,6.5,13,1,5
31,6,6,31,18.5,37,25,3
6,2,2,6,4.0,8,4,0
5,6,5,6,5.5,11,1,4
5,7,5,7,6.0,12,2,3
25,1,1,25,13.0,26,24,0
6,1,1,6,3.5,7,5,0
17,1,1,17,9.0,18,16,0
1,4,1,4,2.5,5,3,0
4,1,1,4,2.5,5,3,0
20,18,18,20,19.0,38,2,16
10,1,1,10,5.5,11,9,0
23,16,16,23,19.5,39,7,13
4,4,4,4,4.0,8,0,3
14,14,14,14,14.0,28,0,13
15,13,13,15,14.0,28,2,12
1,4,1,4,2.5,5,3,0
14,14,14,14,14.0,28,0,12
8,9,8,9,8.5,17,1,7
23,33,23,33,28.0,56,10,18
8,2,2,8,5.0,10,6,1
2,4,2,4,3.0,6,2,0
11,20,11,20,15.5,31,9,9
6,3,3,6,4.5,9,3,2
4,5,4,5,4.5,9,1,0
8,10,8,10,9.0,18,2,6
7,2,2,7,4.5,9,5,1
6,5,5,6,5.5,11,1,4
2,4,2,4,3.0,6,2,1
4,8,4,8,6.0,12,4,3
4,1,1,4,2.5,5,3,0
1,6,1,6,3.5,7,5,0
5,7,5,7,6.0,12,2,3
6,8,6,8,7.0,14,2,4
4,1,1,4,2.5,5,3,0
11,20,11,20,15.5,31,9,10
66,39,39,66,52.5,105,27,27
12,8,8,12,10.0,20,4,6
21,19,19,21,20.0,40,2,18
10,18,10,18,14.0,28,8,6
10,1,1,10,5.5,11,9,0
34,34,34,34,34.0,68,0,33
41,24,24,41,32.5,65,17,19
1,22,1,22,11.5,23,21,0
1,15,1,15,8.0,16,14,0
14,14,14,14,14.0,28,0,13
14,1,1,14,7.5,15,13,0
6,7,6,7,6.5,13,1,5
4,1,1,4,2.5,5,3,0
1,17,1,17,9.0,18,16,0
9,15,9,15,12.0,24,6,7
4,3,3,4,3.5,7,1,2
18,40,18,40,29.0,58,22,15
5,6,5,6,5.5,11,1,1
4,2,2,4,3.0,6,2,1
4,6,4,6,5.0,10,2,3
19,22,19,22,20.5,41,3,18
2,7,2,7,4.5,9,5,1
6,2,2,6,4.0,8,4,1
1,4,1,4,2.5,5,3,0
26,34,26,34,30.0,60,8,19
5,4,4,5,4.5,9,1,1
15,5,5,15,10.0,20,10,3
4,5,4,5,4.5,9,1,2
13,9,9,13,11.0,22,4,8
6,2,2,6,4.0,8,4,0
1,5,1,5,3.0,6,4,0
4,1,1,4,2.5,5,3,0
15,22,15,22,18.5,37,7,13
1,13,1,13,7.0,14,12,0
10,12,10,12,11.0,22,2,6
29,30,29,30,29.5,59,1,24
5,1,1,5,3.0,6,4,0
9,7,7,9,8.0,16,2,4
18,2,2,18,10.0,20,16,1
6,6,6,6,6.0,12,0,5
1,7,1,7,4.0,8,6,0
1,4,1,4,2.5,5,3,0
10,12,10,12,11.0,22,2,9
3,7,3,7,5.0,10,4,2
4,1,1,4,2.5,5,3,0
2,8,2,8,5.0,10,6,1
11,11,11,11,11.0,22,0,10
1,4,1,4,2.5,5,3,0
5,6,5,6,5.5,11,1,3
6,7,6,7,6.5,13,1,5
4,1,1,4,2.5,5,3,0
1,4,1,4,2.5,5,3,0
2,4,2,4,3.0,6,2,1
1,13,1,13,7.0,14,12,0
20,18,18,20,19.0,38,2,15
4,4,4,4,4.0,8,0,2
7,5,5,7,6.0,12,2,4
39,41,39,41,40.0,80,2,35
1,4,1,4,2.5,5,3,0
10,20,10,20,15.0,30,10,8
12,10,10,12,11.0,22,2,9
5,6,5,6,5.5,11,1,1
22,18,18,22,20.0,40,4,17
5,16,5,16,10.5,21,11,2
4,1,1,4,2.5,5,3,0
15,19,15,19,17.0,34,4,12
6,2,2,6,4.0,8,4,0
19,19,19,19,19.0,38,0,18
28,37,28,37,32.5,65,9,22
1,25,1,25,13.0,26,24,0
10,11,10,11,10.5,21,1,9
5,1,1,5,3.0,6,4,0
12,3,3,12,7.5,15,9,0
3,5,3,5,4.0,8,2,2
5,6,5,6,5.5,11,1,4
8,1,1,8,4.5,9,7,0
6,1,1,6,3.5,7,5,0
8,4,4,8,6.0,12,4,0
8,11,8,11,9.5,19,3,7
17,7,7,17,12.0,24,10,5
9,8,8,9,8.5,17,1,7
7,1,1,7,4.0,8,6,0
7,9,7,9,8.0,16,2,6
4,12,4,12,8.0,16,8,3
4,3,3,4,3.5,7,1,2
4,1,1,4,2.5,5,3,0
35,31,31,35,33.0,66,4,25
7,4,4,7,5.5,11,3,0
6,6,6,6,6.0,12,0,5
13,13,13,13,13.0,26,0,11
7,2,2,7,4.5,9,5,0
19,19,19,19,19.0,38,0,17
12,12,12,12,12.0,24,0,11
4,2,2,4,3.0,6,2,0
8,1,1,8,4.5,9,7,0
45,37,37,45,41.0,82,8,31
7,7,7,7,7.0,14,0,6
1,19,1,19,10.0,20,18,0
1,4,1,4,2.5,5,3,0
6,2,2,6,4.0,8,4,1
49,41,41,49,45.0,90,8,34
8,6,6,8,7.0,14,2,5
43,45,43,45,44.0,88,2,32
4,1,1,4,2.5,5,3,0
1,9,1,9,5.0,10,8,0
12,7,7,12,9.5,19,5,4
5,10,5,10,7.5,15,5,4
1,6,1,6,3.5,7,5,0
8,1,1,8,4.5,9,7,0
10,1,1,10,5.5,11,9,0
4,4,4,4,4.0,8,0,1
23,20,20,23,21.5,43,3,18
6,6,6,6,6.0,12,0,5
5,8,5,8,6.5,13,3,4
11,4,4,11,7.5,15,7,3
6,5,5,6,5.5,11,1,4
6,6,6,6,6.0,12,0,4
6,6,6,6,6.0,12,0,5
7,7,7,7,7.0,14,0,5
8,1,1,8,4.5,9,7,0
4,10,4,10,7.0,14,6,3
4,6,4,6,5.0,10,2,3
8,8,8,8,8.0,16,0,7
4,4,4,4,4.0,8,0,3
11,7,7,11,9.0,18,4,6
22,21,21,22,21.5,43,1,18
4,1,1,4,2.5,5,3,0
4,2,2,4,3.0,6,2,1
17,11,11,17,14.0,28,6,8
5,1,1,5,3.0,6,4,0
1,4,1,4,2.5,5,3,0
13,13,13,13,13.0,26,0,12
12,14,12,14,13.0,26,2,11
4,5,4,5,4.5,9,1,3
4,4,4,4,4.0,8,0,3
1,6,1,6,3.5,7,5,0
4,1,1,4,2.5,5,3,0
1,28,1,28,14.5,29,27,0
1,5,1,5,3.0,6,4,0
18,10,10,18,14.0,28,8,9
5,1,1,5,3.0,6,4,0
4,6,4,6,5.0,10,2,3
5,4,4,5,4.5,9,1,3
13,11,11,13,12.0,24,2,10
4,1,1,4,2.5,5,3,0
12,14,12,14,13.0,26,2,11
9,11,9,11,10.0,20,2,8
10,17,10,17,13.5,27,7,9
1,18,1,18,9.5,19,17,0
6,4,4,6,5.0,10,2,3
6,6,6,6,6.0,12,0,3
5,1,1,5,3.0,6,4,0
4,1,1,4,2.5,5,3,0
1,11,1,11,6.0,12,10,0
5,1,1,5,3.0,6,4,0
11,7,7,11,9.0,18,4,5
1,17,1,17,9.0,18,16,0
5,2,2,5,3.5,7,3,1
23,24,23,24,23.5,47,1,22
1,14,1,14,7.5,15,13,0
6,1,1,6,3.5,7,5,0
16,27,16,27,21.5,43,11,6
5,1,1,5,3.0,6,4,0
20,1,1,20,10.5,21,19,0
3,12,3,12,7.5,15,9,2
1,6,1,6,3.5,7,5,0
2,7,2,7,4.5,9,5,1
1,5,1,5,3.0,6,4,0
6,2,2,6,4.0,8,4,0
4,9,4,9,6.5,13,5,3
6,1,1,6,3.5,7,5,0
26,1,1,26,13.5,27,25,0
7,6,6,7,6.5,13,1,5
5,5,5,5,5.0,10,0,3
31,9,9,31,20.0,40,22,7
6,1,1,6,3.5,7,5,0
11,12,11,12,11.5,23,1,7
4,8,4,8,6.0,12,4,3
9,10,9,10,9.5,19,1,7
1,5,1,5,3.0,6,4,0
5,5,5,5,5.0,10,0,4
5,6,5,6,5.5,11,1,3
30,18,18,30,24.0,48,12,16
6,1,1,6,3.5,7,5,0
19,18,18,19,18.5,37,1,17
1,5,1,5,3.0,6,4,0
22,17,17,22,19.5,39,5,16
9,1,1,9,5.0,10,8,0
9,9,9,9,9.0,18,0,7
20,24,20,24,22.0,44,4,17
1,6,1,6,3.5,7,5,0
7,8,7,8,7.5,15,1,6
1,12,1,12,6.5,13,11,0
11,12,11,12,11.5,23,1,10
1,4,1,4,2.5,5,3,0
18,19,18,19,18.5,37,1,17
27,26,26,27,26.5,53,1,25
4,1,1,4,2.5,5,3,0
26,23,23,26,24.5,49,3,22
6,4,4,6,5.0,10,2,3
5,2,2,5,3.5,7,3,1
4,2,2,4,3.0,6,2,1
4,2,2,4,3.0,6,2,1
6,7,6,7,6.5,13,1,4
4,4,4,4,4.0,8,0,3
17,23,17,23,20.0,40,6,14
6,18,6,18,12.0,24,12,3
2,7,2,7,4.5,9,5,0
26,27,26,27,26.5,53,1,25
26,36,26,36,31.0,62,10,22
6,4,4,6,5.0,10,2,2
1,5,1,5,3.0,6,4,0
19,10,10,19,14.5,29,9,9
1,12,1,12,6.5,13,11,0
1,4,1,4,2.5,5,3,0
4,5,4,5,4.5,9,1,3
4,2,2,4,3.0,6,2,1
1,16,1,16,8.5,17,15,0
13,15,13,15,14.0,28,2,12
5,1,1,5,3.0,6,4,0
24,24,24,24,24.0,48,0,18
4,1,1,4,2.5,5,3,0
13,14,13,14,13.5,27,1,12
12,11,11,12,11.5,23,1,10
1,49,1,49,25.0,50,48,0
7,1,1,7,4.0,8,6,0
8,2,2,8,5.0,10,6,1
14,20,14,20,17.0,34,6,8
2,17,2,17,9.5,19,15,0
27,1,1,27,14.0,28,26,0
5,1,1,5,3.0,6,4,0
9,10,9,10,9.5,19,1,6
1,4,1,4,2.5,5,3,0
6,6,6,6,6.0,12,0,5
4,1,1,4,2.5,5,3,0
5,1,1,5,3.0,6,4,0
1,8,1,8,4.5,9,7,0
9,9,9,9,9.0,18,0,8
10,23,10,23,16.5,33,13,6
1,4,1,4,2.5,5,3,0
1,4,1,4,2.5,5,3,0
18,14,14,18,16.0,32,4,6
4,4,4,4,4.0,8,0,3
29,26,26,29,27.5,55,3,24
6,26,6,26,16.0,32,20,0
9,1,1,9,5.0,10,8,0
4,5,4,5,4.5,9,1,3
1,4,1,4,2.5,5,3,0
1,7,1,7,4.0,8,6,0
4,1,1,4,2.5,5,3,0
11,7,7,11,9.0,18,4,5
2,4,2,4,3.0,6,2,0
19,9,9,19,14.0,28,10,6
20,16,16,20,18.0,36,4,13
1,4,1,4,2.5,5,3,0
7,14,7,14,10.5,21,7,5
9,30,9,30,19.5,39,21,7
29,22,22,29,25.5,51,7,21
2,5,2,5,3.5,7,3,1
4,1,1,4,2.5,5,3,0
32,32,32,32,32.0,64,0,30
8,6,6,8,7.0,14,2,3
12,1,1,12,6.5,13,11,0
8,1,1,8,4.5,9,7,0
1,10,1,10,5.5,11,9,0
9,1,1,9,5.0,10,8,0
1,8,1,8,4.5,9,7,0
1,8,1,8,4.5,9,7,0
9,8,8,9,8.5,17,1,7
1,5,1,5,3.0,6,4,0
9,30,9,30,19.5,39,21,3
1,6,1,6,3.5,7,5,0
4,1,1,4,2.5,5,3,0
1,6,1,6,3.5,7,5,0
3,5,3,5,4.0,8,2,1
15,1,1,15,8.0,16,14,0
44,36,36,44,40.0,80,8,32
6,7,6,7,6.5,13,1,3
38,44,38,44,41.0,82,6,37
8,8,8,8,8.0,16,0,7
8,8,8,8,8.0,16,0,7
5,10,5,10,7.5,15,5,4
4,4,4,4,4.0,8,0,0
37,20,20,37,28.5,57,17,18
23,11,11,23,17.0,34,12,10
7,6,6,7,6.5,13,1,1
5,1,1,5,3.0,6,4,0
2,7,2,7,4.5,9,5,1
13,23,13,23,18.0,36,10,11
5,2,2,5,3.5,7,3,1
12,13,12,13,12.5,25,1,10
5,1,1,5,3.0,6,4,0
1,28,1,28,14.5,29,27,0
1,5,1,5,3.0,6,4,0
5,1,1,5,3.0,6,4,0
14,7,7,14,10.5,21,7,0
5,2,2,5,3.5,7,3,1
2,5,2,5,3.5,7,3,0
4,5,4,5,4.5,9,1,2
21,21,21,21,21.0,42,0,18
5,7,5,7,6.0,12,2,4
4,1,1,4,2.5,5,3,0
9,6,6,9,7.5,15,3,5
6,7,6,7,6.5,13,1,5
7,6,6,7,6.5,13,1,5
9,9,9,9,9.0,18,0,8
1,4,1,4,2.5,5,3,0
8,9,8,9,8.5,17,1,4
8,3,3,8,5.5,11,5,1
4,1,1,4,2.5,5,3,0
2,4,2,4,3.0,6,2,1
11,5,5,11,8.0,16,6,4
7,7,7,7,7.0,14,0,5
17,12,12,17,14.5,29,5,11
5,8,5,8,6.5,13,3,3
4,2,2,4,3.0,6,2,1
10,6,6,10,8.0,16,4,4
10,1,1,10,5.5,11,9,0
5,1,1,5,3.0,6,4,0
10,11,10,11,10.5,21,1,9
20,17,17,20,18.5,37,3,15
6,107,6,107,56.5,113,101,1
6,6,6,6,6.0,12,0,5
4,4,4,4,4.0,8,0,3
6,1,1,6,3.5,7,5,0
4,1,1,4,2.5,5,3,0
4,4,4,4,4.0,8,0,3
4,4,4,4,4.0,8,0,3
33,32,32,33,32.5,65,1,31
4,1,1,4,2.5,5,3,0
7,1,1,7,4.0,8,6,0
10,25,10,25,17.5,35,15,7
4,1,1,4,2.5,5,3,0
1,5,1,5,3.0,6,4,0
7,4,4,7,5.5,11,3,3
1,6,1,6,3.5,7,5,0
1,5,1,5,3.0,6,4,0
10,21,10,21,15.5,31,11,8
43,47,43,47,45.0,90,4,39
9,9,9,9,9.0,18,0,7
15,3,3,15,9.0,18,12,2
25,11,11,25,18.0,36,14,7
4,6,4,6,5.0,10,2,1
1,5,1,5,3.0,6,4,0
1,4,1,4,2.5,5,3,0
6,2,2,6,4.0,8,4,1
21,21,21,21,21.0,42,0,19
5,5,5,5,5.0,10,0,4
12,5,5,12,8.5,17,7,4
1,10,1,10,5.5,11,9,0
6,2,2,6,4.0,8,4,1
1,4,1,4,2.5,5,3,0
18,48,18,48,33.0,66,30,17
7,1,1,7,4.0,8,6,0
14,12,12,14,13.0,26,2,11
9,8,8,9,8.5,17,1,6
14,15,14,15,14.5,29,1,12
1,4,1,4,2.5,5,3,0
13,14,13,14,13.5,27,1,12
5,5,5,5,5.0,10,0,4
1,5,1,5,3.0,6,4,0
34,27,27,34,30.5,61,7,23
2,6,2,6,4.0,8,4,1
11,13,11,13,12.0,24,2,8
7,1,1,7,4.0,8,6,0
11,12,11,12,11.5,23,1,0
2,6,2,6,4.0,8,4,1
21,35,21,35,28.0,56,14,18
1,11,1,11,6.0,12,10,0
27,25,25,27,26.0,52,2,24
6,1,1,6,3.5,7,5,0
4,1,1,4,2.5,5,3,0
9,9,9,9,9.0,18,0,8
4,1,1,4,2.5,5,3,0
1,5,1,5,3.0,6,4,0
49,43,43,49,46.0,92,6,34
10,10,10,10,10.0,20,0,6
4,1,1,4,2.5,5,3,0
6,6,6,6,6.0,12,0,5
1,7,1,7,4.0,8,6,0
5,1,1,5,3.0,6,4,0
2,6,2,6,4.0,8,4,1
4,3,3,4,3.5,7,1,1
24,27,24,27,25.5,51,3,23
4,1,1,4,2.5,5,3,0
1,11,1,11,6.0,12,10,0
1,4,1,4,2.5,5,3,0
26,24,24,26,25.0,50,2,23
45,41,41,45,43.0,86,4,39
1,4,1,4,2.5,5,3,0
2,6,2,6,4.0,8,4,0
4,3,3,4,3.5,7,1,0
9,1,1,9,5.0,10,8,0
4,1,1,4,2.5,5,3,0
19,23,19,23,21.0,42,4,10
8,1,1,8,4.5,9,7,0
29,34,29,34,31.5,63,5,17
1,5,1,5,3.0,6,4,0
10,9,9,10,9.5,19,1,8
14,15,14,15,14.5,29,1,9
6,4,4,6,5.0,10,2,3
1,4,1,4,2.5,5,3,0
6,7,6,7,6.5,13,1,5
10,2,2,10,6.0,12,8,1
6,9,6,9,7.5,15,3,5
4,4,4,4,4.0,8,0,3
37,49,37,49,43.0,86,12,34
1,19,1,19,10.0,20,18,0
1,4,1,4,2.5,5,3,0
1,4,1,4,2.5,5,3,0
8,7,7,8,7.5,15,1,6
32,35,32,35,33.5,67,3,19
66,35,35,66,50.5,101,31,28
9,7,7,9,8.0,16,2,2
1,4,1,4,2.5,5,3,0
1,14,1,14,7.5,15,13,0
1,12,1,12,6.5,13,11,0
51,35,35,51,43.0,86,16,29
11,1,1,11,6.0,12,10,0
5,12,5,12,8.5,17,7,1
11,11,11,11,11.0,22,0,8
38,22,22,38,30.0,60,16,17
4,1,1,4,2.5,5,3,0
37,33,33,37,35.0,70,4,24
1,5,1,5,3.0,6,4,0
6,1,1,6,3.5,7,5,0
1,4,1,4,2.5,5,3,0
1,4,1,4,2.5,5,3,0
6,11,6,11,8.5,17,5,4
4,1,1,4,2.5,5,3,0
5,3,3,5,4.0,8,2,2
3,5,3,5,4.0,8,2,2
5,4,4,5,4.5,9,1,0
6,9,6,9,7.5,15,3,3
39,48,39,48,43.5,87,9,35
1,7,1,7,4.0,8,6,0
9,19,9,19,14.0,28,10,6
5,5,5,5,5.0,10,0,4
2,4,2,4,3.0,6,2,1
4,27,4,27,15.5,31,23,3
24,49,24,49,36.5,73,25,14
12,23,12,23,17.5,35,11,8
8,5,5,8,6.5,13,3,4
2,4,2,4,3.0,6,2,1
1,13,1,13,7.0,14,12,0
1,6,1,6,3.5,7,5,0
8,5,5,8,6.5,13,3,1
9,8,8,9,8.5,17,1,7
4,1,1,4,2.5,5,3,0
23,20,20,23,21.5,43,3,17
4,5,4,5,4.5,9,1,1
5,1,1,5,3.0,6,4,0
9,8,8,9,8.5,17,1,5
1,5,1,5,3.0,6,4,0
1,8,1,8,4.5,9,7,0
15,7,7,15,11.0,22,8,6
12,12,12,12,12.0,24,0,11
4,3,3,4,3.5,7,1,2
22,20,20,22,21.0,42,2,18
8,7,7,8,7.5,15,1,6
5,6,5,6,5.5,11,1,4
1,4,1,4,2.5,5,3,0
4,4,4,4,4.0,8,0,3
7,8,7,8,7.5,15,1,6
11,12,11,12,11.5,23,1,10
5,16,5,16,10.5,21,11,0
11,12,11,12,11.5,23,1,10
4,5,4,5,4.5,9,1,3
1,5,1,5,3.0,6,4,0
1,5,1,5,3.0,6,4,0
19,15,15,19,17.0,34,4,8
12,12,12,12,12.0,24,0,11
15,10,10,15,12.5,25,5,9
7,1,1,7,4.0,8,6,0
4,1,1,4,2.5,5,3,0
16,10,10,16,13.0,26,6,9
8,1,1,8,4.5,9,7,0
11,13,11,13,12.0,24,2,9
10,19,10,19,14.5,29,9,9
6,5,5,6,5.5,11,1,4
39,25,25,39,32.0,64,14,20
4,6,4,6,5.0,10,2,2
4,1,1,4,2.5,5,3,0
12,17,12,17,14.5,29,5,7
1,4,1,4,2.5,5,3,0
5,2,2,5,3.5,7,3,1
7,7,7,7,7.0,14,0,6
23,24,23,24,23.5,47,1,22
1,6,1,6,3.5,7,5,0
5,7,5,7,6.0,12,2,1
29,33,29,33,31.0,62,4,19
14,7,7,14,10.5,21,7,6
50,35,35,50,42.5,85,15,29
5,10,5,10,7.5,15,5,2
14,25,14,25,19.5,39,11,12
5,1,1,5,3.0,6,4,0
1,19,1,19,10.0,20,18,0
11,11,11,11,11.0,22,0,10
1,18,1,18,9.5,19,17,0
6,8,6,8,7.0,14,2,5
6,5,5,6,5.5,11,1,4
1,4,1,4,2.5,5,3,0
18,22,18,22,20.0,40,4,16
8,5,5,8,6.5,13,3,4
38,28,28,38,33.0,66,10,21
4,5,4,5,4.5,9,1,0
1,5,1,5,3.0,6,4,0
1,4,1,4,2.5,5,3,0
7,7,7,7,7.0,14,0,5
38,25,25,38,31.5,63,13,17
51,24,24,51,37.5,75,27,20
18,12,12,18,15.0,30,6,8
5,5,5,5,5.0,10,0,2
7,13,7,13,10.0,20,6,5
5,2,2,5,3.5,7,3,0
1,105,1,105,53.0,106,104,0
4,4,4,4,4.0,8,0,3
1,6,1,6,3.5,7,5,0
23,22,22,23,22.5,45,1,17
16,16,16,16,16.0,32,0,13
7,12,7,12,9.5,19,5,6
4,6,4,6,5.0,10,2,3
20,16,16,20,18.0,36,4,13
9,7,7,9,8.0,16,2,5
4,1,1,4,2.5,5,3,0
2,12,2,12,7.0,14,10,1
19,17,17,19,18.0,36,2,8
40,35,35,40,37.5,75,5,29
10,5,5,10,7.5,15,5,2
10,10,10,10,10.0,20,0,8
17,15,15,17,16.0,32,2,12
11,10,10,11,10.5,21,1,7
12,6,6,12,9.0,18,6,3
11,1,1,11,6.0,12,10,0
5,7,5,7,6.0,12,2,4
5,1,1,5,3.0,6,4,0
11,8,8,11,9.5,19,3,6
10,16,10,16,13.0,26,6,8
7,7,7,7,7.0,14,0,6
33,41,33,41,37.0,74,8,27
1,10,1,10,5.5,11,9,0
1,6,1,6,3.5,7,5,0
19,13,13,19,16.0,32,6,5
29,49,29,49,39.0,78,20,17
1,5,1,5,3.0,6,4,0
36,36,36,36,36.0,72,0,32
19,19,19,19,19.0,38,0,16
24,28,24,28,26.0,52,4,23
1,5,1,5,3.0,6,4,0
1,4,1,4,2.5,5,3,0
7,1,1,7,4.0,8,6,0
4,4,4,4,4.0,8,0,3
8,9,8,9,8.5,17,1,7
11,7,7,11,9.0,18,4,5
34,30,30,34,32.0,64,4,25
19,12,12,19,15.5,31,7,6
12,1,1,12,6.5,13,11,0
6,9,6,9,7.5,15,3,0
9,5,5,9,7.0,14,4,3
4,1,1,4,2.5,5,3,0
1,5,1,5,3.0,6,4,0
5,6,5,6,5.5,11,1,1
5,5,5,5,5.0,10,0,4
6,5,5,6,5.5,11,1,4
5,2,2,5,3.5,7,3,1
1,9,1,9,5.0,10,8,0
1,8,1,8,4.5,9,7,0
10,14,10,14,12.0,24,4,8
20,22,20,22,21.0,42,2,18
5,5,5,5,5.0,10,0,4
7,6,6,7,6.5,13,1,5
1,5,1,5,3.0,6,4,0
15,18,15,18,16.5,33,3,10
1,6,1,6,3.5,7,5,0
7,7,7,7,7.0,14,0,6
1,105,1,105,53.0,106,104,0
51,49,49,51,50.0,100,2,30
1,16,1,16,8.5,17,15,0
32,32,32,32,32.0,64,0,30
4,1,1,4,2.5,5,3,0
4,1,1,4,2.5,5,3,0
19,23,19,23,21.0,42,4,18
1,4,1,4,2.5,5,3,0
8,7,7,8,7.5,15,1,6
5,21,5,21,13.0,26,16,4
29,39,29,39,34.0,68,10,15
7,3,3,7,5.0,10,4,2
1,6,1,6,3.5,7,5,0
5,107,5,107,56.0,112,102,0
11,11,11,11,11.0,22,0,10
14,13,13,14,13.5,27,1,9
45,39,39,45,42.0,84,6,36
5,3,3,5,4.0,8,2,1
4,5,4,5,4.5,9,1,3
2,4,2,4,3.0,6,2,0
6,6,6,6,6.0,12,0,5
1,5,1,5,3.0,6,4,0
19,44,19,44,31.5,63,25,14
7,2,2,7,4.5,9,5,1
5,5,5,5,5.0,10,0,4
1,4,1,4,2.5,5,3,0
8,7,7,8,7.5,15,1,4
5,1,1,5,3.0,6,4,0
8,1,1,8,4.5,9,7,0
9,11,9,11,10.0,20,2,6
6,8,6,8,7.0,14,2,1
4,1,1,4,2.5,5,3,0
1,7,1,7,4.0,8,6,0
10,11,10,11,10.5,21,1,9
1,4,1,4,2.5,5,3,0
14,33,14,33,23.5,47,19,11
1,4,1,4,2.5,5,3,0
2,5,2,5,3.5,7,3,1
9,8,8,9,8.5,17,1,7
7,7,7,7,7.0,14,0,6
10,14,10,14,12.0,24,4,8
5,1,1,5,3.0,6,4,0
26,1,1,26,13.5,27,25,0
15,12,12,15,13.5,27,3,8
6,6,6,6,6.0,12,0,5
4,11,4,11,7.5,15,7,3
24,12,12,24,18.0,36,12,11
8,6,6,8,7.0,14,2,3
24,9,9,24,16.5,33,15,8
1,7,1,7,4.0,8,6,0
10,1,1,10,5.5,11,9,0
14,13,13,14,13.5,27,1,11
5,4,4,5,4.5,9,1,3
40,5,5,40,22.5,45,35,2
4,4,4,4,4.0,8,0,2
2,5,2,5,3.5,7,3,1
5,5,5,5,5.0,10,0,4
28,50,28,50,39.0,78,22,27
7,1,1,7,4.0,8,6,0
22,33,22,33,27.5,55,11,21
27,15,15,27,21.0,42,12,13
9,5,5,9,7.0,14,4,3
1,6,1,6,3.5,7,5,0
5,1,1,5,3.0,6,4,0
4,8,4,8,6.0,12,4,3
13,12,12,13,12.5,25,1,11
15,14,14,15,14.5,29,1,13
30,14,14,30,22.0,44,16,0
1,27,1,27,14.0,28,26,0
6,2,2,6,4.0,8,4,0
4,1,1,4,2.5,5,3,0
5,5,5,5,5.0,10,0,4
14,13,13,14,13.5,27,1,9
2,15,2,15,8.5,17,13,1
5,1,1,5,3.0,6,4,0
37,28,28,37,32.5,65,9,22
2,20,2,20,11.0,22,18,0
51,42,42,51,46.5,93,9,25
5,4,4,5,4.5,9,1,1
5,4,4,5,4.5,9,1,2
16,10,10,16,13.0,26,6,8
46,28,28,46,37.0,74,18,20
6,7,6,7,6.5,13,1,3
7,7,7,7,7.0,14,0,4
7,1,1,7,4.0,8,6,0
19,11,11,19,15.0,30,8,9
1,4,1,4,2.5,5,3,0
13,13,13,13,13.0,26,0,12
21,20,20,21,20.5,41,1,14
34,44,34,44,39.0,78,10,25
11,7,7,11,9.0,18,4,6
30,22,22,30,26.0,52,8,8
5,3,3,5,4.0,8,2,2
24,16,16,24,20.0,40,8,13
2,7,2,7,4.5,9,5,0
12,12,12,12,12.0,24,0,11
1,4,1,4,2.5,5,3,0
5,1,1,5,3.0,6,4,0
14,1,1,14,7.5,15,13,0
7,9,7,9,8.0,16,2,0
8,10,8,10,9.0,18,2,6
6,6,6,6,6.0,12,0,4
11,12,11,12,11.5,23,1,10
8,5,5,8,6.5,13,3,2
1,17,1,17,9.0,18,16,0
5,5,5,5,5.0,10,0,4
4,5,4,5,4.5,9,1,2
2,4,2,4,3.0,6,2,1
1,4,1,4,2.5,5,3,0
32,32,32,32,32.0,64,0,30
4,1,1,4,2.5,5,3,0
4,6,4,6,5.0,10,2,3
1,5,1,5,3.0,6,4,0
1,6,1,6,3.5,7,5,0
5,1,1,5,3.0,6,4,0
1,4,1,4,2.5,5,3,0
1,14,1,14,7.5,15,13,0
27,26,26,27,26.5,53,1,25
1,4,1,4,2.5,5,3,0
6,3,3,6,4.5,9,3,2
2,6,2,6,4.0,8,4,0
7,1,1,7,4.0,8,6,0
5,1,1,5,3.0,6,4,0
1,14,1,14,7.5,15,13,0
8,7,7,8,7.5,15,1,5
1,9,1,9,5.0,10,8,0
1,14,1,14,7.5,15,13,0
1,8,1,8,4.5,9,7,0
27,21,21,27,24.0,48,6,18
6,6,6,6,6.0,12,0,4
1,24,1,24,12.5,25,23,0
1,4,1,4,2.5,5,3,0
43,29,29,43,36.0,72,14,26
2,28,2,28,15.0,30,26,1
7,9,7,9,8.0,16,2,6
4,1,1,4,2.5,5,3,0
45,16,16,45,30.5,61,29,13
3,6,3,6,4.5,9,3,2
10,7,7,10,8.5,17,3,6
6,3,3,6,4.5,9,3,2
1,10,1,10,5.5,11,9,0
2,4,2,4,3.0,6,2,0
4,1,1,4,2.5,5,3,0
16,4,4,16,10.0,20,12,1
1,11,1,11,6.0,12,10,0
1,4,1,4,2.5,5,3,0
4,7,4,7,5.5,11,3,2
10,11,10,11,10.5,21,1,6
5,1,1,5,3.0,6,4,0
6,2,2,6,4.0,8,4,1
1,4,1,4,2.5,5,3,0
4,2,2,4,3.0,6,2,1
1,10,1,10,5.5,11,9,0
19,17,17,19,18.0,36,2,15
4,2,2,4,3.0,6,2,0
8,10,8,10,9.0,18,2,7
2,20,2,20,11.0,22,18,0
1,15,1,15,8.0,16,14,0
20,16,16,20,18.0,36,4,14
10,35,10,35,22.5,45,25,7
5,5,5,5,5.0,10,0,4
8,8,8,8,8.0,16,0,7
20,20,20,20,20.0,40,0,16
4,3,3,4,3.5,7,1,2
1,9,1,9,5.0,10,8,0
5,1,1,5,3.0,6,4,0
4,1,1,4,2.5,5,3,0
5,5,5,5,5.0,10,0,4
6,2,2,6,4.0,8,4,1
4,1,1,4,2.5,5,3,0
29,6,6,29,17.5,35,23,2
5,5,5,5,5.0,10,0,4
11,9,9,11,10.0,20,2,8
7,6,6,7,6.5,13,1,5
5,4,4,5,4.5,9,1,3
1,9,1,9,5.0,10,8,0
1,28,1,28,14.5,29,27,0
12,8,8,12,10.0,20,4,2
40,28,28,40,34.0,68,12,14
1,5,1,5,3.0,6,4,0
2,8,2,8,5.0,10,6,1
27,27,27,27,27.0,54,0,18
5,2,2,5,3.5,7,3,1
51,49,49,51,50.0,100,2,48
8,10,8,10,9.0,18,2,7
4,9,4,9,6.5,13,5,0
4,23,4,23,13.5,27,19,3
33,33,33,33,33.0,66,0,31
7,6,6,7,6.5,13,1,5
2,4,2,4,3.0,6,2,0
5,5,5,5,5.0,10,0,3
4,4,4,4,4.0,8,0,0
14,16,14,16,15.0,30,2,12
12,8,8,12,10.0,20,4,7
15,21,15,21,18.0,36,6,11
6,6,6,6,6.0,12,0,4
4,4,4,4,4.0,8,0,2
8,8,8,8,8.0,16,0,7
1,6,1,6,3.5,7,5,0
8,5,5,8,6.5,13,3,1
5,1,1,5,3.0,6,4,0
7,7,7,7,7.0,14,0,6
34,47,34,47,40.5,81,13,29
5,5,5,5,5.0,10,0,4
5,4,4,5,4.5,9,1,3
5,1,1,5,3.0,6,4,0
5,6,5,6,5.5,11,1,2
19,23,19,23,21.0,42,4,10
9,10,9,10,9.5,19,1,6
1,4,1,4,2.5,5,3,0
6,4,4,6,5.0,10,2,3
10,1,1,10,5.5,11,9,0
10,2,2,10,6.0,12,8,0
16,5,5,16,10.5,21,11,4
51,50,50,51,50.5,101,1,48
11,13,11,13,12.0,24,2,10
1,17,1,17,9.0,18,16,0
4,4,4,4,4.0,8,0,0
26,26,26,26,26.0,52,0,25
8,11,8,11,9.5,19,3,2
7,5,5,7,6.0,12,2,0
5,6,5,6,5.5,11,1,2
75,14,14,75,44.5,89,61,7
1,5,1,5,3.0,6,4,0
4,5,4,5,4.5,9,1,3
7,1,1,7,4.0,8,6,0
4,1,1,4,2.5,5,3,0
6,9,6,9,7.5,15,3,4
24,20,20,24,22.0,44,4,17
11,13,11,13,12.0,24,2,9
1,5,1,5,3.0,6,4,0
10,11,10,11,10.5,21,1,7
11,7,7,11,9.0,18,4,6
2,6,2,6,4.0,8,4,0
1,4,1,4,2.5,5,3,0
1,4,1,4,2.5,5,3,0
11,3,3,11,7.0,14,8,1
7,6,6,7,6.5,13,1,5
2,12,2,12,7.0,14,10,1
7,19,7,19,13.0,26,12,0
8,2,2,8,5.0,10,6,0
11,14,11,14,12.5,25,3,10
4,1,1,4,2.5,5,3,0
31,32,31,32,31.5,63,1,29
5,6,5,6,5.5,11,1,4
6,2,2,6,4.0,8,4,0
1,6,1,6,3.5,7,5,0
5,1,1,5,3.0,6,4,0
2,7,2,7,4.5,9,5,1
6,18,6,18,12.0,24,12,4
9,1,1,9,5.0,10,8,0
1,4,1,4,2.5,5,3,0
15,4,4,15,9.5,19,11,3
4,4,4,4,4.0,8,0,3
1,5,1,5,3.0,6,4,0
16,22,16,22,19.0,38,6,9
16,15,15,16,15.5,31,1,13
23,32,23,32,27.5,55,9,19
1,5,1,5,3.0,6,4,0
4,5,4,5,4.5,9,1,3
1,4,1,4,2.5,5,3,0
4,7,4,7,5.5,11,3,3
10,8,8,10,9.0,18,2,4
5,5,5,5,5.0,10,0,4
15,24,15,24,19.5,39,9,14
8,6,6,8,7.0,14,2,5
2,20,2,20,11.0,22,18,1
8,1,1,8,4.5,9,7,0
5,2,2,5,3.5,7,3,1
7,1,1,7,4.0,8,6,0
1,39,1,39,20.0,40,38,0
4,1,1,4,2.5,5,3,0
1,7,1,7,4.0,8,6,0
41,46,41,46,43.5,87,5,39
8,11,8,11,9.5,19,3,7
1,4,1,4,2.5,5,3,0
8,1,1,8,4.5,9,7,0
9,1,1,9,5.0,10,8,0
1,7,1,7,4.0,8,6,0
36,17,17,36,26.5,53,19,11
12,4,4,12,8.0,16,8,3
27,26,26,27,26.5,53,1,25
26,34,26,34,30.0,60,8,20
5,4,4,5,4.5,9,1,3
7,3,3,7,5.0,10,4,2
7,6,6,7,6.5,13,1,5
5,4,4,5,4.5,9,1,3
6,2,2,6,4.0,8,4,1
4,1,1,4,2.5,5,3,0
1,4,1,4,2.5,5,3,0
1,16,1,16,8.5,17,15,0
5,4,4,5,4.5,9,1,3
5,1,1,5,3.0,6,4,0
13,1,1,13,7.0,14,12,0
8,14,8,14,11.0,22,6,5
8,9,8,9,8.5,17,1,7
23,8,8,23,15.5,31,15,6
5,9,5,9,7.0,14,4,4
6,5,5,6,5.5,11,1,3
12,6,6,12,9.0,18,6,5
4,4,4,4,4.0,8,0,3
14,7,7,14,10.5,21,7,5
6,7,6,7,6.5,13,1,5
1,5,1,5,3.0,6,4,0
4,1,1,4,2.5,5,3,0
1,65,1,65,33.0,66,64,0
8,8,8,8,8.0,16,0,7
15,1,1,15,8.0,16,14,0
5,10,5,10,7.5,15,5,1
23,38,23,38,30.5,61,15,18
4,1,1,4,2.5,5,3,0
5,8,5,8,6.5,13,3,4
9,5,5,9,7.0,14,4,4
1,5,1,5,3.0,6,4,0
2,6,2,6,4.0,8,4,1
1,146,1,146,73.5,147,145,0
5,6,5,6,5.5,11,1,3
12,12,12,12,12.0,24,0,10
5,5,5,5,5.0,10,0,3
10,11,10,11,10.5,21,1,9
38,29,29,38,33.5,67,9,26
1,105,1,105,53.0,106,104,0
4,4,4,4,4.0,8,0,3
5,1,1,5,3.0,6,4,0
5,3,3,5,4.0,8,2,2
7,1,1,7,4.0,8,6,0
19,10,10,19,14.5,29,9,8
12,10,10,12,11.0,22,2,8
4,1,1,4,2.5,5,3,0
4,4,4,4,4.0,8,0,0
4,7,4,7,5.5,11,3,3
19,16,16,19,17.5,35,3,12
6,19,6,19,12.5,25,13,5
11,23,11,23,17.0,34,12,3
33,33,33,33,33.0,66,0,32
13,10,10,13,11.5,23,3,9
24,19,19,24,21.5,43,5,18
21,20,20,21,20.5,41,1,18
4,2,2,4,3.0,6,2,1
2,10,2,10,6.0,12,8,0
12,12,12,12,12.0,24,0,11
19,25,19,25,22.0,44,6,17
1,9,1,9,5.0,10,8,0
5,6,5,6,5.5,11,1,3
18,13,13,18,15.5,31,5,12
4,1,1,4,2.5,5,3,0
7,8,7,8,7.5,15,1,5
8,1,1,8,4.5,9,7,0
44,46,44,46,45.0,90,2,43
1,4,1,4,2.5,5,3,0
4,2,2,4,3.0,6,2,1
28,35,28,35,31.5,63,7,25
5,1,1,5,3.0,6,4,0
3,6,3,6,4.5,9,3,2
4,1,1,4,2.5,5,3,0
4,1,1,4,2.5,5,3,0
5,2,2,5,3.5,7,3,1
16,2,2,16,9.0,18,14,1
23,16,16,23,19.5,39,7,12
9,11,9,11,10.0,20,2,8
39,13,13,39,26.0,52,26,7
4,5,4,5,4.5,9,1,0
22,23,22,23,22.5,45,1,21
8,1,1,8,4.5,9,7,0
11,1,1,11,6.0,12,10,0
1,6,1,6,3.5,7,5,0
4,5,4,5,4.5,9,1,0
1,6,1,6,3.5,7,5,0
1,107,1,107,54.0,108,106,0
8,6,6,8,7.0,14,2,5
13,12,12,13,12.5,25,1,11
10,10,10,10,10.0,20,0,9
6,4,4,6,5.0,10,2,3
4,4,4,4,4.0,8,0,3
75,2,2,75,38.5,77,73,1
2,5,2,5,3.5,7,3,1
4,1,1,4,2.5,5,3,0
5,5,5,5,5.0,10,0,1
19,18,18,19,18.5,37,1,13
16,17,16,17,16.5,33,1,14
10,10,10,10,10.0,20,0,9
4,1,1,4,2.5,5,3,0
1,4,1,4,2.5,5,3,0
1,11,1,11,6.0,12,10,0
12,1,1,12,6.5,13,11,0
14,4,4,14,9.0,18,10,3
13,13,13,13,13.0,26,0,11
13,13,13,13,13.0,26,0,11
5,5,5,5,5.0,10,0,3
1,8,1,8,4.5,9,7,0
3,16,3,16,9.5,19,13,2
7,7,7,7,7.0,14,0,6
41,36,36,41,38.5,77,5,28
6,3,3,6,4.5,9,3,2
6,6,6,6,6.0,12,0,5
21,22,21,22,21.5,43,1,19
8,1,1,8,4.5,9,7,0
13,12,12,13,12.5,25,1,10
13,8,8,13,10.5,21,5,3
1,11,1,11,6.0,12,10,0
4,4,4,4,4.0,8,0,3
17,18,17,18,17.5,35,1,14
7,8,7,8,7.5,15,1,5
4,2,2,4,3.0,6,2,0
8,8,8,8,8.0,16,0,7
5,17,5,17,11.0,22,12,0
4,16,4,16,10.0,20,12,0
13,6,6,13,9.5,19,7,5
5,3,3,5,4.0,8,2,2
6,5,5,6,5.5,11,1,4
7,4,4,7,5.5,11,3,2
9,1,1,9,5.0,10,8,0
20,32,20,32,26.0,52,12,19
1,18,1,18,9.5,19,17,0
5,4,4,5,4.5,9,1,2
18,41,18,41,29.5,59,23,17
22,6,6,22,14.0,28,16,5
5,6,5,6,5.5,11,1,3
6,14,6,14,10.0,20,8,2
5,5,5,5,5.0,10,0,4
7,7,7,7,7.0,14,0,6
4,4,4,4,4.0,8,0,1
4,1,1,4,2.5,5,3,0
1,4,1,4,2.5,5,3,0
16,25,16,25,20.5,41,9,15
32,32,32,32,32.0,64,0,31
4,4,4,4,4.0,8,0,3
5,1,1,5,3.0,6,4,0
1,4,1,4,2.5,5,3,0
17,13,13,17,15.0,30,4,10
7,18,7,18,12.5,25,11,5
5,1,1,5,3.0,6,4,0
7,21,7,21,14.0,28,14,1
6,1,1,6,3.5,7,5,0
5,3,3,5,4.0,8,2,1
20,21,20,21,20.5,41,1,19
4,1,1,4,2.5,5,3,0
18,20,18,20,19.0,38,2,17
2,6,2,6,4.0,8,4,0
7,6,6,7,6.5,13,1,4
8,7,7,8,7.5,15,1,6
4,1,1,4,2.5,5,3,0
2,4,2,4,3.0,6,2,0
12,12,12,12,12.0,24,0,11
7,5,5,7,6.0,12,2,3
9,8,8,9,8.5,17,1,5
5,5,5,5,5.0,10,0,0
4,6,4,6,5.0,10,2,0
1,8,1,8,4.5,9,7,0
6,6,6,6,6.0,12,0,1
4,2,2,4,3.0,6,2,0
1,5,1,5,3.0,6,4,0
1,7,1,7,4.0,8,6,0
7,8,7,8,7.5,15,1,6
2,5,2,5,3.5,7,3,1
19,18,18,19,18.5,37,1,16
25,21,21,25,23.0,46,4,14
10,13,10,13,11.5,23,3,8
22,19,19,22,20.5,41,3,18
17,5,5,17,11.0,22,12,3
6,9,6,9,7.5,15,3,4
1,14,1,14,7.5,15,13,0
6,6,6,6,6.0,12,0,5
15,13,13,15,14.0,28,2,12
21,1,1,21,11.0,22,20,0
4,1,1,4,2.5,5,3,0
6,1,1,6,3.5,7,5,0
5,3,3,5,4.0,8,2,2
9,7,7,9,8.0,16,2,6
6,6,6,6,6.0,12,0,1
4,1,1,4,2.5,5,3,0
1,6,1,6,3.5,7,5,0
1,5,1,5,3.0,6,4,0
12,12,12,12,12.0,24,0,6
7,1,1,7,4.0,8,6,0
14,16,14,16,15.0,30,2,11
9,14,9,14,11.5,23,5,4
5,5,5,5,5.0,10,0,4
1,4,1,4,2.5,5,3,0
28,17,17,28,22.5,45,11,11
6,1,1,6,3.5,7,5,0
1,6,1,6,3.5,7,5,0
14,32,14,32,23.0,46,18,10
7,6,6,7,6.5,13,1,5
5,6,5,6,5.5,11,1,4
6,1,1,6,3.5,7,5,0
4,3,3,4,3.5,7,1,1
5,1,1,5,3.0,6,4,0
9,5,5,9,7.0,14,4,1
3,4,3,4,3.5,7,1,2
5,3,3,5,4.0,8,2,2
1,4,1,4,2.5,5,3,0
11,7,7,11,9.0,18,4,6
1,5,1,5,3.0,6,4,0
9,1,1,9,5.0,10,8,0
1,4,1,4,2.5,5,3,0
1,30,1,30,15.5,31,29,0
22,21,21,22,21.5,43,1,18
24,20,20,24,22.0,44,4,19
6,1,1,6,3.5,7,5,0
2,4,2,4,3.0,6,2,1
6,9,6,9,7.5,15,3,5
5,5,5,5,5.0,10,0,4
37,49,37,49,43.0,86,12,29
17,16,16,17,16.5,33,1,15
8,4,4,8,6.0,12,4,2
10,3,3,10,6.5,13,7,2
12,7,7,12,9.5,19,5,4
7,4,4,7,5.5,11,3,2
4,1,1,4,2.5,5,3,0
6,11,6,11,8.5,17,5,5
5,8,5,8,6.5,13,3,1
9,6,6,9,7.5,15,3,4
13,15,13,15,14.0,28,2,11
4,1,1,4,2.5,5,3,0
6,1,1,6,3.5,7,5,0
5,1,1,5,3.0,6,4,0
2,30,2,30,16.0,32,28,0
1,5,1,5,3.0,6,4,0
2,7,2,7,4.5,9,5,1
5,6,5,6,5.5,11,1,4
6,11,6,11,8.5,17,5,5
1,9,1,9,5.0,10,8,0
4,3,3,4,3.5,7,1,2
4,4,4,4,4.0,8,0,3
1,8,1,8,4.5,9,7,0
18,18,18,18,18.0,36,0,13
2,5,2,5,3.5,7,3,1
10,1,1,10,5.5,11,9,0
18,18,18,18,18.0,36,0,13
13,12,12,13,12.5,25,1,9
28,19,19,28,23.5,47,9,10
12,14,12,14,13.0,26,2,10
6,6,6,6,6.0,12,0,5
21,21,21,21,21.0,42,0,18
32,1,1,32,16.5,33,31,0
1,18,1,18,9.5,19,17,0
5,5,5,5,5.0,10,0,4
4,1,1,4,2.5,5,3,0
26,27,26,27,26.5,53,1,24
1,4,1,4,2.5,5,3,0
1,4,1,4,2.5,5,3,0
4,1,1,4,2.5,5,3,0
5,41,5,41,23.0,46,36,4
10,12,10,12,11.0,22,2,9
6,8,6,8,7.0,14,2,3
5,6,5,6,5.5,11,1,2
5,1,1,5,3.0,6,4,0
1,8,1,8,4.5,9,7,0
13,11,11,13,12.0,24,2,9
5,1,1,5,3.0,6,4,0
16,6,6,16,11.0,22,10,3
6,5,5,6,5.5,11,1,4
5,4,4,5,4.5,9,1,3
1,75,1,75,38.0,76,74,0
6,1,1,6,3.5,7,5,0
4,4,4,4,4.0,8,0,3
4,1,1,4,2.5,5,3,0
2,10,2,10,6.0,12,8,0
1,7,1,7,4.0,8,6,0
1,13,1,13,7.0,14,12,0
1,22,1,22,11.5,23,21,0
4,1,1,4,2.5,5,3,0
1,6,1,6,3.5,7,5,0
5,1,1,5,3.0,6,4,0
18,23,18,23,20.5,41,5,17
1,7,1,7,4.0,8,6,0
2,6,2,6,4.0,8,4,0
6,5,5,6,5.5,11,1,3
10,4,4,10,7.0,14,6,1
24,20,20,24,22.0,44,4,18
9,8,8,9,8.5,17,1,7
13,12,12,13,12.5,25,1,4
5,5,5,5,5.0,10,0,4
31,28,28,31,29.5,59,3,26
8,1,1,8,4.5,9,7,0
39,42,39,42,40.5,81,3,38
1,4,1,4,2.5,5,3,0
1,8,1,8,4.5,9,7,0
12,4,4,12,8.0,16,8,0
12,1,1,12,6.5,13,11,0
8,7,7,8,7.5,15,1,5
33,32,32,33,32.5,65,1,31
1,5,1,5,3.0,6,4,0
1,4,1,4,2.5,5,3,0
4,6,4,6,5.0,10,2,3
10,8,8,10,9.0,18,2,5
8,10,8,10,9.0,18,2,3
6,6,6,6,6.0,12,0,5
7,1,1,7,4.0,8,6,0
1,9,1,9,5.0,10,8,0
4,6,4,6,5.0,10,2,3
2,5,2,5,3.5,7,3,1
4,4,4,4,4.0,8,0,3
9,1,1,9,5.0,10,8,0
7,15,7,15,11.0,22,8,4
45,40,40,45,42.5,85,5,33
33,32,32,33,32.5,65,1,25
9,9,9,9,9.0,18,0,5
1,4,1,4,2.5,5,3,0
13,10,10,13,11.5,23,3,9
5,6,5,6,5.5,11,1,1
1,4,1,4,2.5,5,3,0
12,10,10,12,11.0,22,2,7
12,14,12,14,13.0,26,2,11
1,5,1,5,3.0,6,4,0
9,1,1,9,5.0,10,8,0
19,17,17,19,18.0,36,2,16
12,10,10,12,11.0,22,2,9
9,11,9,11,10.0,20,2,8
6,1,1,6,3.5,7,5,0
17,33,17,33,25.0,50,16,13
4,1,1,4,2.5,5,3,0
9,12,9,12,10.5,21,3,6
5,4,4,5,4.5,9,1,2
47,36,36,47,41.5,83,11,32
49,49,49,49,49.0,98,0,30
4,1,1,4,2.5,5,3,0
27,15,15,27,21.0,42,12,14
7,5,5,7,6.0,12,2,4
8,6,6,8,7.0,14,2,4
5,9,5,9,7.0,14,4,4
6,8,6,8,7.0,14,2,5
6,5,5,6,5.5,11,1,3
11,11,11,11,11.0,22,0,10
6,5,5,6,5.5,11,1,4
5,1,1,5,3.0,6,4,0
19,14,14,19,16.5,33,5,10
1,5,1,5,3.0,6,4,0
25,36,25,36,30.5,61,11,17
1,4,1,4,2.5,5,3,0
17,61,17,61,39.0,78,44,14
6,6,6,6,6.0,12,0,5
4,5,4,5,4.5,9,1,1
12,7,7,12,9.5,19,5,6
42,40,40,42,41.0,82,2,33
7,1,1,7,4.0,8,6,0
40,29,29,40,34.5,69,11,22
1,5,1,5,3.0,6,4,0
6,1,1,6,3.5,7,5,0
11,1,1,11,6.0,12,10,0
24,20,20,24,22.0,44,4,18
15,21,15,21,18.0,36,6,11
4,1,1,4,2.5,5,3,0
15,29,15,29,22.0,44,14,13
12,13,12,13,12.5,25,1,11
4,1,1,4,2.5,5,3,0
4,1,1,4,2.5,5,3,0
10,17,10,17,13.5,27,7,6
8,6,6,8,7.0,14,2,5
8,2,2,8,5.0,10,6,1
2,4,2,4,3.0,6,2,0
5,1,1,5,3.0,6,4,0
8,5,5,8,6.5,13,3,4
2,5,2,5,3.5,7,3,1
33,32,32,33,32.5,65,1,31
22,25,22,25,23.5,47,3,21
14,15,14,15,14.5,29,1,6
5,3,3,5,4.0,8,2,2
16,1,1,16,8.5,17,15,0
34,88,34,88,61.0,122,54,26
5,1,1,5,3.0,6,4,0
5,4,4,5,4.5,9,1,2
8,1,1,8,4.5,9,7,0
7,7,7,7,7.0,14,0,6
28,1,1,28,14.5,29,27,0
1,8,1,8,4.5,9,7,0
2,12,2,12,7.0,14,10,1
12,7,7,12,9.5,19,5,6
7,8,7,8,7.5,15,1,5
1,17,1,17,9.0,18,16,0
2,4,2,4,3.0,6,2,0
1,9,1,9,5.0,10,8,0
10,1,1,10,5.5,11,9,0
9,1,1,9,5.0,10,8,0
18,13,13,18,15.5,31,5,10
11,2,2,11,6.5,13,9,0
4,4,4,4,4.0,8,0,2
1,4,1,4,2.5,5,3,0
5,5,5,5,5.0,10,0,4
5,3,3,5,4.0,8,2,2
38,26,26,38,32.0,64,12,25
26,39,26,39,32.5,65,13,24
6,2,2,6,4.0,8,4,0
17,12,12,17,14.5,29,5,9
21,22,21,22,21.5,43,1,20
6,8,6,8,7.0,14,2,5
5,5,5,5,5.0,10,0,1
1,4,1,4,2.5,5,3,0
8,5,5,8,6.5,13,3,3
21,8,8,21,14.5,29,13,2
6,7,6,7,6.5,13,1,5
2,16,2,16,9.0,18,14,0
4,2,2,4,3.0,6,2,1
11,11,11,11,11.0,22,0,10
14,16,14,16,15.0,30,2,12
5,7,5,7,6.0,12,2,4
6,1,1,6,3.5,7,5,0
20,17,17,20,18.5,37,3,16
8,1,1,8,4.5,9,7,0
4,1,1,4,2.5,5,3,0
12,9,9,12,10.5,21,3,6
23,21,21,23,22.0,44,2,19
17,1,1,17,9.0,18,16,0
4,1,1,4,2.5,5,3,0
6,6,6,6,6.0,12,0,4
4,1,1,4,2.5,5,3,0
2,4,2,4,3.0,6,2,1
5,1,1,5,3.0,6,4,0
5,6,5,6,5.5,11,1,4
13,4,4,13,8.5,17,9,3
5,1,1,5,3.0,6,4,0
8,7,7,8,7.5,15,1,6
5,5,5,5,5.0,10,0,1
5,2,2,5,3.5,7,3,1
5,3,3,5,4.0,8,2,1
8,6,6,8,7.0,14,2,5
13,9,9,13,11.0,22,4,8
4,4,4,4,4.0,8,0,3
11,16,11,16,13.5,27,5,10
5,5,5,5,5.0,10,0,4
5,1,1,5,3.0,6,4,0
31,39,31,39,35.0,70,8,28
12,15,12,15,13.5,27,3,10
8,5,5,8,6.5,13,3,3
14,17,14,17,15.5,31,3,12
1,5,1,5,3.0,6,4,0
1,6,1,6,3.5,7,5,0
6,4,4,6,5.0,10,2,2
20,18,18,20,19.0,38,2,13
1,5,1,5,3.0,6,4,0
26,34,26,34,30.0,60,8,23
5,6,5,6,5.5,11,1,4
5,1,1,5,3.0,6,4,0
6,1,1,6,3.5,7,5,0
4,1,1,4,2.5,5,3,0
4,12,4,12,8.0,16,8,3
8,18,8,18,13.0,26,10,5
7,6,6,7,6.5,13,1,5
8,1,1,8,4.5,9,7,0
6,5,5,6,5.5,11,1,3
2,4,2,4,3.0,6,2,1
4,5,4,5,4.5,9,1,3
3,4,3,4,3.5,7,1,2
1,5,1,5,3.0,6,4,0
9,8,8,9,8.5,17,1,6
4,1,1,4,2.5,5,3,0
19,56,19,56,37.5,75,37,2
14,15,14,15,14.5,29,1,12
6,7,6,7,6.5,13,1,5
22,17,17,22,19.5,39,5,16
4,5,4,5,4.5,9,1,1
29,88,29,88,58.5,117,59,17
7,13,7,13,10.0,20,6,6
1,4,1,4,2.5,5,3,0
19,19,19,19,19.0,38,0,15
1,4,1,4,2.5,5,3,0
19,23,19,23,21.0,42,4,16
6,1,1,6,3.5,7,5,0
1,6,1,6,3.5,7,5,0
6,5,5,6,5.5,11,1,4
20,20,20,20,20.0,40,0,19
4,2,2,4,3.0,6,2,0
2,11,2,11,6.5,13,9,0
5,5,5,5,5.0,10,0,3
7,1,1,7,4.0,8,6,0
1,5,1,5,3.0,6,4,0
19,5,5,19,12.0,24,14,4
1,6,1,6,3.5,7,5,0
7,1,1,7,4.0,8,6,0
29,41,29,41,35.0,70,12,21
4,1,1,4,2.5,5,3,0
7,7,7,7,7.0,14,0,6
7,6,6,7,6.5,13,1,5
16,17,16,17,16.5,33,1,15
23,19,19,23,21.0,42,4,10
5,7,5,7,6.0,12,2,4
14,1,1,14,7.5,15,13,0
13,20,13,20,16.5,33,7,10
8,1,1,8,4.5,9,7,0
1,20,1,20,10.5,21,19,0
12,1,1,12,6.5,13,11,0
5,6,5,6,5.5,11,1,4
6,7,6,7,6.5,13,1,5
13,16,13,16,14.5,29,3,11
5,5,5,5,5.0,10,0,4
5,22,5,22,13.5,27,17,4
14,12,12,14,13.0,26,2,11
1,4,1,4,2.5,5,3,0
15,12,12,15,13.5,27,3,11
6,1,1,6,3.5,7,5,0
2,5,2,5,3.5,7,3,0
4,4,4,4,4.0,8,0,3
1,9,1,9,5.0,10,8,0
6,4,4,6,5.0,10,2,3
1,5,1,5,3.0,6,4,0
7,7,7,7,7.0,14,0,6
2,5,2,5,3.5,7,3,0
32,18,18,32,25.0,50,14,16
13,36,13,36,24.5,49,23,12
5,7,5,7,6.0,12,2,1
11,18,11,18,14.5,29,7,8
12,9,9,12,10.5,21,3,7
1,9,1,9,5.0,10,8,0
1,10,1,10,5.5,11,9,0
15,17,15,17,16.0,32,2,14
11,13,11,13,12.0,24,2,10
5,5,5,5,5.0,10,0,4
1,4,1,4,2.5,5,3,0
5,2,2,5,3.5,7,3,0
8,6,6,8,7.0,14,2,3
5,5,5,5,5.0,10,0,4
4,1,1,4,2.5,5,3,0
8,9,8,9,8.5,17,1,7
10,7,7,10,8.5,17,3,5
1,5,1,5,3.0,6,4,0
39,51,39,51,45.0,90,12,19
19,1,1,19,10.0,20,18,0
14,21,14,21,17.5,35,7,11
1,7,1,7,4.0,8,6,0
4,1,1,4,2.5,5,3,0
22,19,19,22,20.5,41,3,18
10,10,10,10,10.0,20,0,8
6,4,4,6,5.0,10,2,3
5,2,2,5,3.5,7,3,1
4,12,4,12,8.0,16,8,2
1,14,1,14,7.5,15,13,0
10,7,7,10,8.5,17,3,2
2,5,2,5,3.5,7,3,0
4,1,1,4,2.5,5,3,0
1,4,1,4,2.5,5,3,0
1,9,1,9,5.0,10,8,0
1,7,1,7,4.0,8,6,0
13,13,13,13,13.0,26,0,7
5,6,5,6,5.5,11,1,0
8,2,2,8,5.0,10,6,1
11,12,11,12,11.5,23,1,10
1,4,1,4,2.5,5,3,0
5,1,1,5,3.0,6,4,0
16,27,16,27,21.5,43,11,0
1,7,1,7,4.0,8,6,0
26,26,26,26,26.0,52,0,25
1,7,1,7,4.0,8,6,0
41,30,30,41,35.5,71,11,25
2,10,2,10,6.0,12,8,0
1,5,1,5,3.0,6,4,0
23,24,23,24,23.5,47,1,21
43,48,43,48,45.5,91,5,35
4,6,4,6,5.0,10,2,3
1,6,1,6,3.5,7,5,0
5,1,1,5,3.0,6,4,0
26,27,26,27,26.5,53,1,25
18,14,14,18,16.0,32,4,12
33,23,23,33,28.0,56,10,20
11,10,10,11,10.5,21,1,9
6,1,1,6,3.5,7,5,0
42,18,18,42,30.0,60,24,17
44,13,13,44,28.5,57,31,4
19,9,9,19,14.0,28,10,8
5,7,5,7,6.0,12,2,2
6,2,2,6,4.0,8,4,1
4,4,4,4,4.0,8,0,3
1,4,1,4,2.5,5,3,0
4,1,1,4,2.5,5,3,0
5,1,1,5,3.0,6,4,0
6,7,6,7,6.5,13,1,5
7,6,6,7,6.5,13,1,5
1,16,1,16,8.5,17,15,0
10,10,10,10,10.0,20,0,8
42,24,24,42,33.0,66,18,23
49,25,25,49,37.0,74,24,24
16,17,16,17,16.5,33,1,7
11,1,1,11,6.0,12,10,0
7,5,5,7,6.0,12,2,4
21,3,3,21,12.0,24,18,1
16,14,14,16,15.0,30,2,13
13,7,7,13,10.0,20,6,6
1,10,1,10,5.5,11,9,0
5,4,4,5,4.5,9,1,3
18,24,18,24,21.0,42,6,16
32,32,32,32,32.0,64,0,30
7,7,7,7,7.0,14,0,6
14,13,13,14,13.5,27,1,12
6,1,1,6,3.5,7,5,0
16,12,12,16,14.0,28,4,6
1,7,1,7,4.0,8,6,0
38,27,27,38,32.5,65,11,26
36,34,34,36,35.0,70,2,30
19,31,19,31,25.0,50,12,11
1,5,1,5,3.0,6,4,0
8,6,6,8,7.0,14,2,3
1,6,1,6,3.5,7,5,0
5,2,2,5,3.5,7,3,1
6,9,6,9,7.5,15,3,5
18,10,10,18,14.0,28,8,9
1,5,1,5,3.0,6,4,0
1,6,1,6,3.5,7,5,0
6,7,6,7,6.5,13,1,5
4,3,3,4,3.5,7,1,2
14,13,13,14,13.5,27,1,12
1,9,1,9,5.0,10,8,0
5,20,5,20,12.5,25,15,0
1,6,1,6,3.5,7,5,0
1,5,1,5,3.0,6,4,0
2,5,2,5,3.5,7,3,0
4,1,1,4,2.5,5,3,0
4,7,4,7,5.5,11,3,1
4,4,4,4,4.0,8,0,1
9,12,9,12,10.5,21,3,6
15,13,13,15,14.0,28,2,12
18,20,18,20,19.0,38,2,13
13,13,13,13,13.0,26,0,11
7,7,7,7,7.0,14,0,6
11,37,11,37,24.0,48,26,10
1,12,1,12,6.5,13,11,0
1,9,1,9,5.0,10,8,0
12,12,12,12,12.0,24,0,11
5,4,4,5,4.5,9,1,2
4,4,4,4,4.0,8,0,3
22,21,21,22,21.5,43,1,20
5,1,1,5,3.0,6,4,0
13,21,13,21,17.0,34,8,10
6,5,5,6,5.5,11,1,4
1,4,1,4,2.5,5,3,0
12,1,1,12,6.5,13,11,0
14,13,13,14,13.5,27,1,6
6,2,2,6,4.0,8,4,1
9,11,9,11,10.0,20,2,7
10,8,8,10,9.0,18,2,6
1,52,1,52,26.5,53,51,0
1,5,1,5,3.0,6,4,0
1,6,1,6,3.5,7,5,0
7,15,7,15,11.0,22,8,6
17,17,17,17,17.0,34,0,16
1,6,1,6,3.5,7,5,0
1,8,1,8,4.5,9,7,0
5,6,5,6,5.5,11,1,4
1,15,1,15,8.0,16,14,0
1,4,1,4,2.5,5,3,0
1,6,1,6,3.5,7,5,0
14,14,14,14,14.0,28,0,13
21,1,1,21,11.0,22,20,0
5,8,5,8,6.5,13,3,3
4,1,1,4,2.5,5,3,0
6,7,6,7,6.5,13,1,5
41,46,41,46,43.5,87,5,31
5,2,2,5,3.5,7,3,0
35,31,31,35,33.0,66,4,24
9,4,4,9,6.5,13,5,2
4,1,1,4,2.5,5,3,0
12,17,12,17,14.5,29,5,10
2,5,2,5,3.5,7,3,0
10,10,10,10,10.0,20,0,6
7,6,6,7,6.5,13,1,5
23,21,21,23,22.0,44,2,19
8,7,7,8,7.5,15,1,6
8,6,6,8,7.0,14,2,5
8,12,8,12,10.0,20,4,6
16,9,9,16,12.5,25,7,8
6,5,5,6,5.5,11,1,4
5,4,4,5,4.5,9,1,3
20,14,14,20,17.0,34,6,11
11,1,1,11,6.0,12,10,0
5,1,1,5,3.0,6,4,0
1,10,1,10,5.5,11,9,0
17,12,12,17,14.5,29,5,11
17,14,14,17,15.5,31,3,10
5,8,5,8,6.5,13,3,3
4,4,4,4,4.0,8,0,2
9,2,2,9,5.5,11,7,0
14,36,14,36,25.0,50,22,12
11,8,8,11,9.5,19,3,5
14,14,14,14,14.0,28,0,13
7,1,1,7,4.0,8,6,0
43,44,43,44,43.5,87,1,42
6,2,2,6,4.0,8,4,1
5,4,4,5,4.5,9,1,3
1,4,1,4,2.5,5,3,0
4,2,2,4,3.0,6,2,1
7,7,7,7,7.0,14,0,6
4,1,1,4,2.5,5,3,0
2,7,2,7,4.5,9,5,0
4,1,1,4,2.5,5,3,0
22,25,22,25,23.5,47,3,21
1,7,1,7,4.0,8,6,0
7,8,7,8,7.5,15,1,6
4,6,4,6,5.0,10,2,1
24,24,24,24,24.0,48,0,21
42,29,29,42,35.5,71,13,25
43,48,43,48,45.5,91,5,35
2,4,2,4,3.0,6,2,1
5,4,4,5,4.5,9,1,3
22,27,22,27,24.5,49,5,19
6,10,6,10,8.0,16,4,3
9,9,9,9,9.0,18,0,8
20,11,11,20,15.5,31,9,9
2,107,2,107,54.5,109,105,1
6,1,1,6,3.5,7,5,0
2,5,2,5,3.5,7,3,0
4,7,4,7,5.5,11,3,3
7,7,7,7,7.0,14,0,6
1,6,1,6,3.5,7,5,0
33,32,32,33,32.5,65,1,31
1,4,1,4,2.5,5,3,0
45,47,45,47,46.0,92,2,33
15,3,3,15,9.0,18,12,0
1,6,1,6,3.5,7,5,0
4,1,1,4,2.5,5,3,0
6,12,6,12,9.0,18,6,5
19,1,1,19,10.0,20,18,0
17,5,5,17,11.0,22,12,2
1,13,1,13,7.0,14,12,0
5,1,1,5,3.0,6,4,0
15,13,13,15,14.0,28,2,11
2,5,2,5,3.5,7,3,1
4,10,4,10,7.0,14,6,0
39,41,39,41,40.0,80,2,30
13,9,9,13,11.0,22,4,8
2,4,2,4,3.0,6,2,1
1,5,1,5,3.0,6,4,0
1,6,1,6,3.5,7,5,0
4,1,1,4,2.5,5,3,0
5,1,1,5,3.0,6,4,0
10,10,10,10,10.0,20,0,6
30,45,30,45,37.5,75,15,26
7,6,6,7,6.5,13,1,5
24,28,24,28,26.0,52,4,22
2,5,2,5,3.5,7,3,1
4,5,4,5,4.5,9,1,3
11,8,8,11,9.5,19,3,7
6,1,1,6,3.5,7,5,0
13,8,8,13,10.5,21,5,6
21,22,21,22,21.5,43,1,20
4,1,1,4,2.5,5,3,0
21,2,2,21,11.5,23,19,0
9,8,8,9,8.5,17,1,7
17,24,17,24,20.5,41,7,13
4,1,1,4,2.5,5,3,0
32,17,17,32,24.5,49,15,9
8,9,8,9,8.5,17,1,7
7,7,7,7,7.0,14,0,6
1,12,1,12,6.5,13,11,0
1,5,1,5,3.0,6,4,0
1,4,1,4,2.5,5,3,0
11,7,7,11,9.0,18,4,6
16,9,9,16,12.5,25,7,8
15,20,15,20,17.5,35,5,10
12,10,10,12,11.0,22,2,7
27,23,23,27,25.0,50,4,22
1,7,1,7,4.0,8,6,0
7,13,7,13,10.0,20,6,6
2,6,2,6,4.0,8,4,0
1,6,1,6,3.5,7,5,0
14,11,11,14,12.5,25,3,8
3,5,3,5,4.0,8,2,2
1,4,1,4,2.5,5,3,0
8,5,5,8,6.5,13,3,3
4,4,4,4,4.0,8,0,2
6,5,5,6,5.5,11,1,4
25,29,25,29,27.0,54,4,18
11,13,11,13,12.0,24,2,7
17,18,17,18,17.5,35,1,9
11,11,11,11,11.0,22,0,7
11,8,8,11,9.5,19,3,6
17,16,16,17,16.5,33,1,14
1,6,1,6,3.5,7,5,0
5,5,5,5,5.0,10,0,4
10,6,6,10,8.0,16,4,1
5,7,5,7,6.0,12,2,4
3,16,3,16,9.5,19,13,1
4,1,1,4,2.5,5,3,0
12,2,2,12,7.0,14,10,0
20,22,20,22,21.0,42,2,19
4,1,1,4,2.5,5,3,0
4,1,1,4,2.5,5,3,0
1,29,1,29,15.0,30,28,0
6,5,5,6,5.5,11,1,3
8,10,8,10,9.0,18,2,0
7,7,7,7,7.0,14,0,6
11,31,11,31,21.0,42,20,10
7,2,2,7,4.5,9,5,1
17,13,13,17,15.0,30,4,12
25,17,17,25,21.0,42,8,15
1,8,1,8,4.5,9,7,0
18,18,18,18,18.0,36,0,14
1,6,1,6,3.5,7,5,0
11,16,11,16,13.5,27,5,7
4,4,4,4,4.0,8,0,3
5,6,5,6,5.5,11,1,2
11,12,11,12,11.5,23,1,10
11,8,8,11,9.5,19,3,3
5,6,5,6,5.5,11,1,4
1,4,1,4,2.5,5,3,0
10,5,5,10,7.5,15,5,4
31,25,25,31,28.0,56,6,24
42,55,42,55,48.5,97,13,40
5,5,5,5,5.0,10,0,4
9,9,9,9,9.0,18,0,8
15,14,14,15,14.5,29,1,13
25,26,25,26,25.5,51,1,24
19,18,18,19,18.5,37,1,17
1,5,1,5,3.0,6,4,0
25,15,15,25,20.0,40,10,14
1,7,1,7,4.0,8,6,0
4,12,4,12,8.0,16,8,2
5,8,5,8,6.5,13,3,2
5,5,5,5,5.0,10,0,4
4,1,1,4,2.5,5,3,0
20,21,20,21,20.5,41,1,18
34,6,6,34,20.0,40,28,3
5,6,5,6,5.5,11,1,4
1,8,1,8,4.5,9,7,0
6,8,6,8,7.0,14,2,4
31,36,31,36,33.5,67,5,24
8,1,1,8,4.5,9,7,0
3,20,3,20,11.5,23,17,2
8,1,1,8,4.5,9,7,0
2,4,2,4,3.0,6,2,0
8,6,6,8,7.0,14,2,4
14,2,2,14,8.0,16,12,0
7,1,1,7,4.0,8,6,0
4,4,4,4,4.0,8,0,2
12,17,12,17,14.5,29,5,11
7,10,7,10,8.5,17,3,5
4,2,2,4,3.0,6,2,1
5,1,1,5,3.0,6,4,0
18,23,18,23,20.5,41,5,14
4,4,4,4,4.0,8,0,3
1,18,1,18,9.5,19,17,0
22,14,14,22,18.0,36,8,13
1,11,1,11,6.0,12,10,0
51,42,42,51,46.5,93,9,25
13,13,13,13,13.0,26,0,12
1,4,1,4,2.5,5,3,0
1,11,1,11,6.0,12,10,0
5,5,5,5,5.0,10,0,4
1,4,1,4,2.5,5,3,0
17,15,15,17,16.0,32,2,10
9,9,9,9,9.0,18,0,8
7,26,7,26,16.5,33,19,5
1,4,1,4,2.5,5,3,0
4,1,1,4,2.5,5,3,0
13,15,13,15,14.0,28,2,12
4,1,1,4,2.5,5,3,0
8,8,8,8,8.0,16,0,6
1,6,1,6,3.5,7,5,0
2,6,2,6,4.0,8,4,1
5,4,4,5,4.5,9,1,3
24,19,19,24,21.5,43,5,17
3,9,3,9,6.0,12,6,2
14,13,13,14,13.5,27,1,12
1,4,1,4,2.5,5,3,0
10,13,10,13,11.5,23,3,8
11,3,3,11,7.0,14,8,0
4,4,4,4,4.0,8,0,3
8,8,8,8,8.0,16,0,7
6,2,2,6,4.0,8,4,1
5,9,5,9,7.0,14,4,3
10,13,10,13,11.5,23,3,9
9,8,8,9,8.5,17,1,7
1,5,1,5,3.0,6,4,0
48,23,23,48,35.5,71,25,16
13,14,13,14,13.5,27,1,9
2,4,2,4,3.0,6,2,0
2,7,2,7,4.5,9,5,1
5,5,5,5,5.0,10,0,3
4,1,1,4,2.5,5,3,0
4,2,2,4,3.0,6,2,1
15,16,15,16,15.5,31,1,14
6,11,6,11,8.5,17,5,5
32,32,32,32,32.0,64,0,30
5,4,4,5,4.5,9,1,2
6,5,5,6,5.5,11,1,1
2,9,2,9,5.5,11,7,0
8,5,5,8,6.5,13,3,4
4,1,1,4,2.5,5,3,0
6,1,1,6,3.5,7,5,0
5,1,1,5,3.0,6,4,0
1,5,1,5,3.0,6,4,0
2,4,2,4,3.0,6,2,1
1,6,1,6,3.5,7,5,0
7,1,1,7,4.0,8,6,0
5,6,5,6,5.5,11,1,3
45,44,44,45,44.5,89,1,32
19,24,19,24,21.5,43,5,1
8,11,8,11,9.5,19,3,6
1,5,1,5,3.0,6,4,0
25,18,18,25,21.5,43,7,11
14,13,13,14,13.5,27,1,10
7,6,6,7,6.5,13,1,4
8,6,6,8,7.0,14,2,5
8,6,6,8,7.0,14,2,3
9,13,9,13,11.0,22,4,5
5,1,1,5,3.0,6,4,0
1,12,1,12,6.5,13,11,0
7,7,7,7,7.0,14,0,4
26,1,1,26,13.5,27,25,0
2,6,2,6,4.0,8,4,1
5,2,2,5,3.5,7,3,0
4,1,1,4,2.5,5,3,0
5,1,1,5,3.0,6,4,0
6,1,1,6,3.5,7,5,0
4,1,1,4,2.5,5,3,0
16,12,12,16,14.0,28,4,7
4,6,4,6,5.0,10,2,2
8,7,7,8,7.5,15,1,5
7,6,6,7,6.5,13,1,5
2,4,2,4,3.0,6,2,0
4,5,4,5,4.5,9,1,2
21,20,20,21,20.5,41,1,17
5,1,1,5,3.0,6,4,0
4,1,1,4,2.5,5,3,0
5,6,5,6,5.5,11,1,4
7,9,7,9,8.0,16,2,6
4,1,1,4,2.5,5,3,0
10,10,10,10,10.0,20,0,9
14,14,14,14,14.0,28,0,13
20,24,20,24,22.0,44,4,19
31,34,31,34,32.5,65,3,25
2,10,2,10,6.0,12,8,1
30,38,30,38,34.0,68,8,23
5,8,5,8,6.5,13,3,0
11,14,11,14,12.5,25,3,6
8,2,2,8,5.0,10,6,1
1,7,1,7,4.0,8,6,0
5,6,5,6,5.5,11,1,4
25,26,25,26,25.5,51,1,23
11,9,9,11,10.0,20,2,6
1,27,1,27,14.0,28,26,0
1,43,1,43,22.0,44,42,0
1,7,1,7,4.0,8,6,0
8,6,6,8,7.0,14,2,5
1,8,1,8,4.5,9,7,0
2,4,2,4,3.0,6,2,1
4,2,2,4,3.0,6,2,1
13,20,13,20,16.5,33,7,12
5,5,5,5,5.0,10,0,4
15,21,15,21,18.0,36,6,11
5,38,5,38,21.5,43,33,0
31,23,23,31,27.0,54,8,18
5,12,5,12,8.5,17,7,4
26,5,5,26,15.5,31,21,1
24,21,21,24,22.5,45,3,19
7,7,7,7,7.0,14,0,5
1,13,1,13,7.0,14,12,0
4,4,4,4,4.0,8,0,2
49,38,38,49,43.5,87,11,29
1,6,1,6,3.5,7,5,0
1,7,1,7,4.0,8,6,0
2,4,2,4,3.0,6,2,0
5,1,1,5,3.0,6,4,0
4,6,4,6,5.0,10,2,3
31,32,31,32,31.5,63,1,29
10,4,4,10,7.0,14,6,2
31,6,6,31,18.5,37,25,5
19,23,19,23,21.0,42,4,5
29,1,1,29,15.0,30,28,0
4,1,1,4,2.5,5,3,0
7,9,7,9,8.0,16,2,4
1,6,1,6,3.5,7,5,0
11,6,6,11,8.5,17,5,4
3,5,3,5,4.0,8,2,2
4,1,1,4,2.5,5,3,0
6,5,5,6,5.5,11,1,1
3,9,3,9,6.0,12,6,2
13,7,7,13,10.0,20,6,4
12,32,12,32,22.0,44,20,1
4,5,4,5,4.5,9,1,1
6,4,4,6,5.0,10,2,0
12,7,7,12,9.5,19,5,4
11,12,11,12,11.5,23,1,10
5,5,5,5,5.0,10,0,3
4,1,1,4,2.5,5,3,0
6,12,6,12,9.0,18,6,5
2,15,2,15,8.5,17,13,1
42,49,42,49,45.5,91,7,25
10,2,2,10,6.0,12,8,0
29,29,29,29,29.0,58,0,18
7,1,1,7,4.0,8,6,0
5,5,5,5,5.0,10,0,4
4,15,4,15,9.5,19,11,0
8,8,8,8,8.0,16,0,7
1,11,1,11,6.0,12,10,0
8,8,8,8,8.0,16,0,7
5,5,5,5,5.0,10,0,4
33,32,32,33,32.5,65,1,31
34,17,17,34,25.5,51,17,13
1,17,1,17,9.0,18,16,0
4,6,4,6,5.0,10,2,3
6,7,6,7,6.5,13,1,5
10,6,6,10,8.0,16,4,1
8,7,7,8,7.5,15,1,5
1,7,1,7,4.0,8,6,0
5,1,1,5,3.0,6,4,0
13,5,5,13,9.0,18,8,1
5,1,1,5,3.0,6,4,0
4,1,1,4,2.5,5,3,0
8,5,5,8,6.5,13,3,4
1,6,1,6,3.5,7,5,0
4,1,1,4,2.5,5,3,0
7,1,1,7,4.0,8,6,0
12,19,12,19,15.5,31,7,1
11,13,11,13,12.0,24,2,8
9,1,1,9,5.0,10,8,0
4,2,2,4,3.0,6,2,1
1,4,1,4,2.5,5,3,0
19,18,18,19,18.5,37,1,17
5,6,5,6,5.5,11,1,2
1,7,1,7,4.0,8,6,0
4,9,4,9,6.5,13,5,2
1,10,1,10,5.5,11,9,0
2,4,2,4,3.0,6,2,1
11,9,9,11,10.0,20,2,8
13,11,11,13,12.0,24,2,10
9,4,4,9,6.5,13,5,0
5,6,5,6,5.5,11,1,3
7,6,6,7,6.5,13,1,5
25,25,25,25,25.0,50,0,23
6,1,1,6,3.5,7,5,0
29,28,28,29,28.5,57,1,23
7,9,7,9,8.0,16,2,2
5,1,1,5,3.0,6,4,0
4,8,4,8,6.0,12,4,3
1,4,1,4,2.5,5,3,0
7,2,2,7,4.5,9,5,0
5,1,1,5,3.0,6,4,0
6,3,3,6,4.5,9,3,2
4,2,2,4,3.0,6,2,0
13,21,13,21,17.0,34,8,12
1,4,1,4,2.5,5,3,0
4,1,1,4,2.5,5,3,0
10,1,1,10,5.5,11,9,0
7,6,6,7,6.5,13,1,5
1,24,1,24,12.5,25,23,0
4,4,4,4,4.0,8,0,2
5,1,1,5,3.0,6,4,0
1,6,1,6,3.5,7,5,0
1,5,1,5,3.0,6,4,0
4,5,4,5,4.5,9,1,3
1,28,1,28,14.5,29,27,0
11,12,11,12,11.5,23,1,10
4,4,4,4,4.0,8,0,2
9,1,1,9,5.0,10,8,0
16,7,7,16,11.5,23,9,2
12,12,12,12,12.0,24,0,11
12,1,1,12,6.5,13,11,0
1,6,1,6,3.5,7,5,0
2,13,2,13,7.5,15,11,0
7,7,7,7,7.0,14,0,6
3,24,3,24,13.5,27,21,0
7,5,5,7,6.0,12,2,4
9,6,6,9,7.5,15,3,4
4,18,4,18,11.0,22,14,0
4,1,1,4,2.5,5,3,0
4,5,4,5,4.5,9,1,0
17,16,16,17,16.5,33,1,13
4,1,1,4,2.5,5,3,0
27,26,26,27,26.5,53,1,24
2,4,2,4,3.0,6,2,1
1,4,1,4,2.5,5,3,0
4,4,4,4,4.0,8,0,0
5,6,5,6,5.5,11,1,4
1,5,1,5,3.0,6,4,0
11,11,11,11,11.0,22,0,10
4,4,4,4,4.0,8,0,2
16,1,1,16,8.5,17,15,0
4,1,1,4,2.5,5,3,0
3,14,3,14,8.5,17,11,1
20,22,20,22,21.0,42,2,17
5,1,1,5,3.0,6,4,0
8,4,4,8,6.0,12,4,3
18,25,18,25,21.5,43,7,17
10,7,7,10,8.5,17,3,6
13,9,9,13,11.0,22,4,5
1,4,1,4,2.5,5,3,0
7,8,7,8,7.5,15,1,5
6,2,2,6,4.0,8,4,1
6,1,1,6,3.5,7,5,0
6,5,5,6,5.5,11,1,3
15,20,15,20,17.5,35,5,12
5,1,1,5,3.0,6,4,0
4,1,1,4,2.5,5,3,0
18,16,16,18,17.0,34,2,15
4,1,1,4,2.5,5,3,0
11,1,1,11,6.0,12,10,0
3,5,3,5,4.0,8,2,2
30,32,30,32,31.0,62,2,28
1,5,1,5,3.0,6,4,0
1,5,1,5,3.0,6,4,0
11,11,11,11,11.0,22,0,10
7,6,6,7,6.5,13,1,4
4,1,1,4,2.5,5,3,0
1,4,1,4,2.5,5,3,0
39,20,20,39,29.5,59,19,8
18,23,18,23,20.5,41,5,16
4,1,1,4,2.5,5,3,0
1,4,1,4,2.5,5,3,0
9,10,9,10,9.5,19,1,8
3,4,3,4,3.5,7,1,2
4,1,1,4,2.5,5,3,0
4,5,4,5,4.5,9,1,2
21,5,5,21,13.0,26,16,4
7,6,6,7,6.5,13,1,4
1,4,1,4,2.5,5,3,0
29,21,21,29,25.0,50,8,19
7,6,6,7,6.5,13,1,5
10,1,1,10,5.5,11,9,0
5,1,1,5,3.0,6,4,0
17,21,17,21,19.0,38,4,13
5,6,5,6,5.5,11,1,4
7,1,1,7,4.0,8,6,0
8,6,6,8,7.0,14,2,5
1,6,1,6,3.5,7,5,0
2,88,2,88,45.0,90,86,1
8,8,8,8,8.0,16,0,7
1,5,1,5,3.0,6,4,0
28,27,27,28,27.5,55,1,25
13,13,13,13,13.0,26,0,8
1,9,1,9,5.0,10,8,0
5,6,5,6,5.5,11,1,3
2,4,2,4,3.0,6,2,0
6,1,1,6,3.5,7,5,0
2,6,2,6,4.0,8,4,1
7,7,7,7,7.0,14,0,6
24,66,24,66,45.0,90,42,0
11,5,5,11,8.0,16,6,3
5,5,5,5,5.0,10,0,4
1,4,1,4,2.5,5,3,0
4,4,4,4,4.0,8,0,3
7,1,1,7,4.0,8,6,0
1,6,1,6,3.5,7,5,0
13,15,13,15,14.0,28,2,8
12,1,1,12,6.5,13,11,0
5,7,5,7,6.0,12,2,0
8,8,8,8,8.0,16,0,7
4,2,2,4,3.0,6,2,1
5,5,5,5,5.0,10,0,4
1,8,1,8,4.5,9,7,0
11,14,11,14,12.5,25,3,9
5,2,2,5,3.5,7,3,1
3,4,3,4,3.5,7,1,2
1,4,1,4,2.5,5,3,0
5,4,4,5,4.5,9,1,3
8,5,5,8,6.5,13,3,0
5,2,2,5,3.5,7,3,0
6,2,2,6,4.0,8,4,0
6,1,1,6,3.5,7,5,0
16,13,13,16,14.5,29,3,10
7,1,1,7,4.0,8,6,0
22,13,13,22,17.5,35,9,12
2,4,2,4,3.0,6,2,1
31,18,18,31,24.5,49,13,14
11,4,4,11,7.5,15,7,2
4,1,1,4,2.5,5,3,0
18,18,18,18,18.0,36,0,16
6,8,6,8,7.0,14,2,4
29,20,20,29,24.5,49,9,19
4,1,1,4,2.5,5,3,0
15,14,14,15,14.5,29,1,13
8,1,1,8,4.5,9,7,0
1,5,1,5,3.0,6,4,0
10,1,1,10,5.5,11,9,0
17,18,17,18,17.5,35,1,16
1,7,1,7,4.0,8,6,0
20,29,20,29,24.5,49,9,18
4,4,4,4,4.0,8,0,3
5,4,4,5,4.5,9,1,3
1,4,1,4,2.5,5,3,0
15,3,3,15,9.0,18,12,2
7,3,3,7,5.0,10,4,2
5,8,5,8,6.5,13,3,1
4,5,4,5,4.5,9,1,3
43,23,23,43,33.0,66,20,22
8,2,2,8,5.0,10,6,1
1,6,1,6,3.5,7,5,0
1,7,1,7,4.0,8,6,0
9,11,9,11,10.0,20,2,0
1,4,1,4,2.5,5,3,0
5,1,1,5,3.0,6,4,0
6,1,1,6,3.5,7,5,0
9,4,4,9,6.5,13,5,2
1,4,1,4,2.5,5,3,0
6,3,3,6,4.5,9,3,2
1,4,1,4,2.5,5,3,0
1,6,1,6,3.5,7,5,0
1,5,1,5,3.0,6,4,0
1,23,1,23,12.0,24,22,0
7,7,7,7,7.0,14,0,6
5,9,5,9,7.0,14,4,4
14,17,14,17,15.5,31,3,13
7,8,7,8,7.5,15,1,4
5,10,5,10,7.5,15,5,3
7,9,7,9,8.0,16,2,5
12,15,12,15,13.5,27,3,9
6,7,6,7,6.5,13,1,4
1,9,1,9,5.0,10,8,0
1,4,1,4,2.5,5,3,0
3,4,3,4,3.5,7,1,2
6,1,1,6,3.5,7,5,0
1,4,1,4,2.5,5,3,0
1,9,1,9,5.0,10,8,0
1,9,1,9,5.0,10,8,0
1,7,1,7,4.0,8,6,0
5,1,1,5,3.0,6,4,0
4,1,1,4,2.5,5,3,0
10,4,4,10,7.0,14,6,3
5,6,5,6,5.5,11,1,4
39,31,31,39,35.0,70,8,23
3,6,3,6,4.5,9,3,2
1,5,1,5,3.0,6,4,0
12,12,12,12,12.0,24,0,11
18,20,18,20,19.0,38,2,16
8,10,8,10,9.0,18,2,7
7,9,7,9,8.0,16,2,6
8,8,8,8,8.0,16,0,7
19,20,19,20,19.5,39,1,16
11,25,11,25,18.0,36,14,9
19,13,13,19,16.0,32,6,12
7,8,7,8,7.5,15,1,5
31,32,31,32,31.5,63,1,29
6,9,6,9,7.5,15,3,2
1,6,1,6,3.5,7,5,0
6,6,6,6,6.0,12,0,5
2,4,2,4,3.0,6,2,1
9,9,9,9,9.0,18,0,8
5,5,5,5,5.0,10,0,4
45,88,45,88,66.5,133,43,30
4,4,4,4,4.0,8,0,3
1,6,1,6,3.5,7,5,0
14,27,14,27,20.5,41,13,13
4,1,1,4,2.5,5,3,0
5,1,1,5,3.0,6,4,0
13,8,8,13,10.5,21,5,3
9,11,9,11,10.0,20,2,7
25,27,25,27,26.0,52,2,16
9,10,9,10,9.5,19,1,5
16,19,16,19,17.5,35,3,15
1,23,1,23,12.0,24,22,0
33,31,31,33,32.0,64,2,25
6,5,5,6,5.5,11,1,3
5,1,1,5,3.0,6,4,0
4,4,4,4,4.0,8,0,3
6,12,6,12,9.0,18,6,4
9,1,1,9,5.0,10,8,0
20,16,16,20,18.0,36,4,13
1,6,1,6,3.5,7,5,0
10,1,1,10,5.5,11,9,0
4,1,1,4,2.5,5,3,0
1,10,1,10,5.5,11,9,0
5,2,2,5,3.5,7,3,1
1,4,1,4,2.5,5,3,0
11,17,11,17,14.0,28,6,10
33,40,33,40,36.5,73,7,21
10,11,10,11,10.5,21,1,8
1,27,1,27,14.0,28,26,0
10,1,1,10,5.5,11,9,0
6,6,6,6,6.0,12,0,2
27,24,24,27,25.5,51,3,22
8,12,8,12,10.0,20,4,7
1,5,1,5,3.0,6,4,0
9,10,9,10,9.5,19,1,8
8,1,1,8,4.5,9,7,0
30,32,30,32,31.0,62,2,29
20,10,10,20,15.0,30,10,9
19,28,19,28,23.5,47,9,13
4,1,1,4,2.5,5,3,0
6,7,6,7,6.5,13,1,5
4,1,1,4,2.5,5,3,0
11,13,11,13,12.0,24,2,8
26,1,1,26,13.5,27,25,0
16,20,16,20,18.0,36,4,14
7,7,7,7,7.0,14,0,4
8,4,4,8,6.0,12,4,3
21,12,12,21,16.5,33,9,10
3,5,3,5,4.0,8,2,2
5,4,4,5,4.5,9,1,3
2,20,2,20,11.0,22,18,0
4,6,4,6,5.0,10,2,3
1,4,1,4,2.5,5,3,0
5,2,2,5,3.5,7,3,1
7,7,7,7,7.0,14,0,5
4,1,1,4,2.5,5,3,0
1,6,1,6,3.5,7,5,0
6,1,1,6,3.5,7,5,0
18,1,1,18,9.5,19,17,0
8,1,1,8,4.5,9,7,0
23,21,21,23,22.0,44,2,20
5,7,5,7,6.0,12,2,4
5,1,1,5,3.0,6,4,0
1,4,1,4,2.5,5,3,0
16,18,16,18,17.0,34,2,11
8,12,8,12,10.0,20,4,7
8,12,8,12,10.0,20,4,7
1,9,1,9,5.0,10,8,0
43,34,34,43,38.5,77,9,27
26,27,26,27,26.5,53,1,25
32,36,32,36,34.0,68,4,31
8,11,8,11,9.5,19,3,2
12,4,4,12,8.0,16,8,3
8,5,5,8,6.5,13,3,1
5,5,5,5,5.0,10,0,4
6,6,6,6,6.0,12,0,1
1,17,1,17,9.0,18,16,0
27,26,26,27,26.5,53,1,25
1,4,1,4,2.5,5,3,0
5,5,5,5,5.0,10,0,4
6,1,1,6,3.5,7,5,0
5,5,5,5,5.0,10,0,3
25,33,25,33,29.0,58,8,24
5,4,4,5,4.5,9,1,2
19,18,18,19,18.5,37,1,17
9,1,1,9,5.0,10,8,0
25,31,25,31,28.0,56,6,16
10,1,1,10,5.5,11,9,0
1,7,1,7,4.0,8,6,0
24,38,24,38,31.0,62,14,19
2,5,2,5,3.5,7,3,1
10,2,2,10,6.0,12,8,1
6,8,6,8,7.0,14,2,5
15,17,15,17,16.0,32,2,13
8,8,8,8,8.0,16,0,7
11,20,11,20,15.5,31,9,9
3,4,3,4,3.5,7,1,2
10,12,10,12,11.0,22,2,9
1,13,1,13,7.0,14,12,0
1,5,1,5,3.0,6,4,0
10,11,10,11,10.5,21,1,9
4,1,1,4,2.5,5,3,0
4,2,2,4,3.0,6,2,1
1,10,1,10,5.5,11,9,0
14,16,14,16,15.0,30,2,10
5,2,2,5,3.5,7,3,0
27,27,27,27,27.0,54,0,26
2,5,2,5,3.5,7,3,1
2,6,2,6,4.0,8,4,1
1,12,1,12,6.5,13,11,0
12,1,1,12,6.5,13,11,0
5,7,5,7,6.0,12,2,0
4,2,2,4,3.0,6,2,1
5,1,1,5,3.0,6,4,0
4,1,1,4,2.5,5,3,0
5,5,5,5,5.0,10,0,2
4,1,1,4,2.5,5,3,0
1,5,1,5,3.0,6,4,0
1,5,1,5,3.0,6,4,0
10,8,8,10,9.0,18,2,7
5,9,5,9,7.0,14,4,3
19,19,19,19,19.0,38,0,18
7,8,7,8,7.5,15,1,4
1,12,1,12,6.5,13,11,0
4,4,4,4,4.0,8,0,3
7,9,7,9,8.0,16,2,6
10,34,10,34,22.0,44,24,8
8,8,8,8,8.0,16,0,7
4,7,4,7,5.5,11,3,2
2,13,2,13,7.5,15,11,1
13,36,13,36,24.5,49,23,12
5,1,1,5,3.0,6,4,0
30,10,10,30,20.0,40,20,2
20,20,20,20,20.0,40,0,18
25,23,23,25,24.0,48,2,21
5,9,5,9,7.0,14,4,4
7,4,4,7,5.5,11,3,1
24,66,24,66,45.0,90,42,21
46,43,43,46,44.5,89,3,32
61,1,1,61,31.0,62,60,0
6,1,1,6,3.5,7,5,0
5,5,5,5,5.0,10,0,4
18,19,18,19,18.5,37,1,12
1,7,1,7,4.0,8,6,0
5,5,5,5,5.0,10,0,0
7,7,7,7,7.0,14,0,6
14,12,12,14,13.0,26,2,8
5,6,5,6,5.5,11,1,2
1,4,1,4,2.5,5,3,0
7,13,7,13,10.0,20,6,4
1,6,1,6,3.5,7,5,0
1,7,1,7,4.0,8,6,0
15,10,10,15,12.5,25,5,7
2,8,2,8,5.0,10,6,1
13,15,13,15,14.0,28,2,12
7,1,1,7,4.0,8,6,0
14,14,14,14,14.0,28,0,13
1,15,1,15,8.0,16,14,0
8,20,8,20,14.0,28,12,5
5,7,5,7,6.0,12,2,3
13,10,10,13,11.5,23,3,8
8,7,7,8,7.5,15,1,6
8,13,8,13,10.5,21,5,5
2,5,2,5,3.5,7,3,0
24,26,24,26,25.0,50,2,23
5,5,5,5,5.0,10,0,3
4,1,1,4,2.5,5,3,0
5,5,5,5,5.0,10,0,4
4,1,1,4,2.5,5,3,0
6,1,1,6,3.5,7,5,0
4,4,4,4,4.0,8,0,1
7,9,7,9,8.0,16,2,5
33,33,33,33,33.0,66,0,32
4,5,4,5,4.5,9,1,3
8,9,8,9,8.5,17,1,6
11,5,5,11,8.0,16,6,1
10,5,5,10,7.5,15,5,3
16,17,16,17,16.5,33,1,12
3,4,3,4,3.5,7,1,2
8,8,8,8,8.0,16,0,7
7,4,4,7,5.5,11,3,0
8,1,1,8,4.5,9,7,0
12,12,12,12,12.0,24,0,11
17,10,10,17,13.5,27,7,9
10,8,8,10,9.0,18,2,4
7,7,7,7,7.0,14,0,6
8,1,1,8,4.5,9,7,0
12,14,12,14,13.0,26,2,8
25,22,22,25,23.5,47,3,20
7,9,7,9,8.0,16,2,6
27,20,20,27,23.5,47,7,19
10,8,8,10,9.0,18,2,7
1,4,1,4,2.5,5,3,0
1,4,1,4,2.5,5,3,0
29,41,29,41,35.0,70,12,21
4,1,1,4,2.5,5,3,0
7,7,7,7,7.0,14,0,6
4,1,1,4,2.5,5,3,0
5,5,5,5,5.0,10,0,4
5,6,5,6,5.5,11,1,4
5,2,2,5,3.5,7,3,1
18,17,17,18,17.5,35,1,16
1,4,1,4,2.5,5,3,0
6,5,5,6,5.5,11,1,2
9,5,5,9,7.0,14,4,4
5,5,5,5,5.0,10,0,3
34,41,34,41,37.5,75,7,23
1,4,1,4,2.5,5,3,0
1,13,1,13,7.0,14,12,0
2,5,2,5,3.5,7,3,1
5,4,4,5,4.5,9,1,3
2,6,2,6,4.0,8,4,1
7,10,7,10,8.5,17,3,3
5,7,5,7,6.0,12,2,0
21,15,15,21,18.0,36,6,13
4,1,1,4,2.5,5,3,0
5,1,1,5,3.0,6,4,0
12,12,12,12,12.0,24,0,9
47,14,14,47,30.5,61,33,10
5,1,1,5,3.0,6,4,0
6,1,1,6,3.5,7,5,0
8,3,3,8,5.5,11,5,2
5,6,5,6,5.5,11,1,4
22,1,1,22,11.5,23,21,0
5,1,1,5,3.0,6,4,0
7,11,7,11,9.0,18,4,4
5,2,2,5,3.5,7,3,1
1,7,1,7,4.0,8,6,0
11,13,11,13,12.0,24,2,10
5,9,5,9,7.0,14,4,2
1,4,1,4,2.5,5,3,0
4,6,4,6,5.0,10,2,3
4,6,4,6,5.0,10,2,3
4,1,1,4,2.5,5,3,0
32,23,23,32,27.5,55,9,18
29,41,29,41,35.0,70,12,25
6,6,6,6,6.0,12,0,5
6,5,5,6,5.5,11,1,2
6,5,5,6,5.5,11,1,3
45,19,19,45,32.0,64,26,13
5,6,5,6,5.5,11,1,4
11,10,10,11,10.5,21,1,9
8,7,7,8,7.5,15,1,5
4,2,2,4,3.0,6,2,0
9,8,8,9,8.5,17,1,4
7,1,1,7,4.0,8,6,0
47,47,47,47,47.0,94,0,46
7,7,7,7,7.0,14,0,6
12,1,1,12,6.5,13,11,0
17,1,1,17,9.0,18,16,0
1,5,1,5,3.0,6,4,0
25,25,25,25,25.0,50,0,16
55,19,19,55,37.0,74,36,16
9,4,4,9,6.5,13,5,1
13,17,13,17,15.0,30,4,10
13,17,13,17,15.0,30,4,10
4,2,2,4,3.0,6,2,1
2,6,2,6,4.0,8,4,1
22,39,22,39,30.5,61,17,20
5,5,5,5,5.0,10,0,1
18,41,18,41,29.5,59,23,16
1,4,1,4,2.5,5,3,0
4,2,2,4,3.0,6,2,1
7,11,7,11,9.0,18,4,4
7,7,7,7,7.0,14,0,6
1,4,1,4,2.5,5,3,0
37,23,23,37,30.0,60,14,16
14,2,2,14,8.0,16,12,0
1,5,1,5,3.0,6,4,0
15,9,9,15,12.0,24,6,6
26,17,17,26,21.5,43,9,11
7,2,2,7,4.5,9,5,0
14,56,14,56,35.0,70,42,0
13,1,1,13,7.0,14,12,0
15,17,15,17,16.0,32,2,11
1,19,1,19,10.0,20,18,0
15,12,12,15,13.5,27,3,1
18,7,7,18,12.5,25,11,4
5,6,5,6,5.5,11,1,0
4,1,1,4,2.5,5,3,0
11,11,11,11,11.0,22,0,10
4,4,4,4,4.0,8,0,3
4,2,2,4,3.0,6,2,0
1,48,1,48,24.5,49,47,0
11,10,10,11,10.5,21,1,3
6,1,1,6,3.5,7,5,0
6,2,2,6,4.0,8,4,0
4,1,1,4,2.5,5,3,0
5,6,5,6,5.5,11,1,4
1,65,1,65,33.0,66,64,0
5,7,5,7,6.0,12,2,3
4,1,1,4,2.5,5,3,0
7,9,7,9,8.0,16,2,6
3,19,3,19,11.0,22,16,1
48,30,30,48,39.0,78,18,29
1,6,1,6,3.5,7,5,0
4,2,2,4,3.0,6,2,0
6,7,6,7,6.5,13,1,4
4,6,4,6,5.0,10,2,3
4,2,2,4,3.0,6,2,0
5,1,1,5,3.0,6,4,0
18,31,18,31,24.5,49,13,15
19,16,16,19,17.5,35,3,14
7,7,7,7,7.0,14,0,6
9,9,9,9,9.0,18,0,7
6,1,1,6,3.5,7,5,0
4,1,1,4,2.5,5,3,0
6,2,2,6,4.0,8,4,0
6,7,6,7,6.5,13,1,5
10,1,1,10,5.5,11,9,0
4,1,1,4,2.5,5,3,0
20,10,10,20,15.0,30,10,9
20,11,11,20,15.5,31,9,9
1,4,1,4,2.5,5,3,0
2,4,2,4,3.0,6,2,0
14,11,11,14,12.5,25,3,10
5,5,5,5,5.0,10,0,3
5,1,1,5,3.0,6,4,0
15,14,14,15,14.5,29,1,13
5,1,1,5,3.0,6,4,0
30,32,30,32,31.0,62,2,29
36,1,1,36,18.5,37,35,0
4,4,4,4,4.0,8,0,3
7,13,7,13,10.0,20,6,5
4,1,1,4,2.5,5,3,0
17,17,17,17,17.0,34,0,16
6,5,5,6,5.5,11,1,0
5,6,5,6,5.5,11,1,4
27,26,26,27,26.5,53,1,25
5,5,5,5,5.0,10,0,4
8,15,8,15,11.5,23,7,7
4,4,4,4,4.0,8,0,3
8,3,3,8,5.5,11,5,2
1,5,1,5,3.0,6,4,0
17,21,17,21,19.0,38,4,14
4,4,4,4,4.0,8,0,3
9,10,9,10,9.5,19,1,7
5,1,1,5,3.0,6,4,0
6,12,6,12,9.0,18,6,4
15,20,15,20,17.5,35,5,11
4,1,1,4,2.5,5,3,0
22,1,1,22,11.5,23,21,0
6,1,1,6,3.5,7,5,0
7,10,7,10,8.5,17,3,4
6,10,6,10,8.0,16,4,4
21,15,15,21,18.0,36,6,11
1,8,1,8,4.5,9,7,0
1,6,1,6,3.5,7,5,0
1,6,1,6,3.5,7,5,0
14,14,14,14,14.0,28,0,9
7,7,7,7,7.0,14,0,5
13,12,12,13,12.5,25,1,11
7,8,7,8,7.5,15,1,6
7,1,1,7,4.0,8,6,0
48,28,28,48,38.0,76,20,27
14,11,11,14,12.5,25,3,8
14,20,14,20,17.0,34,6,13
45,44,44,45,44.5,89,1,40
4,1,1,4,2.5,5,3,0
1,11,1,11,6.0,12,10,0
1,4,1,4,2.5,5,3,0
1,12,1,12,6.5,13,11,0
11,1,1,11,6.0,12,10,0
1,5,1,5,3.0,6,4,0
5,1,1,5,3.0,6,4,0
5,1,1,5,3.0,6,4,0
6,1,1,6,3.5,7,5,0
1,6,1,6,3.5,7,5,0
7,1,1,7,4.0,8,6,0
6,1,1,6,3.5,7,5,0
13,9,9,13,11.0,22,4,7
28,40,28,40,34.0,68,12,26
4,1,1,4,2.5,5,3,0
2,105,2,105,53.5,107,103,0
8,7,7,8,7.5,15,1,6
4,1,1,4,2.5,5,3,0
28,25,25,28,26.5,53,3,24
1,13,1,13,7.0,14,12,0
8,10,8,10,9.0,18,2,7
11,11,11,11,11.0,22,0,10
5,5,5,5,5.0,10,0,3
1,13,1,13,7.0,14,12,0
6,5,5,6,5.5,11,1,4
8,12,8,12,10.0,20,4,5
5,1,1,5,3.0,6,4,0
7,7,7,7,7.0,14,0,5
15,20,15,20,17.5,35,5,10
1,12,1,12,6.5,13,11,0
1,4,1,4,2.5,5,3,0
3,9,3,9,6.0,12,6,0
1,9,1,9,5.0,10,8,0
8,8,8,8,8.0,16,0,7
6,6,6,6,6.0,12,0,5
21,5,5,21,13.0,26,16,3
1,8,1,8,4.5,9,7,0
1,10,1,10,5.5,11,9,0
9,4,4,9,6.5,13,5,3
5,7,5,7,6.0,12,2,0
3,5,3,5,4.0,8,2,2
21,24,21,24,22.5,45,3,16
4,1,1,4,2.5,5,3,0
24,15,15,24,19.5,39,9,13
7,3,3,7,5.0,10,4,0
8,11,8,11,9.5,19,3,7
4,4,4,4,4.0,8,0,3
10,5,5,10,7.5,15,5,3
21,22,21,22,21.5,43,1,16
5,1,1,5,3.0,6,4,0
6,8,6,8,7.0,14,2,4
7,2,2,7,4.5,9,5,1
19,21,19,21,20.0,40,2,18
8,8,8,8,8.0,16,0,4
4,4,4,4,4.0,8,0,3
18,13,13,18,15.5,31,5,12
146,41,41,146,93.5,187,105,26
4,1,1,4,2.5,5,3,0
16,16,16,16,16.0,32,0,12
1,5,1,5,3.0,6,4,0
1,4,1,4,2.5,5,3,0
5,1,1,5,3.0,6,4,0
6,11,6,11,8.5,17,5,5
5,2,2,5,3.5,7,3,1
33,32,32,33,32.5,65,1,31
6,7,6,7,6.5,13,1,5
15,2,2,15,8.5,17,13,1
2,5,2,5,3.5,7,3,1
5,1,1,5,3.0,6,4,0
10,10,10,10,10.0,20,0,9
4,3,3,4,3.5,7,1,2
9,9,9,9,9.0,18,0,7
12,8,8,12,10.0,20,4,5
7,1,1,7,4.0,8,6,0
1,7,1,7,4.0,8,6,0
11,4,4,11,7.5,15,7,2
1,4,1,4,2.5,5,3,0
7,1,1,7,4.0,8,6,0
4,1,1,4,2.5,5,3,0
11,11,11,11,11.0,22,0,8
7,5,5,7,6.0,12,2,0
17,13,13,17,15.0,30,4,11
5,5,5,5,5.0,10,0,4
8,2,2,8,5.0,10,6,1
1,6,1,6,3.5,7,5,0
2,5,2,5,3.5,7,3,1
12,1,1,12,6.5,13,11,0
7,8,7,8,7.5,15,1,6
14,12,12,14,13.0,26,2,10
4,1,1,4,2.5,5,3,0
1,4,1,4,2.5,5,3,0
9,16,9,16,12.5,25,7,8
6,1,1,6,3.5,7,5,0
5,5,5,5,5.0,10,0,4
1,22,1,22,11.5,23,21,0
10,1,1,10,5.5,11,9,0
6,7,6,7,6.5,13,1,4
19,27,19,27,23.0,46,8,12
1,14,1,14,7.5,15,13,0
11,8,8,11,9.5,19,3,7
5,1,1,5,3.0,6,4,0
9,9,9,9,9.0,18,0,8
4,3,3,4,3.5,7,1,2
5,25,5,25,15.0,30,20,1
4,5,4,5,4.5,9,1,3
43,22,22,43,32.5,65,21,21
2,11,2,11,6.5,13,9,0
14,21,14,21,17.5,35,7,5
6,7,6,7,6.5,13,1,5
5,1,1,5,3.0,6,4,0
1,31,1,31,16.0,32,30,0
5,1,1,5,3.0,6,4,0
5,5,5,5,5.0,10,0,0
1,24,1,24,12.5,25,23,0
1,5,1,5,3.0,6,4,0
4,4,4,4,4.0,8,0,3
11,7,7,11,9.0,18,4,6
25,23,23,25,24.0,48,2,11
10,1,1,10,5.5,11,9,0
4,1,1,4,2.5,5,3,0
5,7,5,7,6.0,12,2,4
5,1,1,5,3.0,6,4,0
5,8,5,8,6.5,13,3,3
5,6,5,6,5.5,11,1,2
22,20,20,22,21.0,42,2,19
6,2,2,6,4.0,8,4,1
23,21,21,23,22.0,44,2,20
24,1,1,24,12.5,25,23,0
8,1,1,8,4.5,9,7,0
6,6,6,6,6.0,12,0,5
23,18,18,23,20.5,41,5,16
5,4,4,5,4.5,9,1,1
5,2,2,5,3.5,7,3,1
17,6,6,17,11.5,23,11,5
1,4,1,4,2.5,5,3,0
5,3,3,5,4.0,8,2,2
1,9,1,9,5.0,10,8,0
10,9,9,10,9.5,19,1,8
5,1,1,5,3.0,6,4,0
4,1,1,4,2.5,5,3,0
1,5,1,5,3.0,6,4,0
6,6,6,6,6.0,12,0,5
2,25,2,25,13.5,27,23,0
31,32,31,32,31.5,63,1,29
5,1,1,5,3.0,6,4,0
7,9,7,9,8.0,16,2,6
1,5,1,5,3.0,6,4,0
4,1,1,4,2.5,5,3,0
10,9,9,10,9.5,19,1,6
4,1,1,4,2.5,5,3,0
8,1,1,8,4.5,9,7,0
8,29,8,29,18.5,37,21,4
6,1,1,6,3.5,7,5,0
3,4,3,4,3.5,7,1,2
12,12,12,12,12.0,24,0,5
6,1,1,6,3.5,7,5,0
4,1,1,4,2.5,5,3,0
9,2,2,9,5.5,11,7,0
6,1,1,6,3.5,7,5,0
7,2,2,7,4.5,9,5,1
19,12,12,19,15.5,31,7,11
1,19,1,19,10.0,20,18,0
5,6,5,6,5.5,11,1,4
32,32,32,32,32.0,64,0,31
7,1,1,7,4.0,8,6,0
31,26,26,31,28.5,57,5,15
2,5,2,5,3.5,7,3,1
1,5,1,5,3.0,6,4,0
19,19,19,19,19.0,38,0,18
3,15,3,15,9.0,18,12,2
10,4,4,10,7.0,14,6,3
5,4,4,5,4.5,9,1,3
14,10,10,14,12.0,24,4,6
4,5,4,5,4.5,9,1,3
9,21,9,21,15.0,30,12,8
4,12,4,12,8.0,16,8,3
26,22,22,26,24.0,48,4,20
1,28,1,28,14.5,29,27,0
6,1,1,6,3.5,7,5,0
11,4,4,11,7.5,15,7,0
14,24,14,24,19.0,38,10,10
1,4,1,4,2.5,5,3,0
5,1,1,5,3.0,6,4,0
4,1,1,4,2.5,5,3,0
11,12,11,12,11.5,23,1,10
3,5,3,5,4.0,8,2,2
4,10,4,10,7.0,14,6,3
1,25,1,25,13.0,26,24,0
7,6,6,7,6.5,13,1,2
11,11,11,11,11.0,22,0,9
18,19,18,19,18.5,37,1,17
9,5,5,9,7.0,14,4,4
7,1,1,7,4.0,8,6,0
1,5,1,5,3.0,6,4,0
24,34,24,34,29.0,58,10,17
4,1,1,4,2.5,5,3,0
4,4,4,4,4.0,8,0,3
4,4,4,4,4.0,8,0,3
1,8,1,8,4.5,9,7,0
1,7,1,7,4.0,8,6,0
2,15,2,15,8.5,17,13,1
7,7,7,7,7.0,14,0,5
23,37,23,37,30.0,60,14,22
4,2,2,4,3.0,6,2,0
10,1,1,10,5.5,11,9,0
9,10,9,10,9.5,19,1,6
12,12,12,12,12.0,24,0,11
14,14,14,14,14.0,28,0,10
2,5,2,5,3.5,7,3,1
6,1,1,6,3.5,7,5,0
1,4,1,4,2.5,5,3,0
1,6,1,6,3.5,7,5,0
10,2,2,10,6.0,12,8,0
19,16,16,19,17.5,35,3,10
23,33,23,33,28.0,56,10,22
4,5,4,5,4.5,9,1,3
1,5,1,5,3.0,6,4,0
6,5,5,6,5.5,11,1,3
5,6,5,6,5.5,11,1,4
4,2,2,4,3.0,6,2,1
5,4,4,5,4.5,9,1,3
5,13,5,13,9.0,18,8,4
6,1,1,6,3.5,7,5,0
4,30,4,30,17.0,34,26,0
1,10,1,10,5.5,11,9,0
4,3,3,4,3.5,7,1,2
1,43,1,43,22.0,44,42,0
4,1,1,4,2.5,5,3,0
26,26,26,26,26.0,52,0,12
27,13,13,27,20.0,40,14,12
15,8,8,15,11.5,23,7,6
6,1,1,6,3.5,7,5,0
26,26,26,26,26.0,52,0,24
4,4,4,4,4.0,8,0,3
26,27,26,27,26.5,53,1,24
7,12,7,12,9.5,19,5,6
6,7,6,7,6.5,13,1,5
7,7,7,7,7.0,14,0,6
17,17,17,17,17.0,34,0,16
36,30,30,36,33.0,66,6,27
4,5,4,5,4.5,9,1,3
5,1,1,5,3.0,6,4,0
8,1,1,8,4.5,9,7,0
18,23,18,23,20.5,41,5,16
12,8,8,12,10.0,20,4,6
23,7,7,23,15.0,30,16,5
7,8,7,8,7.5,15,1,6
4,4,4,4,4.0,8,0,3
15,2,2,15,8.5,17,13,1
9,9,9,9,9.0,18,0,8
12,12,12,12,12.0,24,0,11
8,1,1,8,4.5,9,7,0
5,1,1,5,3.0,6,4,0
6,3,3,6,4.5,9,3,2
6,12,6,12,9.0,18,6,0
28,15,15,28,21.5,43,13,14
4,1,1,4,2.5,5,3,0
2,6,2,6,4.0,8,4,1
5,1,1,5,3.0,6,4,0
7,6,6,7,6.5,13,1,5
7,9,7,9,8.0,16,2,5
11,1,1,11,6.0,12,10,0
8,5,5,8,6.5,13,3,2
24,24,24,24,24.0,48,0,23
13,11,11,13,12.0,24,2,8
4,2,2,4,3.0,6,2,1
15,3,3,15,9.0,18,12,0
5,6,5,6,5.5,11,1,4
4,1,1,4,2.5,5,3,0
1,6,1,6,3.5,7,5,0
6,5,5,6,5.5,11,1,3
25,36,25,36,30.5,61,11,13
6,24,6,24,15.0,30,18,0
4,1,1,4,2.5,5,3,0
4,1,1,4,2.5,5,3,0
2,7,2,7,4.5,9,5,0
3,4,3,4,3.5,7,1,2
1,5,1,5,3.0,6,4,0
4,1,1,4,2.5,5,3,0
1,4,1,4,2.5,5,3,0
11,10,10,11,10.5,21,1,7
1,10,1,10,5.5,11,9,0
6,2,2,6,4.0,8,4,1
13,13,13,13,13.0,26,0,12
9,7,7,9,8.0,16,2,6
7,1,1,7,4.0,8,6,0
6,13,6,13,9.5,19,7,3
29,23,23,29,26.0,52,6,10
4,3,3,4,3.5,7,1,2
1,11,1,11,6.0,12,10,0
11,20,11,20,15.5,31,9,10
13,13,13,13,13.0,26,0,12
1,5,1,5,3.0,6,4,0
20,20,20,20,20.0,40,0,19
8,1,1,8,4.5,9,7,0
45,38,38,45,41.5,83,7,37
19,11,11,19,15.0,30,8,7
2,5,2,5,3.5,7,3,1
8,4,4,8,6.0,12,4,3
29,24,24,29,26.5,53,5,17
26,26,26,26,26.0,52,0,25
1,6,1,6,3.5,7,5,0
9,2,2,9,5.5,11,7,1
3,4,3,4,3.5,7,1,2
32,31,31,32,31.5,63,1,30
11,11,11,11,11.0,22,0,9
23,39,23,39,31.0,62,16,22
14,13,13,14,13.5,27,1,12
11,11,11,11,11.0,22,0,9
8,7,7,8,7.5,15,1,6
10,11,10,11,10.5,21,1,9
1,4,1,4,2.5,5,3,0
14,29,14,29,21.5,43,15,5
37,37,37,37,37.0,74,0,32
11,5,5,11,8.0,16,6,0
1,6,1,6,3.5,7,5,0
5,5,5,5,5.0,10,0,4
16,16,16,16,16.0,32,0,13
4,1,1,4,2.5,5,3,0
18,20,18,20,19.0,38,2,16
33,24,24,33,28.5,57,9,16
2,77,2,77,39.5,79,75,1
19,17,17,19,18.0,36,2,16
26,8,8,26,17.0,34,18,5
4,3,3,4,3.5,7,1,2
11,11,11,11,11.0,22,0,9
4,1,1,4,2.5,5,3,0
20,20,20,20,20.0,40,0,17
5,5,5,5,5.0,10,0,4
7,5,5,7,6.0,12,2,4
4,5,4,5,4.5,9,1,3
16,9,9,16,12.5,25,7,5
14,6,6,14,10.0,20,8,5
5,6,5,6,5.5,11,1,4
10,8,8,10,9.0,18,2,7
9,9,9,9,9.0,18,0,7
4,1,1,4,2.5,5,3,0
1,4,1,4,2.5,5,3,0
23,15,15,23,19.0,38,8,12
3,21,3,21,12.0,24,18,1
10,9,9,10,9.5,19,1,8
9,9,9,9,9.0,18,0,8
27,27,27,27,27.0,54,0,26
16,12,12,16,14.0,28,4,10
4,1,1,4,2.5,5,3,0
13,13,13,13,13.0,26,0,11
4,4,4,4,4.0,8,0,3
6,6,6,6,6.0,12,0,5
5,1,1,5,3.0,6,4,0
6,4,4,6,5.0,10,2,3
4,1,1,4,2.5,5,3,0
2,9,2,9,5.5,11,7,1
4,1,1,4,2.5,5,3,0
29,39,29,39,34.0,68,10,18
6,4,4,6,5.0,10,2,1
7,1,1,7,4.0,8,6,0
6,1,1,6,3.5,7,5,0
1,4,1,4,2.5,5,3,0
12,17,12,17,14.5,29,5,11
5,1,1,5,3.0,6,4,0
7,5,5,7,6.0,12,2,0
6,9,6,9,7.5,15,3,5
35,51,35,51,43.0,86,16,30
9,2,2,9,5.5,11,7,0
1,8,1,8,4.5,9,7,0
5,1,1,5,3.0,6,4,0
1,5,1,5,3.0,6,4,0
1,14,1,14,7.5,15,13,0
3,7,3,7,5.0,10,4,1
10,10,10,10,10.0,20,0,8
34,27,27,34,30.5,61,7,25
4,1,1,4,2.5,5,3,0
23,25,23,25,24.0,48,2,19
5,1,1,5,3.0,6,4,0
10,1,1,10,5.5,11,9,0
7,4,4,7,5.5,11,3,3
11,14,11,14,12.5,25,3,9
12,1,1,12,6.5,13,11,0
4,1,1,4,2.5,5,3,0
1,26,1,26,13.5,27,25,0
10,6,6,10,8.0,16,4,4
20,19,19,20,19.5,39,1,17
1,11,1,11,6.0,12,10,0
40,34,34,40,37.0,74,6,33
7,1,1,7,4.0,8,6,0
1,14,1,14,7.5,15,13,0
2,5,2,5,3.5,7,3,1
6,1,1,6,3.5,7,5,0
20,1,1,20,10.5,21,19,0
17,18,17,18,17.5,35,1,15
5,5,5,5,5.0,10,0,4
7,8,7,8,7.5,15,1,0
1,4,1,4,2.5,5,3,0
1,5,1,5,3.0,6,4,0
1,4,1,4,2.5,5,3,0
37,26,26,37,31.5,63,11,24
4,1,1,4,2.5,5,3,0
4,1,1,4,2.5,5,3,0
11,1,1,11,6.0,12,10,0
4,2,2,4,3.0,6,2,0
5,5,5,5,5.0,10,0,4
33,32,32,33,32.5,65,1,31
6,5,5,6,5.5,11,1,4
7,5,5,7,6.0,12,2,1
4,1,1,4,2.5,5,3,0
12,13,12,13,12.5,25,1,11
4,4,4,4,4.0,8,0,3
6,6,6,6,6.0,12,0,3
4,5,4,5,4.5,9,1,0
8,12,8,12,10.0,20,4,5
24,20,20,24,22.0,44,4,19
1,9,1,9,5.0,10,8,0
4,2,2,4,3.0,6,2,1
4,4,4,4,4.0,8,0,1
4,17,4,17,10.5,21,13,1
1,6,1,6,3.5,7,5,0
1,7,1,7,4.0,8,6,0
7,7,7,7,7.0,14,0,5
11,12,11,12,11.5,23,1,10
6,2,2,6,4.0,8,4,1
4,8,4,8,6.0,12,4,3
3,11,3,11,7.0,14,8,1
2,15,2,15,8.5,17,13,0
6,6,6,6,6.0,12,0,5
39,28,28,39,33.5,67,11,24
7,9,7,9,8.0,16,2,3
4,5,4,5,4.5,9,1,3
5,10,5,10,7.5,15,5,4
10,2,2,10,6.0,12,8,1
14,4,4,14,9.0,18,10,3
5,6,5,6,5.5,11,1,3
4,1,1,4,2.5,5,3,0
12,14,12,14,13.0,26,2,11
8,8,8,8,8.0,16,0,7
9,38,9,38,23.5,47,29,7
7,1,1,7,4.0,8,6,0
10,10,10,10,10.0,20,0,8
6,1,1,6,3.5,7,5,0
7,7,7,7,7.0,14,0,6
11,1,1,11,6.0,12,10,0
7,3,3,7,5.0,10,4,2
16,5,5,16,10.5,21,11,2
14,1,1,14,7.5,15,13,0
4,2,2,4,3.0,6,2,1
2,7,2,7,4.5,9,5,1
1,11,1,11,6.0,12,10,0
9,5,5,9,7.0,14,4,4
7,1,1,7,4.0,8,6,0
1,7,1,7,4.0,8,6,0
32,33,32,33,32.5,65,1,31
9,10,9,10,9.5,19,1,8
1,4,1,4,2.5,5,3,0
1,8,1,8,4.5,9,7,0
13,8,8,13,10.5,21,5,6
20,11,11,20,15.5,31,9,9
6,2,2,6,4.0,8,4,1
14,24,14,24,19.0,38,10,7
49,51,49,51,50.0,100,2,48
1,4,1,4,2.5,5,3,0
5,4,4,5,4.5,9,1,3
1,5,1,5,3.0,6,4,0
13,14,13,14,13.5,27,1,12
11,11,11,11,11.0,22,0,10
8,11,8,11,9.5,19,3,7
6,1,1,6,3.5,7,5,0
7,26,7,26,16.5,33,19,0
10,11,10,11,10.5,21,1,2
12,10,10,12,11.0,22,2,8
10,10,10,10,10.0,20,0,9
6,5,5,6,5.5,11,1,4
14,12,12,14,13.0,26,2,10
18,18,18,18,18.0,36,0,17
1,10,1,10,5.5,11,9,0
4,4,4,4,4.0,8,0,3
5,2,2,5,3.5,7,3,1
1,4,1,4,2.5,5,3,0
6,18,6,18,12.0,24,12,4
1,12,1,12,6.5,13,11,0
1,5,1,5,3.0,6,4,0
43,41,41,43,42.0,84,2,40
23,29,23,29,26.0,52,6,20
36,32,32,36,34.0,68,4,31
4,1,1,4,2.5,5,3,0
1,4,1,4,2.5,5,3,0
24,29,24,29,26.5,53,5,13
7,1,1,7,4.0,8,6,0
10,6,6,10,8.0,16,4,5
22,46,22,46,34.0,68,24,21
17,19,17,19,18.0,36,2,16
1,4,1,4,2.5,5,3,0
1,14,1,14,7.5,15,13,0
4,2,2,4,3.0,6,2,1
146,23,23,146,84.5,169,123,17
8,7,7,8,7.5,15,1,6
6,14,6,14,10.0,20,8,4
4,17,4,17,10.5,21,13,1
4,10,4,10,7.0,14,6,1
8,5,5,8,6.5,13,3,3
1,7,1,7,4.0,8,6,0
2,20,2,20,11.0,22,18,0
1,4,1,4,2.5,5,3,0
8,6,6,8,7.0,14,2,4
7,5,5,7,6.0,12,2,4
4,1,1,4,2.5,5,3,0
4,4,4,4,4.0,8,0,3
15,19,15,19,17.0,34,4,14
4,8,4,8,6.0,12,4,3
7,9,7,9,8.0,16,2,6
1,7,1,7,4.0,8,6,0
31,32,31,32,31.5,63,1,30
7,7,7,7,7.0,14,0,1
44,20,20,44,32.0,64,24,12
3,5,3,5,4.0,8,2,2
2,4,2,4,3.0,6,2,0
4,2,2,4,3.0,6,2,1
11,8,8,11,9.5,19,3,6
28,51,28,51,39.5,79,23,24
1,6,1,6,3.5,7,5,0
1,5,1,5,3.0,6,4,0
8,2,2,8,5.0,10,6,0
7,5,5,7,6.0,12,2,3
11,8,8,11,9.5,19,3,7
2,13,2,13,7.5,15,11,0
6,2,2,6,4.0,8,4,0
49,39,39,49,44.0,88,10,34
6,1,1,6,3.5,7,5,0
17,25,17,25,21.0,42,8,11
6,11,6,11,8.5,17,5,4
23,20,20,23,21.5,43,3,17
3,16,3,16,9.5,19,13,1
11,2,2,11,6.5,13,9,0
8,1,1,8,4.5,9,7,0
9,6,6,9,7.5,15,3,4
7,7,7,7,7.0,14,0,6
1,5,1,5,3.0,6,4,0
2,5,2,5,3.5,7,3,0
1,7,1,7,4.0,8,6,0
4,5,4,5,4.5,9,1,3
17,2,2,17,9.5,19,15,0
9,10,9,10,9.5,19,1,8
1,11,1,11,6.0,12,10,0
4,1,1,4,2.5,5,3,0
20,20,20,20,20.0,40,0,18
21,6,6,21,13.5,27,15,2
1,4,1,4,2.5,5,3,0
4,28,4,28,16.0,32,24,2
33,19,19,33,26.0,52,14,18
11,1,1,11,6.0,12,10,0
1,7,1,7,4.0,8,6,0
7,8,7,8,7.5,15,1,6
1,6,1,6,3.5,7,5,0
1,15,1,15,8.0,16,14,0
22,19,19,22,20.5,41,3,1
9,9,9,9,9.0,18,0,4
1,4,1,4,2.5,5,3,0
15,18,15,18,16.5,33,3,14
8,9,8,9,8.5,17,1,5
24,16,16,24,20.0,40,8,14
8,5,5,8,6.5,13,3,3
2,5,2,5,3.5,7,3,1
9,8,8,9,8.5,17,1,0
4,1,1,4,2.5,5,3,0
4,36,4,36,20.0,40,32,0
38,28,28,38,33.0,66,10,22
10,9,9,10,9.5,19,1,8
6,7,6,7,6.5,13,1,0
7,5,5,7,6.0,12,2,4
4,1,1,4,2.5,5,3,0
33,14,14,33,23.5,47,19,11
12,8,8,12,10.0,20,4,7
4,12,4,12,8.0,16,8,2
6,6,6,6,6.0,12,0,5
2,14,2,14,8.0,16,12,0
5,4,4,5,4.5,9,1,2
1,4,1,4,2.5,5,3,0
6,2,2,6,4.0,8,4,1
8,6,6,8,7.0,14,2,2
1,4,1,4,2.5,5,3,0
10,12,10,12,11.0,22,2,8
13,14,13,14,13.5,27,1,11
5,1,1,5,3.0,6,4,0
10,43,10,43,26.5,53,33,9
23,49,23,49,36.0,72,26,22
9,8,8,9,8.5,17,1,6
24,24,24,24,24.0,48,0,23
2,9,2,9,5.5,11,7,0
8,5,5,8,6.5,13,3,3
52,44,44,52,48.0,96,8,1
32,32,32,32,32.0,64,0,30
4,2,2,4,3.0,6,2,1
6,8,6,8,7.0,14,2,5
16,7,7,16,11.5,23,9,5
6,1,1,6,3.5,7,5,0
1,5,1,5,3.0,6,4,0
10,10,10,10,10.0,20,0,8
1,26,1,26,13.5,27,25,0
11,9,9,11,10.0,20,2,6
2,24,2,24,13.0,26,22,0
1,6,1,6,3.5,7,5,0
6,1,1,6,3.5,7,5,0
11,11,11,11,11.0,22,0,7
1,5,1,5,3.0,6,4,0
1,19,1,19,10.0,20,18,0
11,6,6,11,8.5,17,5,3
13,7,7,13,10.0,20,6,1
4,14,4,14,9.0,18,10,3
10,2,2,10,6.0,12,8,1
7,1,1,7,4.0,8,6,0
10,4,4,10,7.0,14,6,3
17,10,10,17,13.5,27,7,3
2,7,2,7,4.5,9,5,1
1,13,1,13,7.0,14,12,0
5,10,5,10,7.5,15,5,4
7,4,4,7,5.5,11,3,2
19,4,4,19,11.5,23,15,3
16,6,6,16,11.0,22,10,3
2,4,2,4,3.0,6,2,1
6,6,6,6,6.0,12,0,5
21,22,21,22,21.5,43,1,18
7,1,1,7,4.0,8,6,0
5,2,2,5,3.5,7,3,1
2,28,2,28,15.0,30,26,0
5,5,5,5,5.0,10,0,3
17,7,7,17,12.0,24,10,6
5,4,4,5,4.5,9,1,3
4,6,4,6,5.0,10,2,1
6,6,6,6,6.0,12,0,2
3,4,3,4,3.5,7,1,1
7,3,3,7,5.0,10,4,2
19,35,19,35,27.0,54,16,18
1,77,1,77,39.0,78,76,0
1,17,1,17,9.0,18,16,0
1,5,1,5,3.0,6,4,0
4,2,2,4,3.0,6,2,1
9,12,9,12,10.5,21,3,6
1,19,1,19,10.0,20,18,0
1,6,1,6,3.5,7,5,0
8,1,1,8,4.5,9,7,0
4,24,4,24,14.0,28,20,2
1,4,1,4,2.5,5,3,0
4,1,1,4,2.5,5,3,0
8,11,8,11,9.5,19,3,7
6,1,1,6,3.5,7,5,0
22,35,22,35,28.5,57,13,14
6,2,2,6,4.0,8,4,1
11,9,9,11,10.0,20,2,7
4,1,1,4,2.5,5,3,0
24,25,24,25,24.5,49,1,23
25,32,25,32,28.5,57,7,22
1,5,1,5,3.0,6,4,0
4,4,4,4,4.0,8,0,3
13,1,1,13,7.0,14,12,0
25,23,23,25,24.0,48,2,19
12,13,12,13,12.5,25,1,10
5,2,2,5,3.5,7,3,0
1,9,1,9,5.0,10,8,0
9,9,9,9,9.0,18,0,7
1,10,1,10,5.5,11,9,0
11,13,11,13,12.0,24,2,9
4,20,4,20,12.0,24,16,1
5,3,3,5,4.0,8,2,1
11,8,8,11,9.5,19,3,6
1,26,1,26,13.5,27,25,0
4,1,1,4,2.5,5,3,0
5,5,5,5,5.0,10,0,2
1,15,1,15,8.0,16,14,0
11,5,5,11,8.0,16,6,3
18,20,18,20,19.0,38,2,15
5,1,1,5,3.0,6,4,0
6,7,6,7,6.5,13,1,5
18,13,13,18,15.5,31,5,11
5,2,2,5,3.5,7,3,1
16,18,16,18,17.0,34,2,15
12,10,10,12,11.0,22,2,5
1,4,1,4,2.5,5,3,0
4,1,1,4,2.5,5,3,0
1,4,1,4,2.5,5,3,0
5,16,5,16,10.5,21,11,0
9,10,9,10,9.5,19,1,7
23,24,23,24,23.5,47,1,22
1,4,1,4,2.5,5,3,0
6,5,5,6,5.5,11,1,3
1,19,1,19,10.0,20,18,0
19,28,19,28,23.5,47,9,18
1,10,1,10,5.5,11,9,0
17,14,14,17,15.5,31,3,8
4,4,4,4,4.0,8,0,3
12,24,12,24,18.0,36,12,8
14,15,14,15,14.5,29,1,12
31,33,31,33,32.0,64,2,30
4,1,1,4,2.5,5,3,0
9,5,5,9,7.0,14,4,3
7,8,7,8,7.5,15,1,6
13,12,12,13,12.5,25,1,10
13,23,13,23,18.0,36,10,6
18,15,15,18,16.5,33,3,14
4,1,1,4,2.5,5,3,0
1,31,1,31,16.0,32,30,0
13,9,9,13,11.0,22,4,8
13,16,13,16,14.5,29,3,10
4,2,2,4,3.0,6,2,0
6,1,1,6,3.5,7,5,0
1,6,1,6,3.5,7,5,0
4,2,2,4,3.0,6,2,1
6,8,6,8,7.0,14,2,5
5,2,2,5,3.5,7,3,1
5,1,1,5,3.0,6,4,0
1,6,1,6,3.5,7,5,0
5,5,5,5,5.0,10,0,4
10,10,10,10,10.0,20,0,9
1,10,1,10,5.5,11,9,0
9,9,9,9,9.0,18,0,7
9,8,8,9,8.5,17,1,5
1,4,1,4,2.5,5,3,0
10,1,1,10,5.5,11,9,0
21,5,5,21,13.0,26,16,4
3,4,3,4,3.5,7,1,2
14,11,11,14,12.5,25,3,7
16,22,16,22,19.0,38,6,12
1,23,1,23,12.0,24,22,0
6,6,6,6,6.0,12,0,5
3,4,3,4,3.5,7,1,2
5,1,1,5,3.0,6,4,0
1,4,1,4,2.5,5,3,0
4,4,4,4,4.0,8,0,3
23,23,23,23,23.0,46,0,22
25,33,25,33,29.0,58,8,17
24,39,24,39,31.5,63,15,19
9,7,7,9,8.0,16,2,3
24,37,24,37,30.5,61,13,14
17,16,16,17,16.5,33,1,12
6,16,6,16,11.0,22,10,1
7,1,1,7,4.0,8,6,0
1,5,1,5,3.0,6,4,0
1,55,1,55,28.0,56,54,0
2,8,2,8,5.0,10,6,1
12,8,8,12,10.0,20,4,7
31,11,11,31,21.0,42,20,8
5,1,1,5,3.0,6,4,0
23,16,16,23,19.5,39,7,15
3,5,3,5,4.0,8,2,0
1,8,1,8,4.5,9,7,0
14,12,12,14,13.0,26,2,10
14,12,12,14,13.0,26,2,11
4,1,1,4,2.5,5,3,0
19,25,19,25,22.0,44,6,17
7,8,7,8,7.5,15,1,6
11,12,11,12,11.5,23,1,10
3,4,3,4,3.5,7,1,2
7,6,6,7,6.5,13,1,0
6,1,1,6,3.5,7,5,0
9,5,5,9,7.0,14,4,0
4,4,4,4,4.0,8,0,0
4,31,4,31,17.5,35,27,0
2,5,2,5,3.5,7,3,0
1,4,1,4,2.5,5,3,0
47,41,41,47,44.0,88,6,39
1,6,1,6,3.5,7,5,0
14,8,8,14,11.0,22,6,1
4,1,1,4,2.5,5,3,0
11,10,10,11,10.5,21,1,9
39,33,33,39,36.0,72,6,31
22,23,22,23,22.5,45,1,20
5,1,1,5,3.0,6,4,0
20,12,12,20,16.0,32,8,11
1,17,1,17,9.0,18,16,0
13,1,1,13,7.0,14,12,0
11,13,11,13,12.0,24,2,7
2,4,2,4,3.0,6,2,0
6,1,1,6,3.5,7,5,0
10,7,7,10,8.5,17,3,6
27,22,22,27,24.5,49,5,15
1,11,1,11,6.0,12,10,0
11,11,11,11,11.0,22,0,10
1,4,1,4,2.5,5,3,0
2,6,2,6,4.0,8,4,1
6,5,5,6,5.5,11,1,0
10,11,10,11,10.5,21,1,9
4,1,1,4,2.5,5,3,0
20,16,16,20,18.0,36,4,15
2,5,2,5,3.5,7,3,1
5,2,2,5,3.5,7,3,0
4,5,4,5,4.5,9,1,3
6,7,6,7,6.5,13,1,4
4,1,1,4,2.5,5,3,0
1,5,1,5,3.0,6,4,0
13,36,13,36,24.5,49,23,12
4,9,4,9,6.5,13,5,3
7,3,3,7,5.0,10,4,0
5,5,5,5,5.0,10,0,0
7,14,7,14,10.5,21,7,6
1,5,1,5,3.0,6,4,0
11,1,1,11,6.0,12,10,0
4,2,2,4,3.0,6,2,1
1,4,1,4,2.5,5,3,0
1,16,1,16,8.5,17,15,0
5,5,5,5,5.0,10,0,4
6,7,6,7,6.5,13,1,5
6,1,1,6,3.5,7,5,0
4,1,1,4,2.5,5,3,0
9,12,9,12,10.5,21,3,5
7,7,7,7,7.0,14,0,5
1,7,1,7,4.0,8,6,0
9,4,4,9,6.5,13,5,3
3,10,3,10,6.5,13,7,2
19,13,13,19,16.0,32,6,8
7,9,7,9,8.0,16,2,5
18,6,6,18,12.0,24,12,5
1,5,1,5,3.0,6,4,0
4,1,1,4,2.5,5,3,0
39,11,11,39,25.0,50,28,7
10,13,10,13,11.5,23,3,8
2,4,2,4,3.0,6,2,1
5,4,4,5,4.5,9,1,3
1,11,1,11,6.0,12,10,0
5,1,1,5,3.0,6,4,0
4,1,1,4,2.5,5,3,0
14,6,6,14,10.0,20,8,3
2,4,2,4,3.0,6,2,1
4,1,1,4,2.5,5,3,0
4,4,4,4,4.0,8,0,3
15,23,15,23,19.0,38,8,12
1,4,1,4,2.5,5,3,0
6,1,1,6,3.5,7,5,0
14,14,14,14,14.0,28,0,6
11,13,11,13,12.0,24,2,6
4,1,1,4,2.5,5,3,0
1,36,1,36,18.5,37,35,0
1,7,1,7,4.0,8,6,0
5,1,1,5,3.0,6,4,0
25,15,15,25,20.0,40,10,12
26,27,26,27,26.5,53,1,25
7,1,1,7,4.0,8,6,0
7,16,7,16,11.5,23,9,4
12,6,6,12,9.0,18,6,5
1,8,1,8,4.5,9,7,0
11,11,11,11,11.0,22,0,7
4,1,1,4,2.5,5,3,0
8,1,1,8,4.5,9,7,0
11,10,10,11,10.5,21,1,9
1,6,1,6,3.5,7,5,0
4,1,1,4,2.5,5,3,0
7,11,7,11,9.0,18,4,5
17,21,17,21,19.0,38,4,16
10,10,10,10,10.0,20,0,9
4,3,3,4,3.5,7,1,2
1,5,1,5,3.0,6,4,0
9,8,8,9,8.5,17,1,6
12,4,4,12,8.0,16,8,3
5,1,1,5,3.0,6,4,0
7,7,7,7,7.0,14,0,6
12,12,12,12,12.0,24,0,10
15,12,12,15,13.5,27,3,11
6,5,5,6,5.5,11,1,4
13,6,6,13,9.5,19,7,3
4,5,4,5,4.5,9,1,3
5,5,5,5,5.0,10,0,4
4,1,1,4,2.5,5,3,0
8,6,6,8,7.0,14,2,3
12,11,11,12,11.5,23,1,10
10,2,2,10,6.0,12,8,0
21,22,21,22,21.5,43,1,18
4,1,1,4,2.5,5,3,0
8,3,3,8,5.5,11,5,0
6,1,1,6,3.5,7,5,0
8,10,8,10,9.0,18,2,5
4,4,4,4,4.0,8,0,2
24,24,24,24,24.0,48,0,23
1,5,1,5,3.0,6,4,0
9,10,9,10,9.5,19,1,7
1,52,1,52,26.5,53,51,0
10,7,7,10,8.5,17,3,4
8,5,5,8,6.5,13,3,3
35,44,35,44,39.5,79,9,21
1,6,1,6,3.5,7,5,0
6,14,6,14,10.0,20,8,3
1,4,1,4,2.5,5,3,0
10,8,8,10,9.0,18,2,5
16,47,16,47,31.5,63,31,15
10,1,1,10,5.5,11,9,0
20,20,20,20,20.0,40,0,18
1,6,1,6,3.5,7,5,0
1,5,1,5,3.0,6,4,0
6,1,1,6,3.5,7,5,0
11,8,8,11,9.5,19,3,0
1,6,1,6,3.5,7,5,0
1,4,1,4,2.5,5,3,0
4,4,4,4,4.0,8,0,3
6,1,1,6,3.5,7,5,0
1,5,1,5,3.0,6,4,0
21,20,20,21,20.5,41,1,19
10,8,8,10,9.0,18,2,4
1,5,1,5,3.0,6,4,0
1,7,1,7,4.0,8,6,0
23,28,23,28,25.5,51,5,22
49,38,38,49,43.5,87,11,19
4,9,4,9,6.5,13,5,0
6,1,1,6,3.5,7,5,0
7,7,7,7,7.0,14,0,6
1,8,1,8,4.5,9,7,0
1,12,1,12,6.5,13,11,0
1,8,1,8,4.5,9,7,0
6,10,6,10,8.0,16,4,5
4,1,1,4,2.5,5,3,0
5,7,5,7,6.0,12,2,1
4,3,3,4,3.5,7,1,2
2,5,2,5,3.5,7,3,1
2,5,2,5,3.5,7,3,1
1,77,1,77,39.0,78,76,0
1,6,1,6,3.5,7,5,0
5,1,1,5,3.0,6,4,0
6,1,1,6,3.5,7,5,0
5,5,5,5,5.0,10,0,2
10,7,7,10,8.5,17,3,5
3,5,3,5,4.0,8,2,2
5,5,5,5,5.0,10,0,4
22,28,22,28,25.0,50,6,19
5,2,2,5,3.5,7,3,0
13,19,13,19,16.0,32,6,9
1,5,1,5,3.0,6,4,0
5,7,5,7,6.0,12,2,3
6,13,6,13,9.5,19,7,4
31,11,11,31,21.0,42,20,9
7,9,7,9,8.0,16,2,0
13,16,13,16,14.5,29,3,9
16,4,4,16,10.0,20,12,1
11,11,11,11,11.0,22,0,5
8,7,7,8,7.5,15,1,6
4,1,1,4,2.5,5,3,0
6,2,2,6,4.0,8,4,1
51,41,41,51,46.0,92,10,24
4,4,4,4,4.0,8,0,3
13,12,12,13,12.5,25,1,11
7,7,7,7,7.0,14,0,6
41,45,41,45,43.0,86,4,32
4,5,4,5,4.5,9,1,3
4,8,4,8,6.0,12,4,2
8,8,8,8,8.0,16,0,7
36,34,34,36,35.0,70,2,27
2,4,2,4,3.0,6,2,1
1,19,1,19,10.0,20,18,0
4,5,4,5,4.5,9,1,3
5,1,1,5,3.0,6,4,0
1,9,1,9,5.0,10,8,0
5,3,3,5,4.0,8,2,2
1,9,1,9,5.0,10,8,0
22,25,22,25,23.5,47,3,20
4,1,1,4,2.5,5,3,0
51,33,33,51,42.0,84,18,22
16,22,16,22,19.0,38,6,11
12,13,12,13,12.5,25,1,10
31,33,31,33,32.0,64,2,23
7,4,4,7,5.5,11,3,3
19,9,9,19,14.0,28,10,0
1,4,1,4,2.5,5,3,0
6,2,2,6,4.0,8,4,1
5,5,5,5,5.0,10,0,4
20,20,20,20,20.0,40,0,19
1,10,1,10,5.5,11,9,0
7,2,2,7,4.5,9,5,1
1,8,1,8,4.5,9,7,0
6,2,2,6,4.0,8,4,1
13,4,4,13,8.5,17,9,0
13,19,13,19,16.0,32,6,11
4,1,1,4,2.5,5,3,0
6,8,6,8,7.0,14,2,4
1,4,1,4,2.5,5,3,0
4,1,1,4,2.5,5,3,0
2,9,2,9,5.5,11,7,1
6,6,6,6,6.0,12,0,5
6,7,6,7,6.5,13,1,5
14,14,14,14,14.0,28,0,13
9,5,5,9,7.0,14,4,4
4,1,1,4,2.5,5,3,0
7,25,7,25,16.0,32,18,0
5,6,5,6,5.5,11,1,0
8,16,8,16,12.0,24,8,7
6,5,5,6,5.5,11,1,4
11,13,11,13,12.0,24,2,9
1,7,1,7,4.0,8,6,0
1,5,1,5,3.0,6,4,0
4,4,4,4,4.0,8,0,2
1,14,1,14,7.5,15,13,0
36,23,23,36,29.5,59,13,19
4,5,4,5,4.5,9,1,3
8,1,1,8,4.5,9,7,0
5,6,5,6,5.5,11,1,4
4,4,4,4,4.0,8,0,3
18,15,15,18,16.5,33,3,14
39,37,37,39,38.0,76,2,26
1,5,1,5,3.0,6,4,0
1,4,1,4,2.5,5,3,0
17,17,17,17,17.0,34,0,13
4,6,4,6,5.0,10,2,3
15,1,1,15,8.0,16,14,0
4,11,4,11,7.5,15,7,1
1,4,1,4,2.5,5,3,0
1,16,1,16,8.5,17,15,0
7,1,1,7,4.0,8,6,0
8,5,5,8,6.5,13,3,2
2,5,2,5,3.5,7,3,1
4,1,1,4,2.5,5,3,0
10,13,10,13,11.5,23,3,9
8,8,8,8,8.0,16,0,7
5,1,1,5,3.0,6,4,0
4,15,4,15,9.5,19,11,0
1,8,1,8,4.5,9,7,0
1,12,1,12,6.5,13,11,0
4,6,4,6,5.0,10,2,3
4,1,1,4,2.5,5,3,0
1,5,1,5,3.0,6,4,0
23,9,9,23,16.0,32,14,8
11,6,6,11,8.5,17,5,2
5,5,5,5,5.0,10,0,2
22,6,6,22,14.0,28,16,5
9,22,9,22,15.5,31,13,5
5,5,5,5,5.0,10,0,4
29,1,1,29,15.0,30,28,0
2,5,2,5,3.5,7,3,1
4,4,4,4,4.0,8,0,2
11,9,9,11,10.0,20,2,7
8,5,5,8,6.5,13,3,4
7,7,7,7,7.0,14,0,4
1,6,1,6,3.5,7,5,0
1,11,1,11,6.0,12,10,0
1,9,1,9,5.0,10,8,0
20,21,20,21,20.5,41,1,16
1,17,1,17,9.0,18,16,0
9,9,9,9,9.0,18,0,8
1,4,1,4,2.5,5,3,0
12,10,10,12,11.0,22,2,9
8,7,7,8,7.5,15,1,6
1,105,1,105,53.0,106,104,0
1,33,1,33,17.0,34,32,0
6,7,6,7,6.5,13,1,5
4,1,1,4,2.5,5,3,0
8,1,1,8,4.5,9,7,0
13,14,13,14,13.5,27,1,12
75,11,11,75,43.0,86,64,1
1,7,1,7,4.0,8,6,0
1,4,1,4,2.5,5,3,0
21,20,20,21,20.5,41,1,19
20,22,20,22,21.0,42,2,18
6,7,6,7,6.5,13,1,4
7,8,7,8,7.5,15,1,3
5,5,5,5,5.0,10,0,4
10,10,10,10,10.0,20,0,8
12,17,12,17,14.5,29,5,11
32,24,24,32,28.0,56,8,19
29,11,11,29,20.0,40,18,7
1,7,1,7,4.0,8,6,0
4,2,2,4,3.0,6,2,0
4,4,4,4,4.0,8,0,0
2,32,2,32,17.0,34,30,0
10,5,5,10,7.5,15,5,1
4,1,1,4,2.5,5,3,0
23,1,1,23,12.0,24,22,0
19,10,10,19,14.5,29,9,9
6,1,1,6,3.5,7,5,0
1,18,1,18,9.5,19,17,0
5,1,1,5,3.0,6,4,0
1,12,1,12,6.5,13,11,0
1,21,1,21,11.0,22,20,0
1,6,1,6,3.5,7,5,0
1,14,1,14,7.5,15,13,0
6,1,1,6,3.5,7,5,0
6,6,6,6,6.0,12,0,5
1,4,1,4,2.5,5,3,0
19,17,17,19,18.0,36,2,16
12,11,11,12,11.5,23,1,8
9,6,6,9,7.5,15,3,5
12,12,12,12,12.0,24,0,10
3,4,3,4,3.5,7,1,2
1,7,1,7,4.0,8,6,0
1,5,1,5,3.0,6,4,0
1,5,1,5,3.0,6,4,0
6,5,5,6,5.5,11,1,4
24,28,24,28,26.0,52,4,23
6,6,6,6,6.0,12,0,4
1,16,1,16,8.5,17,15,0
23,19,19,23,21.0,42,4,17
1,9,1,9,5.0,10,8,0
6,6,6,6,6.0,12,0,5
1,5,1,5,3.0,6,4,0
11,12,11,12,11.5,23,1,9
5,4,4,5,4.5,9,1,3
7,1,1,7,4.0,8,6,0
19,17,17,19,18.0,36,2,15
6,8,6,8,7.0,14,2,5
1,10,1,10,5.5,11,9,0
5,5,5,5,5.0,10,0,4
7,4,4,7,5.5,11,3,3
8,1,1,8,4.5,9,7,0
19,24,19,24,21.5,43,5,18
34,26,26,34,30.0,60,8,22
5,1,1,5,3.0,6,4,0
18,23,18,23,20.5,41,5,17
1,4,1,4,2.5,5,3,0
24,19,19,24,21.5,43,5,18
7,7,7,7,7.0,14,0,6
45,38,38,45,41.5,83,7,32
36,41,36,41,38.5,77,5,31
1,11,1,11,6.0,12,10,0
1,11,1,11,6.0,12,10,0
2,6,2,6,4.0,8,4,0
9,25,9,25,17.0,34,16,6
1,7,1,7,4.0,8,6,0
45,25,25,45,35.0,70,20,21
4,5,4,5,4.5,9,1,2
4,1,1,4,2.5,5,3,0
5,6,5,6,5.5,11,1,2
26,36,26,36,31.0,62,10,20
1,29,1,29,15.0,30,28,0
4,4,4,4,4.0,8,0,3
14,10,10,14,12.0,24,4,5
2,4,2,4,3.0,6,2,0
5,7,5,7,6.0,12,2,4
2,5,2,5,3.5,7,3,0
4,5,4,5,4.5,9,1,2
1,5,1,5,3.0,6,4,0
4,11,4,11,7.5,15,7,3
10,26,10,26,18.0,36,16,4
11,26,11,26,18.5,37,15,0
24,38,24,38,31.0,62,14,19
5,7,5,7,6.0,12,2,4
6,1,1,6,3.5,7,5,0
1,9,1,9,5.0,10,8,0
5,15,5,15,10.0,20,10,4
6,7,6,7,6.5,13,1,2
21,19,19,21,20.0,40,2,18
14,14,14,14,14.0,28,0,13
8,10,8,10,9.0,18,2,3
8,4,4,8,6.0,12,4,2
9,9,9,9,9.0,18,0,8
5,7,5,7,6.0,12,2,3
6,1,1,6,3.5,7,5,0
30,18,18,30,24.0,48,12,15
6,2,2,6,4.0,8,4,1
8,3,3,8,5.5,11,5,2
8,1,1,8,4.5,9,7,0
1,14,1,14,7.5,15,13,0
11,12,11,12,11.5,23,1,9
26,5,5,26,15.5,31,21,4
9,12,9,12,10.5,21,3,8
8,14,8,14,11.0,22,6,7
5,1,1,5,3.0,6,4,0
23,23,23,23,23.0,46,0,21
13,14,13,14,13.5,27,1,12
4,1,1,4,2.5,5,3,0
26,23,23,26,24.5,49,3,21
1,11,1,11,6.0,12,10,0
1,28,1,28,14.5,29,27,0
4,4,4,4,4.0,8,0,1
12,13,12,13,12.5,25,1,11
12,9,9,12,10.5,21,3,7
6,1,1,6,3.5,7,5,0
4,4,4,4,4.0,8,0,3
1,8,1,8,4.5,9,7,0
5,8,5,8,6.5,13,3,4
8,1,1,8,4.5,9,7,0
9,9,9,9,9.0,18,0,8
8,6,6,8,7.0,14,2,4
4,1,1,4,2.5,5,3,0
7,8,7,8,7.5,15,1,6
7,5,5,7,6.0,12,2,2
5,8,5,8,6.5,13,3,4
21,1,1,21,11.0,22,20,0
12,14,12,14,13.0,26,2,3
27,26,26,27,26.5,53,1,25
2,5,2,5,3.5,7,3,0
5,5,5,5,5.0,10,0,3
7,6,6,7,6.5,13,1,5
4,4,4,4,4.0,8,0,2
2,6,2,6,4.0,8,4,0
34,31,31,34,32.5,65,3,23
7,1,1,7,4.0,8,6,0
9,29,9,29,19.0,38,20,5
4,1,1,4,2.5,5,3,0
7,5,5,7,6.0,12,2,4
1,9,1,9,5.0,10,8,0
14,12,12,14,13.0,26,2,11
3,4,3,4,3.5,7,1,2
3,4,3,4,3.5,7,1,2
11,1,1,11,6.0,12,10,0
4,1,1,4,2.5,5,3,0
7,4,4,7,5.5,11,3,2
34,32,32,34,33.0,66,2,27
28,29,28,29,28.5,57,1,25
9,4,4,9,6.5,13,5,3
1,4,1,4,2.5,5,3,0
20,21,20,21,20.5,41,1,17
4,1,1,4,2.5,5,3,0
41,24,24,41,32.5,65,17,23
28,15,15,28,21.5,43,13,10
3,9,3,9,6.0,12,6,0
2,5,2,5,3.5,7,3,1
7,2,2,7,4.5,9,5,0
9,8,8,9,8.5,17,1,7
18,16,16,18,17.0,34,2,12
5,1,1,5,3.0,6,4,0
4,1,1,4,2.5,5,3,0
1,6,1,6,3.5,7,5,0
4,1,1,4,2.5,5,3,0
26,20,20,26,23.0,46,6,18
6,4,4,6,5.0,10,2,3
1,10,1,10,5.5,11,9,0
1,4,1,4,2.5,5,3,0
7,3,3,7,5.0,10,4,2
8,4,4,8,6.0,12,4,0
12,1,1,12,6.5,13,11,0
4,2,2,4,3.0,6,2,1
30,23,23,30,26.5,53,7,21
14,15,14,15,14.5,29,1,10
1,5,1,5,3.0,6,4,0
25,29,25,29,27.0,54,4,21
2,4,2,4,3.0,6,2,1
13,18,13,18,15.5,31,5,10
26,3,3,26,14.5,29,23,1
1,4,1,4,2.5,5,3,0
4,1,1,4,2.5,5,3,0
1,6,1,6,3.5,7,5,0
8,11,8,11,9.5,19,3,6
2,8,2,8,5.0,10,6,1
5,1,1,5,3.0,6,4,0
5,2,2,5,3.5,7,3,1
9,9,9,9,9.0,18,0,8
6,5,5,6,5.5,11,1,3
5,1,1,5,3.0,6,4,0
5,19,5,19,12.0,24,14,1
2,5,2,5,3.5,7,3,1
7,1,1,7,4.0,8,6,0
1,4,1,4,2.5,5,3,0
1,4,1,4,2.5,5,3,0
1,30,1,30,15.5,31,29,0
8,1,1,8,4.5,9,7,0
6,1,1,6,3.5,7,5,0
4,1,1,4,2.5,5,3,0
7,2,2,7,4.5,9,5,1
27,24,24,27,25.5,51,3,22
8,3,3,8,5.5,11,5,2
22,33,22,33,27.5,55,11,20
8,6,6,8,7.0,14,2,5
4,4,4,4,4.0,8,0,3
1,15,1,15,8.0,16,14,0
7,8,7,8,7.5,15,1,6
66,37,37,66,51.5,103,29,29
25,45,25,45,35.0,70,20,21
1,4,1,4,2.5,5,3,0
5,1,1,5,3.0,6,4,0
1,14,1,14,7.5,15,13,0
18,10,10,18,14.0,28,8,7
19,19,19,19,19.0,38,0,17
12,12,12,12,12.0,24,0,10
8,8,8,8,8.0,16,0,6
1,5,1,5,3.0,6,4,0
1,4,1,4,2.5,5,3,0
4,1,1,4,2.5,5,3,0
4,2,2,4,3.0,6,2,1
8,8,8,8,8.0,16,0,7
18,21,18,21,19.5,39,3,17
17,25,17,25,21.0,42,8,16
7,10,7,10,8.5,17,3,4
7,13,7,13,10.0,20,6,6
5,5,5,5,5.0,10,0,4
1,5,1,5,3.0,6,4,0
9,20,9,20,14.5,29,11,8
10,4,4,10,7.0,14,6,1
8,7,7,8,7.5,15,1,6
1,44,1,44,22.5,45,43,0
7,6,6,7,6.5,13,1,5
13,13,13,13,13.0,26,0,8
9,6,6,9,7.5,15,3,4
5,1,1,5,3.0,6,4,0
5,5,5,5,5.0,10,0,3
9,1,1,9,5.0,10,8,0
11,1,1,11,6.0,12,10,0
8,5,5,8,6.5,13,3,4
7,7,7,7,7.0,14,0,4
7,10,7,10,8.5,17,3,5
9,9,9,9,9.0,18,0,8
1,4,1,4,2.5,5,3,0
13,9,9,13,11.0,22,4,6
2,8,2,8,5.0,10,6,0
8,6,6,8,7.0,14,2,5
1,4,1,4,2.5,5,3,0
5,5,5,5,5.0,10,0,4
6,4,4,6,5.0,10,2,3
16,31,16,31,23.5,47,15,14
22,20,20,22,21.0,42,2,18
10,5,5,10,7.5,15,5,4
18,13,13,18,15.5,31,5,11
8,14,8,14,11.0,22,6,5
1,4,1,4,2.5,5,3,0
9,9,9,9,9.0,18,0,8
4,3,3,4,3.5,7,1,2
5,1,1,5,3.0,6,4,0
1,5,1,5,3.0,6,4,0
6,6,6,6,6.0,12,0,5
8,12,8,12,10.0,20,4,6
6,5,5,6,5.5,11,1,4
8,9,8,9,8.5,17,1,7
22,27,22,27,24.5,49,5,21
1,15,1,15,8.0,16,14,0
7,1,1,7,4.0,8,6,0
7,146,7,146,76.5,153,139,0
2,5,2,5,3.5,7,3,1
7,8,7,8,7.5,15,1,6
5,2,2,5,3.5,7,3,1
1,18,1,18,9.5,19,17,0
6,4,4,6,5.0,10,2,0
9,9,9,9,9.0,18,0,8
9,8,8,9,8.5,17,1,4
25,22,22,25,23.5,47,3,21
1,5,1,5,3.0,6,4,0
13,13,13,13,13.0,26,0,12
5,1,1,5,3.0,6,4,0
1,35,1,35,18.0,36,34,0
10,11,10,11,10.5,21,1,9
16,14,14,16,15.0,30,2,13
11,11,11,11,11.0,22,0,6
1,5,1,5,3.0,6,4,0
2,20,2,20,11.0,22,18,0
13,13,13,13,13.0,26,0,11
1,10,1,10,5.5,11,9,0
4,4,4,4,4.0,8,0,1
5,4,4,5,4.5,9,1,3
8,56,8,56,32.0,64,48,0
1,6,1,6,3.5,7,5,0
1,12,1,12,6.5,13,11,0
21,11,11,21,16.0,32,10,8
5,1,1,5,3.0,6,4,0
1,4,1,4,2.5,5,3,0
11,11,11,11,11.0,22,0,8
14,13,13,14,13.5,27,1,12
9,11,9,11,10.0,20,2,6
3,5,3,5,4.0,8,2,2
4,5,4,5,4.5,9,1,3
8,1,1,8,4.5,9,7,0
1,5,1,5,3.0,6,4,0
4,1,1,4,2.5,5,3,0
9,17,9,17,13.0,26,8,1
9,14,9,14,11.5,23,5,5
4,2,2,4,3.0,6,2,1
8,1,1,8,4.5,9,7,0
5,1,1,5,3.0,6,4,0
1,4,1,4,2.5,5,3,0
8,8,8,8,8.0,16,0,7
11,12,11,12,11.5,23,1,9
2,33,2,33,17.5,35,31,1
41,47,41,47,44.0,88,6,32
1,5,1,5,3.0,6,4,0
5,2,2,5,3.5,7,3,1
47,44,44,47,45.5,91,3,39
45,47,45,47,46.0,92,2,44
1,35,1,35,18.0,36,34,0
5,1,1,5,3.0,6,4,0
1,18,1,18,9.5,19,17,0
5,1,1,5,3.0,6,4,0
12,10,10,12,11.0,22,2,0
41,47,41,47,44.0,88,6,33
34,10,10,34,22.0,44,24,8
5,2,2,5,3.5,7,3,1
1,7,1,7,4.0,8,6,0
1,5,1,5,3.0,6,4,0
9,15,9,15,12.0,24,6,5
4,4,4,4,4.0,8,0,3
26,40,26,40,33.0,66,14,21
33,20,20,33,26.5,53,13,18
1,12,1,12,6.5,13,11,0
5,2,2,5,3.5,7,3,1
5,2,2,5,3.5,7,3,0
29,42,29,42,35.5,71,13,21
11,1,1,11,6.0,12,10,0
11,9,9,11,10.0,20,2,5
6,5,5,6,5.5,11,1,4
14,17,14,17,15.5,31,3,13
1,4,1,4,2.5,5,3,0
4,6,4,6,5.0,10,2,3
6,13,6,13,9.5,19,7,0
6,4,4,6,5.0,10,2,1
7,1,1,7,4.0,8,6,0
12,6,6,12,9.0,18,6,5
4,5,4,5,4.5,9,1,3
1,4,1,4,2.5,5,3,0
6,1,1,6,3.5,7,5,0
8,5,5,8,6.5,13,3,2
20,2,2,20,11.0,22,18,0
2,6,2,6,4.0,8,4,0
5,4,4,5,4.5,9,1,3
5,1,1,5,3.0,6,4,0
4,2,2,4,3.0,6,2,1
3,11,3,11,7.0,14,8,2
4,1,1,4,2.5,5,3,0
5,1,1,5,3.0,6,4,0
5,1,1,5,3.0,6,4,0
1,6,1,6,3.5,7,5,0
42,42,42,42,42.0,84,0,41
1,5,1,5,3.0,6,4,0
6,9,6,9,7.5,15,3,0
1,22,1,22,11.5,23,21,0
2,6,2,6,4.0,8,4,1
14,24,14,24,19.0,38,10,12
4,49,4,49,26.5,53,45,0
6,6,6,6,6.0,12,0,5
7,10,7,10,8.5,17,3,5
1,6,1,6,3.5,7,5,0
5,5,5,5,5.0,10,0,3
23,35,23,35,29.0,58,12,19
10,1,1,10,5.5,11,9,0
1,4,1,4,2.5,5,3,0
4,2,2,4,3.0,6,2,1
7,7,7,7,7.0,14,0,6
14,23,14,23,18.5,37,9,13
7,7,7,7,7.0,14,0,6
51,41,41,51,46.0,92,10,24
2,4,2,4,3.0,6,2,1
6,6,6,6,6.0,12,0,4
4,1,1,4,2.5,5,3,0
6,6,6,6,6.0,12,0,5
2,16,2,16,9.0,18,14,1
15,7,7,15,11.0,22,8,0
4,1,1,4,2.5,5,3,0
1,5,1,5,3.0,6,4,0
7,9,7,9,8.0,16,2,6
4,1,1,4,2.5,5,3,0
11,1,1,11,6.0,12,10,0
14,15,14,15,14.5,29,1,12
7,2,2,7,4.5,9,5,1
1,19,1,19,10.0,20,18,0
10,12,10,12,11.0,22,2,8
4,146,4,146,75.0,150,142,0
11,18,11,18,14.5,29,7,7
18,16,16,18,17.0,34,2,10
4,5,4,5,4.5,9,1,3
9,6,6,9,7.5,15,3,5
5,1,1,5,3.0,6,4,0
6,1,1,6,3.5,7,5,0
9,7,7,9,8.0,16,2,6
6,7,6,7,6.5,13,1,5
5,1,1,5,3.0,6,4,0
2,4,2,4,3.0,6,2,1
9,6,6,9,7.5,15,3,4
5,1,1,5,3.0,6,4,0
18,9,9,18,13.5,27,9,7
6,1,1,6,3.5,7,5,0
4,1,1,4,2.5,5,3,0
7,5,5,7,6.0,12,2,3
33,31,31,33,32.0,64,2,30
1,7,1,7,4.0,8,6,0
5,4,4,5,4.5,9,1,2
6,23,6,23,14.5,29,17,3
1,6,1,6,3.5,7,5,0
10,8,8,10,9.0,18,2,7
26,35,26,35,30.5,61,9,23
32,13,13,32,22.5,45,19,11
11,9,9,11,10.0,20,2,0
14,14,14,14,14.0,28,0,12
6,6,6,6,6.0,12,0,5
8,5,5,8,6.5,13,3,4
34,50,34,50,42.0,84,16,32
10,4,4,10,7.0,14,6,3
20,10,10,20,15.0,30,10,9
4,4,4,4,4.0,8,0,3
5,1,1,5,3.0,6,4,0
7,3,3,7,5.0,10,4,2
10,12,10,12,11.0,22,2,9
4,4,4,4,4.0,8,0,3
29,20,20,29,24.5,49,9,17
17,2,2,17,9.5,19,15,1
9,11,9,11,10.0,20,2,6
9,12,9,12,10.5,21,3,8
12,11,11,12,11.5,23,1,9
12,22,12,22,17.0,34,10,11
24,22,22,24,23.0,46,2,18
13,1,1,13,7.0,14,12,0
13,22,13,22,17.5,35,9,12
5,1,1,5,3.0,6,4,0
6,1,1,6,3.5,7,5,0
6,1,1,6,3.5,7,5,0
15,5,5,15,10.0,20,10,3
5,1,1,5,3.0,6,4,0
6,6,6,6,6.0,12,0,5
1,8,1,8,4.5,9,7,0
5,5,5,5,5.0,10,0,4
11,9,9,11,10.0,20,2,5
1,9,1,9,5.0,10,8,0
5,6,5,6,5.5,11,1,4
5,4,4,5,4.5,9,1,3
1,4,1,4,2.5,5,3,0
5,35,5,35,20.0,40,30,0
4,1,1,4,2.5,5,3,0
5,4,4,5,4.5,9,1,3
9,1,1,9,5.0,10,8,0
1,7,1,7,4.0,8,6,0
13,11,11,13,12.0,24,2,9
1,17,1,17,9.0,18,16,0
6,6,6,6,6.0,12,0,5
15,2,2,15,8.5,17,13,0
5,1,1,5,3.0,6,4,0
15,14,14,15,14.5,29,1,12
42,22,22,42,32.0,64,20,17
2,4,2,4,3.0,6,2,1
6,6,6,6,6.0,12,0,5
9,9,9,9,9.0,18,0,8
7,1,1,7,4.0,8,6,0
6,5,5,6,5.5,11,1,4
5,5,5,5,5.0,10,0,4
5,1,1,5,3.0,6,4,0
10,17,10,17,13.5,27,7,6
5,5,5,5,5.0,10,0,3
1,4,1,4,2.5,5,3,0
7,10,7,10,8.5,17,3,3
7,8,7,8,7.5,15,1,5
14,10,10,14,12.0,24,4,8
13,13,13,13,13.0,26,0,12
23,24,23,24,23.5,47,1,22
5,21,5,21,13.0,26,16,4
6,7,6,7,6.5,13,1,3
20,26,20,26,23.0,46,6,19
6,6,6,6,6.0,12,0,5
5,5,5,5,5.0,10,0,4
5,3,3,5,4.0,8,2,0
45,44,44,45,44.5,89,1,43
1,5,1,5,3.0,6,4,0
14,27,14,27,20.5,41,13,7
8,5,5,8,6.5,13,3,4
1,7,1,7,4.0,8,6,0
7,8,7,8,7.5,15,1,5
11,10,10,11,10.5,21,1,8
6,5,5,6,5.5,11,1,3
2,5,2,5,3.5,7,3,1
1,6,1,6,3.5,7,5,0
13,12,12,13,12.5,25,1,8
5,1,1,5,3.0,6,4,0
6,4,4,6,5.0,10,2,2
5,5,5,5,5.0,10,0,4
11,11,11,11,11.0,22,0,10
33,31,31,33,32.0,64,2,30
5,2,2,5,3.5,7,3,1
2,5,2,5,3.5,7,3,0
45,25,25,45,35.0,70,20,21
3,6,3,6,4.5,9,3,2
35,88,35,88,61.5,123,53,26
7,3,3,7,5.0,10,4,2
8,7,7,8,7.5,15,1,6
23,1,1,23,12.0,24,22,0
7,9,7,9,8.0,16,2,6
22,1,1,22,11.5,23,21,0
32,29,29,32,30.5,61,3,18
4,1,1,4,2.5,5,3,0
2,9,2,9,5.5,11,7,1
6,1,1,6,3.5,7,5,0
42,51,42,51,46.5,93,9,25
13,13,13,13,13.0,26,0,12
7,15,7,15,11.0,22,8,5
5,2,2,5,3.5,7,3,0
4,1,1,4,2.5,5,3,0
6,4,4,6,5.0,10,2,0
7,8,7,8,7.5,15,1,5
1,5,1,5,3.0,6,4,0
1,6,1,6,3.5,7,5,0
10,7,7,10,8.5,17,3,6
1,9,1,9,5.0,10,8,0
8,6,6,8,7.0,14,2,5
16,16,16,16,16.0,32,0,13
20,18,18,20,19.0,38,2,17
18,6,6,18,12.0,24,12,4
26,1,1,26,13.5,27,25,0
26,26,26,26,26.0,52,0,24
17,26,17,26,21.5,43,9,13
21,10,10,21,15.5,31,11,9
12,10,10,12,11.0,22,2,8
1,8,1,8,4.5,9,7,0
17,4,4,17,10.5,21,13,3
8,15,8,15,11.5,23,7,7
4,1,1,4,2.5,5,3,0
41,46,41,46,43.5,87,5,39
12,1,1,12,6.5,13,11,0
6,1,1,6,3.5,7,5,0
1,75,1,75,38.0,76,74,0
29,49,29,49,39.0,78,20,23
1,4,1,4,2.5,5,3,0
16,14,14,16,15.0,30,2,13
2,4,2,4,3.0,6,2,0
37,29,29,37,33.0,66,8,27
22,21,21,22,21.5,43,1,15
12,8,8,12,10.0,20,4,6
1,6,1,6,3.5,7,5,0
5,1,1,5,3.0,6,4,0
4,1,1,4,2.5,5,3,0
1,30,1,30,15.5,31,29,0
43,45,43,45,44.0,88,2,41
1,5,1,5,3.0,6,4,0
1,56,1,56,28.5,57,55,0
41,37,37,41,39.0,78,4,27
6,1,1,6,3.5,7,5,0
21,21,21,21,21.0,42,0,19
10,8,8,10,9.0,18,2,5
1,8,1,8,4.5,9,7,0
5,6,5,6,5.5,11,1,4
4,4,4,4,4.0,8,0,1
10,5,5,10,7.5,15,5,4
36,8,8,36,22.0,44,28,6
1,10,1,10,5.5,11,9,0
4,2,2,4,3.0,6,2,1
12,19,12,19,15.5,31,7,11
3,5,3,5,4.0,8,2,1
5,6,5,6,5.5,11,1,4
11,12,11,12,11.5,23,1,10
42,31,31,42,36.5,73,11,28
11,8,8,11,9.5,19,3,7
32,22,22,32,27.0,54,10,20
37,51,37,51,44.0,88,14,29
4,4,4,4,4.0,8,0,0
18,13,13,18,15.5,31,5,11
9,1,1,9,5.0,10,8,0
12,6,6,12,9.0,18,6,3
8,8,8,8,8.0,16,0,7
4,1,1,4,2.5,5,3,0
26,47,26,47,36.5,73,21,21
2,5,2,5,3.5,7,3,0
11,27,11,27,19.0,38,16,6
29,22,22,29,25.5,51,7,15
19,20,19,20,19.5,39,1,15
2,5,2,5,3.5,7,3,1
6,1,1,6,3.5,7,5,0
10,10,10,10,10.0,20,0,9
2,4,2,4,3.0,6,2,1
1,7,1,7,4.0,8,6,0
24,13,13,24,18.5,37,11,11
11,12,11,12,11.5,23,1,9
2,4,2,4,3.0,6,2,0
8,8,8,8,8.0,16,0,0
8,8,8,8,8.0,16,0,6
5,1,1,5,3.0,6,4,0
6,9,6,9,7.5,15,3,5
19,19,19,19,19.0,38,0,14
9,13,9,13,11.0,22,4,8
1,4,1,4,2.5,5,3,0
1,4,1,4,2.5,5,3,0
10,8,8,10,9.0,18,2,7
33,32,32,33,32.5,65,1,31
4,5,4,5,4.5,9,1,3
6,1,1,6,3.5,7,5,0
50,23,23,50,36.5,73,27,19
25,13,13,25,19.0,38,12,11
37,8,8,37,22.5,45,29,4
1,4,1,4,2.5,5,3,0
6,1,1,6,3.5,7,5,0
8,9,8,9,8.5,17,1,7
5,1,1,5,3.0,6,4,0
16,15,15,16,15.5,31,1,13
21,20,20,21,20.5,41,1,18
7,1,1,7,4.0,8,6,0
1,4,1,4,2.5,5,3,0
6,1,1,6,3.5,7,5,0
4,1,1,4,2.5,5,3,0
2,4,2,4,3.0,6,2,1
7,8,7,8,7.5,15,1,6
14,20,14,20,17.0,34,6,12
18,19,18,19,18.5,37,1,16
18,8,8,18,13.0,26,10,6
15,1,1,15,8.0,16,14,0
4,4,4,4,4.0,8,0,3
5,1,1,5,3.0,6,4,0
38,15,15,38,26.5,53,23,12
4,4,4,4,4.0,8,0,0
1,10,1,10,5.5,11,9,0
2,4,2,4,3.0,6,2,1
30,29,29,30,29.5,59,1,19
11,11,11,11,11.0,22,0,10
4,6,4,6,5.0,10,2,3
2,5,2,5,3.5,7,3,0
6,9,6,9,7.5,15,3,5
6,5,5,6,5.5,11,1,0
5,5,5,5,5.0,10,0,4
16,20,16,20,18.0,36,4,12
4,4,4,4,4.0,8,0,3
7,3,3,7,5.0,10,4,2
4,1,1,4,2.5,5,3,0
11,13,11,13,12.0,24,2,9
5,2,2,5,3.5,7,3,0
1,10,1,10,5.5,11,9,0
7,7,7,7,7.0,14,0,6
34,50,34,50,42.0,84,16,32
36,25,25,36,30.5,61,11,21
1,12,1,12,6.5,13,11,0
27,26,26,27,26.5,53,1,25
18,22,18,22,20.0,40,4,17
4,1,1,4,2.5,5,3,0
12,11,11,12,11.5,23,1,8
5,146,5,146,75.5,151,141,3
30,39,30,39,34.5,69,9,29
2,17,2,17,9.5,19,15,1
9,8,8,9,8.5,17,1,6
6,2,2,6,4.0,8,4,1
14,21,14,21,17.5,35,7,4
42,50,42,50,46.0,92,8,25
12,14,12,14,13.0,26,2,8
8,8,8,8,8.0,16,0,7
9,10,9,10,9.5,19,1,8
8,7,7,8,7.5,15,1,6
41,49,41,49,45.0,90,8,24
2,4,2,4,3.0,6,2,1
6,1,1,6,3.5,7,5,0
1,4,1,4,2.5,5,3,0
2,10,2,10,6.0,12,8,1
29,5,5,29,17.0,34,24,1
2,5,2,5,3.5,7,3,1
5,1,1,5,3.0,6,4,0
1,5,1,5,3.0,6,4,0
12,9,9,12,10.5,21,3,6
1,8,1,8,4.5,9,7,0
9,13,9,13,11.0,22,4,8
3,5,3,5,4.0,8,2,2
47,1,1,47,24.0,48,46,0
8,7,7,8,7.5,15,1,5
18,24,18,24,21.0,42,6,17
1,6,1,6,3.5,7,5,0
6,6,6,6,6.0,12,0,5
11,12,11,12,11.5,23,1,10
6,16,6,16,11.0,22,10,0
6,1,1,6,3.5,7,5,0
23,22,22,23,22.5,45,1,21
32,33,32,33,32.5,65,1,31
7,8,7,8,7.5,15,1,6
16,18,16,18,17.0,34,2,13
5,2,2,5,3.5,7,3,1
13,2,2,13,7.5,15,11,1
8,8,8,8,8.0,16,0,7
5,1,1,5,3.0,6,4,0
4,3,3,4,3.5,7,1,2
1,7,1,7,4.0,8,6,0
14,20,14,20,17.0,34,6,13
4,1,1,4,2.5,5,3,0
6,7,6,7,6.5,13,1,5
6,2,2,6,4.0,8,4,0
39,41,39,41,40.0,80,2,38
9,5,5,9,7.0,14,4,1
11,1,1,11,6.0,12,10,0
8,14,8,14,11.0,22,6,7
29,4,4,29,16.5,33,25,3
4,5,4,5,4.5,9,1,3
2,4,2,4,3.0,6,2,1
8,1,1,8,4.5,9,7,0
1,16,1,16,8.5,17,15,0
23,31,23,31,27.0,54,8,19
19,12,12,19,15.5,31,7,11
4,2,2,4,3.0,6,2,1
6,4,4,6,5.0,10,2,2
5,9,5,9,7.0,14,4,4
7,1,1,7,4.0,8,6,0
1,5,1,5,3.0,6,4,0
6,2,2,6,4.0,8,4,1
8,4,4,8,6.0,12,4,0
28,44,28,44,36.0,72,16,25
5,1,1,5,3.0,6,4,0
5,2,2,5,3.5,7,3,1
1,23,1,23,12.0,24,22,0
1,5,1,5,3.0,6,4,0
5,5,5,5,5.0,10,0,3
2,7,2,7,4.5,9,5,1
7,13,7,13,10.0,20,6,5
1,7,1,7,4.0,8,6,0
1,5,1,5,3.0,6,4,0
5,1,1,5,3.0,6,4,0
5,1,1,5,3.0,6,4,0
4,1,1,4,2.5,5,3,0
7,7,7,7,7.0,14,0,6
4,8,4,8,6.0,12,4,3
5,1,1,5,3.0,6,4,0
12,6,6,12,9.0,18,6,5
8,8,8,8,8.0,16,0,7
1,31,1,31,16.0,32,30,0
4,2,2,4,3.0,6,2,1
7,8,7,8,7.5,15,1,6
6,8,6,8,7.0,14,2,3
2,10,2,10,6.0,12,8,0
24,19,19,24,21.5,43,5,13
8,10,8,10,9.0,18,2,7
1,14,1,14,7.5,15,13,0
4,2,2,4,3.0,6,2,1
10,1,1,10,5.5,11,9,0
10,8,8,10,9.0,18,2,7
1,4,1,4,2.5,5,3,0
4,1,1,4,2.5,5,3,0
2,4,2,4,3.0,6,2,0
9,9,9,9,9.0,18,0,8
20,5,5,20,12.5,25,15,4
25,13,13,25,19.0,38,12,10
6,6,6,6,6.0,12,0,5
1,8,1,8,4.5,9,7,0
4,1,1,4,2.5,5,3,0
33,25,25,33,29.0,58,8,24
3,5,3,5,4.0,8,2,2
21,11,11,21,16.0,32,10,9
42,28,28,42,35.0,70,14,23
5,9,5,9,7.0,14,4,4
4,1,1,4,2.5,5,3,0
7,1,1,7,4.0,8,6,0
7,1,1,7,4.0,8,6,0
1,12,1,12,6.5,13,11,0
11,11,11,11,11.0,22,0,10
1,13,1,13,7.0,14,12,0
12,17,12,17,14.5,29,5,9
6,4,4,6,5.0,10,2,3
15,12,12,15,13.5,27,3,0
1,4,1,4,2.5,5,3,0
17,20,17,20,18.5,37,3,15
1,7,1,7,4.0,8,6,0
27,25,25,27,26.0,52,2,24
22,21,21,22,21.5,43,1,19
23,17,17,23,20.0,40,6,14
1,5,1,5,3.0,6,4,0
4,3,3,4,3.5,7,1,2
25,22,22,25,23.5,47,3,20
3,15,3,15,9.0,18,12,2
27,24,24,27,25.5,51,3,23
5,2,2,5,3.5,7,3,1
18,20,18,20,19.0,38,2,15
4,1,1,4,2.5,5,3,0
7,9,7,9,8.0,16,2,3
9,11,9,11,10.0,20,2,8
8,5,5,8,6.5,13,3,4
12,6,6,12,9.0,18,6,5
18,17,17,18,17.5,35,1,16
4,4,4,4,4.0,8,0,3
12,11,11,12,11.5,23,1,10
1,5,1,5,3.0,6,4,0
1,10,1,10,5.5,11,9,0
17,16,16,17,16.5,33,1,14
1,7,1,7,4.0,8,6,0
10,1,1,10,5.5,11,9,0
4,1,1,4,2.5,5,3,0
5,1,1,5,3.0,6,4,0
1,4,1,4,2.5,5,3,0
1,5,1,5,3.0,6,4,0
8,15,8,15,11.5,23,7,1
5,5,5,5,5.0,10,0,2
5,1,1,5,3.0,6,4,0
4,1,1,4,2.5,5,3,0
11,11,11,11,11.0,22,0,9
4,4,4,4,4.0,8,0,2
18,27,18,27,22.5,45,9,16
1,7,1,7,4.0,8,6,0
14,4,4,14,9.0,18,10,2
1,4,1,4,2.5,5,3,0
2,8,2,8,5.0,10,6,0
1,4,1,4,2.5,5,3,0
19,1,1,19,10.0,20,18,0
1,9,1,9,5.0,10,8,0
11,17,11,17,14.0,28,6,6
1,4,1,4,2.5,5,3,0
1,5,1,5,3.0,6,4,0
1,11,1,11,6.0,12,10,0
12,11,11,12,11.5,23,1,8
14,1,1,14,7.5,15,13,0
9,1,1,9,5.0,10,8,0
1,4,1,4,2.5,5,3,0
18,9,9,18,13.5,27,9,8
32,36,32,36,34.0,68,4,29
1,29,1,29,15.0,30,28,0
1,5,1,5,3.0,6,4,0
6,19,6,19,12.5,25,13,2
4,23,4,23,13.5,27,19,3
5,5,5,5,5.0,10,0,4
5,4,4,5,4.5,9,1,2
4,3,3,4,3.5,7,1,2
6,9,6,9,7.5,15,3,4
1,38,1,38,19.5,39,37,0
19,9,9,19,14.0,28,10,8
5,1,1,5,3.0,6,4,0
7,4,4,7,5.5,11,3,2
5,10,5,10,7.5,15,5,3
4,1,1,4,2.5,5,3,0
3,6,3,6,4.5,9,3,0
1,5,1,5,3.0,6,4,0
1,4,1,4,2.5,5,3,0
7,1,1,7,4.0,8,6,0
7,8,7,8,7.5,15,1,4
9,7,7,9,8.0,16,2,5
4,4,4,4,4.0,8,0,3
2,5,2,5,3.5,7,3,0
6,6,6,6,6.0,12,0,5
7,5,5,7,6.0,12,2,4
1,5,1,5,3.0,6,4,0
12,12,12,12,12.0,24,0,9
12,14,12,14,13.0,26,2,4
1,4,1,4,2.5,5,3,0
45,25,25,45,35.0,70,20,23
4,4,4,4,4.0,8,0,2
8,8,8,8,8.0,16,0,6
42,44,42,44,43.0,86,2,40
1,4,1,4,2.5,5,3,0
10,12,10,12,11.0,22,2,6
1,14,1,14,7.5,15,13,0
1,10,1,10,5.5,11,9,0
4,1,1,4,2.5,5,3,0
33,22,22,33,27.5,55,11,20
1,8,1,8,4.5,9,7,0
23,21,21,23,22.0,44,2,20
7,1,1,7,4.0,8,6,0
7,7,7,7,7.0,14,0,6
5,7,5,7,6.0,12,2,3
5,39,5,39,22.0,44,34,0
21,7,7,21,14.0,28,14,5
8,1,1,8,4.5,9,7,0
15,23,15,23,19.0,38,8,14
1,4,1,4,2.5,5,3,0
1,4,1,4,2.5,5,3,0
1,36,1,36,18.5,37,35,0
31,31,31,31,31.0,62,0,29
4,4,4,4,4.0,8,0,3
7,1,1,7,4.0,8,6,0
16,17,16,17,16.5,33,1,9
13,12,12,13,12.5,25,1,11
3,4,3,4,3.5,7,1,2
4,1,1,4,2.5,5,3,0
9,10,9,10,9.5,19,1,8
9,11,9,11,10.0,20,2,5
13,8,8,13,10.5,21,5,7
4,1,1,4,2.5,5,3,0
1,77,1,77,39.0,78,76,0
4,5,4,5,4.5,9,1,3
24,15,15,24,19.5,39,9,12
13,1,1,13,7.0,14,12,0
1,28,1,28,14.5,29,27,0
4,1,1,4,2.5,5,3,0
1,6,1,6,3.5,7,5,0
7,1,1,7,4.0,8,6,0
17,10,10,17,13.5,27,7,4
1,5,1,5,3.0,6,4,0
1,8,1,8,4.5,9,7,0
3,4,3,4,3.5,7,1,2
15,15,15,15,15.0,30,0,14
27,27,27,27,27.0,54,0,26
51,49,49,51,50.0,100,2,48
5,1,1,5,3.0,6,4,0
4,4,4,4,4.0,8,0,3
4,22,4,22,13.0,26,18,3
15,20,15,20,17.5,35,5,14
12,19,12,19,15.5,31,7,11
23,31,23,31,27.0,54,8,14
3,10,3,10,6.5,13,7,1
13,14,13,14,13.5,27,1,12
14,12,12,14,13.0,26,2,3
2,15,2,15,8.5,17,13,0
5,4,4,5,4.5,9,1,3
1,12,1,12,6.5,13,11,0
1,14,1,14,7.5,15,13,0
5,1,1,5,3.0,6,4,0
40,33,33,40,36.5,73,7,32
5,11,5,11,8.0,16,6,4
4,1,1,4,2.5,5,3,0
7,6,6,7,6.5,13,1,4
4,17,4,17,10.5,21,13,2
7,1,1,7,4.0,8,6,0
6,1,1,6,3.5,7,5,0
6,18,6,18,12.0,24,12,0
3,6,3,6,4.5,9,3,1
9,9,9,9,9.0,18,0,7
20,21,20,21,20.5,41,1,19
1,5,1,5,3.0,6,4,0
5,1,1,5,3.0,6,4,0
1,22,1,22,11.5,23,21,0
1,19,1,19,10.0,20,18,0
14,25,14,25,19.5,39,11,12
9,11,9,11,10.0,20,2,0
5,1,1,5,3.0,6,4,0
6,13,6,13,9.5,19,7,3
14,12,12,14,13.0,26,2,11
4,4,4,4,4.0,8,0,3
41,21,21,41,31.0,62,20,18
5,1,1,5,3.0,6,4,0
41,46,41,46,43.5,87,5,32
39,49,39,49,44.0,88,10,32
34,34,34,34,34.0,68,0,30
31,1,1,31,16.0,32,30,0
7,1,1,7,4.0,8,6,0
12,12,12,12,12.0,24,0,10
4,2,2,4,3.0,6,2,1
2,12,2,12,7.0,14,10,0
1,5,1,5,3.0,6,4,0
32,32,32,32,32.0,64,0,30
4,5,4,5,4.5,9,1,2
12,1,1,12,6.5,13,11,0
9,1,1,9,5.0,10,8,0
6,1,1,6,3.5,7,5,0
5,1,1,5,3.0,6,4,0
6,2,2,6,4.0,8,4,0
1,6,1,6,3.5,7,5,0
11,2,2,11,6.5,13,9,1
1,5,1,5,3.0,6,4,0
7,6,6,7,6.5,13,1,5
29,48,29,48,38.5,77,19,24
1,4,1,4,2.5,5,3,0
26,27,26,27,26.5,53,1,24
13,15,13,15,14.0,28,2,10
9,1,1,9,5.0,10,8,0
7,8,7,8,7.5,15,1,5
4,2,2,4,3.0,6,2,1
4,1,1,4,2.5,5,3,0
2,5,2,5,3.5,7,3,1
1,5,1,5,3.0,6,4,0
6,5,5,6,5.5,11,1,3
1,4,1,4,2.5,5,3,0
12,13,12,13,12.5,25,1,11
10,8,8,10,9.0,18,2,6
5,4,4,5,4.5,9,1,2
4,4,4,4,4.0,8,0,3
9,13,9,13,11.0,22,4,8
1,31,1,31,16.0,32,30,0
8,4,4,8,6.0,12,4,1
11,14,11,14,12.5,25,3,10
1,6,1,6,3.5,7,5,0
30,14,14,30,22.0,44,16,11
5,1,1,5,3.0,6,4,0
5,1,1,5,3.0,6,4,0
2,4,2,4,3.0,6,2,1
7,8,7,8,7.5,15,1,5
16,12,12,16,14.0,28,4,11
12,1,1,12,6.5,13,11,0
1,4,1,4,2.5,5,3,0
1,7,1,7,4.0,8,6,0
5,1,1,5,3.0,6,4,0
2,5,2,5,3.5,7,3,1
32,31,31,32,31.5,63,1,29
9,1,1,9,5.0,10,8,0
8,1,1,8,4.5,9,7,0
1,6,1,6,3.5,7,5,0
5,4,4,5,4.5,9,1,3
2,8,2,8,5.0,10,6,0
2,5,2,5,3.5,7,3,0
4,7,4,7,5.5,11,3,3
5,27,5,27,16.0,32,22,3
4,1,1,4,2.5,5,3,0
18,19,18,19,18.5,37,1,15
5,3,3,5,4.0,8,2,2
48,21,21,48,34.5,69,27,1
1,5,1,5,3.0,6,4,0
5,4,4,5,4.5,9,1,3
9,15,9,15,12.0,24,6,7
6,2,2,6,4.0,8,4,0
4,1,1,4,2.5,5,3,0
6,4,4,6,5.0,10,2,1
1,7,1,7,4.0,8,6,0
5,15,5,15,10.0,20,10,0
6,12,6,12,9.0,18,6,4
4,1,1,4,2.5,5,3,0
8,15,8,15,11.5,23,7,6
18,24,18,24,21.0,42,6,17
21,12,12,21,16.5,33,9,10
10,6,6,10,8.0,16,4,5
26,40,26,40,33.0,66,14,20
4,1,1,4,2.5,5,3,0
3,9,3,9,6.0,12,6,0
4,2,2,4,3.0,6,2,1
5,2,2,5,3.5,7,3,1
8,8,8,8,8.0,16,0,7
33,36,33,36,34.5,69,3,29
9,12,9,12,10.5,21,3,8
4,8,4,8,6.0,12,4,0
1,6,1,6,3.5,7,5,0
1,9,1,9,5.0,10,8,0
7,4,4,7,5.5,11,3,0
6,6,6,6,6.0,12,0,4
6,24,6,24,15.0,30,18,5
4,1,1,4,2.5,5,3,0
2,11,2,11,6.5,13,9,1
11,8,8,11,9.5,19,3,5
21,21,21,21,21.0,42,0,20
14,15,14,15,14.5,29,1,12
3,5,3,5,4.0,8,2,2
8,1,1,8,4.5,9,7,0
1,4,1,4,2.5,5,3,0
9,1,1,9,5.0,10,8,0
12,6,6,12,9.0,18,6,3
12,15,12,15,13.5,27,3,9
5,7,5,7,6.0,12,2,2
1,4,1,4,2.5,5,3,0
1,4,1,4,2.5,5,3,0
2,4,2,4,3.0,6,2,1
4,4,4,4,4.0,8,0,2
13,9,9,13,11.0,22,4,7
1,4,1,4,2.5,5,3,0
7,6,6,7,6.5,13,1,5
31,31,31,31,31.0,62,0,29
13,12,12,13,12.5,25,1,9
4,1,1,4,2.5,5,3,0
6,6,6,6,6.0,12,0,4
4,6,4,6,5.0,10,2,3
2,14,2,14,8.0,16,12,1
1,6,1,6,3.5,7,5,0
5,2,2,5,3.5,7,3,1
6,5,5,6,5.5,11,1,4
7,1,1,7,4.0,8,6,0
1,4,1,4,2.5,5,3,0
1,36,1,36,18.5,37,35,0
20,19,19,20,19.5,39,1,17
1,88,1,88,44.5,89,87,0
16,13,13,16,14.5,29,3,9
14,9,9,14,11.5,23,5,6
1,4,1,4,2.5,5,3,0
7,8,7,8,7.5,15,1,6
1,5,1,5,3.0,6,4,0
51,49,49,51,50.0,100,2,30
7,8,7,8,7.5,15,1,6
4,4,4,4,4.0,8,0,3
55,22,22,55,38.5,77,33,19
6,5,5,6,5.5,11,1,3
10,6,6,10,8.0,16,4,4
16,7,7,16,11.5,23,9,6
16,11,11,16,13.5,27,5,9
12,33,12,33,22.5,45,21,10
4,1,1,4,2.5,5,3,0
4,4,4,4,4.0,8,0,0
17,2,2,17,9.5,19,15,0
4,4,4,4,4.0,8,0,3
1,5,1,5,3.0,6,4,0
10,22,10,22,16.0,32,12,8
7,7,7,7,7.0,14,0,5
4,1,1,4,2.5,5,3,0
21,18,18,21,19.5,39,3,16
4,7,4,7,5.5,11,3,2
16,17,16,17,16.5,33,1,11
3,4,3,4,3.5,7,1,2
10,10,10,10,10.0,20,0,9
8,5,5,8,6.5,13,3,2
37,39,37,39,38.0,76,2,24
11,6,6,11,8.5,17,5,5
2,21,2,21,11.5,23,19,0
1,6,1,6,3.5,7,5,0
3,15,3,15,9.0,18,12,0
12,4,4,12,8.0,16,8,1
9,1,1,9,5.0,10,8,0
6,9,6,9,7.5,15,3,0
1,10,1,10,5.5,11,9,0
39,46,39,46,42.5,85,7,30
5,1,1,5,3.0,6,4,0
5,26,5,26,15.5,31,21,2
9,12,9,12,10.5,21,3,8
1,13,1,13,7.0,14,12,0
25,23,23,25,24.0,48,2,21
15,16,15,16,15.5,31,1,11
1,4,1,4,2.5,5,3,0
16,13,13,16,14.5,29,3,10
30,1,1,30,15.5,31,29,0
5,1,1,5,3.0,6,4,0
4,1,1,4,2.5,5,3,0
24,23,23,24,23.5,47,1,22
6,7,6,7,6.5,13,1,4
12,12,12,12,12.0,24,0,10
49,30,30,49,39.5,79,19,29
10,10,10,10,10.0,20,0,9
1,7,1,7,4.0,8,6,0
15,9,9,15,12.0,24,6,7
1,7,1,7,4.0,8,6,0
1,4,1,4,2.5,5,3,0
5,1,1,5,3.0,6,4,0
4,1,1,4,2.5,5,3,0
34,28,28,34,31.0,62,6,18
2,6,2,6,4.0,8,4,1
20,19,19,20,19.5,39,1,18
5,4,4,5,4.5,9,1,3
11,1,1,11,6.0,12,10,0
6,4,4,6,5.0,10,2,2
7,5,5,7,6.0,12,2,4
4,1,1,4,2.5,5,3,0
7,5,5,7,6.0,12,2,4
10,1,1,10,5.5,11,9,0
1,4,1,4,2.5,5,3,0
9,13,9,13,11.0,22,4,8
4,8,4,8,6.0,12,4,3
6,1,1,6,3.5,7,5,0
8,10,8,10,9.0,18,2,7
4,1,1,4,2.5,5,3,0
5,11,5,11,8.0,16,6,4
2,4,2,4,3.0,6,2,0
4,1,1,4,2.5,5,3,0
2,4,2,4,3.0,6,2,1
6,1,1,6,3.5,7,5,0
13,13,13,13,13.0,26,0,12
4,2,2,4,3.0,6,2,0
11,12,11,12,11.5,23,1,9
5,1,1,5,3.0,6,4,0
21,13,13,21,17.0,34,8,12
10,10,10,10,10.0,20,0,7
3,4,3,4,3.5,7,1,2
5,1,1,5,3.0,6,4,0
4,3,3,4,3.5,7,1,2
8,6,6,8,7.0,14,2,5
5,4,4,5,4.5,9,1,3
8,1,1,8,4.5,9,7,0
6,1,1,6,3.5,7,5,0
1,5,1,5,3.0,6,4,0
9,2,2,9,5.5,11,7,0
9,1,1,9,5.0,10,8,0
13,5,5,13,9.0,18,8,3
1,33,1,33,17.0,34,32,0
4,2,2,4,3.0,6,2,1
12,1,1,12,6.5,13,11,0
16,19,16,19,17.5,35,3,13
20,20,20,20,20.0,40,0,19
19,1,1,19,10.0,20,18,0
34,28,28,34,31.0,62,6,24
8,18,8,18,13.0,26,10,7
51,42,42,51,46.5,93,9,25
5,1,1,5,3.0,6,4,0
6,6,6,6,6.0,12,0,5
1,19,1,19,10.0,20,18,0
1,13,1,13,7.0,14,12,0
9,8,8,9,8.5,17,1,7
8,6,6,8,7.0,14,2,5
30,43,30,43,36.5,73,13,16
2,4,2,4,3.0,6,2,1
1,5,1,5,3.0,6,4,0
7,9,7,9,8.0,16,2,6
4,2,2,4,3.0,6,2,1
9,10,9,10,9.5,19,1,6
4,1,1,4,2.5,5,3,0
8,8,8,8,8.0,16,0,4
12,4,4,12,8.0,16,8,3
7,6,6,7,6.5,13,1,3
17,20,17,20,18.5,37,3,15
12,6,6,12,9.0,18,6,0
1,5,1,5,3.0,6,4,0
42,49,42,49,45.5,91,7,41
2,6,2,6,4.0,8,4,0
5,1,1,5,3.0,6,4,0
1,15,1,15,8.0,16,14,0
1,4,1,4,2.5,5,3,0
33,31,31,33,32.0,64,2,27
6,9,6,9,7.5,15,3,5
5,5,5,5,5.0,10,0,4
6,6,6,6,6.0,12,0,4
20,16,16,20,18.0,36,4,14
21,15,15,21,18.0,36,6,9
7,1,1,7,4.0,8,6,0
36,14,14,36,25.0,50,22,11
50,41,41,50,45.5,91,9,24
88,44,44,88,66.0,132,44,37
15,16,15,16,15.5,31,1,14
9,14,9,14,11.5,23,5,4
12,19,12,19,15.5,31,7,11
5,1,1,5,3.0,6,4,0
7,7,7,7,7.0,14,0,6
1,4,1,4,2.5,5,3,0
7,37,7,37,22.0,44,30,6
4,1,1,4,2.5,5,3,0
11,12,11,12,11.5,23,1,10
2,5,2,5,3.5,7,3,0
24,13,13,24,18.5,37,11,12
53,18,18,53,35.5,71,35,15
1,7,1,7,4.0,8,6,0
8,1,1,8,4.5,9,7,0
1,17,1,17,9.0,18,16,0
4,5,4,5,4.5,9,1,3
1,7,1,7,4.0,8,6,0
11,11,11,11,11.0,22,0,10
10,5,5,10,7.5,15,5,3
4,4,4,4,4.0,8,0,3
1,5,1,5,3.0,6,4,0
4,1,1,4,2.5,5,3,0
37,39,37,39,38.0,76,2,32
7,6,6,7,6.5,13,1,5
10,7,7,10,8.5,17,3,6
19,19,19,19,19.0,38,0,17
11,18,11,18,14.5,29,7,4
5,6,5,6,5.5,11,1,4
9,11,9,11,10.0,20,2,8
13,55,13,55,34.0,68,42,7
10,9,9,10,9.5,19,1,7
12,24,12,24,18.0,36,12,11
11,6,6,11,8.5,17,5,5
6,4,4,6,5.0,10,2,3
6,8,6,8,7.0,14,2,4
26,1,1,26,13.5,27,25,0
5,1,1,5,3.0,6,4,0
1,4,1,4,2.5,5,3,0
4,6,4,6,5.0,10,2,3
7,25,7,25,16.0,32,18,5
1,4,1,4,2.5,5,3,0
7,7,7,7,7.0,14,0,6
1,4,1,4,2.5,5,3,0
9,7,7,9,8.0,16,2,4
17,15,15,17,16.0,32,2,14
11,11,11,11,11.0,22,0,10
18,17,17,18,17.5,35,1,10
4,4,4,4,4.0,8,0,3
3,4,3,4,3.5,7,1,2
16,16,16,16,16.0,32,0,13
45,42,42,45,43.5,87,3,31
8,1,1,8,4.5,9,7,0
18,19,18,19,18.5,37,1,17
2,6,2,6,4.0,8,4,1
23,33,23,33,28.0,56,10,20
30,29,29,30,29.5,59,1,20
18,20,18,20,19.0,38,2,17
17,16,16,17,16.5,33,1,14
6,4,4,6,5.0,10,2,3
1,11,1,11,6.0,12,10,0
1,12,1,12,6.5,13,11,0
6,6,6,6,6.0,12,0,3
1,5,1,5,3.0,6,4,0
1,6,1,6,3.5,7,5,0
5,6,5,6,5.5,11,1,3
13,14,13,14,13.5,27,1,10
26,26,26,26,26.0,52,0,25
40,23,23,40,31.5,63,17,17
30,49,30,49,39.5,79,19,20
2,4,2,4,3.0,6,2,1
4,1,1,4,2.5,5,3,0
9,12,9,12,10.5,21,3,7
6,7,6,7,6.5,13,1,4
18,19,18,19,18.5,37,1,17
4,4,4,4,4.0,8,0,3
17,7,7,17,12.0,24,10,6
8,1,1,8,4.5,9,7,0
14,14,14,14,14.0,28,0,12
17,19,17,19,18.0,36,2,12
5,5,5,5,5.0,10,0,4
4,2,2,4,3.0,6,2,1
4,4,4,4,4.0,8,0,3
1,5,1,5,3.0,6,4,0
1,8,1,8,4.5,9,7,0
1,4,1,4,2.5,5,3,0
4,1,1,4,2.5,5,3,0
12,16,12,16,14.0,28,4,5
12,14,12,14,13.0,26,2,11
1,7,1,7,4.0,8,6,0
2,5,2,5,3.5,7,3,1
10,11,10,11,10.5,21,1,8
1,5,1,5,3.0,6,4,0
6,2,2,6,4.0,8,4,1
5,6,5,6,5.5,11,1,4
7,1,1,7,4.0,8,6,0
11,11,11,11,11.0,22,0,10
27,24,24,27,25.5,51,3,20
6,5,5,6,5.5,11,1,3
1,4,1,4,2.5,5,3,0
29,22,22,29,25.5,51,7,20
11,19,11,19,15.0,30,8,9
10,1,1,10,5.5,11,9,0
14,12,12,14,13.0,26,2,9
31,32,31,32,31.5,63,1,25
16,17,16,17,16.5,33,1,13
16,18,16,18,17.0,34,2,14
27,24,24,27,25.5,51,3,20
3,8,3,8,5.5,11,5,1
2,4,2,4,3.0,6,2,1
14,15,14,15,14.5,29,1,10
6,7,6,7,6.5,13,1,5
4,1,1,4,2.5,5,3,0
4,1,1,4,2.5,5,3,0
5,5,5,5,5.0,10,0,4
22,28,22,28,25.0,50,6,17
16,15,15,16,15.5,31,1,9
9,1,1,9,5.0,10,8,0
9,13,9,13,11.0,22,4,5
6,12,6,12,9.0,18,6,4
6,14,6,14,10.0,20,8,4
1,5,1,5,3.0,6,4,0
4,2,2,4,3.0,6,2,0
17,15,15,17,16.0,32,2,11
11,1,1,11,6.0,12,10,0
4,3,3,4,3.5,7,1,2
4,1,1,4,2.5,5,3,0
9,9,9,9,9.0,18,0,6
1,9,1,9,5.0,10,8,0
9,1,1,9,5.0,10,8,0
5,3,3,5,4.0,8,2,2
8,1,1,8,4.5,9,7,0
11,10,10,11,10.5,21,1,9
5,5,5,5,5.0,10,0,4
3,9,3,9,6.0,12,6,0
25,36,25,36,30.5,61,11,7
11,2,2,11,6.5,13,9,0
4,1,1,4,2.5,5,3,0
5,1,1,5,3.0,6,4,0
12,4,4,12,8.0,16,8,3
6,4,4,6,5.0,10,2,2
4,6,4,6,5.0,10,2,3
1,8,1,8,4.5,9,7,0
1,5,1,5,3.0,6,4,0
23,17,17,23,20.0,40,6,14
16,2,2,16,9.0,18,14,1
10,6,6,10,8.0,16,4,4
6,3,3,6,4.5,9,3,2
1,13,1,13,7.0,14,12,0
5,6,5,6,5.5,11,1,4
1,6,1,6,3.5,7,5,0
1,5,1,5,3.0,6,4,0
1,4,1,4,2.5,5,3,0
27,24,24,27,25.5,51,3,23
1,8,1,8,4.5,9,7,0
9,15,9,15,12.0,24,6,8
11,8,8,11,9.5,19,3,7
6,2,2,6,4.0,8,4,1
2,5,2,5,3.5,7,3,1
9,10,9,10,9.5,19,1,8
1,14,1,14,7.5,15,13,0
5,5,5,5,5.0,10,0,0
7,1,1,7,4.0,8,6,0
1,5,1,5,3.0,6,4,0
5,4,4,5,4.5,9,1,3
15,12,12,15,13.5,27,3,11
17,2,2,17,9.5,19,15,0
10,9,9,10,9.5,19,1,8
8,1,1,8,4.5,9,7,0
10,7,7,10,8.5,17,3,3
14,16,14,16,15.0,30,2,13
13,15,13,15,14.0,28,2,11
4,2,2,4,3.0,6,2,1
5,4,4,5,4.5,9,1,2
1,8,1,8,4.5,9,7,0
24,23,23,24,23.5,47,1,11
14,14,14,14,14.0,28,0,9
10,6,6,10,8.0,16,4,4
9,7,7,9,8.0,16,2,0
2,6,2,6,4.0,8,4,0
7,1,1,7,4.0,8,6,0
25,17,17,25,21.0,42,8,11
21,48,21,48,34.5,69,27,15
10,1,1,10,5.5,11,9,0
16,15,15,16,15.5,31,1,11
1,9,1,9,5.0,10,8,0
6,5,5,6,5.5,11,1,4
40,13,13,40,26.5,53,27,7
1,8,1,8,4.5,9,7,0
18,20,18,20,19.0,38,2,17
4,10,4,10,7.0,14,6,3
6,4,4,6,5.0,10,2,0
9,5,5,9,7.0,14,4,4
4,1,1,4,2.5,5,3,0
3,20,3,20,11.5,23,17,1
20,19,19,20,19.5,39,1,18
4,1,1,4,2.5,5,3,0
17,1,1,17,9.0,18,16,0
17,16,16,17,16.5,33,1,11
5,5,5,5,5.0,10,0,4
2,5,2,5,3.5,7,3,1
4,1,1,4,2.5,5,3,0
13,5,5,13,9.0,18,8,4
25,10,10,25,17.5,35,15,9
1,10,1,10,5.5,11,9,0
11,20,11,20,15.5,31,9,10
19,19,19,19,19.0,38,0,17
4,1,1,4,2.5,5,3,0
7,7,7,7,7.0,14,0,6
1,5,1,5,3.0,6,4,0
1,6,1,6,3.5,7,5,0
5,10,5,10,7.5,15,5,0
45,19,19,45,32.0,64,26,18
1,4,1,4,2.5,5,3,0
19,21,19,21,20.0,40,2,12
4,1,1,4,2.5,5,3,0
1,4,1,4,2.5,5,3,0
4,1,1,4,2.5,5,3,0
7,19,7,19,13.0,26,12,5
5,4,4,5,4.5,9,1,3
11,5,5,11,8.0,16,6,3
9,18,9,18,13.5,27,9,7
9,9,9,9,9.0,18,0,8
11,16,11,16,13.5,27,5,10
1,4,1,4,2.5,5,3,0
5,2,2,5,3.5,7,3,1
15,5,5,15,10.0,20,10,0
5,1,1,5,3.0,6,4,0
3,4,3,4,3.5,7,1,2
6,1,1,6,3.5,7,5,0
16,22,16,22,19.0,38,6,10
18,40,18,40,29.0,58,22,16
6,7,6,7,6.5,13,1,5
5,1,1,5,3.0,6,4,0
5,7,5,7,6.0,12,2,4
6,6,6,6,6.0,12,0,4
4,1,1,4,2.5,5,3,0
5,1,1,5,3.0,6,4,0
9,10,9,10,9.5,19,1,5
4,2,2,4,3.0,6,2,0
8,1,1,8,4.5,9,7,0
3,4,3,4,3.5,7,1,1
1,5,1,5,3.0,6,4,0
10,7,7,10,8.5,17,3,5
15,14,14,15,14.5,29,1,13
5,7,5,7,6.0,12,2,4
9,8,8,9,8.5,17,1,7
9,9,9,9,9.0,18,0,8
11,9,9,11,10.0,20,2,7
39,22,22,39,30.5,61,17,18
17,12,12,17,14.5,29,5,10
50,27,27,50,38.5,77,23,19
13,17,13,17,15.0,30,4,9
6,11,6,11,8.5,17,5,4
9,2,2,9,5.5,11,7,0
4,2,2,4,3.0,6,2,0
6,7,6,7,6.5,13,1,5
6,6,6,6,6.0,12,0,2
5,1,1,5,3.0,6,4,0
5,1,1,5,3.0,6,4,0
1,21,1,21,11.0,22,20,0
1,7,1,7,4.0,8,6,0
1,4,1,4,2.5,5,3,0
3,5,3,5,4.0,8,2,0
4,1,1,4,2.5,5,3,0
24,24,24,24,24.0,48,0,21
5,18,5,18,11.5,23,13,2
13,18,13,18,15.5,31,5,11
1,4,1,4,2.5,5,3,0
1,10,1,10,5.5,11,9,0
5,3,3,5,4.0,8,2,2
1,5,1,5,3.0,6,4,0
18,25,18,25,21.5,43,7,16
31,25,25,31,28.0,56,6,24
4,4,4,4,4.0,8,0,3
6,6,6,6,6.0,12,0,4
1,14,1,14,7.5,15,13,0
1,13,1,13,7.0,14,12,0
3,4,3,4,3.5,7,1,2
1,15,1,15,8.0,16,14,0
8,5,5,8,6.5,13,3,3
2,6,2,6,4.0,8,4,0
1,9,1,9,5.0,10,8,0
8,5,5,8,6.5,13,3,4
6,10,6,10,8.0,16,4,5
26,1,1,26,13.5,27,25,0
4,8,4,8,6.0,12,4,3
13,5,5,13,9.0,18,8,3
8,8,8,8,8.0,16,0,7
6,1,1,6,3.5,7,5,0
4,1,1,4,2.5,5,3,0
5,2,2,5,3.5,7,3,1
5,5,5,5,5.0,10,0,4
4,1,1,4,2.5,5,3,0
4,1,1,4,2.5,5,3,0
31,31,31,31,31.0,62,0,29
5,4,4,5,4.5,9,1,2
7,1,1,7,4.0,8,6,0
5,1,1,5,3.0,6,4,0
7,9,7,9,8.0,16,2,6
13,12,12,13,12.5,25,1,8
5,2,2,5,3.5,7,3,0
14,40,14,40,27.0,54,26,13
19,22,19,22,20.5,41,3,7
9,1,1,9,5.0,10,8,0
1,4,1,4,2.5,5,3,0
1,4,1,4,2.5,5,3,0
9,7,7,9,8.0,16,2,5
3,7,3,7,5.0,10,4,2
7,7,7,7,7.0,14,0,5
14,1,1,14,7.5,15,13,0
8,7,7,8,7.5,15,1,6
8,11,8,11,9.5,19,3,6
4,5,4,5,4.5,9,1,1
6,1,1,6,3.5,7,5,0
5,5,5,5,5.0,10,0,3
1,5,1,5,3.0,6,4,0
8,8,8,8,8.0,16,0,7
8,4,4,8,6.0,12,4,2
20,22,20,22,21.0,42,2,17
6,5,5,6,5.5,11,1,0
18,16,16,18,17.0,34,2,13
1,31,1,31,16.0,32,30,0
31,29,29,31,30.0,60,2,26
12,22,12,22,17.0,34,10,7
32,32,32,32,32.0,64,0,30
28,39,28,39,33.5,67,11,25
1,6,1,6,3.5,7,5,0
7,1,1,7,4.0,8,6,0
4,1,1,4,2.5,5,3,0
17,1,1,17,9.0,18,16,0
4,1,1,4,2.5,5,3,0
7,1,1,7,4.0,8,6,0
9,8,8,9,8.5,17,1,7
17,1,1,17,9.0,18,16,0
1,9,1,9,5.0,10,8,0
16,12,12,16,14.0,28,4,10
4,1,1,4,2.5,5,3,0
1,5,1,5,3.0,6,4,0
29,2,2,29,15.5,31,27,0
1,4,1,4,2.5,5,3,0
1,4,1,4,2.5,5,3,0
4,7,4,7,5.5,11,3,3
25,21,21,25,23.0,46,4,19
16,12,12,16,14.0,28,4,11
7,1,1,7,4.0,8,6,0
41,33,33,41,37.0,74,8,31
4,1,1,4,2.5,5,3,0
21,20,20,21,20.5,41,1,16
29,26,26,29,27.5,55,3,25
16,16,16,16,16.0,32,0,9
5,2,2,5,3.5,7,3,1
1,4,1,4,2.5,5,3,0
19,15,15,19,17.0,34,4,13
4,1,1,4,2.5,5,3,0
5,1,1,5,3.0,6,4,0
36,34,34,36,35.0,70,2,29
1,14,1,14,7.5,15,13,0
1,4,1,4,2.5,5,3,0
5,4,4,5,4.5,9,1,3
1,5,1,5,3.0,6,4,0
13,1,1,13,7.0,14,12,0
7,9,7,9,8.0,16,2,6
6,9,6,9,7.5,15,3,3
26,27,26,27,26.5,53,1,25
1,6,1,6,3.5,7,5,0
2,105,2,105,53.5,107,103,0
7,1,1,7,4.0,8,6,0
25,25,25,25,25.0,50,0,24
12,13,12,13,12.5,25,1,11
2,4,2,4,3.0,6,2,1
19,20,19,20,19.5,39,1,16
33,34,33,34,33.5,67,1,26
20,4,4,20,12.0,24,16,3
5,2,2,5,3.5,7,3,0
6,5,5,6,5.5,11,1,4
13,22,13,22,17.5,35,9,10
1,4,1,4,2.5,5,3,0
10,9,9,10,9.5,19,1,8
5,1,1,5,3.0,6,4,0
5,2,2,5,3.5,7,3,1
7,22,7,22,14.5,29,15,6
4,2,2,4,3.0,6,2,1
10,24,10,24,17.0,34,14,4
1,12,1,12,6.5,13,11,0
5,4,4,5,4.5,9,1,3
4,4,4,4,4.0,8,0,1
14,25,14,25,19.5,39,11,7
16,40,16,40,28.0,56,24,14
9,11,9,11,10.0,20,2,8
38,55,38,55,46.5,93,17,22
7,7,7,7,7.0,14,0,6
4,1,1,4,2.5,5,3,0
26,28,26,28,27.0,54,2,21
4,1,1,4,2.5,5,3,0
6,5,5,6,5.5,11,1,4
5,4,4,5,4.5,9,1,3
1,7,1,7,4.0,8,6,0
4,1,1,4,2.5,5,3,0
32,32,32,32,32.0,64,0,30
6,2,2,6,4.0,8,4,0
38,23,23,38,30.5,61,15,19
5,6,5,6,5.5,11,1,4
1,20,1,20,10.5,21,19,0
5,1,1,5,3.0,6,4,0
17,13,13,17,15.0,30,4,8
6,7,6,7,6.5,13,1,5
1,4,1,4,2.5,5,3,0
2,21,2,21,11.5,23,19,0
1,13,1,13,7.0,14,12,0
16,19,16,19,17.5,35,3,14
4,1,1,4,2.5,5,3,0
13,13,13,13,13.0,26,0,7
4,1,1,4,2.5,5,3,0
37,31,31,37,34.0,68,6,18
4,1,1,4,2.5,5,3,0
1,5,1,5,3.0,6,4,0
5,1,1,5,3.0,6,4,0
51,20,20,51,35.5,71,31,19
4,4,4,4,4.0,8,0,3
5,1,1,5,3.0,6,4,0
7,7,7,7,7.0,14,0,6
4,14,4,14,9.0,18,10,0
1,4,1,4,2.5,5,3,0
6,1,1,6,3.5,7,5,0
5,7,5,7,6.0,12,2,4
8,6,6,8,7.0,14,2,5
12,10,10,12,11.0,22,2,2
4,1,1,4,2.5,5,3,0
51,41,41,51,46.0,92,10,24
6,1,1,6,3.5,7,5,0
22,19,19,22,20.5,41,3,18
19,11,11,19,15.0,30,8,6
3,5,3,5,4.0,8,2,2
40,33,33,40,36.5,73,7,26
9,12,9,12,10.5,21,3,8
11,1,1,11,6.0,12,10,0
1,4,1,4,2.5,5,3,0
6,5,5,6,5.5,11,1,1
8,7,7,8,7.5,15,1,4
6,16,6,16,11.0,22,10,1
7,5,5,7,6.0,12,2,3
6,8,6,8,7.0,14,2,4
16,15,15,16,15.5,31,1,13
5,5,5,5,5.0,10,0,4
4,1,1,4,2.5,5,3,0
2,5,2,5,3.5,7,3,0
8,1,1,8,4.5,9,7,0
14,14,14,14,14.0,28,0,12
10,4,4,10,7.0,14,6,0
8,12,8,12,10.0,20,4,4
1,4,1,4,2.5,5,3,0
5,3,3,5,4.0,8,2,2
1,5,1,5,3.0,6,4,0
41,33,33,41,37.0,74,8,28
3,6,3,6,4.5,9,3,0
14,14,14,14,14.0,28,0,13
5,1,1,5,3.0,6,4,0
27,46,27,46,36.5,73,19,20
1,5,1,5,3.0,6,4,0
6,6,6,6,6.0,12,0,4
10,3,3,10,6.5,13,7,2
1,6,1,6,3.5,7,5,0
4,1,1,4,2.5,5,3,0
15,17,15,17,16.0,32,2,14
7,5,5,7,6.0,12,2,2
11,19,11,19,15.0,30,8,10
17,1,1,17,9.0,18,16,0
11,1,1,11,6.0,12,10,0
10,8,8,10,9.0,18,2,7
9,7,7,9,8.0,16,2,5
13,13,13,13,13.0,26,0,12
11,15,11,15,13.0,26,4,10
1,5,1,5,3.0,6,4,0
7,2,2,7,4.5,9,5,0
1,8,1,8,4.5,9,7,0
4,1,1,4,2.5,5,3,0
4,4,4,4,4.0,8,0,2
26,23,23,26,24.5,49,3,22
5,4,4,5,4.5,9,1,2
27,41,27,41,34.0,68,14,18
19,19,19,19,19.0,38,0,18
6,7,6,7,6.5,13,1,3
14,15,14,15,14.5,29,1,13
9,9,9,9,9.0,18,0,5
6,1,1,6,3.5,7,5,0
1,5,1,5,3.0,6,4,0
32,32,32,32,32.0,64,0,29
17,13,13,17,15.0,30,4,12
9,1,1,9,5.0,10,8,0
5,1,1,5,3.0,6,4,0
2,5,2,5,3.5,7,3,1
39,51,39,51,45.0,90,12,19
18,17,17,18,17.5,35,1,15
6,16,6,16,11.0,22,10,5
18,14,14,18,16.0,32,4,12
17,13,13,17,15.0,30,4,12
5,7,5,7,6.0,12,2,3
5,2,2,5,3.5,7,3,0
4,1,1,4,2.5,5,3,0
4,1,1,4,2.5,5,3,0
1,5,1,5,3.0,6,4,0
1,4,1,4,2.5,5,3,0
5,5,5,5,5.0,10,0,2
6,1,1,6,3.5,7,5,0
4,1,1,4,2.5,5,3,0
7,6,6,7,6.5,13,1,5
30,11,11,30,20.5,41,19,8
1,9,1,9,5.0,10,8,0
3,4,3,4,3.5,7,1,2
5,7,5,7,6.0,12,2,0
4,4,4,4,4.0,8,0,3
49,42,42,49,45.5,91,7,33
45,45,45,45,45.0,90,0,33
27,27,27,27,27.0,54,0,26
23,21,21,23,22.0,44,2,19
2,4,2,4,3.0,6,2,1
22,24,22,24,23.0,46,2,20
4,9,4,9,6.5,13,5,3
6,4,4,6,5.0,10,2,3
8,1,1,8,4.5,9,7,0
17,18,17,18,17.5,35,1,16
8,12,8,12,10.0,20,4,7
6,1,1,6,3.5,7,5,0
4,2,2,4,3.0,6,2,1
1,6,1,6,3.5,7,5,0
9,5,5,9,7.0,14,4,4
7,1,1,7,4.0,8,6,0
4,1,1,4,2.5,5,3,0
5,2,2,5,3.5,7,3,0
10,1,1,10,5.5,11,9,0
32,22,22,32,27.0,54,10,20
6,8,6,8,7.0,14,2,4
18,16,16,18,17.0,34,2,14
2,18,2,18,10.0,20,16,0
11,12,11,12,11.5,23,1,10
31,33,31,33,32.0,64,2,27
5,5,5,5,5.0,10,0,0
19,22,19,22,20.5,41,3,18
16,16,16,16,16.0,32,0,14
16,12,12,16,14.0,28,4,9
8,4,4,8,6.0,12,4,3
26,27,26,27,26.5,53,1,25
1,11,1,11,6.0,12,10,0
19,19,19,19,19.0,38,0,18
10,2,2,10,6.0,12,8,0
9,10,9,10,9.5,19,1,6
51,21,21,51,36.0,72,30,20
4,1,1,4,2.5,5,3,0
9,9,9,9,9.0,18,0,8
11,12,11,12,11.5,23,1,10
16,8,8,16,12.0,24,8,5
1,4,1,4,2.5,5,3,0
20,1,1,20,10.5,21,19,0
32,28,28,32,30.0,60,4,19
8,1,1,8,4.5,9,7,0
13,6,6,13,9.5,19,7,2
8,7,7,8,7.5,15,1,1
12,13,12,13,12.5,25,1,11
12,12,12,12,12.0,24,0,5
5,6,5,6,5.5,11,1,4
12,12,12,12,12.0,24,0,10
10,11,10,11,10.5,21,1,8
2,4,2,4,3.0,6,2,1
7,7,7,7,7.0,14,0,6
8,8,8,8,8.0,16,0,6
11,17,11,17,14.0,28,6,9
4,4,4,4,4.0,8,0,3
18,12,12,18,15.0,30,6,5
39,36,36,39,37.5,75,3,32
1,146,1,146,73.5,147,145,0
1,23,1,23,12.0,24,22,0
11,13,11,13,12.0,24,2,10
21,34,21,34,27.5,55,13,13
1,8,1,8,4.5,9,7,0
11,7,7,11,9.0,18,4,6
20,12,12,20,16.0,32,8,10
1,5,1,5,3.0,6,4,0
8,1,1,8,4.5,9,7,0
2,4,2,4,3.0,6,2,0
9,17,9,17,13.0,26,8,4
6,5,5,6,5.5,11,1,2
1,4,1,4,2.5,5,3,0
5,5,5,5,5.0,10,0,2
12,14,12,14,13.0,26,2,10
7,1,1,7,4.0,8,6,0
20,1,1,20,10.5,21,19,0
12,18,12,18,15.0,30,6,11
4,1,1,4,2.5,5,3,0
6,5,5,6,5.5,11,1,4
29,17,17,29,23.0,46,12,15
1,4,1,4,2.5,5,3,0
29,31,29,31,30.0,60,2,19
28,28,28,28,28.0,56,0,26
5,1,1,5,3.0,6,4,0
7,2,2,7,4.5,9,5,0
8,2,2,8,5.0,10,6,1
46,42,42,46,44.0,88,4,31
1,6,1,6,3.5,7,5,0
5,1,1,5,3.0,6,4,0
10,17,10,17,13.5,27,7,9
1,4,1,4,2.5,5,3,0
20,13,13,20,16.5,33,7,10
5,2,2,5,3.5,7,3,0
4,1,1,4,2.5,5,3,0
8,105,8,105,56.5,113,97,2
8,8,8,8,8.0,16,0,7
9,9,9,9,9.0,18,0,1
1,5,1,5,3.0,6,4,0
6,3,3,6,4.5,9,3,2
2,11,2,11,6.5,13,9,0
19,12,12,19,15.5,31,7,8
21,19,19,21,20.0,40,2,18
29,26,26,29,27.5,55,3,25
1,11,1,11,6.0,12,10,0
10,10,10,10,10.0,20,0,8
12,15,12,15,13.5,27,3,11
4,22,4,22,13.0,26,18,0
4,5,4,5,4.5,9,1,3
7,6,6,7,6.5,13,1,5
7,1,1,7,4.0,8,6,0
27,36,27,36,31.5,63,9,23
13,34,13,34,23.5,47,21,6
9,4,4,9,6.5,13,5,2
2,13,2,13,7.5,15,11,1
19,19,19,19,19.0,38,0,16
5,1,1,5,3.0,6,4,0
2,7,2,7,4.5,9,5,1
6,6,6,6,6.0,12,0,5
1,5,1,5,3.0,6,4,0
5,1,1,5,3.0,6,4,0
1,5,1,5,3.0,6,4,0
40,20,20,40,30.0,60,20,16
21,23,21,23,22.0,44,2,18
2,146,2,146,74.0,148,144,0
17,20,17,20,18.5,37,3,16
37,20,20,37,28.5,57,17,19
5,4,4,5,4.5,9,1,0
4,5,4,5,4.5,9,1,3
7,1,1,7,4.0,8,6,0
26,38,26,38,32.0,64,12,21
4,33,4,33,18.5,37,29,1
5,1,1,5,3.0,6,4,0
9,1,1,9,5.0,10,8,0
5,4,4,5,4.5,9,1,3
4,1,1,4,2.5,5,3,0
4,1,1,4,2.5,5,3,0
14,18,14,18,16.0,32,4,13
1,4,1,4,2.5,5,3,0
1,7,1,7,4.0,8,6,0
4,1,1,4,2.5,5,3,0
20,49,20,49,34.5,69,29,16
4,2,2,4,3.0,6,2,0
6,5,5,6,5.5,11,1,4
11,7,7,11,9.0,18,4,4
7,16,7,16,11.5,23,9,0
4,1,1,4,2.5,5,3,0
1,7,1,7,4.0,8,6,0
4,17,4,17,10.5,21,13,3
10,7,7,10,8.5,17,3,6
19,21,19,21,20.0,40,2,17
19,14,14,19,16.5,33,5,12
8,5,5,8,6.5,13,3,4
7,5,5,7,6.0,12,2,3
6,6,6,6,6.0,12,0,5
9,8,8,9,8.5,17,1,7
17,17,17,17,17.0,34,0,16
12,1,1,12,6.5,13,11,0
4,4,4,4,4.0,8,0,3
1,146,1,146,73.5,147,145,0
39,24,24,39,31.5,63,15,21
12,17,12,17,14.5,29,5,7
5,21,5,21,13.0,26,16,3
1,4,1,4,2.5,5,3,0
16,12,12,16,14.0,28,4,11
17,23,17,23,20.0,40,6,12
42,49,42,49,45.5,91,7,41
4,1,1,4,2.5,5,3,0
9,25,9,25,17.0,34,16,6
3,16,3,16,9.5,19,13,0
43,37,37,43,40.0,80,6,27
1,4,1,4,2.5,5,3,0
17,36,17,36,26.5,53,19,15
1,6,1,6,3.5,7,5,0
5,1,1,5,3.0,6,4,0
19,24,19,24,21.5,43,5,17
20,22,20,22,21.0,42,2,16
12,2,2,12,7.0,14,10,0
19,20,19,20,19.5,39,1,17
9,8,8,9,8.5,17,1,7
8,8,8,8,8.0,16,0,7
8,7,7,8,7.5,15,1,5
18,31,18,31,24.5,49,13,11
7,6,6,7,6.5,13,1,4
9,7,7,9,8.0,16,2,5
19,21,19,21,20.0,40,2,17
7,3,3,7,5.0,10,4,2
1,4,1,4,2.5,5,3,0
1,7,1,7,4.0,8,6,0
5,5,5,5,5.0,10,0,4
13,20,13,20,16.5,33,7,11
9,1,1,9,5.0,10,8,0
2,5,2,5,3.5,7,3,1
8,1,1,8,4.5,9,7,0
1,6,1,6,3.5,7,5,0
1,5,1,5,3.0,6,4,0
8,12,8,12,10.0,20,4,7
5,1,1,5,3.0,6,4,0
9,7,7,9,8.0,16,2,6
1,8,1,8,4.5,9,7,0
24,28,24,28,26.0,52,4,13
1,6,1,6,3.5,7,5,0
5,1,1,5,3.0,6,4,0
1,7,1,7,4.0,8,6,0
4,7,4,7,5.5,11,3,0
31,30,30,31,30.5,61,1,27
21,17,17,21,19.0,38,4,5
12,17,12,17,14.5,29,5,7
5,1,1,5,3.0,6,4,0
29,19,19,29,24.0,48,10,15
18,18,18,18,18.0,36,0,12
1,9,1,9,5.0,10,8,0
4,8,4,8,6.0,12,4,0
18,12,12,18,15.0,30,6,10
5,1,1,5,3.0,6,4,0
4,4,4,4,4.0,8,0,2
7,1,1,7,4.0,8,6,0
1,4,1,4,2.5,5,3,0
1,5,1,5,3.0,6,4,0
36,33,33,36,34.5,69,3,27
54,18,18,54,36.0,72,36,15
5,7,5,7,6.0,12,2,4
1,5,1,5,3.0,6,4,0
10,11,10,11,10.5,21,1,9
6,6,6,6,6.0,12,0,5
5,5,5,5,5.0,10,0,4
17,13,13,17,15.0,30,4,12
5,1,1,5,3.0,6,4,0
15,16,15,16,15.5,31,1,13
6,1,1,6,3.5,7,5,0
24,1,1,24,12.5,25,23,0
8,7,7,8,7.5,15,1,5
1,5,1,5,3.0,6,4,0
2,11,2,11,6.5,13,9,0
7,7,7,7,7.0,14,0,3
18,1,1,18,9.5,19,17,0
16,13,13,16,14.5,29,3,12
19,23,19,23,21.0,42,4,17
47,23,23,47,35.0,70,24,22
7,1,1,7,4.0,8,6,0
15,19,15,19,17.0,34,4,14
1,4,1,4,2.5,5,3,0
12,10,10,12,11.0,22,2,9
4,2,2,4,3.0,6,2,1
10,12,10,12,11.0,22,2,2
4,6,4,6,5.0,10,2,3
5,4,4,5,4.5,9,1,2
6,4,4,6,5.0,10,2,3
9,9,9,9,9.0,18,0,8
9,10,9,10,9.5,19,1,8
8,4,4,8,6.0,12,4,1
3,4,3,4,3.5,7,1,2
1,12,1,12,6.5,13,11,0
1,5,1,5,3.0,6,4,0
7,7,7,7,7.0,14,0,6
1,20,1,20,10.5,21,19,0
1,44,1,44,22.5,45,43,0
20,21,20,21,20.5,41,1,17
19,21,19,21,20.0,40,2,18
5,1,1,5,3.0,6,4,0
27,12,12,27,19.5,39,15,8
3,9,3,9,6.0,12,6,0
2,4,2,4,3.0,6,2,1
7,2,2,7,4.5,9,5,1
1,8,1,8,4.5,9,7,0
29,26,26,29,27.5,55,3,18
4,1,1,4,2.5,5,3,0
1,19,1,19,10.0,20,18,0
20,27,20,27,23.5,47,7,19
6,1,1,6,3.5,7,5,0
6,6,6,6,6.0,12,0,5
22,24,22,24,23.0,46,2,19
2,30,2,30,16.0,32,28,0
4,1,1,4,2.5,5,3,0
44,47,44,47,45.5,91,3,39
22,15,15,22,18.5,37,7,14
4,3,3,4,3.5,7,1,2
13,20,13,20,16.5,33,7,9
19,16,16,19,17.5,35,3,15
6,15,6,15,10.5,21,9,4
2,4,2,4,3.0,6,2,0
2,6,2,6,4.0,8,4,1
1,22,1,22,11.5,23,21,0
1,4,1,4,2.5,5,3,0
1,4,1,4,2.5,5,3,0
29,20,20,29,24.5,49,9,19
19,9,9,19,14.0,28,10,6
1,4,1,4,2.5,5,3,0
8,1,1,8,4.5,9,7,0
4,1,1,4,2.5,5,3,0
9,1,1,9,5.0,10,8,0
24,27,24,27,25.5,51,3,11
7,9,7,9,8.0,16,2,3
4,4,4,4,4.0,8,0,3
11,2,2,11,6.5,13,9,0
5,4,4,5,4.5,9,1,2
9,9,9,9,9.0,18,0,8
1,13,1,13,7.0,14,12,0
4,1,1,4,2.5,5,3,0
12,8,8,12,10.0,20,4,5
7,5,5,7,6.0,12,2,0
1,5,1,5,3.0,6,4,0
4,1,1,4,2.5,5,3,0
6,1,1,6,3.5,7,5,0
6,6,6,6,6.0,12,0,5
4,9,4,9,6.5,13,5,3
1,16,1,16,8.5,17,15,0
14,10,10,14,12.0,24,4,8
9,7,7,9,8.0,16,2,5
1,7,1,7,4.0,8,6,0
7,1,1,7,4.0,8,6,0
2,4,2,4,3.0,6,2,1
18,17,17,18,17.5,35,1,15
6,5,5,6,5.5,11,1,4
26,24,24,26,25.0,50,2,23
9,9,9,9,9.0,18,0,8
6,12,6,12,9.0,18,6,4
1,77,1,77,39.0,78,76,0
6,6,6,6,6.0,12,0,5
1,4,1,4,2.5,5,3,0
7,10,7,10,8.5,17,3,6
4,10,4,10,7.0,14,6,3
8,9,8,9,8.5,17,1,7
15,22,15,22,18.5,37,7,13
26,27,26,27,26.5,53,1,15
1,16,1,16,8.5,17,15,0
1,4,1,4,2.5,5,3,0
1,6,1,6,3.5,7,5,0
19,13,13,19,16.0,32,6,11
5,4,4,5,4.5,9,1,0
7,1,1,7,4.0,8,6,0
5,2,2,5,3.5,7,3,1
27,1,1,27,14.0,28,26,0
4,4,4,4,4.0,8,0,3
10,13,10,13,11.5,23,3,8
11,13,11,13,12.0,24,2,9
4,6,4,6,5.0,10,2,3
35,47,35,47,41.0,82,12,27
12,10,10,12,11.0,22,2,8
17,13,13,17,15.0,30,4,10
1,5,1,5,3.0,6,4,0
2,5,2,5,3.5,7,3,1
1,30,1,30,15.5,31,29,0
8,12,8,12,10.0,20,4,7
44,37,37,44,40.5,81,7,29
11,11,11,11,11.0,22,0,8
20,20,20,20,20.0,40,0,18
16,19,16,19,17.5,35,3,12
8,1,1,8,4.5,9,7,0
19,12,12,19,15.5,31,7,10
1,4,1,4,2.5,5,3,0
5,4,4,5,4.5,9,1,0
6,6,6,6,6.0,12,0,5
20,4,4,20,12.0,24,16,0
18,12,12,18,15.0,30,6,9
1,14,1,14,7.5,15,13,0
7,6,6,7,6.5,13,1,5
13,23,13,23,18.0,36,10,12
7,2,2,7,4.5,9,5,1
4,1,1,4,2.5,5,3,0
4,1,1,4,2.5,5,3,0
14,14,14,14,14.0,28,0,12
6,1,1,6,3.5,7,5,0
39,44,39,44,41.5,83,5,35
4,1,1,4,2.5,5,3,0
17,17,17,17,17.0,34,0,16
4,3,3,4,3.5,7,1,2
7,1,1,7,4.0,8,6,0
5,4,4,5,4.5,9,1,3
34,31,31,34,32.5,65,3,20
10,10,10,10,10.0,20,0,7
5,1,1,5,3.0,6,4,0
1,5,1,5,3.0,6,4,0
21,15,15,21,18.0,36,6,10
6,6,6,6,6.0,12,0,4
15,7,7,15,11.0,22,8,6
2,8,2,8,5.0,10,6,1
4,5,4,5,4.5,9,1,0
5,1,1,5,3.0,6,4,0
7,5,5,7,6.0,12,2,3
6,1,1,6,3.5,7,5,0
32,32,32,32,32.0,64,0,30
9,10,9,10,9.5,19,1,8
21,7,7,21,14.0,28,14,6
1,4,1,4,2.5,5,3,0
9,7,7,9,8.0,16,2,6
5,3,3,5,4.0,8,2,0
4,2,2,4,3.0,6,2,0
5,1,1,5,3.0,6,4,0
16,2,2,16,9.0,18,14,0
2,4,2,4,3.0,6,2,1
1,5,1,5,3.0,6,4,0
39,13,13,39,26.0,52,26,7
18,8,8,18,13.0,26,10,3
1,7,1,7,4.0,8,6,0
14,13,13,14,13.5,27,1,8
11,8,8,11,9.5,19,3,7
7,7,7,7,7.0,14,0,5
1,4,1,4,2.5,5,3,0
11,6,6,11,8.5,17,5,4
1,5,1,5,3.0,6,4,0
8,1,1,8,4.5,9,7,0
25,33,25,33,29.0,58,8,24
5,5,5,5,5.0,10,0,3
12,1,1,12,6.5,13,11,0
4,1,1,4,2.5,5,3,0
6,7,6,7,6.5,13,1,5
5,4,4,5,4.5,9,1,3
6,1,1,6,3.5,7,5,0
1,7,1,7,4.0,8,6,0
6,6,6,6,6.0,12,0,3
23,22,22,23,22.5,45,1,20
12,4,4,12,8.0,16,8,1
11,2,2,11,6.5,13,9,1
10,13,10,13,11.5,23,3,9
21,15,15,21,18.0,36,6,11
14,14,14,14,14.0,28,0,13
8,10,8,10,9.0,18,2,7
4,4,4,4,4.0,8,0,2
12,1,1,12,6.5,13,11,0
14,16,14,16,15.0,30,2,12
23,19,19,23,21.0,42,4,10
4,2,2,4,3.0,6,2,1
2,6,2,6,4.0,8,4,0
7,11,7,11,9.0,18,4,6
4,5,4,5,4.5,9,1,3
2,5,2,5,3.5,7,3,1
31,107,31,107,69.0,138,76,1
17,18,17,18,17.5,35,1,16
34,27,27,34,30.5,61,7,21
32,53,32,53,42.5,85,21,21
1,4,1,4,2.5,5,3,0
13,18,13,18,15.5,31,5,10
17,14,14,17,15.5,31,3,13
4,3,3,4,3.5,7,1,1
5,4,4,5,4.5,9,1,3
16,15,15,16,15.5,31,1,13
17,18,17,18,17.5,35,1,14
8,1,1,8,4.5,9,7,0
3,6,3,6,4.5,9,3,0
17,5,5,17,11.0,22,12,4
5,1,1,5,3.0,6,4,0
45,28,28,45,36.5,73,17,20
1,5,1,5,3.0,6,4,0
7,10,7,10,8.5,17,3,6
14,24,14,24,19.0,38,10,12
4,10,4,10,7.0,14,6,0
11,14,11,14,12.5,25,3,10
8,5,5,8,6.5,13,3,4
7,2,2,7,4.5,9,5,1
1,5,1,5,3.0,6,4,0
22,13,13,22,17.5,35,9,12
13,9,9,13,11.0,22,4,7
6,5,5,6,5.5,11,1,4
1,9,1,9,5.0,10,8,0
1,6,1,6,3.5,7,5,0
1,5,1,5,3.0,6,4,0
9,9,9,9,9.0,18,0,8
2,4,2,4,3.0,6,2,0
6,1,1,6,3.5,7,5,0
2,11,2,11,6.5,13,9,1
12,14,12,14,13.0,26,2,8
5,1,1,5,3.0,6,4,0
7,7,7,7,7.0,14,0,5
18,25,18,25,21.5,43,7,16
6,1,1,6,3.5,7,5,0
6,4,4,6,5.0,10,2,2
7,1,1,7,4.0,8,6,0
9,9,9,9,9.0,18,0,8
21,32,21,32,26.5,53,11,18
1,6,1,6,3.5,7,5,0
9,2,2,9,5.5,11,7,0
4,7,4,7,5.5,11,3,3
24,35,24,35,29.5,59,11,17
1,7,1,7,4.0,8,6,0
2,18,2,18,10.0,20,16,0
11,17,11,17,14.0,28,6,9
12,13,12,13,12.5,25,1,11
1,4,1,4,2.5,5,3,0
1,5,1,5,3.0,6,4,0
4,1,1,4,2.5,5,3,0
28,49,28,49,38.5,77,21,21
7,21,7,21,14.0,28,14,1
5,1,1,5,3.0,6,4,0
9,9,9,9,9.0,18,0,8
14,14,14,14,14.0,28,0,13
1,4,1,4,2.5,5,3,0
8,7,7,8,7.5,15,1,6
29,24,24,29,26.5,53,5,23
4,1,1,4,2.5,5,3,0
1,5,1,5,3.0,6,4,0
35,23,23,35,29.0,58,12,22
1,4,1,4,2.5,5,3,0
1,5,1,5,3.0,6,4,0
15,15,15,15,15.0,30,0,12
22,19,19,22,20.5,41,3,18
1,5,1,5,3.0,6,4,0
6,1,1,6,3.5,7,5,0
17,14,14,17,15.5,31,3,13
12,17,12,17,14.5,29,5,7
1,66,1,66,33.5,67,65,0
11,12,11,12,11.5,23,1,10
2,7,2,7,4.5,9,5,0
6,23,6,23,14.5,29,17,3
10,3,3,10,6.5,13,7,2
1,6,1,6,3.5,7,5,0
1,6,1,6,3.5,7,5,0
1,4,1,4,2.5,5,3,0
12,13,12,13,12.5,25,1,11
19,19,19,19,19.0,38,0,18
5,2,2,5,3.5,7,3,1
10,11,10,11,10.5,21,1,9
18,9,9,18,13.5,27,9,7
9,5,5,9,7.0,14,4,4
23,19,19,23,21.0,42,4,18
1,12,1,12,6.5,13,11,0
4,4,4,4,4.0,8,0,3
1,9,1,9,5.0,10,8,0
1,8,1,8,4.5,9,7,0
8,3,3,8,5.5,11,5,2
1,4,1,4,2.5,5,3,0
1,4,1,4,2.5,5,3,0
19,19,19,19,19.0,38,0,18
13,13,13,13,13.0,26,0,12
13,17,13,17,15.0,30,4,5
10,11,10,11,10.5,21,1,9
34,2,2,34,18.0,36,32,0
5,1,1,5,3.0,6,4,0
1,5,1,5,3.0,6,4,0
7,6,6,7,6.5,13,1,5
1,4,1,4,2.5,5,3,0
15,8,8,15,11.5,23,7,7
6,8,6,8,7.0,14,2,3
8,13,8,13,10.5,21,5,6
5,11,5,11,8.0,16,6,0
5,5,5,5,5.0,10,0,3
7,3,3,7,5.0,10,4,2
1,4,1,4,2.5,5,3,0
4,2,2,4,3.0,6,2,1
11,10,10,11,10.5,21,1,9
2,20,2,20,11.0,22,18,0
9,6,6,9,7.5,15,3,3
16,13,13,16,14.5,29,3,12
1,107,1,107,54.0,108,106,0
4,1,1,4,2.5,5,3,0
4,5,4,5,4.5,9,1,3
6,5,5,6,5.5,11,1,1
1,4,1,4,2.5,5,3,0
31,31,31,31,31.0,62,0,29
5,5,5,5,5.0,10,0,0
17,13,13,17,15.0,30,4,8
13,17,13,17,15.0,30,4,12
31,5,5,31,18.0,36,26,3
11,17,11,17,14.0,28,6,8
5,4,4,5,4.5,9,1,3
56,4,4,56,30.0,60,52,0
5,5,5,5,5.0,10,0,4
5,1,1,5,3.0,6,4,0
1,7,1,7,4.0,8,6,0
4,6,4,6,5.0,10,2,3
12,12,12,12,12.0,24,0,11
8,3,3,8,5.5,11,5,2
4,1,1,4,2.5,5,3,0
4,4,4,4,4.0,8,0,3
3,5,3,5,4.0,8,2,2
43,44,43,44,43.5,87,1,39
6,6,6,6,6.0,12,0,5
15,7,7,15,11.0,22,8,5
18,29,18,29,23.5,47,11,15
12,19,12,19,15.5,31,7,11
13,14,13,14,13.5,27,1,12
4,4,4,4,4.0,8,0,3
7,1,1,7,4.0,8,6,0
2,8,2,8,5.0,10,6,1
12,25,12,25,18.5,37,13,11
46,42,42,46,44.0,88,4,31
1,8,1,8,4.5,9,7,0
11,13,11,13,12.0,24,2,8
4,8,4,8,6.0,12,4,3
1,4,1,4,2.5,5,3,0
1,21,1,21,11.0,22,20,0
4,2,2,4,3.0,6,2,1
5,3,3,5,4.0,8,2,1
4,4,4,4,4.0,8,0,1
18,17,17,18,17.5,35,1,16
13,105,13,105,59.0,118,92,4
4,4,4,4,4.0,8,0,3
6,11,6,11,8.5,17,5,5
13,34,13,34,23.5,47,21,7
45,23,23,45,34.0,68,22,22
21,24,21,24,22.5,45,3,20
1,7,1,7,4.0,8,6,0
6,2,2,6,4.0,8,4,1
6,5,5,6,5.5,11,1,3
4,3,3,4,3.5,7,1,2
1,4,1,4,2.5,5,3,0
31,33,31,33,32.0,64,2,30
1,8,1,8,4.5,9,7,0
10,13,10,13,11.5,23,3,8
6,11,6,11,8.5,17,5,5
4,4,4,4,4.0,8,0,3
21,32,21,32,26.5,53,11,18
4,1,1,4,2.5,5,3,0
5,9,5,9,7.0,14,4,1
5,3,3,5,4.0,8,2,2
6,1,1,6,3.5,7,5,0
16,15,15,16,15.5,31,1,14
2,4,2,4,3.0,6,2,1
4,2,2,4,3.0,6,2,1
1,12,1,12,6.5,13,11,0
13,12,12,13,12.5,25,1,10
22,31,22,31,26.5,53,9,20
26,10,10,26,18.0,36,16,4
10,9,9,10,9.5,19,1,6
6,1,1,6,3.5,7,5,0
9,1,1,9,5.0,10,8,0
8,3,3,8,5.5,11,5,2
1,11,1,11,6.0,12,10,0
3,5,3,5,4.0,8,2,0
9,16,9,16,12.5,25,7,8
1,9,1,9,5.0,10,8,0
7,6,6,7,6.5,13,1,5
1,39,1,39,20.0,40,38,0
43,37,37,43,40.0,80,6,27
4,1,1,4,2.5,5,3,0
9,5,5,9,7.0,14,4,2
18,17,17,18,17.5,35,1,16
25,41,25,41,33.0,66,16,15
15,15,15,15,15.0,30,0,14
2,14,2,14,8.0,16,12,0
39,32,32,39,35.5,71,7,27
6,4,4,6,5.0,10,2,0
5,8,5,8,6.5,13,3,3
1,17,1,17,9.0,18,16,0
10,21,10,21,15.5,31,11,5
2,15,2,15,8.5,17,13,0
5,6,5,6,5.5,11,1,4
4,4,4,4,4.0,8,0,3
4,1,1,4,2.5,5,3,0
1,4,1,4,2.5,5,3,0
8,7,7,8,7.5,15,1,6
1,4,1,4,2.5,5,3,0
7,7,7,7,7.0,14,0,6
1,4,1,4,2.5,5,3,0
7,1,1,7,4.0,8,6,0
17,17,17,17,17.0,34,0,15
7,7,7,7,7.0,14,0,6
3,6,3,6,4.5,9,3,2
8,8,8,8,8.0,16,0,2
9,1,1,9,5.0,10,8,0
19,15,15,19,17.0,34,4,13
11,10,10,11,10.5,21,1,9
2,10,2,10,6.0,12,8,1
8,5,5,8,6.5,13,3,3
32,32,32,32,32.0,64,0,31
11,1,1,11,6.0,12,10,0
1,7,1,7,4.0,8,6,0
7,1,1,7,4.0,8,6,0
6,4,4,6,5.0,10,2,3
11,10,10,11,10.5,21,1,9
21,15,15,21,18.0,36,6,14
5,8,5,8,6.5,13,3,1
7,1,1,7,4.0,8,6,0
7,5,5,7,6.0,12,2,4
2,4,2,4,3.0,6,2,1
12,13,12,13,12.5,25,1,9
14,14,14,14,14.0,28,0,12
17,48,17,48,32.5,65,31,15
1,4,1,4,2.5,5,3,0
11,12,11,12,11.5,23,1,10
4,1,1,4,2.5,5,3,0
1,8,1,8,4.5,9,7,0
5,1,1,5,3.0,6,4,0
1,4,1,4,2.5,5,3,0
18,18,18,18,18.0,36,0,13
7,5,5,7,6.0,12,2,4
1,4,1,4,2.5,5,3,0
10,5,5,10,7.5,15,5,3
17,8,8,17,12.5,25,9,7
37,26,26,37,31.5,63,11,23
12,12,12,12,12.0,24,0,10
5,5,5,5,5.0,10,0,3
1,7,1,7,4.0,8,6,0
5,1,1,5,3.0,6,4,0
1,20,1,20,10.5,21,19,0
4,1,1,4,2.5,5,3,0
17,17,17,17,17.0,34,0,15
1,6,1,6,3.5,7,5,0
7,18,7,18,12.5,25,11,5
11,11,11,11,11.0,22,0,10
8,5,5,8,6.5,13,3,3
7,2,2,7,4.5,9,5,1
32,22,22,32,27.0,54,10,20
6,1,1,6,3.5,7,5,0
21,19,19,21,20.0,40,2,18
7,6,6,7,6.5,13,1,4
1,5,1,5,3.0,6,4,0
1,26,1,26,13.5,27,25,0
7,1,1,7,4.0,8,6,0
24,19,19,24,21.5,43,5,16
7,1,1,7,4.0,8,6,0
6,1,1,6,3.5,7,5,0
13,4,4,13,8.5,17,9,2
4,1,1,4,2.5,5,3,0
88,36,36,88,62.0,124,52,31
17,20,17,20,18.5,37,3,16
9,2,2,9,5.5,11,7,0
4,1,1,4,2.5,5,3,0
1,4,1,4,2.5,5,3,0
4,1,1,4,2.5,5,3,0
1,11,1,11,6.0,12,10,0
2,14,2,14,8.0,16,12,1
8,7,7,8,7.5,15,1,6
8,15,8,15,11.5,23,7,7
6,7,6,7,6.5,13,1,5
49,44,44,49,46.5,93,5,43
5,1,1,5,3.0,6,4,0
10,11,10,11,10.5,21,1,6
1,6,1,6,3.5,7,5,0
3,6,3,6,4.5,9,3,2
6,7,6,7,6.5,13,1,5
2,4,2,4,3.0,6,2,1
6,7,6,7,6.5,13,1,5
6,1,1,6,3.5,7,5,0
5,1,1,5,3.0,6,4,0
4,1,1,4,2.5,5,3,0
1,4,1,4,2.5,5,3,0
1,4,1,4,2.5,5,3,0
17,16,16,17,16.5,33,1,13
22,26,22,26,24.0,48,4,18
1,5,1,5,3.0,6,4,0
6,8,6,8,7.0,14,2,3
7,7,7,7,7.0,14,0,4
5,1,1,5,3.0,6,4,0
1,4,1,4,2.5,5,3,0
6,3,3,6,4.5,9,3,1
4,2,2,4,3.0,6,2,1
12,3,3,12,7.5,15,9,2
8,6,6,8,7.0,14,2,5
6,6,6,6,6.0,12,0,0
4,1,1,4,2.5,5,3,0
17,1,1,17,9.0,18,16,0
27,24,24,27,25.5,51,3,22
7,14,7,14,10.5,21,7,6
31,32,31,32,31.5,63,1,30
1,23,1,23,12.0,24,22,0
14,14,14,14,14.0,28,0,13
2,4,2,4,3.0,6,2,1
19,16,16,19,17.5,35,3,14
5,1,1,5,3.0,6,4,0
15,13,13,15,14.0,28,2,9
39,41,39,41,40.0,80,2,37
5,1,1,5,3.0,6,4,0
5,1,1,5,3.0,6,4,0
1,8,1,8,4.5,9,7,0
9,1,1,9,5.0,10,8,0
5,5,5,5,5.0,10,0,3
5,1,1,5,3.0,6,4,0
2,4,2,4,3.0,6,2,1
26,26,26,26,26.0,52,0,25
4,1,1,4,2.5,5,3,0
8,1,1,8,4.5,9,7,0
6,1,1,6,3.5,7,5,0
1,4,1,4,2.5,5,3,0
9,7,7,9,8.0,16,2,2
4,1,1,4,2.5,5,3,0
9,6,6,9,7.5,15,3,5
17,36,17,36,26.5,53,19,11
8,14,8,14,11.0,22,6,5
4,1,1,4,2.5,5,3,0
9,18,9,18,13.5,27,9,7
1,4,1,4,2.5,5,3,0
5,1,1,5,3.0,6,4,0
32,17,17,32,24.5,49,15,16
3,4,3,4,3.5,7,1,2
23,20,20,23,21.5,43,3,18
4,1,1,4,2.5,5,3,0
1,9,1,9,5.0,10,8,0
1,36,1,36,18.5,37,35,0
5,1,1,5,3.0,6,4,0
13,20,13,20,16.5,33,7,6
20,24,20,24,22.0,44,4,19
4,1,1,4,2.5,5,3,0
12,1,1,12,6.5,13,11,0
12,12,12,12,12.0,24,0,9
10,13,10,13,11.5,23,3,9
5,5,5,5,5.0,10,0,0
5,1,1,5,3.0,6,4,0
7,8,7,8,7.5,15,1,5
4,5,4,5,4.5,9,1,2
18,17,17,18,17.5,35,1,11
8,11,8,11,9.5,19,3,5
2,4,2,4,3.0,6,2,0
8,11,8,11,9.5,19,3,6
14,20,14,20,17.0,34,6,4
1,4,1,4,2.5,5,3,0
16,8,8,16,12.0,24,8,1
30,31,30,31,30.5,61,1,27
23,33,23,33,28.0,56,10,20
8,8,8,8,8.0,16,0,6
7,1,1,7,4.0,8,6,0
4,5,4,5,4.5,9,1,3
17,17,17,17,17.0,34,0,16
8,3,3,8,5.5,11,5,1
1,5,1,5,3.0,6,4,0
4,1,1,4,2.5,5,3,0
8,1,1,8,4.5,9,7,0
4,6,4,6,5.0,10,2,3
4,2,2,4,3.0,6,2,1
4,1,1,4,2.5,5,3,0
3,75,3,75,39.0,78,72,0
9,38,9,38,23.5,47,29,0
5,7,5,7,6.0,12,2,4
4,2,2,4,3.0,6,2,0
19,23,19,23,21.0,42,4,11
4,1,1,4,2.5,5,3,0
1,10,1,10,5.5,11,9,0
6,1,1,6,3.5,7,5,0
1,4,1,4,2.5,5,3,0
1,9,1,9,5.0,10,8,0
1,5,1,5,3.0,6,4,0
5,1,1,5,3.0,6,4,0
4,4,4,4,4.0,8,0,3
8,2,2,8,5.0,10,6,0
5,1,1,5,3.0,6,4,0
22,20,20,22,21.0,42,2,15
10,9,9,10,9.5,19,1,8
5,1,1,5,3.0,6,4,0
4,1,1,4,2.5,5,3,0
11,8,8,11,9.5,19,3,4
4,4,4,4,4.0,8,0,3
1,6,1,6,3.5,7,5,0
4,5,4,5,4.5,9,1,3
4,1,1,4,2.5,5,3,0
25,33,25,33,29.0,58,8,18
10,1,1,10,5.5,11,9,0
33,32,32,33,32.5,65,1,25
4,9,4,9,6.5,13,5,1
8,6,6,8,7.0,14,2,4
8,17,8,17,12.5,25,9,5
17,15,15,17,16.0,32,2,12
17,16,16,17,16.5,33,1,15
1,7,1,7,4.0,8,6,0
1,6,1,6,3.5,7,5,0
5,5,5,5,5.0,10,0,3
5,1,1,5,3.0,6,4,0
2,5,2,5,3.5,7,3,1
1,5,1,5,3.0,6,4,0
1,4,1,4,2.5,5,3,0
1,4,1,4,2.5,5,3,0
21,19,19,21,20.0,40,2,18
2,6,2,6,4.0,8,4,0
6,17,6,17,11.5,23,11,4
1,17,1,17,9.0,18,16,0
9,8,8,9,8.5,17,1,7
3,4,3,4,3.5,7,1,2
5,6,5,6,5.5,11,1,4
9,10,9,10,9.5,19,1,7
1,4,1,4,2.5,5,3,0
36,20,20,36,28.0,56,16,15
4,4,4,4,4.0,8,0,3
13,12,12,13,12.5,25,1,11
8,7,7,8,7.5,15,1,6
5,1,1,5,3.0,6,4,0
19,18,18,19,18.5,37,1,16
13,13,13,13,13.0,26,0,12
8,8,8,8,8.0,16,0,7
1,7,1,7,4.0,8,6,0
4,4,4,4,4.0,8,0,2
12,1,1,12,6.5,13,11,0
4,5,4,5,4.5,9,1,3
2,5,2,5,3.5,7,3,1
2,75,2,75,38.5,77,73,0
6,22,6,22,14.0,28,16,4
2,18,2,18,10.0,20,16,0
9,5,5,9,7.0,14,4,4
2,5,2,5,3.5,7,3,0
5,6,5,6,5.5,11,1,4
5,1,1,5,3.0,6,4,0
9,9,9,9,9.0,18,0,8
5,5,5,5,5.0,10,0,4
35,32,32,35,33.5,67,3,31
11,18,11,18,14.5,29,7,9
29,39,29,39,34.0,68,10,23
7,9,7,9,8.0,16,2,6
7,2,2,7,4.5,9,5,0
13,16,13,16,14.5,29,3,9
15,22,15,22,18.5,37,7,13
5,1,1,5,3.0,6,4,0
8,8,8,8,8.0,16,0,7
10,1,1,10,5.5,11,9,0
4,1,1,4,2.5,5,3,0
10,1,1,10,5.5,11,9,0
6,13,6,13,9.5,19,7,2
4,5,4,5,4.5,9,1,3
9,8,8,9,8.5,17,1,5
8,7,7,8,7.5,15,1,6
31,33,31,33,32.0,64,2,25
12,9,9,12,10.5,21,3,6
8,27,8,27,17.5,35,19,6
1,7,1,7,4.0,8,6,0
4,3,3,4,3.5,7,1,1
4,1,1,4,2.5,5,3,0
1,6,1,6,3.5,7,5,0
5,5,5,5,5.0,10,0,3
13,11,11,13,12.0,24,2,9
4,1,1,4,2.5,5,3,0
2,16,2,16,9.0,18,14,0
9,22,9,22,15.5,31,13,0
4,1,1,4,2.5,5,3,0
1,5,1,5,3.0,6,4,0
16,14,14,16,15.0,30,2,11
6,1,1,6,3.5,7,5,0
6,1,1,6,3.5,7,5,0
8,1,1,8,4.5,9,7,0
4,3,3,4,3.5,7,1,2
1,55,1,55,28.0,56,54,0
1,5,1,5,3.0,6,4,0
13,61,13,61,37.0,74,48,2
4,7,4,7,5.5,11,3,2
20,28,20,28,24.0,48,8,19
5,1,1,5,3.0,6,4,0
4,4,4,4,4.0,8,0,3
5,1,1,5,3.0,6,4,0
4,1,1,4,2.5,5,3,0
7,7,7,7,7.0,14,0,4
5,4,4,5,4.5,9,1,2
5,5,5,5,5.0,10,0,4
4,5,4,5,4.5,9,1,2
16,28,16,28,22.0,44,12,7
8,56,8,56,32.0,64,48,0
5,5,5,5,5.0,10,0,4
4,5,4,5,4.5,9,1,0
1,4,1,4,2.5,5,3,0
5,1,1,5,3.0,6,4,0
1,10,1,10,5.5,11,9,0
23,26,23,26,24.5,49,3,21
6,6,6,6,6.0,12,0,5
2,4,2,4,3.0,6,2,0
8,1,1,8,4.5,9,7,0
4,1,1,4,2.5,5,3,0
2,7,2,7,4.5,9,5,1
2,12,2,12,7.0,14,10,0
29,34,29,34,31.5,63,5,19
7,1,1,7,4.0,8,6,0
21,20,20,21,20.5,41,1,16
1,6,1,6,3.5,7,5,0
1,4,1,4,2.5,5,3,0
45,19,19,45,32.0,64,26,17
10,1,1,10,5.5,11,9,0
6,1,1,6,3.5,7,5,0
5,2,2,5,3.5,7,3,0
16,5,5,16,10.5,21,11,3
6,7,6,7,6.5,13,1,5
6,2,2,6,4.0,8,4,0
8,1,1,8,4.5,9,7,0
13,13,13,13,13.0,26,0,8
1,35,1,35,18.0,36,34,0
9,8,8,9,8.5,17,1,6
14,13,13,14,13.5,27,1,9
2,4,2,4,3.0,6,2,1
18,22,18,22,20.0,40,4,11
2,5,2,5,3.5,7,3,1
19,19,19,19,19.0,38,0,18
2,5,2,5,3.5,7,3,1
31,30,30,31,30.5,61,1,28
13,13,13,13,13.0,26,0,8
8,1,1,8,4.5,9,7,0
6,1,1,6,3.5,7,5,0
5,5,5,5,5.0,10,0,4
1,9,1,9,5.0,10,8,0
6,2,2,6,4.0,8,4,0
1,6,1,6,3.5,7,5,0
7,6,6,7,6.5,13,1,5
5,6,5,6,5.5,11,1,4
4,1,1,4,2.5,5,3,0
8,7,7,8,7.5,15,1,5
1,14,1,14,7.5,15,13,0
11,13,11,13,12.0,24,2,7
3,18,3,18,10.5,21,15,2
7,4,4,7,5.5,11,3,3
6,1,1,6,3.5,7,5,0
13,1,1,13,7.0,14,12,0
4,7,4,7,5.5,11,3,3
44,45,44,45,44.5,89,1,43
49,41,41,49,45.0,90,8,24
20,34,20,34,27.0,54,14,16
17,12,12,17,14.5,29,5,10
4,5,4,5,4.5,9,1,3
10,12,10,12,11.0,22,2,7
5,6,5,6,5.5,11,1,1
11,12,11,12,11.5,23,1,10
5,3,3,5,4.0,8,2,2
49,46,46,49,47.5,95,3,43
8,2,2,8,5.0,10,6,0
12,12,12,12,12.0,24,0,9
7,7,7,7,7.0,14,0,6
19,25,19,25,22.0,44,6,13
18,4,4,18,11.0,22,14,3
10,1,1,10,5.5,11,9,0
48,32,32,48,40.0,80,16,25
9,11,9,11,10.0,20,2,4
36,1,1,36,18.5,37,35,0
29,7,7,29,18.0,36,22,6
1,4,1,4,2.5,5,3,0
4,4,4,4,4.0,8,0,3
7,8,7,8,7.5,15,1,5
2,9,2,9,5.5,11,7,0
11,1,1,11,6.0,12,10,0
4,4,4,4,4.0,8,0,0
46,22,22,46,34.0,68,24,21
1,21,1,21,11.0,22,20,0
20,23,20,23,21.5,43,3,17
6,7,6,7,6.5,13,1,5
11,10,10,11,10.5,21,1,9
7,4,4,7,5.5,11,3,3
6,1,1,6,3.5,7,5,0
7,5,5,7,6.0,12,2,4
47,35,35,47,41.0,82,12,29
31,32,31,32,31.5,63,1,29
19,23,19,23,21.0,42,4,10
1,10,1,10,5.5,11,9,0
6,8,6,8,7.0,14,2,4
6,4,4,6,5.0,10,2,3
5,1,1,5,3.0,6,4,0
1,7,1,7,4.0,8,6,0
8,6,6,8,7.0,14,2,3
1,31,1,31,16.0,32,30,0
13,12,12,13,12.5,25,1,8
1,5,1,5,3.0,6,4,0
1,4,1,4,2.5,5,3,0
4,3,3,4,3.5,7,1,2
8,6,6,8,7.0,14,2,4
4,27,4,27,15.5,31,23,3
5,3,3,5,4.0,8,2,1
1,6,1,6,3.5,7,5,0
4,4,4,4,4.0,8,0,3
1,5,1,5,3.0,6,4,0
1,4,1,4,2.5,5,3,0
9,24,9,24,16.5,33,15,0
1,4,1,4,2.5,5,3,0
8,1,1,8,4.5,9,7,0
4,6,4,6,5.0,10,2,0
5,3,3,5,4.0,8,2,2
16,5,5,16,10.5,21,11,4
7,1,1,7,4.0,8,6,0
1,4,1,4,2.5,5,3,0
6,4,4,6,5.0,10,2,1
11,6,6,11,8.5,17,5,5
4,3,3,4,3.5,7,1,2
14,10,10,14,12.0,24,4,9
4,1,1,4,2.5,5,3,0
9,20,9,20,14.5,29,11,0
26,27,26,27,26.5,53,1,25
5,6,5,6,5.5,11,1,3
1,5,1,5,3.0,6,4,0
8,12,8,12,10.0,20,4,5
29,48,29,48,38.5,77,19,22
1,8,1,8,4.5,9,7,0
5,1,1,5,3.0,6,4,0
15,17,15,17,16.0,32,2,12
26,25,25,26,25.5,51,1,24
17,61,17,61,39.0,78,44,3
6,5,5,6,5.5,11,1,4
6,6,6,6,6.0,12,0,2
1,11,1,11,6.0,12,10,0
1,6,1,6,3.5,7,5,0
4,4,4,4,4.0,8,0,3
5,5,5,5,5.0,10,0,3
4,12,4,12,8.0,16,8,2
10,10,10,10,10.0,20,0,8
15,9,9,15,12.0,24,6,6
7,1,1,7,4.0,8,6,0
5,1,1,5,3.0,6,4,0
8,1,1,8,4.5,9,7,0
1,6,1,6,3.5,7,5,0
12,15,12,15,13.5,27,3,11
1,4,1,4,2.5,5,3,0
7,5,5,7,6.0,12,2,4
7,6,6,7,6.5,13,1,5
7,24,7,24,15.5,31,17,2
3,4,3,4,3.5,7,1,1
16,14,14,16,15.0,30,2,9
7,6,6,7,6.5,13,1,5
4,2,2,4,3.0,6,2,1
10,13,10,13,11.5,23,3,9
14,34,14,34,24.0,48,20,13
19,20,19,20,19.5,39,1,18
29,22,22,29,25.5,51,7,19
1,16,1,16,8.5,17,15,0
5,5,5,5,5.0,10,0,4
4,5,4,5,4.5,9,1,3
6,10,6,10,8.0,16,4,5
1,5,1,5,3.0,6,4,0
1,26,1,26,13.5,27,25,0
24,20,20,24,22.0,44,4,16
5,2,2,5,3.5,7,3,1
5,2,2,5,3.5,7,3,1
26,26,26,26,26.0,52,0,25
19,17,17,19,18.0,36,2,13
7,1,1,7,4.0,8,6,0
11,12,11,12,11.5,23,1,10
5,1,1,5,3.0,6,4,0
2,4,2,4,3.0,6,2,1
4,1,1,4,2.5,5,3,0
1,6,1,6,3.5,7,5,0
25,21,21,25,23.0,46,4,18
1,17,1,17,9.0,18,16,0
6,4,4,6,5.0,10,2,3
1,4,1,4,2.5,5,3,0
8,8,8,8,8.0,16,0,7
5,1,1,5,3.0,6,4,0
17,23,17,23,20.0,40,6,12
4,1,1,4,2.5,5,3,0
22,15,15,22,18.5,37,7,13
5,12,5,12,8.5,17,7,0
10,1,1,10,5.5,11,9,0
8,6,6,8,7.0,14,2,5
1,11,1,11,6.0,12,10,0
7,2,2,7,4.5,9,5,1
5,5,5,5,5.0,10,0,4
5,5,5,5,5.0,10,0,4
6,6,6,6,6.0,12,0,5
4,1,1,4,2.5,5,3,0
17,23,17,23,20.0,40,6,14
12,1,1,12,6.5,13,11,0
4,1,1,4,2.5,5,3,0
19,17,17,19,18.0,36,2,15
9,3,3,9,6.0,12,6,2
5,1,1,5,3.0,6,4,0
5,5,5,5,5.0,10,0,4
6,4,4,6,5.0,10,2,3
6,6,6,6,6.0,12,0,5
4,5,4,5,4.5,9,1,3
4,5,4,5,4.5,9,1,3
4,5,4,5,4.5,9,1,2
36,41,36,41,38.5,77,5,30
19,9,9,19,14.0,28,10,8
5,16,5,16,10.5,21,11,0
1,4,1,4,2.5,5,3,0
1,9,1,9,5.0,10,8,0
1,7,1,7,4.0,8,6,0
24,23,23,24,23.5,47,1,19
4,1,1,4,2.5,5,3,0
13,13,13,13,13.0,26,0,12
9,19,9,19,14.0,28,10,7
8,11,8,11,9.5,19,3,3
1,6,1,6,3.5,7,5,0
4,7,4,7,5.5,11,3,3
2,9,2,9,5.5,11,7,0
1,8,1,8,4.5,9,7,0
29,31,29,31,30.0,60,2,23
2,4,2,4,3.0,6,2,0
1,4,1,4,2.5,5,3,0
6,4,4,6,5.0,10,2,3
5,4,4,5,4.5,9,1,1
5,1,1,5,3.0,6,4,0
6,6,6,6,6.0,12,0,3
4,1,1,4,2.5,5,3,0
14,14,14,14,14.0,28,0,10
4,2,2,4,3.0,6,2,1
5,4,4,5,4.5,9,1,3
1,4,1,4,2.5,5,3,0
8,5,5,8,6.5,13,3,4
20,21,20,21,20.5,41,1,16
1,7,1,7,4.0,8,6,0
3,7,3,7,5.0,10,4,1
1,4,1,4,2.5,5,3,0
5,6,5,6,5.5,11,1,4
4,16,4,16,10.0,20,12,3
1,10,1,10,5.5,11,9,0
3,4,3,4,3.5,7,1,2
2,107,2,107,54.5,109,105,0
3,11,3,11,7.0,14,8,2
8,5,5,8,6.5,13,3,4
7,8,7,8,7.5,15,1,4
1,9,1,9,5.0,10,8,0
5,4,4,5,4.5,9,1,2
8,6,6,8,7.0,14,2,4
1,5,1,5,3.0,6,4,0
3,5,3,5,4.0,8,2,2
1,7,1,7,4.0,8,6,0
2,10,2,10,6.0,12,8,0
18,17,17,18,17.5,35,1,16
5,1,1,5,3.0,6,4,0
4,6,4,6,5.0,10,2,3
15,27,15,27,21.0,42,12,14
8,7,7,8,7.5,15,1,6
1,8,1,8,4.5,9,7,0
13,13,13,13,13.0,26,0,8
4,1,1,4,2.5,5,3,0
4,10,4,10,7.0,14,6,3
2,7,2,7,4.5,9,5,1
1,5,1,5,3.0,6,4,0
5,9,5,9,7.0,14,4,4
1,8,1,8,4.5,9,7,0
3,7,3,7,5.0,10,4,1
7,5,5,7,6.0,12,2,2
1,5,1,5,3.0,6,4,0
19,13,13,19,16.0,32,6,11
4,1,1,4,2.5,5,3,0
4,2,2,4,3.0,6,2,0
6,1,1,6,3.5,7,5,0
2,5,2,5,3.5,7,3,1
3,75,3,75,39.0,78,72,0
6,5,5,6,5.5,11,1,4
9,10,9,10,9.5,19,1,8
34,32,32,34,33.0,66,2,27
4,4,4,4,4.0,8,0,3
4,1,1,4,2.5,5,3,0
27,1,1,27,14.0,28,26,0
4,1,1,4,2.5,5,3,0
8,6,6,8,7.0,14,2,4
4,2,2,4,3.0,6,2,1
2,5,2,5,3.5,7,3,0
15,1,1,15,8.0,16,14,0
4,1,1,4,2.5,5,3,0
9,4,4,9,6.5,13,5,3
7,3,3,7,5.0,10,4,2
20,14,14,20,17.0,34,6,10
8,8,8,8,8.0,16,0,7
6,6,6,6,6.0,12,0,5
6,3,3,6,4.5,9,3,2
2,5,2,5,3.5,7,3,1
1,5,1,5,3.0,6,4,0
4,1,1,4,2.5,5,3,0
1,5,1,5,3.0,6,4,0
4,4,4,4,4.0,8,0,3
17,25,17,25,21.0,42,8,15
15,19,15,19,17.0,34,4,14
19,15,15,19,17.0,34,4,4
5,1,1,5,3.0,6,4,0
31,18,18,31,24.5,49,13,12
1,6,1,6,3.5,7,5,0
19,34,19,34,26.5,53,15,14
22,21,21,22,21.5,43,1,20
2,4,2,4,3.0,6,2,1
13,24,13,24,18.5,37,11,9
11,10,10,11,10.5,21,1,9
25,16,16,25,20.5,41,9,13
28,33,28,33,30.5,61,5,24
5,1,1,5,3.0,6,4,0
5,5,5,5,5.0,10,0,4
12,1,1,12,6.5,13,11,0
5,5,5,5,5.0,10,0,4
2,6,2,6,4.0,8,4,1
7,8,7,8,7.5,15,1,6
1,5,1,5,3.0,6,4,0
19,14,14,19,16.5,33,5,10
15,9,9,15,12.0,24,6,5
1,4,1,4,2.5,5,3,0
1,4,1,4,2.5,5,3,0
2,4,2,4,3.0,6,2,0
7,1,1,7,4.0,8,6,0
8,1,1,8,4.5,9,7,0
2,4,2,4,3.0,6,2,1
10,11,10,11,10.5,21,1,8
4,8,4,8,6.0,12,4,3
15,13,13,15,14.0,28,2,12
34,15,15,34,24.5,49,19,10
10,10,10,10,10.0,20,0,9
1,9,1,9,5.0,10,8,0
12,11,11,12,11.5,23,1,5
15,29,15,29,22.0,44,14,14
5,1,1,5,3.0,6,4,0
1,39,1,39,20.0,40,38,0
6,7,6,7,6.5,13,1,5
39,48,39,48,43.5,87,9,32
38,51,38,51,44.5,89,13,19
5,1,1,5,3.0,6,4,0
1,5,1,5,3.0,6,4,0
9,2,2,9,5.5,11,7,1
5,5,5,5,5.0,10,0,3
4,1,1,4,2.5,5,3,0
1,4,1,4,2.5,5,3,0
1,7,1,7,4.0,8,6,0
1,6,1,6,3.5,7,5,0
1,27,1,27,14.0,28,26,0
26,27,26,27,26.5,53,1,25
1,7,1,7,4.0,8,6,0
5,1,1,5,3.0,6,4,0
17,36,17,36,26.5,53,19,15
4,2,2,4,3.0,6,2,0
27,44,27,44,35.5,71,17,19
2,4,2,4,3.0,6,2,0
5,1,1,5,3.0,6,4,0
8,1,1,8,4.5,9,7,0
12,24,12,24,18.0,36,12,10
1,11,1,11,6.0,12,10,0
3,5,3,5,4.0,8,2,1
1,6,1,6,3.5,7,5,0
5,1,1,5,3.0,6,4,0
1,4,1,4,2.5,5,3,0
9,10,9,10,9.5,19,1,5
5,9,5,9,7.0,14,4,4
4,6,4,6,5.0,10,2,2
4,1,1,4,2.5,5,3,0
2,7,2,7,4.5,9,5,0
7,6,6,7,6.5,13,1,5
5,1,1,5,3.0,6,4,0
7,1,1,7,4.0,8,6,0
4,1,1,4,2.5,5,3,0
28,28,28,28,28.0,56,0,26
4,10,4,10,7.0,14,6,0
4,10,4,10,7.0,14,6,3
1,5,1,5,3.0,6,4,0
4,1,1,4,2.5,5,3,0
2,4,2,4,3.0,6,2,0
1,4,1,4,2.5,5,3,0
1,6,1,6,3.5,7,5,0
4,1,1,4,2.5,5,3,0
1,8,1,8,4.5,9,7,0
3,8,3,8,5.5,11,5,2
1,4,1,4,2.5,5,3,0
25,19,19,25,22.0,44,6,7
2,5,2,5,3.5,7,3,1
11,11,11,11,11.0,22,0,7
11,5,5,11,8.0,16,6,4
10,8,8,10,9.0,18,2,5
7,2,2,7,4.5,9,5,1
26,27,26,27,26.5,53,1,25
12,9,9,12,10.5,21,3,8
9,1,1,9,5.0,10,8,0
4,1,1,4,2.5,5,3,0
12,6,6,12,9.0,18,6,4
14,19,14,19,16.5,33,5,13
4,1,1,4,2.5,5,3,0
27,29,27,29,28.0,56,2,24
13,5,5,13,9.0,18,8,1
20,19,19,20,19.5,39,1,16
17,6,6,17,11.5,23,11,3
6,1,1,6,3.5,7,5,0
1,4,1,4,2.5,5,3,0
107,21,21,107,64.0,128,86,16
4,2,2,4,3.0,6,2,1
4,1,1,4,2.5,5,3,0
1,6,1,6,3.5,7,5,0
3,5,3,5,4.0,8,2,2
12,11,11,12,11.5,23,1,7
1,7,1,7,4.0,8,6,0
6,3,3,6,4.5,9,3,2
4,1,1,4,2.5,5,3,0
4,5,4,5,4.5,9,1,0
14,2,2,14,8.0,16,12,0
10,5,5,10,7.5,15,5,4
23,30,23,30,26.5,53,7,14
2,8,2,8,5.0,10,6,0
12,8,8,12,10.0,20,4,7
26,25,25,26,25.5,51,1,23
6,9,6,9,7.5,15,3,5
17,5,5,17,11.0,22,12,0
12,31,12,31,21.5,43,19,8
8,6,6,8,7.0,14,2,5
4,1,1,4,2.5,5,3,0
17,14,14,17,15.5,31,3,12
6,1,1,6,3.5,7,5,0
4,5,4,5,4.5,9,1,3
1,10,1,10,5.5,11,9,0
4,56,4,56,30.0,60,52,0
1,7,1,7,4.0,8,6,0
13,10,10,13,11.5,23,3,9
4,4,4,4,4.0,8,0,3
24,15,15,24,19.5,39,9,12
7,7,7,7,7.0,14,0,6
19,15,15,19,17.0,34,4,12
1,4,1,4,2.5,5,3,0
13,13,13,13,13.0,26,0,12
5,1,1,5,3.0,6,4,0
5,9,5,9,7.0,14,4,0
10,6,6,10,8.0,16,4,0
11,15,11,15,13.0,26,4,10
1,9,1,9,5.0,10,8,0
12,1,1,12,6.5,13,11,0
5,1,1,5,3.0,6,4,0
13,11,11,13,12.0,24,2,9
7,1,1,7,4.0,8,6,0
29,25,25,29,27.0,54,4,11
10,18,10,18,14.0,28,8,9
17,12,12,17,14.5,29,5,11
22,1,1,22,11.5,23,21,0
5,3,3,5,4.0,8,2,2
6,10,6,10,8.0,16,4,3
13,16,13,16,14.5,29,3,12
11,11,11,11,11.0,22,0,10
1,5,1,5,3.0,6,4,0
4,6,4,6,5.0,10,2,2
8,1,1,8,4.5,9,7,0
2,5,2,5,3.5,7,3,0
4,1,1,4,2.5,5,3,0
17,12,12,17,14.5,29,5,6
4,12,4,12,8.0,16,8,3
25,34,25,34,29.5,59,9,17
11,11,11,11,11.0,22,0,8
1,10,1,10,5.5,11,9,0
4,1,1,4,2.5,5,3,0
7,6,6,7,6.5,13,1,4
5,1,1,5,3.0,6,4,0
5,7,5,7,6.0,12,2,2
4,1,1,4,2.5,5,3,0
5,1,1,5,3.0,6,4,0
5,1,1,5,3.0,6,4,0
1,4,1,4,2.5,5,3,0
4,2,2,4,3.0,6,2,0
5,1,1,5,3.0,6,4,0
17,18,17,18,17.5,35,1,16
15,13,13,15,14.0,28,2,9
1,7,1,7,4.0,8,6,0
1,9,1,9,5.0,10,8,0
5,12,5,12,8.5,17,7,0
12,6,6,12,9.0,18,6,5
7,6,6,7,6.5,13,1,4
11,11,11,11,11.0,22,0,10
4,1,1,4,2.5,5,3,0
1,4,1,4,2.5,5,3,0
5,5,5,5,5.0,10,0,4
5,17,5,17,11.0,22,12,4
4,8,4,8,6.0,12,4,2
31,40,31,40,35.5,71,9,27
1,4,1,4,2.5,5,3,0
4,1,1,4,2.5,5,3,0
11,11,11,11,11.0,22,0,9
1,9,1,9,5.0,10,8,0
27,40,27,40,33.5,67,13,21
25,25,25,25,25.0,50,0,18
36,46,36,46,41.0,82,10,26
31,33,31,33,32.0,64,2,29
5,1,1,5,3.0,6,4,0
27,22,22,27,24.5,49,5,11
6,6,6,6,6.0,12,0,3
13,15,13,15,14.0,28,2,11
4,7,4,7,5.5,11,3,1
3,6,3,6,4.5,9,3,2
1,5,1,5,3.0,6,4,0
18,15,15,18,16.5,33,3,11
5,2,2,5,3.5,7,3,0
2,8,2,8,5.0,10,6,1
19,48,19,48,33.5,67,29,15
7,8,7,8,7.5,15,1,5
5,7,5,7,6.0,12,2,4
1,12,1,12,6.5,13,11,0
15,20,15,20,17.5,35,5,12
4,10,4,10,7.0,14,6,0
4,2,2,4,3.0,6,2,1
25,24,24,25,24.5,49,1,17
12,10,10,12,11.0,22,2,8
1,4,1,4,2.5,5,3,0
4,4,4,4,4.0,8,0,3
9,9,9,9,9.0,18,0,8
1,13,1,13,7.0,14,12,0
4,4,4,4,4.0,8,0,2
1,12,1,12,6.5,13,11,0
7,7,7,7,7.0,14,0,6
37,5,5,37,21.0,42,32,3
6,5,5,6,5.5,11,1,2
1,6,1,6,3.5,7,5,0
6,12,6,12,9.0,18,6,5
5,4,4,5,4.5,9,1,3
8,8,8,8,8.0,16,0,6
3,4,3,4,3.5,7,1,2
10,9,9,10,9.5,19,1,7
13,20,13,20,16.5,33,7,4
13,12,12,13,12.5,25,1,11
39,28,28,39,33.5,67,11,25
7,7,7,7,7.0,14,0,4
35,42,35,42,38.5,77,7,26
30,17,17,30,23.5,47,13,16
5,1,1,5,3.0,6,4,0
10,9,9,10,9.5,19,1,8
1,8,1,8,4.5,9,7,0
5,1,1,5,3.0,6,4,0
9,13,9,13,11.0,22,4,7
2,4,2,4,3.0,6,2,1
1,16,1,16,8.5,17,15,0
2,5,2,5,3.5,7,3,0
9,1,1,9,5.0,10,8,0
36,26,26,36,31.0,62,10,22
8,1,1,8,4.5,9,7,0
10,4,4,10,7.0,14,6,0
11,8,8,11,9.5,19,3,7
27,21,21,27,24.0,48,6,15
1,5,1,5,3.0,6,4,0
2,5,2,5,3.5,7,3,1
66,28,28,66,47.0,94,38,26
8,8,8,8,8.0,16,0,5
12,12,12,12,12.0,24,0,9
13,5,5,13,9.0,18,8,4
18,22,18,22,20.0,40,4,13
4,1,1,4,2.5,5,3,0
49,24,24,49,36.5,73,25,23
8,6,6,8,7.0,14,2,5
4,4,4,4,4.0,8,0,3
8,4,4,8,6.0,12,4,1
13,17,13,17,15.0,30,4,11
16,25,16,25,20.5,41,9,13
2,5,2,5,3.5,7,3,1
19,17,17,19,18.0,36,2,16
1,8,1,8,4.5,9,7,0
4,4,4,4,4.0,8,0,3
9,10,9,10,9.5,19,1,8
6,6,6,6,6.0,12,0,4
7,4,4,7,5.5,11,3,2
7,22,7,22,14.5,29,15,6
10,4,4,10,7.0,14,6,0
7,7,7,7,7.0,14,0,6
4,5,4,5,4.5,9,1,3
1,16,1,16,8.5,17,15,0
8,16,8,16,12.0,24,8,7
6,38,6,38,22.0,44,32,0
13,13,13,13,13.0,26,0,12
5,7,5,7,6.0,12,2,3
2,5,2,5,3.5,7,3,0
6,2,2,6,4.0,8,4,1
6,5,5,6,5.5,11,1,4
4,1,1,4,2.5,5,3,0
6,1,1,6,3.5,7,5,0
5,4,4,5,4.5,9,1,3
6,6,6,6,6.0,12,0,5
4,1,1,4,2.5,5,3,0
9,11,9,11,10.0,20,2,7
12,43,12,43,27.5,55,31,6
8,8,8,8,8.0,16,0,6
8,10,8,10,9.0,18,2,7
18,20,18,20,19.0,38,2,15
17,10,10,17,13.5,27,7,6
1,4,1,4,2.5,5,3,0
1,4,1,4,2.5,5,3,0
4,1,1,4,2.5,5,3,0
14,1,1,14,7.5,15,13,0
49,40,40,49,44.5,89,9,35
4,2,2,4,3.0,6,2,1
12,12,12,12,12.0,24,0,11
8,9,8,9,8.5,17,1,5
12,6,6,12,9.0,18,6,5
1,10,1,10,5.5,11,9,0
7,1,1,7,4.0,8,6,0
5,1,1,5,3.0,6,4,0
24,25,24,25,24.5,49,1,22
11,1,1,11,6.0,12,10,0
11,1,1,11,6.0,12,10,0
12,9,9,12,10.5,21,3,2
4,5,4,5,4.5,9,1,3
4,4,4,4,4.0,8,0,3
2,30,2,30,16.0,32,28,0
7,1,1,7,4.0,8,6,0
4,17,4,17,10.5,21,13,0
21,19,19,21,20.0,40,2,16
1,7,1,7,4.0,8,6,0
17,16,16,17,16.5,33,1,0
17,14,14,17,15.5,31,3,13
5,1,1,5,3.0,6,4,0
5,1,1,5,3.0,6,4,0
5,7,5,7,6.0,12,2,4
5,1,1,5,3.0,6,4,0
9,8,8,9,8.5,17,1,7
11,10,10,11,10.5,21,1,6
7,6,6,7,6.5,13,1,5
4,1,1,4,2.5,5,3,0
1,6,1,6,3.5,7,5,0
9,6,6,9,7.5,15,3,5
20,9,9,20,14.5,29,11,6
2,26,2,26,14.0,28,24,0
1,14,1,14,7.5,15,13,0
4,1,1,4,2.5,5,3,0
11,9,9,11,10.0,20,2,7
1,8,1,8,4.5,9,7,0
10,6,6,10,8.0,16,4,5
7,7,7,7,7.0,14,0,2
2,5,2,5,3.5,7,3,0
4,1,1,4,2.5,5,3,0
1,5,1,5,3.0,6,4,0
1,4,1,4,2.5,5,3,0
17,6,6,17,11.5,23,11,1
9,8,8,9,8.5,17,1,7
8,8,8,8,8.0,16,0,7
4,1,1,4,2.5,5,3,0
5,10,5,10,7.5,15,5,4
1,6,1,6,3.5,7,5,0
6,9,6,9,7.5,15,3,5
17,10,10,17,13.5,27,7,7
14,1,1,14,7.5,15,13,0
5,1,1,5,3.0,6,4,0
1,5,1,5,3.0,6,4,0
1,5,1,5,3.0,6,4,0
5,1,1,5,3.0,6,4,0
4,2,2,4,3.0,6,2,1
1,7,1,7,4.0,8,6,0
3,4,3,4,3.5,7,1,2
21,10,10,21,15.5,31,11,8
1,31,1,31,16.0,32,30,0
14,7,7,14,10.5,21,7,6
1,5,1,5,3.0,6,4,0
31,25,25,31,28.0,56,6,24
5,1,1,5,3.0,6,4,0
11,11,11,11,11.0,22,0,10
32,32,32,32,32.0,64,0,30
1,4,1,4,2.5,5,3,0
27,23,23,27,25.0,50,4,8
6,6,6,6,6.0,12,0,5
14,6,6,14,10.0,20,8,2
2,6,2,6,4.0,8,4,0
4,1,1,4,2.5,5,3,0
18,7,7,18,12.5,25,11,5
3,4,3,4,3.5,7,1,2
1,5,1,5,3.0,6,4,0
1,6,1,6,3.5,7,5,0
4,2,2,4,3.0,6,2,1
8,8,8,8,8.0,16,0,6
14,15,14,15,14.5,29,1,13
6,5,5,6,5.5,11,1,4
5,1,1,5,3.0,6,4,0
1,4,1,4,2.5,5,3,0
12,3,3,12,7.5,15,9,0
8,3,3,8,5.5,11,5,0
8,4,4,8,6.0,12,4,3
5,5,5,5,5.0,10,0,4
18,55,18,55,36.5,73,37,16
4,1,1,4,2.5,5,3,0
41,45,41,45,43.0,86,4,39
8,1,1,8,4.5,9,7,0
8,12,8,12,10.0,20,4,6
23,25,23,25,24.0,48,2,22
5,6,5,6,5.5,11,1,4
12,8,8,12,10.0,20,4,5
5,3,3,5,4.0,8,2,2
9,1,1,9,5.0,10,8,0
26,26,26,26,26.0,52,0,24
6,2,2,6,4.0,8,4,0
4,1,1,4,2.5,5,3,0
5,8,5,8,6.5,13,3,3
6,16,6,16,11.0,22,10,4
8,12,8,12,10.0,20,4,6
2,4,2,4,3.0,6,2,1
7,13,7,13,10.0,20,6,4
6,1,1,6,3.5,7,5,0
15,13,13,15,14.0,28,2,12
4,6,4,6,5.0,10,2,2
7,5,5,7,6.0,12,2,4
5,1,1,5,3.0,6,4,0
7,7,7,7,7.0,14,0,6
1,4,1,4,2.5,5,3,0
28,19,19,28,23.5,47,9,11
11,17,11,17,14.0,28,6,6
2,17,2,17,9.5,19,15,1
5,1,1,5,3.0,6,4,0
5,1,1,5,3.0,6,4,0
1,4,1,4,2.5,5,3,0
9,8,8,9,8.5,17,1,5
6,28,6,28,17.0,34,22,5
16,8,8,16,12.0,24,8,2
5,3,3,5,4.0,8,2,1
1,4,1,4,2.5,5,3,0
7,18,7,18,12.5,25,11,4
5,6,5,6,5.5,11,1,4
1,5,1,5,3.0,6,4,0
7,3,3,7,5.0,10,4,2
14,1,1,14,7.5,15,13,0
6,4,4,6,5.0,10,2,3
6,3,3,6,4.5,9,3,2
5,5,5,5,5.0,10,0,3
5,9,5,9,7.0,14,4,3
4,4,4,4,4.0,8,0,3
2,9,2,9,5.5,11,7,1
13,7,7,13,10.0,20,6,6
6,5,5,6,5.5,11,1,4
7,12,7,12,9.5,19,5,6
1,4,1,4,2.5,5,3,0
5,2,2,5,3.5,7,3,1
1,6,1,6,3.5,7,5,0
1,6,1,6,3.5,7,5,0
22,11,11,22,16.5,33,11,10
1,7,1,7,4.0,8,6,0
1,5,1,5,3.0,6,4,0
31,25,25,31,28.0,56,6,24
2,4,2,4,3.0,6,2,1
4,4,4,4,4.0,8,0,3
12,10,10,12,11.0,22,2,9
1,4,1,4,2.5,5,3,0
19,20,19,20,19.5,39,1,18
1,9,1,9,5.0,10,8,0
6,11,6,11,8.5,17,5,4
17,10,10,17,13.5,27,7,9
7,7,7,7,7.0,14,0,6
28,39,28,39,33.5,67,11,24
5,5,5,5,5.0,10,0,4
17,1,1,17,9.0,18,16,0
9,1,1,9,5.0,10,8,0
9,9,9,9,9.0,18,0,8
12,8,8,12,10.0,20,4,7
4,2,2,4,3.0,6,2,0
1,7,1,7,4.0,8,6,0
15,16,15,16,15.5,31,1,11
18,29,18,29,23.5,47,11,17
10,18,10,18,14.0,28,8,9
29,24,24,29,26.5,53,5,17
1,8,1,8,4.5,9,7,0
4,4,4,4,4.0,8,0,3
2,14,2,14,8.0,16,12,1
31,32,31,32,31.5,63,1,29
5,2,2,5,3.5,7,3,1
1,8,1,8,4.5,9,7,0
4,1,1,4,2.5,5,3,0
49,26,26,49,37.5,75,23,21
1,5,1,5,3.0,6,4,0
9,13,9,13,11.0,22,4,7
1,8,1,8,4.5,9,7,0
6,14,6,14,10.0,20,8,5
1,5,1,5,3.0,6,4,0
6,1,1,6,3.5,7,5,0
5,6,5,6,5.5,11,1,4
1,4,1,4,2.5,5,3,0
9,9,9,9,9.0,18,0,8
9,8,8,9,8.5,17,1,7
24,18,18,24,21.0,42,6,17
8,1,1,8,4.5,9,7,0
1,11,1,11,6.0,12,10,0
5,1,1,5,3.0,6,4,0
2,6,2,6,4.0,8,4,1
4,1,1,4,2.5,5,3,0
29,24,24,29,26.5,53,5,21
7,1,1,7,4.0,8,6,0
5,4,4,5,4.5,9,1,3
7,1,1,7,4.0,8,6,0
8,9,8,9,8.5,17,1,4
4,2,2,4,3.0,6,2,1
1,5,1,5,3.0,6,4,0
2,6,2,6,4.0,8,4,1
11,15,11,15,13.0,26,4,10
30,48,30,48,39.0,78,18,26
2,5,2,5,3.5,7,3,1
9,1,1,9,5.0,10,8,0
7,13,7,13,10.0,20,6,5
2,13,2,13,7.5,15,11,0
5,8,5,8,6.5,13,3,0
1,8,1,8,4.5,9,7,0
5,3,3,5,4.0,8,2,2
5,35,5,35,20.0,40,30,1
18,18,18,18,18.0,36,0,10
13,12,12,13,12.5,25,1,11
5,1,1,5,3.0,6,4,0
13,11,11,13,12.0,24,2,10
6,18,6,18,12.0,24,12,5
9,13,9,13,11.0,22,4,5
31,26,26,31,28.5,57,5,22
6,10,6,10,8.0,16,4,5
10,10,10,10,10.0,20,0,7
1,4,1,4,2.5,5,3,0
11,7,7,11,9.0,18,4,6
8,11,8,11,9.5,19,3,7
7,1,1,7,4.0,8,6,0
4,1,1,4,2.5,5,3,0
43,45,43,45,44.0,88,2,42
4,1,1,4,2.5,5,3,0
26,26,26,26,26.0,52,0,25
13,6,6,13,9.5,19,7,4
6,1,1,6,3.5,7,5,0
1,43,1,43,22.0,44,42,0
1,5,1,5,3.0,6,4,0
20,16,16,20,18.0,36,4,12
1,4,1,4,2.5,5,3,0
1,21,1,21,11.0,22,20,0
4,4,4,4,4.0,8,0,3
8,8,8,8,8.0,16,0,6
12,15,12,15,13.5,27,3,10
8,1,1,8,4.5,9,7,0
21,24,21,24,22.5,45,3,20
2,6,2,6,4.0,8,4,1
8,7,7,8,7.5,15,1,0
19,25,19,25,22.0,44,6,17
4,1,1,4,2.5,5,3,0
4,4,4,4,4.0,8,0,2
11,7,7,11,9.0,18,4,4
9,1,1,9,5.0,10,8,0
9,1,1,9,5.0,10,8,0
4,1,1,4,2.5,5,3,0
1,4,1,4,2.5,5,3,0
4,1,1,4,2.5,5,3,0
51,51,51,51,51.0,102,0,50
6,10,6,10,8.0,16,4,4
5,5,5,5,5.0,10,0,0
8,8,8,8,8.0,16,0,7
4,2,2,4,3.0,6,2,1
10,8,8,10,9.0,18,2,6
1,6,1,6,3.5,7,5,0
18,17,17,18,17.5,35,1,14
5,5,5,5,5.0,10,0,4
1,4,1,4,2.5,5,3,0
10,22,10,22,16.0,32,12,7
5,1,1,5,3.0,6,4,0
5,6,5,6,5.5,11,1,3
19,19,19,19,19.0,38,0,18
42,41,41,42,41.5,83,1,40
6,5,5,6,5.5,11,1,4
6,5,5,6,5.5,11,1,4
10,9,9,10,9.5,19,1,7
25,44,25,44,34.5,69,19,20
1,4,1,4,2.5,5,3,0
1,6,1,6,3.5,7,5,0
1,18,1,18,9.5,19,17,0
11,12,11,12,11.5,23,1,10
11,11,11,11,11.0,22,0,9
49,25,25,49,37.0,74,24,21
19,20,19,20,19.5,39,1,16
4,1,1,4,2.5,5,3,0
5,1,1,5,3.0,6,4,0
36,33,33,36,34.5,69,3,29
5,2,2,5,3.5,7,3,1
6,6,6,6,6.0,12,0,5
5,1,1,5,3.0,6,4,0
41,28,28,41,34.5,69,13,26
33,23,23,33,28.0,56,10,22
31,45,31,45,38.0,76,14,27
27,27,27,27,27.0,54,0,26
5,4,4,5,4.5,9,1,3
9,10,9,10,9.5,19,1,8
4,1,1,4,2.5,5,3,0
2,5,2,5,3.5,7,3,1
9,12,9,12,10.5,21,3,8
6,1,1,6,3.5,7,5,0
4,2,2,4,3.0,6,2,0
5,1,1,5,3.0,6,4,0
7,1,1,7,4.0,8,6,0
2,9,2,9,5.5,11,7,1
10,1,1,10,5.5,11,9,0
9,6,6,9,7.5,15,3,3
7,8,7,8,7.5,15,1,6
5,3,3,5,4.0,8,2,2
5,2,2,5,3.5,7,3,0
1,8,1,8,4.5,9,7,0
9,4,4,9,6.5,13,5,2
1,6,1,6,3.5,7,5,0
24,35,24,35,29.5,59,11,11
13,9,9,13,11.0,22,4,6
6,1,1,6,3.5,7,5,0
146,50,50,146,98.0,196,96,35
7,1,1,7,4.0,8,6,0
19,1,1,19,10.0,20,18,0
11,4,4,11,7.5,15,7,0
7,1,1,7,4.0,8,6,0
21,20,20,21,20.5,41,1,18
34,19,19,34,26.5,53,15,13
9,12,9,12,10.5,21,3,8
2,5,2,5,3.5,7,3,1
41,47,41,47,44.0,88,6,37
4,4,4,4,4.0,8,0,2
5,1,1,5,3.0,6,4,0
4,5,4,5,4.5,9,1,3
36,41,36,41,38.5,77,5,32
6,6,6,6,6.0,12,0,5
38,42,38,42,40.0,80,4,31
2,4,2,4,3.0,6,2,1
1,9,1,9,5.0,10,8,0
11,1,1,11,6.0,12,10,0
2,21,2,21,11.5,23,19,1
6,6,6,6,6.0,12,0,3
13,16,13,16,14.5,29,3,9
5,5,5,5,5.0,10,0,3
7,18,7,18,12.5,25,11,0
1,4,1,4,2.5,5,3,0
4,5,4,5,4.5,9,1,3
1,7,1,7,4.0,8,6,0
6,55,6,55,30.5,61,49,2
1,5,1,5,3.0,6,4,0
5,12,5,12,8.5,17,7,1
4,1,1,4,2.5,5,3,0
5,7,5,7,6.0,12,2,3
4,11,4,11,7.5,15,7,3
4,1,1,4,2.5,5,3,0
1,4,1,4,2.5,5,3,0
4,1,1,4,2.5,5,3,0
22,20,20,22,21.0,42,2,18
41,28,28,41,34.5,69,13,18
1,7,1,7,4.0,8,6,0
5,9,5,9,7.0,14,4,4
1,5,1,5,3.0,6,4,0
2,24,2,24,13.0,26,22,0
14,23,14,23,18.5,37,9,13
27,17,17,27,22.0,44,10,16
21,9,9,21,15.0,30,12,1
11,13,11,13,12.0,24,2,10
4,1,1,4,2.5,5,3,0
6,7,6,7,6.5,13,1,5
15,17,15,17,16.0,32,2,6
5,4,4,5,4.5,9,1,3
32,6,6,32,19.0,38,26,3
12,26,12,26,19.0,38,14,1
3,4,3,4,3.5,7,1,2
4,1,1,4,2.5,5,3,0
4,1,1,4,2.5,5,3,0
5,5,5,5,5.0,10,0,4
1,5,1,5,3.0,6,4,0
4,4,4,4,4.0,8,0,3
10,12,10,12,11.0,22,2,8
5,7,5,7,6.0,12,2,3
20,16,16,20,18.0,36,4,12
31,32,31,32,31.5,63,1,24
18,24,18,24,21.0,42,6,16
13,9,9,13,11.0,22,4,2
6,7,6,7,6.5,13,1,5
1,8,1,8,4.5,9,7,0
31,32,31,32,31.5,63,1,30
17,17,17,17,17.0,34,0,15
10,1,1,10,5.5,11,9,0
12,1,1,12,6.5,13,11,0
15,4,4,15,9.5,19,11,2
27,27,27,27,27.0,54,0,26
35,29,29,35,32.0,64,6,11
5,1,1,5,3.0,6,4,0
2,11,2,11,6.5,13,9,0
6,7,6,7,6.5,13,1,3
4,1,1,4,2.5,5,3,0
18,33,18,33,25.5,51,15,13
19,11,11,19,15.0,30,8,8
8,1,1,8,4.5,9,7,0
4,5,4,5,4.5,9,1,0
4,4,4,4,4.0,8,0,3
2,4,2,4,3.0,6,2,0
5,9,5,9,7.0,14,4,4
19,12,12,19,15.5,31,7,10
8,5,5,8,6.5,13,3,4
1,4,1,4,2.5,5,3,0
23,19,19,23,21.0,42,4,18
1,23,1,23,12.0,24,22,0
4,1,1,4,2.5,5,3,0
10,11,10,11,10.5,21,1,9
4,2,2,4,3.0,6,2,1
7,2,2,7,4.5,9,5,1
6,1,1,6,3.5,7,5,0
5,9,5,9,7.0,14,4,4
9,2,2,9,5.5,11,7,0
1,23,1,23,12.0,24,22,0
1,6,1,6,3.5,7,5,0
9,1,1,9,5.0,10,8,0
5,7,5,7,6.0,12,2,4
31,31,31,31,31.0,62,0,29
11,1,1,11,6.0,12,10,0
2,5,2,5,3.5,7,3,1
3,10,3,10,6.5,13,7,0
10,12,10,12,11.0,22,2,9
11,7,7,11,9.0,18,4,4
23,25,23,25,24.0,48,2,9
7,6,6,7,6.5,13,1,3
2,7,2,7,4.5,9,5,0
2,8,2,8,5.0,10,6,0
43,36,36,43,39.5,79,7,31
15,18,15,18,16.5,33,3,14
1,7,1,7,4.0,8,6,0
13,9,9,13,11.0,22,4,8
26,26,26,26,26.0,52,0,25
25,22,22,25,23.5,47,3,20
7,7,7,7,7.0,14,0,6
5,1,1,5,3.0,6,4,0
7,4,4,7,5.5,11,3,3
3,4,3,4,3.5,7,1,2
1,7,1,7,4.0,8,6,0
1,4,1,4,2.5,5,3,0
1,28,1,28,14.5,29,27,0
4,2,2,4,3.0,6,2,1
32,26,26,32,29.0,58,6,21
3,19,3,19,11.0,22,16,0
5,7,5,7,6.0,12,2,4
3,5,3,5,4.0,8,2,2
17,18,17,18,17.5,35,1,5
2,15,2,15,8.5,17,13,1
1,6,1,6,3.5,7,5,0
1,4,1,4,2.5,5,3,0
5,3,3,5,4.0,8,2,2
4,16,4,16,10.0,20,12,0
6,5,5,6,5.5,11,1,4
27,22,22,27,24.5,49,5,16
6,8,6,8,7.0,14,2,1
3,22,3,22,12.5,25,19,1
5,5,5,5,5.0,10,0,4
9,17,9,17,13.0,26,8,5
1,4,1,4,2.5,5,3,0
4,4,4,4,4.0,8,0,3
10,8,8,10,9.0,18,2,6
6,1,1,6,3.5,7,5,0
4,10,4,10,7.0,14,6,3
1,8,1,8,4.5,9,7,0
1,5,1,5,3.0,6,4,0
5,5,5,5,5.0,10,0,3
4,2,2,4,3.0,6,2,1
4,10,4,10,7.0,14,6,1
7,12,7,12,9.5,19,5,6
4,1,1,4,2.5,5,3,0
6,6,6,6,6.0,12,0,4
9,11,9,11,10.0,20,2,8
1,4,1,4,2.5,5,3,0
9,1,1,9,5.0,10,8,0
1,4,1,4,2.5,5,3,0
1,5,1,5,3.0,6,4,0
23,22,22,23,22.5,45,1,16
18,2,2,18,10.0,20,16,1
4,1,1,4,2.5,5,3,0
13,11,11,13,12.0,24,2,7
11,10,10,11,10.5,21,1,5
16,12,12,16,14.0,28,4,10
1,14,1,14,7.5,15,13,0
9,29,9,29,19.0,38,20,8
4,9,4,9,6.5,13,5,3
1,7,1,7,4.0,8,6,0
2,7,2,7,4.5,9,5,0
7,7,7,7,7.0,14,0,6
4,2,2,4,3.0,6,2,1
1,10,1,10,5.5,11,9,0
6,9,6,9,7.5,15,3,5
9,17,9,17,13.0,26,8,6
5,1,1,5,3.0,6,4,0
1,10,1,10,5.5,11,9,0
5,10,5,10,7.5,15,5,3
24,23,23,24,23.5,47,1,13
15,12,12,15,13.5,27,3,11
20,15,15,20,17.5,35,5,13
5,2,2,5,3.5,7,3,0
8,5,5,8,6.5,13,3,4
1,6,1,6,3.5,7,5,0
1,4,1,4,2.5,5,3,0
5,5,5,5,5.0,10,0,4
7,20,7,20,13.5,27,13,5
6,2,2,6,4.0,8,4,0
21,21,21,21,21.0,42,0,20
14,15,14,15,14.5,29,1,12
4,4,4,4,4.0,8,0,1
4,5,4,5,4.5,9,1,0
39,33,33,39,36.0,72,6,26
12,6,6,12,9.0,18,6,3
14,19,14,19,16.5,33,5,10
9,16,9,16,12.5,25,7,6
4,1,1,4,2.5,5,3,0
8,1,1,8,4.5,9,7,0
6,1,1,6,3.5,7,5,0
5,1,1,5,3.0,6,4,0
5,1,1,5,3.0,6,4,0
4,8,4,8,6.0,12,4,2
4,1,1,4,2.5,5,3,0
1,4,1,4,2.5,5,3,0
6,3,3,6,4.5,9,3,2
1,8,1,8,4.5,9,7,0
5,1,1,5,3.0,6,4,0
1,6,1,6,3.5,7,5,0
1,30,1,30,15.5,31,29,0
5,1,1,5,3.0,6,4,0
3,7,3,7,5.0,10,4,2
14,17,14,17,15.5,31,3,13
1,36,1,36,18.5,37,35,0
1,4,1,4,2.5,5,3,0
6,1,1,6,3.5,7,5,0
6,6,6,6,6.0,12,0,5
6,1,1,6,3.5,7,5,0
6,1,1,6,3.5,7,5,0
4,6,4,6,5.0,10,2,2
5,24,5,24,14.5,29,19,4
32,28,28,32,30.0,60,4,20
6,5,5,6,5.5,11,1,3
6,6,6,6,6.0,12,0,4
9,1,1,9,5.0,10,8,0
1,30,1,30,15.5,31,29,0
4,5,4,5,4.5,9,1,2
8,8,8,8,8.0,16,0,7
4,1,1,4,2.5,5,3,0
6,2,2,6,4.0,8,4,1
29,15,15,29,22.0,44,14,14
5,2,2,5,3.5,7,3,1
24,24,24,24,24.0,48,0,23
7,6,6,7,6.5,13,1,5
9,7,7,9,8.0,16,2,6
1,9,1,9,5.0,10,8,0
5,7,5,7,6.0,12,2,0
12,21,12,21,16.5,33,9,11
6,6,6,6,6.0,12,0,5
5,2,2,5,3.5,7,3,1
12,11,11,12,11.5,23,1,10
18,17,17,18,17.5,35,1,14
4,6,4,6,5.0,10,2,0
1,5,1,5,3.0,6,4,0
4,1,1,4,2.5,5,3,0
15,12,12,15,13.5,27,3,10
4,10,4,10,7.0,14,6,2
9,8,8,9,8.5,17,1,7
44,44,44,44,44.0,88,0,41
5,4,4,5,4.5,9,1,2
5,2,2,5,3.5,7,3,0
1,6,1,6,3.5,7,5,0
13,13,13,13,13.0,26,0,12
13,25,13,25,19.0,38,12,12
4,6,4,6,5.0,10,2,1
1,6,1,6,3.5,7,5,0
17,18,17,18,17.5,35,1,13
1,30,1,30,15.5,31,29,0
26,47,26,47,36.5,73,21,25
12,12,12,12,12.0,24,0,10
14,12,12,14,13.0,26,2,9
13,21,13,21,17.0,34,8,11
1,5,1,5,3.0,6,4,0
6,2,2,6,4.0,8,4,1
10,1,1,10,5.5,11,9,0
1,8,1,8,4.5,9,7,0
10,11,10,11,10.5,21,1,9
24,1,1,24,12.5,25,23,0
9,1,1,9,5.0,10,8,0
5,3,3,5,4.0,8,2,2
1,8,1,8,4.5,9,7,0
1,14,1,14,7.5,15,13,0
5,2,2,5,3.5,7,3,1
5,1,1,5,3.0,6,4,0
8,5,5,8,6.5,13,3,4
1,8,1,8,4.5,9,7,0
7,15,7,15,11.0,22,8,4
40,41,40,41,40.5,81,1,34
2,6,2,6,4.0,8,4,0
15,14,14,15,14.5,29,1,12
4,1,1,4,2.5,5,3,0
19,39,19,39,29.0,58,20,12
32,32,32,32,32.0,64,0,31
5,1,1,5,3.0,6,4,0
1,4,1,4,2.5,5,3,0
8,11,8,11,9.5,19,3,6
21,16,16,21,18.5,37,5,12
1,6,1,6,3.5,7,5,0
8,1,1,8,4.5,9,7,0
7,18,7,18,12.5,25,11,5
7,8,7,8,7.5,15,1,6
8,6,6,8,7.0,14,2,5
14,14,14,14,14.0,28,0,13
4,1,1,4,2.5,5,3,0
3,8,3,8,5.5,11,5,2
4,9,4,9,6.5,13,5,0
31,33,31,33,32.0,64,2,30
2,7,2,7,4.5,9,5,1
1,5,1,5,3.0,6,4,0
4,4,4,4,4.0,8,0,1
4,4,4,4,4.0,8,0,3
42,23,23,42,32.5,65,19,22
2,9,2,9,5.5,11,7,0
5,1,1,5,3.0,6,4,0
7,5,5,7,6.0,12,2,3
19,25,19,25,22.0,44,6,18
1,4,1,4,2.5,5,3,0
16,4,4,16,10.0,20,12,3
5,6,5,6,5.5,11,1,4
10,22,10,22,16.0,32,12,9
5,2,2,5,3.5,7,3,1
20,21,20,21,20.5,41,1,18
5,1,1,5,3.0,6,4,0
8,4,4,8,6.0,12,4,3
7,13,7,13,10.0,20,6,2
5,8,5,8,6.5,13,3,2
2,4,2,4,3.0,6,2,1
3,48,3,48,25.5,51,45,2
10,10,10,10,10.0,20,0,6
5,5,5,5,5.0,10,0,4
12,23,12,23,17.5,35,11,5
17,17,17,17,17.0,34,0,16
27,24,24,27,25.5,51,3,23
12,13,12,13,12.5,25,1,8
8,13,8,13,10.5,21,5,7
22,21,21,22,21.5,43,1,17
4,1,1,4,2.5,5,3,0
9,2,2,9,5.5,11,7,0
6,4,4,6,5.0,10,2,3
13,13,13,13,13.0,26,0,7
1,12,1,12,6.5,13,11,0
7,9,7,9,8.0,16,2,4
9,10,9,10,9.5,19,1,5
31,34,31,34,32.5,65,3,21
1,10,1,10,5.5,11,9,0
17,17,17,17,17.0,34,0,13
6,1,1,6,3.5,7,5,0
11,12,11,12,11.5,23,1,10
10,12,10,12,11.0,22,2,9
1,9,1,9,5.0,10,8,0
31,36,31,36,33.5,67,5,26
15,11,11,15,13.0,26,4,9
8,10,8,10,9.0,18,2,7
4,1,1,4,2.5,5,3,0
7,5,5,7,6.0,12,2,4
1,4,1,4,2.5,5,3,0
31,17,17,31,24.0,48,14,13
9,1,1,9,5.0,10,8,0
49,43,43,49,46.0,92,6,25
18,19,18,19,18.5,37,1,17
8,2,2,8,5.0,10,6,1
1,4,1,4,2.5,5,3,0
4,1,1,4,2.5,5,3,0
1,5,1,5,3.0,6,4,0
77,5,5,77,41.0,82,72,0
7,8,7,8,7.5,15,1,6
8,7,7,8,7.5,15,1,6
6,5,5,6,5.5,11,1,4
4,1,1,4,2.5,5,3,0
25,16,16,25,20.5,41,9,12
10,17,10,17,13.5,27,7,7
5,8,5,8,6.5,13,3,4
4,7,4,7,5.5,11,3,0
6,5,5,6,5.5,11,1,4
8,1,1,8,4.5,9,7,0
18,21,18,21,19.5,39,3,13
3,5,3,5,4.0,8,2,0
1,44,1,44,22.5,45,43,0
1,6,1,6,3.5,7,5,0
11,9,9,11,10.0,20,2,7
1,9,1,9,5.0,10,8,0
2,5,2,5,3.5,7,3,1
17,17,17,17,17.0,34,0,13
8,5,5,8,6.5,13,3,3
24,17,17,24,20.5,41,7,14
6,5,5,6,5.5,11,1,0
1,4,1,4,2.5,5,3,0
4,1,1,4,2.5,5,3,0
3,7,3,7,5.0,10,4,1
19,15,15,19,17.0,34,4,13
23,18,18,23,20.5,41,5,16
6,7,6,7,6.5,13,1,4
4,2,2,4,3.0,6,2,0
4,1,1,4,2.5,5,3,0
6,6,6,6,6.0,12,0,5
4,2,2,4,3.0,6,2,1
7,1,1,7,4.0,8,6,0
5,1,1,5,3.0,6,4,0
7,7,7,7,7.0,14,0,6
6,2,2,6,4.0,8,4,0
13,7,7,13,10.0,20,6,4
1,4,1,4,2.5,5,3,0
32,46,32,46,39.0,78,14,23
4,4,4,4,4.0,8,0,3
3,5,3,5,4.0,8,2,2
1,43,1,43,22.0,44,42,0
1,5,1,5,3.0,6,4,0
9,6,6,9,7.5,15,3,5
13,12,12,13,12.5,25,1,11
12,2,2,12,7.0,14,10,0
13,8,8,13,10.5,21,5,7
1,6,1,6,3.5,7,5,0
7,7,7,7,7.0,14,0,6
4,1,1,4,2.5,5,3,0
1,4,1,4,2.5,5,3,0
14,11,11,14,12.5,25,3,8
7,7,7,7,7.0,14,0,6
6,7,6,7,6.5,13,1,5
28,41,28,41,34.5,69,13,23
1,4,1,4,2.5,5,3,0
12,1,1,12,6.5,13,11,0
4,2,2,4,3.0,6,2,1
4,1,1,4,2.5,5,3,0
5,6,5,6,5.5,11,1,3
7,2,2,7,4.5,9,5,0
13,8,8,13,10.5,21,5,7
8,2,2,8,5.0,10,6,1
1,7,1,7,4.0,8,6,0
6,5,5,6,5.5,11,1,0
6,6,6,6,6.0,12,0,3
36,42,36,42,39.0,78,6,28
17,9,9,17,13.0,26,8,8
4,5,4,5,4.5,9,1,3
1,19,1,19,10.0,20,18,0
6,7,6,7,6.5,13,1,5
7,1,1,7,4.0,8,6,0
1,19,1,19,10.0,20,18,0
4,2,2,4,3.0,6,2,0
5,3,3,5,4.0,8,2,2
1,4,1,4,2.5,5,3,0
11,14,11,14,12.5,25,3,10
7,1,1,7,4.0,8,6,0
4,2,2,4,3.0,6,2,1
7,8,7,8,7.5,15,1,5
4,5,4,5,4.5,9,1,3
2,5,2,5,3.5,7,3,1
13,15,13,15,14.0,28,2,12
4,1,1,4,2.5,5,3,0
9,4,4,9,6.5,13,5,2
20,15,15,20,17.5,35,5,13
4,5,4,5,4.5,9,1,3
4,1,1,4,2.5,5,3,0
7,7,7,7,7.0,14,0,4
4,1,1,4,2.5,5,3,0
10,11,10,11,10.5,21,1,0
4,4,4,4,4.0,8,0,0
9,1,1,9,5.0,10,8,0
8,8,8,8,8.0,16,0,7
6,6,6,6,6.0,12,0,5
3,15,3,15,9.0,18,12,1
2,29,2,29,15.5,31,27,1
26,25,25,26,25.5,51,1,19
11,5,5,11,8.0,16,6,3
17,22,17,22,19.5,39,5,13
40,29,29,40,34.5,69,11,27
14,1,1,14,7.5,15,13,0
13,12,12,13,12.5,25,1,11
1,105,1,105,53.0,106,104,0
24,38,24,38,31.0,62,14,16
8,7,7,8,7.5,15,1,6
10,1,1,10,5.5,11,9,0
6,1,1,6,3.5,7,5,0
10,5,5,10,7.5,15,5,0
6,6,6,6,6.0,12,0,5
12,1,1,12,6.5,13,11,0
4,2,2,4,3.0,6,2,1
5,5,5,5,5.0,10,0,4
11,14,11,14,12.5,25,3,10
5,5,5,5,5.0,10,0,4
16,24,16,24,20.0,40,8,3
6,8,6,8,7.0,14,2,4
1,5,1,5,3.0,6,4,0
5,1,1,5,3.0,6,4,0
7,7,7,7,7.0,14,0,6
2,5,2,5,3.5,7,3,1
14,24,14,24,19.0,38,10,8
2,7,2,7,4.5,9,5,1
5,1,1,5,3.0,6,4,0
25,15,15,25,20.0,40,10,11
1,4,1,4,2.5,5,3,0
27,31,27,31,29.0,58,4,21
44,11,11,44,27.5,55,33,6
21,33,21,33,27.0,54,12,15
13,10,10,13,11.5,23,3,8
4,1,1,4,2.5,5,3,0
9,8,8,9,8.5,17,1,4
9,9,9,9,9.0,18,0,8
4,1,1,4,2.5,5,3,0
5,1,1,5,3.0,6,4,0
12,17,12,17,14.5,29,5,9
14,6,6,14,10.0,20,8,0
5,1,1,5,3.0,6,4,0
2,6,2,6,4.0,8,4,0
1,77,1,77,39.0,78,76,0
1,11,1,11,6.0,12,10,0
1,8,1,8,4.5,9,7,0
4,1,1,4,2.5,5,3,0
24,21,21,24,22.5,45,3,20
9,10,9,10,9.5,19,1,0
1,5,1,5,3.0,6,4,0
1,12,1,12,6.5,13,11,0
45,14,14,45,29.5,59,31,8
5,1,1,5,3.0,6,4,0
1,12,1,12,6.5,13,11,0
7,6,6,7,6.5,13,1,5
11,12,11,12,11.5,23,1,10
9,2,2,9,5.5,11,7,0
7,1,1,7,4.0,8,6,0
1,7,1,7,4.0,8,6,0
13,7,7,13,10.0,20,6,6
1,4,1,4,2.5,5,3,0
6,6,6,6,6.0,12,0,5
13,17,13,17,15.0,30,4,12
8,8,8,8,8.0,16,0,6
6,4,4,6,5.0,10,2,3
6,7,6,7,6.5,13,1,5
15,12,12,15,13.5,27,3,8
14,5,5,14,9.5,19,9,4
8,2,2,8,5.0,10,6,1
1,5,1,5,3.0,6,4,0
20,3,3,20,11.5,23,17,2
1,36,1,36,18.5,37,35,0
10,1,1,10,5.5,11,9,0
17,11,11,17,14.0,28,6,9
3,43,3,43,23.0,46,40,0
10,9,9,10,9.5,19,1,6
10,4,4,10,7.0,14,6,3
4,4,4,4,4.0,8,0,3
7,1,1,7,4.0,8,6,0
1,4,1,4,2.5,5,3,0
24,15,15,24,19.5,39,9,14
1,11,1,11,6.0,12,10,0
9,1,1,9,5.0,10,8,0
4,2,2,4,3.0,6,2,0
10,9,9,10,9.5,19,1,6
6,1,1,6,3.5,7,5,0
8,6,6,8,7.0,14,2,5
31,22,22,31,26.5,53,9,19
33,24,24,33,28.5,57,9,17
38,11,11,38,24.5,49,27,3
6,6,6,6,6.0,12,0,5
39,48,39,48,43.5,87,9,36
16,4,4,16,10.0,20,12,3
3,6,3,6,4.5,9,3,1
15,14,14,15,14.5,29,1,12
5,1,1,5,3.0,6,4,0
11,2,2,11,6.5,13,9,1
7,11,7,11,9.0,18,4,5
1,5,1,5,3.0,6,4,0
5,3,3,5,4.0,8,2,2
1,4,1,4,2.5,5,3,0
2,9,2,9,5.5,11,7,0
5,7,5,7,6.0,12,2,4
32,43,32,43,37.5,75,11,25
2,7,2,7,4.5,9,5,1
14,15,14,15,14.5,29,1,12
3,5,3,5,4.0,8,2,2
1,6,1,6,3.5,7,5,0
1,6,1,6,3.5,7,5,0
7,5,5,7,6.0,12,2,3
5,5,5,5,5.0,10,0,4
4,2,2,4,3.0,6,2,1
5,4,4,5,4.5,9,1,0
5,6,5,6,5.5,11,1,3
5,1,1,5,3.0,6,4,0
1,10,1,10,5.5,11,9,0
6,1,1,6,3.5,7,5,0
1,19,1,19,10.0,20,18,0
5,5,5,5,5.0,10,0,4
8,4,4,8,6.0,12,4,1
14,10,10,14,12.0,24,4,9
5,1,1,5,3.0,6,4,0
1,7,1,7,4.0,8,6,0
1,15,1,15,8.0,16,14,0
1,5,1,5,3.0,6,4,0
15,2,2,15,8.5,17,13,0
1,6,1,6,3.5,7,5,0
9,4,4,9,6.5,13,5,1
1,6,1,6,3.5,7,5,0
6,5,5,6,5.5,11,1,4
7,1,1,7,4.0,8,6,0
21,15,15,21,18.0,36,6,12
12,1,1,12,6.5,13,11,0
5,11,5,11,8.0,16,6,4
2,10,2,10,6.0,12,8,1
4,4,4,4,4.0,8,0,0
5,1,1,5,3.0,6,4,0
11,13,11,13,12.0,24,2,10
21,25,21,25,23.0,46,4,20
1,5,1,5,3.0,6,4,0
7,1,1,7,4.0,8,6,0
8,8,8,8,8.0,16,0,6
22,32,22,32,27.0,54,10,18
20,21,20,21,20.5,41,1,19
4,4,4,4,4.0,8,0,3
32,19,19,32,25.5,51,13,16
5,4,4,5,4.5,9,1,3
1,5,1,5,3.0,6,4,0
9,15,9,15,12.0,24,6,6
6,7,6,7,6.5,13,1,5
9,1,1,9,5.0,10,8,0
26,26,26,26,26.0,52,0,25
1,4,1,4,2.5,5,3,0
1,6,1,6,3.5,7,5,0
37,35,35,37,36.0,72,2,33
4,10,4,10,7.0,14,6,3
14,14,14,14,14.0,28,0,13
23,23,23,23,23.0,46,0,21
1,7,1,7,4.0,8,6,0
31,46,31,46,38.5,77,15,19
4,1,1,4,2.5,5,3,0
1,8,1,8,4.5,9,7,0
5,5,5,5,5.0,10,0,3
1,6,1,6,3.5,7,5,0
1,24,1,24,12.5,25,23,0
1,146,1,146,73.5,147,145,0
12,11,11,12,11.5,23,1,8
8,5,5,8,6.5,13,3,0
5,1,1,5,3.0,6,4,0
17,9,9,17,13.0,26,8,8
31,31,31,31,31.0,62,0,25
4,1,1,4,2.5,5,3,0
1,12,1,12,6.5,13,11,0
1,9,1,9,5.0,10,8,0
17,15,15,17,16.0,32,2,14
24,24,24,24,24.0,48,0,23
1,19,1,19,10.0,20,18,0
1,146,1,146,73.5,147,145,0
6,1,1,6,3.5,7,5,0
1,6,1,6,3.5,7,5,0
5,1,1,5,3.0,6,4,0
1,4,1,4,2.5,5,3,0
4,1,1,4,2.5,5,3,0
16,38,16,38,27.0,54,22,15
4,1,1,4,2.5,5,3,0
10,8,8,10,9.0,18,2,5
1,9,1,9,5.0,10,8,0
13,15,13,15,14.0,28,2,11
17,6,6,17,11.5,23,11,5
4,3,3,4,3.5,7,1,2
1,5,1,5,3.0,6,4,0
8,18,8,18,13.0,26,10,6
4,3,3,4,3.5,7,1,2
9,10,9,10,9.5,19,1,6
17,11,11,17,14.0,28,6,8
2,8,2,8,5.0,10,6,0
10,2,2,10,6.0,12,8,0
11,10,10,11,10.5,21,1,6
1,5,1,5,3.0,6,4,0
45,35,35,45,40.0,80,10,32
6,4,4,6,5.0,10,2,0
1,33,1,33,17.0,34,32,0
2,5,2,5,3.5,7,3,1
4,1,1,4,2.5,5,3,0
4,1,1,4,2.5,5,3,0
6,1,1,6,3.5,7,5,0
7,1,1,7,4.0,8,6,0
20,23,20,23,21.5,43,3,19
9,8,8,9,8.5,17,1,3
5,7,5,7,6.0,12,2,4
16,17,16,17,16.5,33,1,12
1,4,1,4,2.5,5,3,0
1,8,1,8,4.5,9,7,0
5,1,1,5,3.0,6,4,0
5,5,5,5,5.0,10,0,4
7,7,7,7,7.0,14,0,6
8,1,1,8,4.5,9,7,0
3,15,3,15,9.0,18,12,0
1,5,1,5,3.0,6,4,0
11,1,1,11,6.0,12,10,0
47,36,36,47,41.5,83,11,31
6,6,6,6,6.0,12,0,5
5,5,5,5,5.0,10,0,3
4,1,1,4,2.5,5,3,0
19,20,19,20,19.5,39,1,18
10,1,1,10,5.5,11,9,0
16,22,16,22,19.0,38,6,14
6,8,6,8,7.0,14,2,4
17,1,1,17,9.0,18,16,0
12,12,12,12,12.0,24,0,10
1,35,1,35,18.0,36,34,0
1,5,1,5,3.0,6,4,0
7,12,7,12,9.5,19,5,5
1,5,1,5,3.0,6,4,0
16,13,13,16,14.5,29,3,9
5,1,1,5,3.0,6,4,0
1,9,1,9,5.0,10,8,0
11,11,11,11,11.0,22,0,10
3,6,3,6,4.5,9,3,2
13,16,13,16,14.5,29,3,11
1,4,1,4,2.5,5,3,0
5,4,4,5,4.5,9,1,3
26,33,26,33,29.5,59,7,18
22,22,22,22,22.0,44,0,18
12,20,12,20,16.0,32,8,11
12,6,6,12,9.0,18,6,3
12,11,11,12,11.5,23,1,10
25,19,19,25,22.0,44,6,18
42,36,36,42,39.0,78,6,30
6,3,3,6,4.5,9,3,2
12,11,11,12,11.5,23,1,9
8,7,7,8,7.5,15,1,5
5,5,5,5,5.0,10,0,4
6,6,6,6,6.0,12,0,1
8,1,1,8,4.5,9,7,0
4,1,1,4,2.5,5,3,0
1,7,1,7,4.0,8,6,0
1,12,1,12,6.5,13,11,0
9,7,7,9,8.0,16,2,6
16,20,16,20,18.0,36,4,14
9,5,5,9,7.0,14,4,4
6,5,5,6,5.5,11,1,4
26,1,1,26,13.5,27,25,0
10,4,4,10,7.0,14,6,0
1,4,1,4,2.5,5,3,0
4,4,4,4,4.0,8,0,3
4,1,1,4,2.5,5,3,0
1,11,1,11,6.0,12,10,0
1,6,1,6,3.5,7,5,0
4,10,4,10,7.0,14,6,0
5,56,5,56,30.5,61,51,1
1,8,1,8,4.5,9,7,0
20,23,20,23,21.5,43,3,12
14,1,1,14,7.5,15,13,0
1,4,1,4,2.5,5,3,0
17,2,2,17,9.5,19,15,0
5,2,2,5,3.5,7,3,0
7,1,1,7,4.0,8,6,0
1,4,1,4,2.5,5,3,0
11,6,6,11,8.5,17,5,5
7,7,7,7,7.0,14,0,3
13,4,4,13,8.5,17,9,2
32,32,32,32,32.0,64,0,29
4,3,3,4,3.5,7,1,2
4,1,1,4,2.5,5,3,0
5,9,5,9,7.0,14,4,3
15,17,15,17,16.0,32,2,12
1,7,1,7,4.0,8,6,0
1,15,1,15,8.0,16,14,0
11,11,11,11,11.0,22,0,7
15,13,13,15,14.0,28,2,12
8,8,8,8,8.0,16,0,7
5,1,1,5,3.0,6,4,0
18,9,9,18,13.5,27,9,7
5,5,5,5,5.0,10,0,4
7,8,7,8,7.5,15,1,6
5,2,2,5,3.5,7,3,0
26,16,16,26,21.0,42,10,15
1,5,1,5,3.0,6,4,0
18,20,18,20,19.0,38,2,17
5,7,5,7,6.0,12,2,4
18,7,7,18,12.5,25,11,6
1,5,1,5,3.0,6,4,0
22,50,22,50,36.0,72,28,19
3,17,3,17,10.0,20,14,1
6,4,4,6,5.0,10,2,3
12,11,11,12,11.5,23,1,10
21,20,20,21,20.5,41,1,18
6,1,1,6,3.5,7,5,0
14,15,14,15,14.5,29,1,12
30,24,24,30,27.0,54,6,21
1,6,1,6,3.5,7,5,0
4,8,4,8,6.0,12,4,3
14,9,9,14,11.5,23,5,7
10,1,1,10,5.5,11,9,0
5,1,1,5,3.0,6,4,0
6,2,2,6,4.0,8,4,1
7,1,1,7,4.0,8,6,0
29,66,29,66,47.5,95,37,26
6,6,6,6,6.0,12,0,4
6,1,1,6,3.5,7,5,0
5,2,2,5,3.5,7,3,1
4,4,4,4,4.0,8,0,3
1,4,1,4,2.5,5,3,0
9,9,9,9,9.0,18,0,8
22,22,22,22,22.0,44,0,20
4,3,3,4,3.5,7,1,2
4,4,4,4,4.0,8,0,3
27,11,11,27,19.0,38,16,10
13,5,5,13,9.0,18,8,4
1,30,1,30,15.5,31,29,0
7,7,7,7,7.0,14,0,6
17,2,2,17,9.5,19,15,1
4,6,4,6,5.0,10,2,1
6,1,1,6,3.5,7,5,0
12,4,4,12,8.0,16,8,0
9,10,9,10,9.5,19,1,8
8,10,8,10,9.0,18,2,0
9,5,5,9,7.0,14,4,4
24,24,24,24,24.0,48,0,23
5,1,1,5,3.0,6,4,0
6,1,1,6,3.5,7,5,0
8,1,1,8,4.5,9,7,0
1,39,1,39,20.0,40,38,0
1,4,1,4,2.5,5,3,0
1,4,1,4,2.5,5,3,0
9,8,8,9,8.5,17,1,3
8,1,1,8,4.5,9,7,0
4,3,3,4,3.5,7,1,2
10,6,6,10,8.0,16,4,5
2,9,2,9,5.5,11,7,1
10,8,8,10,9.0,18,2,7
7,2,2,7,4.5,9,5,0
1,4,1,4,2.5,5,3,0
24,39,24,39,31.5,63,15,16
8,10,8,10,9.0,18,2,7
1,20,1,20,10.5,21,19,0
11,6,6,11,8.5,17,5,5
10,11,10,11,10.5,21,1,9
13,6,6,13,9.5,19,7,4
5,1,1,5,3.0,6,4,0
4,1,1,4,2.5,5,3,0
16,1,1,16,8.5,17,15,0
4,2,2,4,3.0,6,2,1
2,4,2,4,3.0,6,2,0
1,7,1,7,4.0,8,6,0
5,6,5,6,5.5,11,1,4
11,1,1,11,6.0,12,10,0
4,4,4,4,4.0,8,0,3
1,5,1,5,3.0,6,4,0
14,14,14,14,14.0,28,0,12
4,1,1,4,2.5,5,3,0
37,47,37,47,42.0,84,10,34
4,1,1,4,2.5,5,3,0
24,16,16,24,20.0,40,8,13
15,6,6,15,10.5,21,9,5
11,11,11,11,11.0,22,0,9
1,31,1,31,16.0,32,30,0
13,6,6,13,9.5,19,7,5
24,12,12,24,18.0,36,12,9
14,17,14,17,15.5,31,3,12
7,6,6,7,6.5,13,1,5
4,1,1,4,2.5,5,3,0
5,1,1,5,3.0,6,4,0
5,4,4,5,4.5,9,1,3
23,23,23,23,23.0,46,0,19
4,1,1,4,2.5,5,3,0
1,10,1,10,5.5,11,9,0
1,4,1,4,2.5,5,3,0
1,4,1,4,2.5,5,3,0
5,1,1,5,3.0,6,4,0
4,1,1,4,2.5,5,3,0
8,15,8,15,11.5,23,7,7
17,17,17,17,17.0,34,0,13
10,12,10,12,11.0,22,2,8
32,33,32,33,32.5,65,1,31
21,14,14,21,17.5,35,7,11
4,1,1,4,2.5,5,3,0
2,5,2,5,3.5,7,3,1
1,5,1,5,3.0,6,4,0
4,2,2,4,3.0,6,2,1
1,5,1,5,3.0,6,4,0
5,1,1,5,3.0,6,4,0
6,1,1,6,3.5,7,5,0
8,9,8,9,8.5,17,1,6
8,1,1,8,4.5,9,7,0
5,5,5,5,5.0,10,0,4
23,20,20,23,21.5,43,3,18
8,5,5,8,6.5,13,3,3
39,44,39,44,41.5,83,5,38
7,11,7,11,9.0,18,4,5
12,3,3,12,7.5,15,9,2
1,8,1,8,4.5,9,7,0
8,1,1,8,4.5,9,7,0
4,1,1,4,2.5,5,3,0
13,9,9,13,11.0,22,4,8
21,32,21,32,26.5,53,11,18
4,6,4,6,5.0,10,2,3
13,6,6,13,9.5,19,7,3
6,23,6,23,14.5,29,17,3
7,1,1,7,4.0,8,6,0
1,5,1,5,3.0,6,4,0
1,4,1,4,2.5,5,3,0
7,8,7,8,7.5,15,1,6
5,8,5,8,6.5,13,3,4
1,4,1,4,2.5,5,3,0
1,4,1,4,2.5,5,3,0
6,4,4,6,5.0,10,2,3
7,1,1,7,4.0,8,6,0
4,1,1,4,2.5,5,3,0
4,5,4,5,4.5,9,1,0
5,2,2,5,3.5,7,3,1
1,9,1,9,5.0,10,8,0
6,5,5,6,5.5,11,1,4
1,4,1,4,2.5,5,3,0
5,1,1,5,3.0,6,4,0
27,30,27,30,28.5,57,3,23
6,33,6,33,19.5,39,27,0
9,8,8,9,8.5,17,1,7
8,9,8,9,8.5,17,1,5
8,1,1,8,4.5,9,7,0
21,21,21,21,21.0,42,0,18
6,1,1,6,3.5,7,5,0
2,5,2,5,3.5,7,3,1
23,25,23,25,24.0,48,2,9
7,1,1,7,4.0,8,6,0
20,1,1,20,10.5,21,19,0
1,17,1,17,9.0,18,16,0
4,1,1,4,2.5,5,3,0
4,14,4,14,9.0,18,10,2
2,4,2,4,3.0,6,2,0
46,34,34,46,40.0,80,12,27
41,30,30,41,35.5,71,11,24
19,13,13,19,16.0,32,6,12
10,15,10,15,12.5,25,5,7
4,4,4,4,4.0,8,0,1
30,66,30,66,48.0,96,36,23
42,28,28,42,35.0,70,14,23
1,12,1,12,6.5,13,11,0
6,7,6,7,6.5,13,1,5
7,1,1,7,4.0,8,6,0
36,43,36,43,39.5,79,7,31
26,26,26,26,26.0,52,0,24
6,4,4,6,5.0,10,2,3
1,10,1,10,5.5,11,9,0
5,2,2,5,3.5,7,3,1
5,5,5,5,5.0,10,0,3
11,2,2,11,6.5,13,9,0
8,4,4,8,6.0,12,4,0
21,21,21,21,21.0,42,0,19
21,21,21,21,21.0,42,0,20
5,1,1,5,3.0,6,4,0
32,32,32,32,32.0,64,0,29
1,7,1,7,4.0,8,6,0
1,31,1,31,16.0,32,30,0
1,6,1,6,3.5,7,5,0
45,38,38,45,41.5,83,7,34
9,9,9,9,9.0,18,0,8
5,1,1,5,3.0,6,4,0
25,22,22,25,23.5,47,3,21
1,4,1,4,2.5,5,3,0
5,1,1,5,3.0,6,4,0
9,5,5,9,7.0,14,4,4
22,23,22,23,22.5,45,1,19
14,13,13,14,13.5,27,1,12
9,8,8,9,8.5,17,1,4
4,6,4,6,5.0,10,2,3
3,4,3,4,3.5,7,1,2
4,1,1,4,2.5,5,3,0
1,4,1,4,2.5,5,3,0
18,14,14,18,16.0,32,4,13
8,7,7,8,7.5,15,1,3
4,5,4,5,4.5,9,1,3
1,6,1,6,3.5,7,5,0
4,1,1,4,2.5,5,3,0
32,36,32,36,34.0,68,4,29
1,8,1,8,4.5,9,7,0
37,48,37,48,42.5,85,11,30
1,5,1,5,3.0,6,4,0
11,4,4,11,7.5,15,7,1
14,12,12,14,13.0,26,2,7
2,22,2,22,12.0,24,20,0
27,16,16,27,21.5,43,11,15
15,35,15,35,25.0,50,20,14
1,6,1,6,3.5,7,5,0
4,1,1,4,2.5,5,3,0
5,5,5,5,5.0,10,0,3
1,6,1,6,3.5,7,5,0
12,12,12,12,12.0,24,0,10
10,11,10,11,10.5,21,1,9
2,12,2,12,7.0,14,10,1
11,1,1,11,6.0,12,10,0
19,11,11,19,15.0,30,8,10
1,4,1,4,2.5,5,3,0
1,6,1,6,3.5,7,5,0
5,1,1,5,3.0,6,4,0
1,6,1,6,3.5,7,5,0
5,2,2,5,3.5,7,3,1
21,24,21,24,22.5,45,3,0
7,6,6,7,6.5,13,1,5
7,1,1,7,4.0,8,6,0
1,7,1,7,4.0,8,6,0
8,1,1,8,4.5,9,7,0
4,6,4,6,5.0,10,2,3
4,6,4,6,5.0,10,2,2
4,8,4,8,6.0,12,4,0
15,9,9,15,12.0,24,6,7
19,66,19,66,42.5,85,47,17
5,4,4,5,4.5,9,1,3
1,12,1,12,6.5,13,11,0
4,1,1,4,2.5,5,3,0
18,9,9,18,13.5,27,9,8
17,9,9,17,13.0,26,8,5
7,6,6,7,6.5,13,1,5
6,1,1,6,3.5,7,5,0
27,22,22,27,24.5,49,5,21
1,5,1,5,3.0,6,4,0
4,2,2,4,3.0,6,2,0
5,20,5,20,12.5,25,15,1
5,1,1,5,3.0,6,4,0
10,10,10,10,10.0,20,0,0
6,5,5,6,5.5,11,1,4
11,16,11,16,13.5,27,5,10
5,1,1,5,3.0,6,4,0
12,2,2,12,7.0,14,10,0
5,1,1,5,3.0,6,4,0
4,1,1,4,2.5,5,3,0
4,1,1,4,2.5,5,3,0
4,5,4,5,4.5,9,1,2
12,23,12,23,17.5,35,11,11
1,4,1,4,2.5,5,3,0
11,11,11,11,11.0,22,0,9
1,16,1,16,8.5,17,15,0
4,4,4,4,4.0,8,0,3
6,1,1,6,3.5,7,5,0
6,4,4,6,5.0,10,2,0
4,1,1,4,2.5,5,3,0
5,1,1,5,3.0,6,4,0
19,18,18,19,18.5,37,1,17
1,5,1,5,3.0,6,4,0
5,10,5,10,7.5,15,5,2
1,8,1,8,4.5,9,7,0
21,13,13,21,17.0,34,8,8
20,21,20,21,20.5,41,1,12
4,1,1,4,2.5,5,3,0
4,4,4,4,4.0,8,0,3
4,4,4,4,4.0,8,0,0
22,21,21,22,21.5,43,1,19
6,2,2,6,4.0,8,4,0
7,6,6,7,6.5,13,1,4
39,34,34,39,36.5,73,5,18
12,10,10,12,11.0,22,2,7
5,1,1,5,3.0,6,4,0
8,6,6,8,7.0,14,2,5
27,25,25,27,26.0,52,2,24
23,23,23,23,23.0,46,0,21
2,7,2,7,4.5,9,5,1
1,10,1,10,5.5,11,9,0
19,10,10,19,14.5,29,9,9
1,10,1,10,5.5,11,9,0
34,24,24,34,29.0,58,10,11
14,7,7,14,10.5,21,7,2
20,23,20,23,21.5,43,3,18
17,14,14,17,15.5,31,3,8
4,7,4,7,5.5,11,3,1
5,12,5,12,8.5,17,7,3
5,5,5,5,5.0,10,0,4
4,1,1,4,2.5,5,3,0
8,8,8,8,8.0,16,0,5
3,8,3,8,5.5,11,5,0
6,10,6,10,8.0,16,4,4
4,4,4,4,4.0,8,0,2
30,32,30,32,31.0,62,2,29
18,24,18,24,21.0,42,6,15
5,4,4,5,4.5,9,1,3
4,1,1,4,2.5,5,3,0
8,14,8,14,11.0,22,6,6
4,5,4,5,4.5,9,1,3
6,1,1,6,3.5,7,5,0
4,1,1,4,2.5,5,3,0
6,1,1,6,3.5,7,5,0
7,3,3,7,5.0,10,4,2
12,11,11,12,11.5,23,1,8
7,4,4,7,5.5,11,3,2
11,14,11,14,12.5,25,3,10
7,1,1,7,4.0,8,6,0
11,4,4,11,7.5,15,7,3
18,9,9,18,13.5,27,9,6
6,3,3,6,4.5,9,3,2
18,29,18,29,23.5,47,11,8
4,4,4,4,4.0,8,0,3
19,21,19,21,20.0,40,2,18
4,1,1,4,2.5,5,3,0
6,6,6,6,6.0,12,0,4
8,12,8,12,10.0,20,4,7
4,1,1,4,2.5,5,3,0
6,8,6,8,7.0,14,2,3
9,2,2,9,5.5,11,7,1
6,5,5,6,5.5,11,1,1
37,38,37,38,37.5,75,1,26
1,4,1,4,2.5,5,3,0
17,8,8,17,12.5,25,9,7
7,10,7,10,8.5,17,3,6
8,1,1,8,4.5,9,7,0
7,7,7,7,7.0,14,0,6
16,16,16,16,16.0,32,0,15
6,5,5,6,5.5,11,1,2
15,19,15,19,17.0,34,4,14
6,3,3,6,4.5,9,3,2
4,4,4,4,4.0,8,0,3
1,7,1,7,4.0,8,6,0
4,3,3,4,3.5,7,1,2
2,17,2,17,9.5,19,15,1
4,1,1,4,2.5,5,3,0
6,6,6,6,6.0,12,0,5
9,1,1,9,5.0,10,8,0
9,14,9,14,11.5,23,5,7
7,11,7,11,9.0,18,4,0
41,28,28,41,34.5,69,13,25
9,8,8,9,8.5,17,1,7
6,1,1,6,3.5,7,5,0
5,6,5,6,5.5,11,1,3
4,1,1,4,2.5,5,3,0
1,4,1,4,2.5,5,3,0
7,9,7,9,8.0,16,2,4
11,18,11,18,14.5,29,7,9
8,8,8,8,8.0,16,0,7
6,1,1,6,3.5,7,5,0
4,4,4,4,4.0,8,0,3
10,7,7,10,8.5,17,3,5
10,11,10,11,10.5,21,1,9
6,3,3,6,4.5,9,3,1
7,1,1,7,4.0,8,6,0
13,12,12,13,12.5,25,1,11
1,5,1,5,3.0,6,4,0
8,9,8,9,8.5,17,1,4
4,1,1,4,2.5,5,3,0
4,4,4,4,4.0,8,0,2
10,6,6,10,8.0,16,4,4
19,16,16,19,17.5,35,3,15
1,6,1,6,3.5,7,5,0
1,4,1,4,2.5,5,3,0
7,6,6,7,6.5,13,1,5
1,5,1,5,3.0,6,4,0
5,4,4,5,4.5,9,1,2
2,5,2,5,3.5,7,3,0
5,4,4,5,4.5,9,1,1
6,12,6,12,9.0,18,6,5
1,13,1,13,7.0,14,12,0
8,7,7,8,7.5,15,1,6
12,14,12,14,13.0,26,2,8
4,1,1,4,2.5,5,3,0
2,6,2,6,4.0,8,4,1
6,1,1,6,3.5,7,5,0
22,21,21,22,21.5,43,1,20
2,9,2,9,5.5,11,7,1
1,40,1,40,20.5,41,39,0
1,5,1,5,3.0,6,4,0
2,5,2,5,3.5,7,3,1
39,33,33,39,36.0,72,6,30
16,11,11,16,13.5,27,5,6
1,5,1,5,3.0,6,4,0
4,1,1,4,2.5,5,3,0
5,1,1,5,3.0,6,4,0
4,4,4,4,4.0,8,0,0
21,1,1,21,11.0,22,20,0
9,4,4,9,6.5,13,5,0
25,15,15,25,20.0,40,10,13
11,19,11,19,15.0,30,8,9
1,5,1,5,3.0,6,4,0
10,10,10,10,10.0,20,0,9
2,4,2,4,3.0,6,2,1
13,12,12,13,12.5,25,1,10
11,107,11,107,59.0,118,96,8
15,10,10,15,12.5,25,5,7
8,10,8,10,9.0,18,2,7
4,1,1,4,2.5,5,3,0
2,7,2,7,4.5,9,5,1
22,33,22,33,27.5,55,11,20
30,49,30,49,39.5,79,19,25
7,15,7,15,11.0,22,8,6
21,17,17,21,19.0,38,4,16
5,2,2,5,3.5,7,3,0
8,1,1,8,4.5,9,7,0
4,4,4,4,4.0,8,0,3
12,1,1,12,6.5,13,11,0
4,4,4,4,4.0,8,0,3
10,8,8,10,9.0,18,2,6
6,10,6,10,8.0,16,4,5
18,25,18,25,21.5,43,7,17
4,10,4,10,7.0,14,6,3
9,6,6,9,7.5,15,3,5
9,1,1,9,5.0,10,8,0
8,7,7,8,7.5,15,1,4
1,4,1,4,2.5,5,3,0
14,7,7,14,10.5,21,7,6
1,10,1,10,5.5,11,9,0
4,2,2,4,3.0,6,2,0
3,5,3,5,4.0,8,2,2
6,10,6,10,8.0,16,4,5
6,6,6,6,6.0,12,0,5
7,5,5,7,6.0,12,2,3
1,9,1,9,5.0,10,8,0
6,6,6,6,6.0,12,0,5
9,1,1,9,5.0,10,8,0
5,2,2,5,3.5,7,3,1
15,16,15,16,15.5,31,1,11
17,10,10,17,13.5,27,7,6
1,43,1,43,22.0,44,42,0
5,6,5,6,5.5,11,1,4
1,6,1,6,3.5,7,5,0
18,19,18,19,18.5,37,1,17
11,1,1,11,6.0,12,10,0
3,8,3,8,5.5,11,5,1
1,4,1,4,2.5,5,3,0
21,34,21,34,27.5,55,13,12
3,4,3,4,3.5,7,1,2
1,4,1,4,2.5,5,3,0
18,28,18,28,23.0,46,10,6
18,24,18,24,21.0,42,6,16
11,12,11,12,11.5,23,1,6
1,7,1,7,4.0,8,6,0
1,4,1,4,2.5,5,3,0
23,13,13,23,18.0,36,10,12
49,41,41,49,45.0,90,8,24
5,5,5,5,5.0,10,0,4
9,5,5,9,7.0,14,4,0
12,14,12,14,13.0,26,2,11
6,1,1,6,3.5,7,5,0
8,5,5,8,6.5,13,3,4
17,9,9,17,13.0,26,8,2
13,14,13,14,13.5,27,1,12
11,7,7,11,9.0,18,4,6
5,4,4,5,4.5,9,1,2
7,9,7,9,8.0,16,2,5
1,4,1,4,2.5,5,3,0
7,8,7,8,7.5,15,1,6
9,9,9,9,9.0,18,0,4
4,1,1,4,2.5,5,3,0
5,5,5,5,5.0,10,0,4
6,6,6,6,6.0,12,0,5
1,5,1,5,3.0,6,4,0
19,35,19,35,27.0,54,16,14
12,3,3,12,7.5,15,9,2
1,18,1,18,9.5,19,17,0
18,24,18,24,21.0,42,6,16
32,32,32,32,32.0,64,0,31
1,4,1,4,2.5,5,3,0
7,7,7,7,7.0,14,0,4
24,8,8,24,16.0,32,16,4
4,6,4,6,5.0,10,2,2
5,2,2,5,3.5,7,3,1
1,8,1,8,4.5,9,7,0
2,4,2,4,3.0,6,2,1
1,5,1,5,3.0,6,4,0
6,5,5,6,5.5,11,1,4
25,19,19,25,22.0,44,6,13
4,1,1,4,2.5,5,3,0
32,14,14,32,23.0,46,18,11
9,1,1,9,5.0,10,8,0
10,4,4,10,7.0,14,6,3
34,18,18,34,26.0,52,16,11
7,5,5,7,6.0,12,2,3
8,12,8,12,10.0,20,4,5
25,23,23,25,24.0,48,2,20
12,12,12,12,12.0,24,0,11
8,1,1,8,4.5,9,7,0
27,12,12,27,19.5,39,15,11
19,2,2,19,10.5,21,17,0
1,6,1,6,3.5,7,5,0
1,7,1,7,4.0,8,6,0
33,23,23,33,28.0,56,10,22
9,9,9,9,9.0,18,0,3
3,15,3,15,9.0,18,12,0
4,1,1,4,2.5,5,3,0
5,1,1,5,3.0,6,4,0
5,1,1,5,3.0,6,4,0
1,4,1,4,2.5,5,3,0
6,16,6,16,11.0,22,10,1
4,4,4,4,4.0,8,0,0
1,4,1,4,2.5,5,3,0
1,4,1,4,2.5,5,3,0
5,6,5,6,5.5,11,1,2
4,1,1,4,2.5,5,3,0
4,6,4,6,5.0,10,2,3
5,10,5,10,7.5,15,5,4
8,7,7,8,7.5,15,1,6
10,3,3,10,6.5,13,7,2
13,17,13,17,15.0,30,4,12
7,4,4,7,5.5,11,3,3
51,28,28,51,39.5,79,23,27
11,7,7,11,9.0,18,4,4
34,29,29,34,31.5,63,5,27
22,23,22,23,22.5,45,1,20
5,4,4,5,4.5,9,1,3
4,6,4,6,5.0,10,2,3
5,5,5,5,5.0,10,0,2
18,19,18,19,18.5,37,1,12
6,1,1,6,3.5,7,5,0
19,30,19,30,24.5,49,11,13
12,8,8,12,10.0,20,4,7
1,6,1,6,3.5,7,5,0
1,26,1,26,13.5,27,25,0
3,4,3,4,3.5,7,1,1
6,5,5,6,5.5,11,1,4
1,4,1,4,2.5,5,3,0
21,11,11,21,16.0,32,10,0
7,7,7,7,7.0,14,0,6
2,5,2,5,3.5,7,3,1
17,6,6,17,11.5,23,11,5
4,14,4,14,9.0,18,10,3
45,36,36,45,40.5,81,9,33
12,37,12,37,24.5,49,25,8
1,12,1,12,6.5,13,11,0
25,25,25,25,25.0,50,0,24
9,8,8,9,8.5,17,1,6
5,4,4,5,4.5,9,1,1
4,4,4,4,4.0,8,0,3
26,10,10,26,18.0,36,16,7
4,4,4,4,4.0,8,0,3
13,1,1,13,7.0,14,12,0
1,5,1,5,3.0,6,4,0
4,1,1,4,2.5,5,3,0
2,33,2,33,17.5,35,31,1
4,1,1,4,2.5,5,3,0
1,14,1,14,7.5,15,13,0
4,1,1,4,2.5,5,3,0
13,10,10,13,11.5,23,3,9
11,7,7,11,9.0,18,4,4
13,15,13,15,14.0,28,2,11
4,1,1,4,2.5,5,3,0
6,6,6,6,6.0,12,0,1
1,7,1,7,4.0,8,6,0
10,1,1,10,5.5,11,9,0
21,24,21,24,22.5,45,3,15
11,11,11,11,11.0,22,0,10
23,15,15,23,19.0,38,8,14
5,12,5,12,8.5,17,7,4
9,1,1,9,5.0,10,8,0
12,1,1,12,6.5,13,11,0
3,9,3,9,6.0,12,6,0
13,18,13,18,15.5,31,5,9
5,2,2,5,3.5,7,3,1
1,4,1,4,2.5,5,3,0
5,1,1,5,3.0,6,4,0
8,2,2,8,5.0,10,6,0
12,2,2,12,7.0,14,10,0
5,6,5,6,5.5,11,1,1
1,16,1,16,8.5,17,15,0
15,7,7,15,11.0,22,8,6
7,1,1,7,4.0,8,6,0
20,19,19,20,19.5,39,1,16
2,4,2,4,3.0,6,2,1
4,4,4,4,4.0,8,0,3
6,1,1,6,3.5,7,5,0
5,2,2,5,3.5,7,3,1
6,2,2,6,4.0,8,4,1
6,1,1,6,3.5,7,5,0
29,23,23,29,26.0,52,6,21
6,1,1,6,3.5,7,5,0
6,7,6,7,6.5,13,1,5
6,5,5,6,5.5,11,1,3
25,24,24,25,24.5,49,1,23
1,6,1,6,3.5,7,5,0
6,13,6,13,9.5,19,7,0
1,5,1,5,3.0,6,4,0
5,1,1,5,3.0,6,4,0
6,8,6,8,7.0,14,2,4
38,25,25,38,31.5,63,13,22
1,4,1,4,2.5,5,3,0
9,7,7,9,8.0,16,2,5
1,4,1,4,2.5,5,3,0
4,1,1,4,2.5,5,3,0
6,2,2,6,4.0,8,4,1
22,19,19,22,20.5,41,3,16
8,8,8,8,8.0,16,0,3
1,25,1,25,13.0,26,24,0
4,1,1,4,2.5,5,3,0
3,4,3,4,3.5,7,1,0
6,6,6,6,6.0,12,0,5
1,6,1,6,3.5,7,5,0
20,20,20,20,20.0,40,0,16
11,12,11,12,11.5,23,1,5
4,4,4,4,4.0,8,0,3
8,4,4,8,6.0,12,4,3
6,2,2,6,4.0,8,4,1
2,9,2,9,5.5,11,7,0
1,18,1,18,9.5,19,17,0
5,5,5,5,5.0,10,0,4
2,5,2,5,3.5,7,3,1
2,5,2,5,3.5,7,3,0
12,6,6,12,9.0,18,6,5
1,8,1,8,4.5,9,7,0
9,10,9,10,9.5,19,1,8
41,41,41,41,41.0,82,0,40
17,3,3,17,10.0,20,14,2
1,5,1,5,3.0,6,4,0
13,18,13,18,15.5,31,5,9
3,6,3,6,4.5,9,3,2
4,1,1,4,2.5,5,3,0
16,14,14,16,15.0,30,2,8
1,4,1,4,2.5,5,3,0
7,4,4,7,5.5,11,3,0
6,5,5,6,5.5,11,1,4
49,28,28,49,38.5,77,21,27
10,1,1,10,5.5,11,9,0
4,10,4,10,7.0,14,6,3
10,11,10,11,10.5,21,1,5
2,5,2,5,3.5,7,3,1
10,24,10,24,17.0,34,14,4
12,10,10,12,11.0,22,2,9
4,1,1,4,2.5,5,3,0
12,12,12,12,12.0,24,0,11
31,32,31,32,31.5,63,1,30
4,2,2,4,3.0,6,2,1
4,4,4,4,4.0,8,0,2
12,1,1,12,6.5,13,11,0
21,21,21,21,21.0,42,0,20
4,1,1,4,2.5,5,3,0
13,12,12,13,12.5,25,1,5
1,5,1,5,3.0,6,4,0
6,1,1,6,3.5,7,5,0
1,4,1,4,2.5,5,3,0
4,2,2,4,3.0,6,2,1
10,5,5,10,7.5,15,5,4
15,13,13,15,14.0,28,2,12
8,6,6,8,7.0,14,2,2
4,3,3,4,3.5,7,1,2
1,4,1,4,2.5,5,3,0
1,7,1,7,4.0,8,6,0
7,7,7,7,7.0,14,0,5
8,9,8,9,8.5,17,1,7
10,15,10,15,12.5,25,5,9
1,17,1,17,9.0,18,16,0
4,1,1,4,2.5,5,3,0
8,8,8,8,8.0,16,0,7
22,19,19,22,20.5,41,3,10
6,1,1,6,3.5,7,5,0
17,12,12,17,14.5,29,5,11
10,12,10,12,11.0,22,2,6
23,9,9,23,16.0,32,14,8
7,7,7,7,7.0,14,0,6
5,11,5,11,8.0,16,6,3
5,2,2,5,3.5,7,3,1
2,14,2,14,8.0,16,12,0
4,1,1,4,2.5,5,3,0
19,21,19,21,20.0,40,2,17
6,2,2,6,4.0,8,4,1
2,6,2,6,4.0,8,4,1
1,12,1,12,6.5,13,11,0
1,4,1,4,2.5,5,3,0
3,6,3,6,4.5,9,3,2
15,13,13,15,14.0,28,2,9
1,5,1,5,3.0,6,4,0
6,6,6,6,6.0,12,0,3
13,1,1,13,7.0,14,12,0
1,65,1,65,33.0,66,64,0
21,27,21,27,24.0,48,6,14
6,1,1,6,3.5,7,5,0
24,24,24,24,24.0,48,0,21
12,14,12,14,13.0,26,2,11
2,4,2,4,3.0,6,2,1
1,4,1,4,2.5,5,3,0
2,7,2,7,4.5,9,5,1
1,19,1,19,10.0,20,18,0
1,5,1,5,3.0,6,4,0
7,1,1,7,4.0,8,6,0
11,7,7,11,9.0,18,4,3
1,12,1,12,6.5,13,11,0
7,10,7,10,8.5,17,3,4
6,2,2,6,4.0,8,4,1
4,1,1,4,2.5,5,3,0
6,21,6,21,13.5,27,15,5
5,4,4,5,4.5,9,1,3
1,6,1,6,3.5,7,5,0
8,8,8,8,8.0,16,0,7
11,8,8,11,9.5,19,3,5
2,4,2,4,3.0,6,2,0
1,6,1,6,3.5,7,5,0
18,1,1,18,9.5,19,17,0
4,1,1,4,2.5,5,3,0
9,1,1,9,5.0,10,8,0
9,6,6,9,7.5,15,3,5
6,9,6,9,7.5,15,3,5
6,1,1,6,3.5,7,5,0
6,1,1,6,3.5,7,5,0
5,1,1,5,3.0,6,4,0
14,15,14,15,14.5,29,1,11
5,1,1,5,3.0,6,4,0
75,16,16,75,45.5,91,59,6
5,5,5,5,5.0,10,0,2
8,1,1,8,4.5,9,7,0
1,12,1,12,6.5,13,11,0
22,23,22,23,22.5,45,1,19
1,4,1,4,2.5,5,3,0
3,10,3,10,6.5,13,7,2
1,5,1,5,3.0,6,4,0
16,17,16,17,16.5,33,1,11
2,4,2,4,3.0,6,2,1
1,34,1,34,17.5,35,33,0
6,1,1,6,3.5,7,5,0
1,4,1,4,2.5,5,3,0
4,4,4,4,4.0,8,0,2
1,4,1,4,2.5,5,3,0
5,6,5,6,5.5,11,1,2
30,40,30,40,35.0,70,10,23
1,4,1,4,2.5,5,3,0
1,77,1,77,39.0,78,76,0
1,4,1,4,2.5,5,3,0
4,1,1,4,2.5,5,3,0
4,1,1,4,2.5,5,3,0
1,5,1,5,3.0,6,4,0
7,1,1,7,4.0,8,6,0
17,1,1,17,9.0,18,16,0
6,5,5,6,5.5,11,1,2
6,5,5,6,5.5,11,1,4
12,12,12,12,12.0,24,0,11
9,11,9,11,10.0,20,2,6
18,16,16,18,17.0,34,2,15
9,9,9,9,9.0,18,0,8
1,4,1,4,2.5,5,3,0
5,5,5,5,5.0,10,0,4
4,1,1,4,2.5,5,3,0
7,4,4,7,5.5,11,3,0
1,5,1,5,3.0,6,4,0
4,1,1,4,2.5,5,3,0
3,10,3,10,6.5,13,7,2
1,6,1,6,3.5,7,5,0
17,24,17,24,20.5,41,7,11
1,4,1,4,2.5,5,3,0
25,32,25,32,28.5,57,7,18
5,1,1,5,3.0,6,4,0
4,7,4,7,5.5,11,3,3
1,19,1,19,10.0,20,18,0
6,1,1,6,3.5,7,5,0
12,16,12,16,14.0,28,4,8
22,14,14,22,18.0,36,8,13
8,10,8,10,9.0,18,2,5
1,4,1,4,2.5,5,3,0
2,25,2,25,13.5,27,23,1
4,8,4,8,6.0,12,4,3
16,12,12,16,14.0,28,4,11
8,8,8,8,8.0,16,0,7
19,20,19,20,19.5,39,1,16
4,1,1,4,2.5,5,3,0
38,31,31,38,34.5,69,7,23
5,1,1,5,3.0,6,4,0
1,5,1,5,3.0,6,4,0
9,8,8,9,8.5,17,1,7
5,1,1,5,3.0,6,4,0
9,9,9,9,9.0,18,0,8
13,12,12,13,12.5,25,1,9
6,7,6,7,6.5,13,1,5
3,13,3,13,8.0,16,10,0
25,24,24,25,24.5,49,1,22
32,50,32,50,41.0,82,18,18
5,1,1,5,3.0,6,4,0
3,4,3,4,3.5,7,1,2
1,4,1,4,2.5,5,3,0
10,13,10,13,11.5,23,3,8
1,5,1,5,3.0,6,4,0
12,14,12,14,13.0,26,2,11
1,4,1,4,2.5,5,3,0
1,6,1,6,3.5,7,5,0
4,4,4,4,4.0,8,0,3
6,3,3,6,4.5,9,3,2
7,14,7,14,10.5,21,7,3
17,1,1,17,9.0,18,16,0
21,21,21,21,21.0,42,0,15
1,6,1,6,3.5,7,5,0
48,33,33,48,40.5,81,15,30
4,5,4,5,4.5,9,1,1
20,27,20,27,23.5,47,7,15
1,4,1,4,2.5,5,3,0
1,4,1,4,2.5,5,3,0
8,56,8,56,32.0,64,48,5
1,7,1,7,4.0,8,6,0
1,5,1,5,3.0,6,4,0
1,13,1,13,7.0,14,12,0
1,11,1,11,6.0,12,10,0
8,4,4,8,6.0,12,4,3
2,8,2,8,5.0,10,6,0
5,8,5,8,6.5,13,3,3
1,24,1,24,12.5,25,23,0
16,18,16,18,17.0,34,2,15
15,12,12,15,13.5,27,3,9
5,1,1,5,3.0,6,4,0
19,2,2,19,10.5,21,17,0
39,34,34,39,36.5,73,5,26
4,1,1,4,2.5,5,3,0
7,1,1,7,4.0,8,6,0
22,24,22,24,23.0,46,2,19
23,19,19,23,21.0,42,4,8
14,1,1,14,7.5,15,13,0
1,5,1,5,3.0,6,4,0
1,4,1,4,2.5,5,3,0
23,8,8,23,15.5,31,15,1
1,4,1,4,2.5,5,3,0
4,4,4,4,4.0,8,0,0
21,5,5,21,13.0,26,16,2
12,33,12,33,22.5,45,21,11
6,5,5,6,5.5,11,1,4
44,41,41,44,42.5,85,3,40
6,1,1,6,3.5,7,5,0
1,5,1,5,3.0,6,4,0
5,21,5,21,13.0,26,16,2
1,9,1,9,5.0,10,8,0
1,146,1,146,73.5,147,145,0
4,1,1,4,2.5,5,3,0
1,7,1,7,4.0,8,6,0
5,1,1,5,3.0,6,4,0
9,9,9,9,9.0,18,0,8
17,12,12,17,14.5,29,5,10
5,5,5,5,5.0,10,0,4
1,5,1,5,3.0,6,4,0
1,7,1,7,4.0,8,6,0
5,10,5,10,7.5,15,5,4
1,14,1,14,7.5,15,13,0
4,1,1,4,2.5,5,3,0
1,6,1,6,3.5,7,5,0
1,107,1,107,54.0,108,106,0
9,10,9,10,9.5,19,1,7
1,6,1,6,3.5,7,5,0
10,9,9,10,9.5,19,1,6
4,1,1,4,2.5,5,3,0
36,1,1,36,18.5,37,35,0
5,1,1,5,3.0,6,4,0
37,10,10,37,23.5,47,27,6
11,9,9,11,10.0,20,2,5
4,4,4,4,4.0,8,0,2
29,2,2,29,15.5,31,27,1
7,1,1,7,4.0,8,6,0
7,2,2,7,4.5,9,5,0
1,4,1,4,2.5,5,3,0
4,1,1,4,2.5,5,3,0
6,4,4,6,5.0,10,2,3
10,1,1,10,5.5,11,9,0
5,1,1,5,3.0,6,4,0
11,43,11,43,27.0,54,32,0
4,5,4,5,4.5,9,1,0
7,8,7,8,7.5,15,1,5
43,26,26,43,34.5,69,17,16
16,8,8,16,12.0,24,8,3
4,6,4,6,5.0,10,2,3
1,5,1,5,3.0,6,4,0
7,10,7,10,8.5,17,3,5
8,22,8,22,15.0,30,14,6
1,7,1,7,4.0,8,6,0
1,16,1,16,8.5,17,15,0
17,4,4,17,10.5,21,13,1
11,8,8,11,9.5,19,3,7
88,34,34,88,61.0,122,54,26
2,5,2,5,3.5,7,3,1
8,2,2,8,5.0,10,6,1
8,16,8,16,12.0,24,8,7
9,1,1,9,5.0,10,8,0
6,6,6,6,6.0,12,0,5
1,18,1,18,9.5,19,17,0
27,29,27,29,28.0,56,2,25
31,23,23,31,27.0,54,8,16
1,5,1,5,3.0,6,4,0
1,5,1,5,3.0,6,4,0
7,6,6,7,6.5,13,1,5
1,6,1,6,3.5,7,5,0
5,5,5,5,5.0,10,0,4
1,4,1,4,2.5,5,3,0
11,11,11,11,11.0,22,0,10
1,5,1,5,3.0,6,4,0
2,5,2,5,3.5,7,3,1
1,5,1,5,3.0,6,4,0
4,1,1,4,2.5,5,3,0
25,20,20,25,22.5,45,5,18
5,5,5,5,5.0,10,0,2
5,3,3,5,4.0,8,2,2
1,9,1,9,5.0,10,8,0
10,13,10,13,11.5,23,3,8
3,5,3,5,4.0,8,2,0
22,27,22,27,24.5,49,5,21
1,4,1,4,2.5,5,3,0
5,4,4,5,4.5,9,1,2
19,21,19,21,20.0,40,2,13
1,4,1,4,2.5,5,3,0
19,28,19,28,23.5,47,9,18
13,12,12,13,12.5,25,1,10
13,13,13,13,13.0,26,0,12
9,9,9,9,9.0,18,0,7
5,1,1,5,3.0,6,4,0
13,1,1,13,7.0,14,12,0
5,1,1,5,3.0,6,4,0
4,5,4,5,4.5,9,1,0
4,23,4,23,13.5,27,19,3
1,4,1,4,2.5,5,3,0
1,4,1,4,2.5,5,3,0
4,4,4,4,4.0,8,0,3
8,1,1,8,4.5,9,7,0
1,4,1,4,2.5,5,3,0
1,7,1,7,4.0,8,6,0
10,10,10,10,10.0,20,0,9
4,4,4,4,4.0,8,0,3
10,19,10,19,14.5,29,9,6
12,7,7,12,9.5,19,5,5
5,1,1,5,3.0,6,4,0
11,18,11,18,14.5,29,7,7
1,9,1,9,5.0,10,8,0
4,2,2,4,3.0,6,2,1
24,20,20,24,22.0,44,4,19
1,5,1,5,3.0,6,4,0
10,12,10,12,11.0,22,2,9
29,32,29,32,30.5,61,3,17
10,4,4,10,7.0,14,6,3
22,22,22,22,22.0,44,0,19
5,5,5,5,5.0,10,0,4
9,5,5,9,7.0,14,4,4
7,7,7,7,7.0,14,0,4
6,2,2,6,4.0,8,4,0
6,3,3,6,4.5,9,3,2
1,4,1,4,2.5,5,3,0
6,4,4,6,5.0,10,2,3
10,22,10,22,16.0,32,12,5
8,8,8,8,8.0,16,0,7
4,4,4,4,4.0,8,0,2
4,6,4,6,5.0,10,2,2
3,5,3,5,4.0,8,2,2
14,17,14,17,15.5,31,3,12
3,5,3,5,4.0,8,2,2
4,1,1,4,2.5,5,3,0
1,8,1,8,4.5,9,7,0
5,1,1,5,3.0,6,4,0
4,2,2,4,3.0,6,2,0
1,11,1,11,6.0,12,10,0
16,24,16,24,20.0,40,8,15
10,8,8,10,9.0,18,2,7
5,2,2,5,3.5,7,3,1
5,3,3,5,4.0,8,2,2
27,24,24,27,25.5,51,3,23
6,6,6,6,6.0,12,0,5
19,19,19,19,19.0,38,0,18
2,4,2,4,3.0,6,2,1
9,6,6,9,7.5,15,3,3
37,49,37,49,43.0,86,12,34
2,4,2,4,3.0,6,2,0
1,4,1,4,2.5,5,3,0
2,21,2,21,11.5,23,19,0
15,17,15,17,16.0,32,2,6
4,6,4,6,5.0,10,2,3
2,7,2,7,4.5,9,5,1
23,13,13,23,18.0,36,10,12
17,19,17,19,18.0,36,2,14
5,1,1,5,3.0,6,4,0
4,2,2,4,3.0,6,2,0
5,5,5,5,5.0,10,0,4
1,4,1,4,2.5,5,3,0
16,17,16,17,16.5,33,1,12
9,9,9,9,9.0,18,0,7
4,1,1,4,2.5,5,3,0
1,4,1,4,2.5,5,3,0
1,12,1,12,6.5,13,11,0
1,4,1,4,2.5,5,3,0
5,1,1,5,3.0,6,4,0
8,1,1,8,4.5,9,7,0
4,5,4,5,4.5,9,1,3
8,5,5,8,6.5,13,3,3
7,3,3,7,5.0,10,4,1
6,7,6,7,6.5,13,1,4
25,22,22,25,23.5,47,3,19
7,6,6,7,6.5,13,1,2
10,10,10,10,10.0,20,0,9
6,6,6,6,6.0,12,0,4
11,12,11,12,11.5,23,1,7
10,9,9,10,9.5,19,1,8
2,6,2,6,4.0,8,4,0
1,4,1,4,2.5,5,3,0
21,15,15,21,18.0,36,6,9
18,9,9,18,13.5,27,9,7
4,1,1,4,2.5,5,3,0
5,1,1,5,3.0,6,4,0
12,10,10,12,11.0,22,2,8
1,5,1,5,3.0,6,4,0
1,5,1,5,3.0,6,4,0
4,4,4,4,4.0,8,0,3
1,4,1,4,2.5,5,3,0
3,8,3,8,5.5,11,5,2
1,13,1,13,7.0,14,12,0
5,2,2,5,3.5,7,3,1
4,6,4,6,5.0,10,2,2
8,3,3,8,5.5,11,5,2
9,8,8,9,8.5,17,1,7
6,4,4,6,5.0,10,2,3
5,5,5,5,5.0,10,0,4
17,4,4,17,10.5,21,13,2
9,6,6,9,7.5,15,3,2
5,5,5,5,5.0,10,0,4
1,5,1,5,3.0,6,4,0
1,4,1,4,2.5,5,3,0
5,5,5,5,5.0,10,0,4
4,1,1,4,2.5,5,3,0
9,1,1,9,5.0,10,8,0
2,8,2,8,5.0,10,6,1
12,11,11,12,11.5,23,1,9
23,23,23,23,23.0,46,0,22
33,44,33,44,38.5,77,11,31
4,1,1,4,2.5,5,3,0
16,3,3,16,9.5,19,13,2
7,3,3,7,5.0,10,4,1
16,12,12,16,14.0,28,4,11
1,4,1,4,2.5,5,3,0
16,15,15,16,15.5,31,1,14
15,7,7,15,11.0,22,8,6
12,6,6,12,9.0,18,6,4
2,7,2,7,4.5,9,5,1
9,5,5,9,7.0,14,4,1
13,12,12,13,12.5,25,1,11
26,8,8,26,17.0,34,18,5
6,5,5,6,5.5,11,1,1
1,7,1,7,4.0,8,6,0
1,4,1,4,2.5,5,3,0
26,27,26,27,26.5,53,1,25
7,6,6,7,6.5,13,1,5
1,30,1,30,15.5,31,29,0
9,15,9,15,12.0,24,6,8
4,4,4,4,4.0,8,0,3
2,4,2,4,3.0,6,2,1
4,1,1,4,2.5,5,3,0
1,5,1,5,3.0,6,4,0
4,4,4,4,4.0,8,0,3
5,1,1,5,3.0,6,4,0
14,4,4,14,9.0,18,10,3
32,31,31,32,31.5,63,1,29
7,6,6,7,6.5,13,1,5
11,11,11,11,11.0,22,0,10
8,8,8,8,8.0,16,0,7
51,38,38,51,44.5,89,13,19
2,15,2,15,8.5,17,13,0
2,6,2,6,4.0,8,4,1
9,20,9,20,14.5,29,11,6
1,65,1,65,33.0,66,64,0
7,7,7,7,7.0,14,0,6
8,8,8,8,8.0,16,0,6
1,5,1,5,3.0,6,4,0
4,2,2,4,3.0,6,2,0
2,16,2,16,9.0,18,14,0
1,11,1,11,6.0,12,10,0
33,41,33,41,37.0,74,8,21
7,12,7,12,9.5,19,5,6
1,4,1,4,2.5,5,3,0
1,7,1,7,4.0,8,6,0
48,48,48,48,48.0,96,0,46
26,27,26,27,26.5,53,1,25
10,11,10,11,10.5,21,1,9
2,5,2,5,3.5,7,3,1
6,23,6,23,14.5,29,17,5
10,1,1,10,5.5,11,9,0
3,6,3,6,4.5,9,3,1
1,4,1,4,2.5,5,3,0
1,13,1,13,7.0,14,12,0
8,1,1,8,4.5,9,7,0
4,31,4,31,17.5,35,27,0
31,31,31,31,31.0,62,0,29
1,19,1,19,10.0,20,18,0
1,10,1,10,5.5,11,9,0
4,1,1,4,2.5,5,3,0
1,6,1,6,3.5,7,5,0
9,7,7,9,8.0,16,2,6
9,6,6,9,7.5,15,3,3
19,9,9,19,14.0,28,10,8
3,10,3,10,6.5,13,7,2
1,14,1,14,7.5,15,13,0
16,8,8,16,12.0,24,8,7
1,6,1,6,3.5,7,5,0
5,5,5,5,5.0,10,0,4
8,8,8,8,8.0,16,0,7
19,23,19,23,21.0,42,4,18
4,4,4,4,4.0,8,0,3
4,10,4,10,7.0,14,6,2
17,31,17,31,24.0,48,14,7
5,5,5,5,5.0,10,0,3
11,21,11,21,16.0,32,10,10
1,5,1,5,3.0,6,4,0
1,4,1,4,2.5,5,3,0
5,5,5,5,5.0,10,0,4
5,2,2,5,3.5,7,3,1
9,1,1,9,5.0,10,8,0
1,5,1,5,3.0,6,4,0
1,11,1,11,6.0,12,10,0
5,7,5,7,6.0,12,2,4
1,4,1,4,2.5,5,3,0
13,1,1,13,7.0,14,12,0
24,23,23,24,23.5,47,1,12
7,10,7,10,8.5,17,3,5
16,16,16,16,16.0,32,0,12
5,3,3,5,4.0,8,2,2
19,19,19,19,19.0,38,0,17
21,21,21,21,21.0,42,0,16
5,17,5,17,11.0,22,12,4
12,11,11,12,11.5,23,1,10
1,7,1,7,4.0,8,6,0
2,4,2,4,3.0,6,2,1
5,1,1,5,3.0,6,4,0
15,11,11,15,13.0,26,4,10
10,12,10,12,11.0,22,2,3
5,5,5,5,5.0,10,0,4
5,6,5,6,5.5,11,1,2
5,10,5,10,7.5,15,5,4
19,22,19,22,20.5,41,3,17
14,13,13,14,13.5,27,1,10
43,41,41,43,42.0,84,2,40
14,1,1,14,7.5,15,13,0
7,1,1,7,4.0,8,6,0
9,12,9,12,10.5,21,3,7
15,19,15,19,17.0,34,4,14
1,5,1,5,3.0,6,4,0
10,1,1,10,5.5,11,9,0
2,107,2,107,54.5,109,105,0
5,1,1,5,3.0,6,4,0
8,1,1,8,4.5,9,7,0
1,5,1,5,3.0,6,4,0
2,6,2,6,4.0,8,4,1
1,4,1,4,2.5,5,3,0
2,4,2,4,3.0,6,2,1
2,5,2,5,3.5,7,3,1
6,2,2,6,4.0,8,4,0
1,6,1,6,3.5,7,5,0
1,4,1,4,2.5,5,3,0
5,10,5,10,7.5,15,5,4
2,7,2,7,4.5,9,5,0
6,8,6,8,7.0,14,2,5
9,17,9,17,13.0,26,8,8
8,10,8,10,9.0,18,2,7
4,5,4,5,4.5,9,1,3
21,20,20,21,20.5,41,1,1
13,18,13,18,15.5,31,5,11
11,12,11,12,11.5,23,1,10
1,146,1,146,73.5,147,145,0
10,1,1,10,5.5,11,9,0
4,1,1,4,2.5,5,3,0
1,13,1,13,7.0,14,12,0
42,35,35,42,38.5,77,7,28
18,11,11,18,14.5,29,7,1
31,23,23,31,27.0,54,8,20
61,1,1,61,31.0,62,60,0
1,6,1,6,3.5,7,5,0
7,1,1,7,4.0,8,6,0
33,30,30,33,31.5,63,3,19
6,6,6,6,6.0,12,0,5
5,1,1,5,3.0,6,4,0
4,1,1,4,2.5,5,3,0
13,28,13,28,20.5,41,15,10
11,4,4,11,7.5,15,7,2
6,12,6,12,9.0,18,6,5
11,6,6,11,8.5,17,5,5
5,1,1,5,3.0,6,4,0
6,6,6,6,6.0,12,0,5
15,7,7,15,11.0,22,8,6
14,14,14,14,14.0,28,0,13
1,28,1,28,14.5,29,27,0
6,4,4,6,5.0,10,2,3
8,15,8,15,11.5,23,7,3
10,10,10,10,10.0,20,0,7
6,6,6,6,6.0,12,0,5
1,6,1,6,3.5,7,5,0
35,28,28,35,31.5,63,7,10
6,1,1,6,3.5,7,5,0
6,6,6,6,6.0,12,0,4
5,3,3,5,4.0,8,2,1
29,31,29,31,30.0,60,2,25
5,6,5,6,5.5,11,1,1
6,2,2,6,4.0,8,4,1
8,3,3,8,5.5,11,5,1
5,5,5,5,5.0,10,0,4
5,4,4,5,4.5,9,1,3
8,1,1,8,4.5,9,7,0
13,13,13,13,13.0,26,0,12
4,2,2,4,3.0,6,2,1
27,15,15,27,21.0,42,12,12
8,8,8,8,8.0,16,0,6
5,5,5,5,5.0,10,0,3
2,5,2,5,3.5,7,3,0
32,33,32,33,32.5,65,1,29
7,3,3,7,5.0,10,4,0
4,1,1,4,2.5,5,3,0
8,5,5,8,6.5,13,3,3
4,4,4,4,4.0,8,0,3
4,3,3,4,3.5,7,1,2
25,48,25,48,36.5,73,23,15
10,4,4,10,7.0,14,6,1
7,1,1,7,4.0,8,6,0
25,39,25,39,32.0,64,14,14
7,9,7,9,8.0,16,2,6
7,10,7,10,8.5,17,3,5
19,19,19,19,19.0,38,0,18
10,1,1,10,5.5,11,9,0
2,5,2,5,3.5,7,3,0
4,2,2,4,3.0,6,2,1
9,10,9,10,9.5,19,1,7
17,16,16,17,16.5,33,1,10
1,7,1,7,4.0,8,6,0
5,4,4,5,4.5,9,1,3
10,15,10,15,12.5,25,5,9
1,5,1,5,3.0,6,4,0
9,10,9,10,9.5,19,1,5
12,5,5,12,8.5,17,7,4
3,6,3,6,4.5,9,3,2
27,38,27,38,32.5,65,11,20
10,1,1,10,5.5,11,9,0
5,1,1,5,3.0,6,4,0
11,5,5,11,8.0,16,6,4
5,6,5,6,5.5,11,1,3
18,2,2,18,10.0,20,16,0
1,6,1,6,3.5,7,5,0
6,1,1,6,3.5,7,5,0
1,8,1,8,4.5,9,7,0
41,30,30,41,35.5,71,11,29
7,19,7,19,13.0,26,12,5
1,9,1,9,5.0,10,8,0
4,7,4,7,5.5,11,3,1
20,21,20,21,20.5,41,1,19
6,9,6,9,7.5,15,3,0
1,4,1,4,2.5,5,3,0
23,23,23,23,23.0,46,0,21
6,6,6,6,6.0,12,0,5
12,10,10,12,11.0,22,2,8
6,2,2,6,4.0,8,4,1
19,23,19,23,21.0,42,4,13
17,13,13,17,15.0,30,4,12
5,4,4,5,4.5,9,1,2
1,7,1,7,4.0,8,6,0
4,1,1,4,2.5,5,3,0
6,1,1,6,3.5,7,5,0
6,5,5,6,5.5,11,1,3
5,7,5,7,6.0,12,2,4
1,4,1,4,2.5,5,3,0
4,4,4,4,4.0,8,0,2
23,1,1,23,12.0,24,22,0
50,40,40,50,45.0,90,10,39
1,5,1,5,3.0,6,4,0
8,1,1,8,4.5,9,7,0
11,8,8,11,9.5,19,3,7
38,17,17,38,27.5,55,21,12
4,2,2,4,3.0,6,2,0
33,43,33,43,38.0,76,10,27
2,5,2,5,3.5,7,3,0
5,6,5,6,5.5,11,1,4
4,1,1,4,2.5,5,3,0
1,11,1,11,6.0,12,10,0
16,1,1,16,8.5,17,15,0
8,22,8,22,15.0,30,14,0
1,20,1,20,10.5,21,19,0
1,4,1,4,2.5,5,3,0
11,10,10,11,10.5,21,1,5
16,12,12,16,14.0,28,4,7
4,4,4,4,4.0,8,0,2
21,3,3,21,12.0,24,18,1
1,5,1,5,3.0,6,4,0
16,12,12,16,14.0,28,4,9
8,8,8,8,8.0,16,0,5
4,2,2,4,3.0,6,2,1
2,12,2,12,7.0,14,10,0
20,31,20,31,25.5,51,11,14
17,14,14,17,15.5,31,3,12
1,6,1,6,3.5,7,5,0
15,29,15,29,22.0,44,14,14
2,8,2,8,5.0,10,6,0
3,12,3,12,7.5,15,9,1
8,9,8,9,8.5,17,1,7
4,1,1,4,2.5,5,3,0
14,15,14,15,14.5,29,1,12
21,23,21,23,22.0,44,2,18
12,11,11,12,11.5,23,1,10
11,9,9,11,10.0,20,2,6
8,1,1,8,4.5,9,7,0
5,4,4,5,4.5,9,1,3
18,17,17,18,17.5,35,1,12
4,5,4,5,4.5,9,1,1
19,4,4,19,11.5,23,15,2
4,5,4,5,4.5,9,1,3
5,2,2,5,3.5,7,3,1
10,8,8,10,9.0,18,2,7
15,22,15,22,18.5,37,7,14
35,20,20,35,27.5,55,15,19
37,33,33,37,35.0,70,4,22
40,32,32,40,36.0,72,8,28
12,12,12,12,12.0,24,0,11
24,14,14,24,19.0,38,10,13
5,3,3,5,4.0,8,2,2
19,35,19,35,27.0,54,16,18
10,11,10,11,10.5,21,1,9
1,16,1,16,8.5,17,15,0
23,25,23,25,24.0,48,2,18
6,6,6,6,6.0,12,0,4
4,1,1,4,2.5,5,3,0
24,13,13,24,18.5,37,11,11
39,26,26,39,32.5,65,13,15
1,14,1,14,7.5,15,13,0
11,2,2,11,6.5,13,9,0
11,1,1,11,6.0,12,10,0
4,4,4,4,4.0,8,0,0
45,24,24,45,34.5,69,21,17
4,9,4,9,6.5,13,5,3
14,13,13,14,13.5,27,1,12
20,23,20,23,21.5,43,3,18
6,1,1,6,3.5,7,5,0
6,3,3,6,4.5,9,3,2
4,2,2,4,3.0,6,2,1
25,11,11,25,18.0,36,14,10
7,7,7,7,7.0,14,0,6
5,5,5,5,5.0,10,0,3
1,8,1,8,4.5,9,7,0
1,6,1,6,3.5,7,5,0
5,4,4,5,4.5,9,1,0
2,5,2,5,3.5,7,3,1
7,6,6,7,6.5,13,1,5
30,2,2,30,16.0,32,28,1
7,15,7,15,11.0,22,8,2
19,23,19,23,21.0,42,4,17
10,18,10,18,14.0,28,8,9
1,5,1,5,3.0,6,4,0
15,1,1,15,8.0,16,14,0
5,1,1,5,3.0,6,4,0
2,6,2,6,4.0,8,4,0
8,5,5,8,6.5,13,3,4
5,1,1,5,3.0,6,4,0
1,4,1,4,2.5,5,3,0
5,5,5,5,5.0,10,0,4
1,10,1,10,5.5,11,9,0
37,49,37,49,43.0,86,12,21
4,7,4,7,5.5,11,3,3
4,1,1,4,2.5,5,3,0
9,5,5,9,7.0,14,4,4
2,13,2,13,7.5,15,11,0
1,12,1,12,6.5,13,11,0
39,38,38,39,38.5,77,1,30
17,13,13,17,15.0,30,4,12
17,11,11,17,14.0,28,6,10
9,11,9,11,10.0,20,2,5
3,15,3,15,9.0,18,12,1
9,1,1,9,5.0,10,8,0
20,6,6,20,13.0,26,14,4
1,5,1,5,3.0,6,4,0
8,7,7,8,7.5,15,1,6
5,6,5,6,5.5,11,1,4
17,14,14,17,15.5,31,3,13
12,5,5,12,8.5,17,7,4
5,1,1,5,3.0,6,4,0
4,1,1,4,2.5,5,3,0
6,5,5,6,5.5,11,1,4
1,22,1,22,11.5,23,21,0
13,21,13,21,17.0,34,8,10
1,5,1,5,3.0,6,4,0
11,5,5,11,8.0,16,6,4
4,4,4,4,4.0,8,0,3
15,11,11,15,13.0,26,4,10
1,7,1,7,4.0,8,6,0
17,15,15,17,16.0,32,2,12
15,8,8,15,11.5,23,7,6
1,5,1,5,3.0,6,4,0
9,9,9,9,9.0,18,0,5
14,13,13,14,13.5,27,1,12
4,1,1,4,2.5,5,3,0
5,11,5,11,8.0,16,6,1
4,28,4,28,16.0,32,24,1
1,6,1,6,3.5,7,5,0
9,10,9,10,9.5,19,1,5
14,2,2,14,8.0,16,12,1
11,9,9,11,10.0,20,2,8
8,1,1,8,4.5,9,7,0
1,4,1,4,2.5,5,3,0
17,13,13,17,15.0,30,4,12
1,4,1,4,2.5,5,3,0
30,40,30,40,35.0,70,10,26
1,5,1,5,3.0,6,4,0
6,8,6,8,7.0,14,2,5
5,12,5,12,8.5,17,7,4
1,4,1,4,2.5,5,3,0
5,1,1,5,3.0,6,4,0
107,28,28,107,67.5,135,79,17
11,13,11,13,12.0,24,2,8
24,10,10,24,17.0,34,14,6
1,15,1,15,8.0,16,14,0
2,6,2,6,4.0,8,4,1
1,5,1,5,3.0,6,4,0
10,7,7,10,8.5,17,3,6
4,7,4,7,5.5,11,3,3
5,7,5,7,6.0,12,2,4
9,7,7,9,8.0,16,2,6
1,5,1,5,3.0,6,4,0
9,1,1,9,5.0,10,8,0
5,1,1,5,3.0,6,4,0
1,4,1,4,2.5,5,3,0
7,5,5,7,6.0,12,2,4
1,14,1,14,7.5,15,13,0
21,16,16,21,18.5,37,5,13
13,11,11,13,12.0,24,2,4
1,5,1,5,3.0,6,4,0
30,27,27,30,28.5,57,3,24
11,11,11,11,11.0,22,0,10
5,1,1,5,3.0,6,4,0
5,3,3,5,4.0,8,2,2
1,15,1,15,8.0,16,14,0
28,36,28,36,32.0,64,8,27
7,7,7,7,7.0,14,0,6
11,9,9,11,10.0,20,2,8
18,17,17,18,17.5,35,1,14
20,20,20,20,20.0,40,0,19
2,6,2,6,4.0,8,4,0
4,1,1,4,2.5,5,3,0
5,1,1,5,3.0,6,4,0
25,26,25,26,25.5,51,1,23
49,31,31,49,40.0,80,18,28
14,21,14,21,17.5,35,7,11
9,4,4,9,6.5,13,5,3
4,2,2,4,3.0,6,2,0
23,23,23,23,23.0,46,0,15
1,7,1,7,4.0,8,6,0
12,17,12,17,14.5,29,5,10
21,4,4,21,12.5,25,17,1
1,5,1,5,3.0,6,4,0
13,33,13,33,23.0,46,20,12
5,6,5,6,5.5,11,1,4
3,4,3,4,3.5,7,1,2
1,4,1,4,2.5,5,3,0
4,1,1,4,2.5,5,3,0
8,7,7,8,7.5,15,1,6
1,5,1,5,3.0,6,4,0
1,4,1,4,2.5,5,3,0
4,4,4,4,4.0,8,0,3
5,2,2,5,3.5,7,3,1
1,7,1,7,4.0,8,6,0
2,4,2,4,3.0,6,2,1
25,13,13,25,19.0,38,12,9
7,1,1,7,4.0,8,6,0
10,9,9,10,9.5,19,1,8
6,1,1,6,3.5,7,5,0
4,1,1,4,2.5,5,3,0
13,13,13,13,13.0,26,0,11
1,25,1,25,13.0,26,24,0
10,5,5,10,7.5,15,5,4
1,8,1,8,4.5,9,7,0
1,8,1,8,4.5,9,7,0
1,11,1,11,6.0,12,10,0
1,4,1,4,2.5,5,3,0
6,1,1,6,3.5,7,5,0
24,22,22,24,23.0,46,2,21
5,1,1,5,3.0,6,4,0
19,17,17,19,18.0,36,2,15
12,19,12,19,15.5,31,7,6
6,16,6,16,11.0,22,10,3
8,2,2,8,5.0,10,6,1
146,31,31,146,88.5,177,115,23
1,4,1,4,2.5,5,3,0
4,1,1,4,2.5,5,3,0
5,7,5,7,6.0,12,2,3
12,7,7,12,9.5,19,5,6
1,146,1,146,73.5,147,145,0
13,1,1,13,7.0,14,12,0
1,6,1,6,3.5,7,5,0
31,39,31,39,35.0,70,8,27
3,8,3,8,5.5,11,5,2
6,1,1,6,3.5,7,5,0
5,1,1,5,3.0,6,4,0
1,17,1,17,9.0,18,16,0
2,5,2,5,3.5,7,3,1
19,19,19,19,19.0,38,0,18
4,4,4,4,4.0,8,0,3
1,22,1,22,11.5,23,21,0
1,7,1,7,4.0,8,6,0
4,4,4,4,4.0,8,0,3
4,4,4,4,4.0,8,0,1
12,12,12,12,12.0,24,0,10
9,1,1,9,5.0,10,8,0
14,9,9,14,11.5,23,5,8
6,5,5,6,5.5,11,1,4
6,6,6,6,6.0,12,0,2
10,1,1,10,5.5,11,9,0
1,5,1,5,3.0,6,4,0
7,2,2,7,4.5,9,5,1
1,6,1,6,3.5,7,5,0
6,2,2,6,4.0,8,4,1
9,7,7,9,8.0,16,2,5
20,17,17,20,18.5,37,3,11
1,6,1,6,3.5,7,5,0
5,2,2,5,3.5,7,3,1
32,33,32,33,32.5,65,1,23
14,11,11,14,12.5,25,3,8
49,28,28,49,38.5,77,21,23
7,3,3,7,5.0,10,4,2
6,5,5,6,5.5,11,1,0
1,4,1,4,2.5,5,3,0
17,10,10,17,13.5,27,7,8
5,1,1,5,3.0,6,4,0
1,9,1,9,5.0,10,8,0
9,13,9,13,11.0,22,4,8
19,25,19,25,22.0,44,6,13
1,4,1,4,2.5,5,3,0
2,5,2,5,3.5,7,3,1
6,1,1,6,3.5,7,5,0
2,6,2,6,4.0,8,4,1
4,1,1,4,2.5,5,3,0
7,1,1,7,4.0,8,6,0
5,5,5,5,5.0,10,0,4
21,31,21,31,26.0,52,10,18
8,8,8,8,8.0,16,0,7
41,34,34,41,37.5,75,7,25
4,2,2,4,3.0,6,2,1
9,3,3,9,6.0,12,6,2
4,1,1,4,2.5,5,3,0
10,1,1,10,5.5,11,9,0
27,40,27,40,33.5,67,13,22
8,8,8,8,8.0,16,0,7
7,2,2,7,4.5,9,5,1
21,21,21,21,21.0,42,0,20
18,17,17,18,17.5,35,1,10
15,15,15,15,15.0,30,0,13
5,6,5,6,5.5,11,1,4
8,9,8,9,8.5,17,1,4
20,9,9,20,14.5,29,11,7
7,14,7,14,10.5,21,7,2
49,26,26,49,37.5,75,23,23
1,6,1,6,3.5,7,5,0
1,6,1,6,3.5,7,5,0
5,1,1,5,3.0,6,4,0
8,12,8,12,10.0,20,4,0
2,5,2,5,3.5,7,3,0
5,1,1,5,3.0,6,4,0
4,1,1,4,2.5,5,3,0
1,15,1,15,8.0,16,14,0
8,4,4,8,6.0,12,4,3
7,9,7,9,8.0,16,2,6
13,15,13,15,14.0,28,2,12
1,6,1,6,3.5,7,5,0
25,24,24,25,24.5,49,1,21
2,43,2,43,22.5,45,41,0
5,1,1,5,3.0,6,4,0
1,4,1,4,2.5,5,3,0
19,18,18,19,18.5,37,1,8
5,1,1,5,3.0,6,4,0
14,13,13,14,13.5,27,1,12
22,31,22,31,26.5,53,9,20
1,11,1,11,6.0,12,10,0
16,11,11,16,13.5,27,5,8
1,8,1,8,4.5,9,7,0
5,2,2,5,3.5,7,3,0
2,7,2,7,4.5,9,5,0
6,1,1,6,3.5,7,5,0
8,8,8,8,8.0,16,0,7
27,38,27,38,32.5,65,11,20
1,7,1,7,4.0,8,6,0
2,10,2,10,6.0,12,8,0
49,38,38,49,43.5,87,11,30
1,14,1,14,7.5,15,13,0
4,4,4,4,4.0,8,0,3
15,36,15,36,25.5,51,21,9
24,7,7,24,15.5,31,17,4
7,2,2,7,4.5,9,5,1
4,1,1,4,2.5,5,3,0
1,14,1,14,7.5,15,13,0
6,7,6,7,6.5,13,1,5
27,8,8,27,17.5,35,19,6
2,8,2,8,5.0,10,6,1
1,10,1,10,5.5,11,9,0
1,4,1,4,2.5,5,3,0
1,6,1,6,3.5,7,5,0
1,5,1,5,3.0,6,4,0
2,11,2,11,6.5,13,9,1
1,6,1,6,3.5,7,5,0
4,4,4,4,4.0,8,0,2
2,4,2,4,3.0,6,2,1
31,40,31,40,35.5,71,9,27
5,6,5,6,5.5,11,1,3
5,1,1,5,3.0,6,4,0
1,6,1,6,3.5,7,5,0
5,5,5,5,5.0,10,0,4
15,40,15,40,27.5,55,25,11
13,8,8,13,10.5,21,5,7
19,18,18,19,18.5,37,1,17
42,51,42,51,46.5,93,9,25
6,1,1,6,3.5,7,5,0
5,5,5,5,5.0,10,0,3
12,2,2,12,7.0,14,10,0
18,19,18,19,18.5,37,1,12
8,6,6,8,7.0,14,2,4
12,1,1,12,6.5,13,11,0
4,1,1,4,2.5,5,3,0
5,1,1,5,3.0,6,4,0
9,1,1,9,5.0,10,8,0
5,1,1,5,3.0,6,4,0
6,6,6,6,6.0,12,0,5
17,9,9,17,13.0,26,8,8
29,21,21,29,25.0,50,8,19
9,7,7,9,8.0,16,2,6
5,5,5,5,5.0,10,0,4
29,28,28,29,28.5,57,1,24
13,20,13,20,16.5,33,7,12
1,5,1,5,3.0,6,4,0
1,5,1,5,3.0,6,4,0
1,18,1,18,9.5,19,17,0
4,4,4,4,4.0,8,0,0
8,4,4,8,6.0,12,4,3
20,13,13,20,16.5,33,7,8
19,25,19,25,22.0,44,6,15
4,7,4,7,5.5,11,3,0
6,7,6,7,6.5,13,1,5
27,16,16,27,21.5,43,11,15
5,5,5,5,5.0,10,0,2
5,5,5,5,5.0,10,0,4
1,4,1,4,2.5,5,3,0
4,4,4,4,4.0,8,0,3
4,1,1,4,2.5,5,3,0
4,1,1,4,2.5,5,3,0
1,7,1,7,4.0,8,6,0
1,4,1,4,2.5,5,3,0
9,7,7,9,8.0,16,2,5
7,7,7,7,7.0,14,0,5
12,13,12,13,12.5,25,1,11
4,1,1,4,2.5,5,3,0
4,8,4,8,6.0,12,4,3
1,5,1,5,3.0,6,4,0
28,39,28,39,33.5,67,11,19
1,6,1,6,3.5,7,5,0
1,5,1,5,3.0,6,4,0
5,1,1,5,3.0,6,4,0
4,25,4,25,14.5,29,21,0
12,4,4,12,8.0,16,8,3
4,6,4,6,5.0,10,2,3
1,5,1,5,3.0,6,4,0
2,5,2,5,3.5,7,3,1
4,5,4,5,4.5,9,1,3
8,9,8,9,8.5,17,1,3
11,10,10,11,10.5,21,1,2
8,7,7,8,7.5,15,1,6
4,4,4,4,4.0,8,0,3
4,10,4,10,7.0,14,6,2
11,8,8,11,9.5,19,3,6
9,15,9,15,12.0,24,6,5
14,13,13,14,13.5,27,1,12
1,4,1,4,2.5,5,3,0
4,5,4,5,4.5,9,1,3
5,5,5,5,5.0,10,0,0
1,6,1,6,3.5,7,5,0
5,4,4,5,4.5,9,1,3
4,1,1,4,2.5,5,3,0
1,6,1,6,3.5,7,5,0
1,6,1,6,3.5,7,5,0
39,47,39,47,43.0,86,8,35
4,1,1,4,2.5,5,3,0
1,56,1,56,28.5,57,55,0
42,38,38,42,40.0,80,4,33
7,11,7,11,9.0,18,4,6
4,1,1,4,2.5,5,3,0
6,5,5,6,5.5,11,1,4
5,6,5,6,5.5,11,1,4
1,5,1,5,3.0,6,4,0
4,16,4,16,10.0,20,12,1
31,44,31,44,37.5,75,13,30
18,14,14,18,16.0,32,4,11
20,18,18,20,19.0,38,2,17
25,24,24,25,24.5,49,1,23
26,27,26,27,26.5,53,1,25
4,4,4,4,4.0,8,0,3
20,1,1,20,10.5,21,19,0
7,4,4,7,5.5,11,3,3
1,4,1,4,2.5,5,3,0
2,5,2,5,3.5,7,3,1
4,1,1,4,2.5,5,3,0
53,41,41,53,47.0,94,12,37
1,6,1,6,3.5,7,5,0
4,5,4,5,4.5,9,1,2
4,4,4,4,4.0,8,0,3
18,18,18,18,18.0,36,0,17
36,24,24,36,30.0,60,12,20
14,10,10,14,12.0,24,4,8
5,6,5,6,5.5,11,1,0
3,6,3,6,4.5,9,3,0
5,7,5,7,6.0,12,2,3
8,1,1,8,4.5,9,7,0
25,31,25,31,28.0,56,6,24
1,17,1,17,9.0,18,16,0
11,4,4,11,7.5,15,7,2
21,18,18,21,19.5,39,3,17
30,4,4,30,17.0,34,26,3
22,1,1,22,11.5,23,21,0
4,1,1,4,2.5,5,3,0
4,9,4,9,6.5,13,5,3
2,5,2,5,3.5,7,3,1
10,1,1,10,5.5,11,9,0
11,15,11,15,13.0,26,4,9
2,4,2,4,3.0,6,2,0
4,1,1,4,2.5,5,3,0
27,30,27,30,28.5,57,3,24
14,11,11,14,12.5,25,3,10
2,107,2,107,54.5,109,105,0
5,1,1,5,3.0,6,4,0
48,24,24,48,36.0,72,24,23
24,27,24,27,25.5,51,3,21
1,4,1,4,2.5,5,3,0
26,1,1,26,13.5,27,25,0
5,1,1,5,3.0,6,4,0
22,20,20,22,21.0,42,2,18
2,6,2,6,4.0,8,4,1
1,5,1,5,3.0,6,4,0
1,6,1,6,3.5,7,5,0
3,4,3,4,3.5,7,1,2
33,2,2,33,17.5,35,31,1
24,19,19,24,21.5,43,5,16
1,4,1,4,2.5,5,3,0
8,8,8,8,8.0,16,0,7
5,6,5,6,5.5,11,1,4
5,1,1,5,3.0,6,4,0
2,5,2,5,3.5,7,3,0
7,1,1,7,4.0,8,6,0
5,4,4,5,4.5,9,1,2
1,4,1,4,2.5,5,3,0
4,2,2,4,3.0,6,2,1
5,1,1,5,3.0,6,4,0
7,17,7,17,12.0,24,10,0
1,6,1,6,3.5,7,5,0
3,6,3,6,4.5,9,3,2
4,1,1,4,2.5,5,3,0
25,31,25,31,28.0,56,6,19
14,18,14,18,16.0,32,4,7
11,18,11,18,14.5,29,7,10
16,15,15,16,15.5,31,1,11
11,6,6,11,8.5,17,5,3
5,22,5,22,13.5,27,17,2
1,6,1,6,3.5,7,5,0
14,18,14,18,16.0,32,4,13
1,22,1,22,11.5,23,21,0
1,6,1,6,3.5,7,5,0
2,5,2,5,3.5,7,3,1
11,11,11,11,11.0,22,0,9
1,14,1,14,7.5,15,13,0
6,6,6,6,6.0,12,0,3
1,23,1,23,12.0,24,22,0
33,35,33,35,34.0,68,2,25
1,5,1,5,3.0,6,4,0
2,5,2,5,3.5,7,3,0
1,40,1,40,20.5,41,39,0
4,2,2,4,3.0,6,2,1
5,2,2,5,3.5,7,3,1
21,18,18,21,19.5,39,3,17
27,8,8,27,17.5,35,19,6
1,4,1,4,2.5,5,3,0
13,13,13,13,13.0,26,0,11
6,1,1,6,3.5,7,5,0
6,3,3,6,4.5,9,3,2
10,8,8,10,9.0,18,2,7
12,32,12,32,22.0,44,20,8
28,42,28,42,35.0,70,14,25
4,1,1,4,2.5,5,3,0
15,9,9,15,12.0,24,6,7
5,1,1,5,3.0,6,4,0
4,7,4,7,5.5,11,3,0
13,19,13,19,16.0,32,6,12
1,12,1,12,6.5,13,11,0
1,27,1,27,14.0,28,26,0
15,13,13,15,14.0,28,2,12
5,2,2,5,3.5,7,3,1
1,5,1,5,3.0,6,4,0
23,2,2,23,12.5,25,21,1
10,10,10,10,10.0,20,0,9
8,8,8,8,8.0,16,0,7
19,20,19,20,19.5,39,1,18
7,7,7,7,7.0,14,0,6
16,13,13,16,14.5,29,3,12
41,88,41,88,64.5,129,47,38
23,5,5,23,14.0,28,18,3
1,5,1,5,3.0,6,4,0
11,7,7,11,9.0,18,4,5
20,21,20,21,20.5,41,1,19
1,4,1,4,2.5,5,3,0
5,11,5,11,8.0,16,6,2
6,1,1,6,3.5,7,5,0
1,19,1,19,10.0,20,18,0
4,4,4,4,4.0,8,0,3
11,10,10,11,10.5,21,1,8
4,2,2,4,3.0,6,2,1
7,1,1,7,4.0,8,6,0
1,4,1,4,2.5,5,3,0
11,3,3,11,7.0,14,8,2
12,8,8,12,10.0,20,4,2
4,3,3,4,3.5,7,1,2
1,4,1,4,2.5,5,3,0
11,9,9,11,10.0,20,2,1
1,4,1,4,2.5,5,3,0
20,41,20,41,30.5,61,21,18
4,4,4,4,4.0,8,0,3
17,27,17,27,22.0,44,10,16
4,5,4,5,4.5,9,1,3
1,9,1,9,5.0,10,8,0
9,6,6,9,7.5,15,3,4
2,5,2,5,3.5,7,3,0
5,12,5,12,8.5,17,7,1
5,10,5,10,7.5,15,5,4
1,4,1,4,2.5,5,3,0
4,1,1,4,2.5,5,3,0
2,5,2,5,3.5,7,3,0
15,11,11,15,13.0,26,4,10
5,12,5,12,8.5,17,7,4
4,1,1,4,2.5,5,3,0
6,1,1,6,3.5,7,5,0
1,5,1,5,3.0,6,4,0
5,3,3,5,4.0,8,2,2
10,11,10,11,10.5,21,1,6
6,1,1,6,3.5,7,5,0
1,7,1,7,4.0,8,6,0
6,5,5,6,5.5,11,1,4
5,1,1,5,3.0,6,4,0
5,1,1,5,3.0,6,4,0
24,13,13,24,18.5,37,11,10
2,16,2,16,9.0,18,14,0
19,20,19,20,19.5,39,1,18
14,22,14,22,18.0,36,8,7
4,4,4,4,4.0,8,0,0
4,88,4,88,46.0,92,84,0
10,10,10,10,10.0,20,0,6
26,3,3,26,14.5,29,23,2
7,8,7,8,7.5,15,1,5
14,14,14,14,14.0,28,0,12
5,1,1,5,3.0,6,4,0
1,44,1,44,22.5,45,43,0
43,37,37,43,40.0,80,6,27
1,8,1,8,4.5,9,7,0
4,1,1,4,2.5,5,3,0
6,5,5,6,5.5,11,1,4
47,31,31,47,39.0,78,16,27
19,16,16,19,17.5,35,3,12
33,24,24,33,28.5,57,9,18
6,1,1,6,3.5,7,5,0
4,4,4,4,4.0,8,0,3
36,29,29,36,32.5,65,7,27
8,1,1,8,4.5,9,7,0
1,5,1,5,3.0,6,4,0
1,18,1,18,9.5,19,17,0
2,4,2,4,3.0,6,2,1
16,23,16,23,19.5,39,7,12
30,41,30,41,35.5,71,11,24
5,1,1,5,3.0,6,4,0
9,13,9,13,11.0,22,4,8
7,6,6,7,6.5,13,1,5
26,31,26,31,28.5,57,5,19
4,2,2,4,3.0,6,2,1
4,2,2,4,3.0,6,2,1
5,6,5,6,5.5,11,1,4
11,14,11,14,12.5,25,3,10
15,13,13,15,14.0,28,2,10
5,1,1,5,3.0,6,4,0
6,1,1,6,3.5,7,5,0
1,49,1,49,25.0,50,48,0
1,4,1,4,2.5,5,3,0
11,9,9,11,10.0,20,2,7
46,24,24,46,35.0,70,22,17
8,7,7,8,7.5,15,1,1
6,6,6,6,6.0,12,0,5
6,1,1,6,3.5,7,5,0
15,12,12,15,13.5,27,3,10
1,4,1,4,2.5,5,3,0
5,1,1,5,3.0,6,4,0
6,11,6,11,8.5,17,5,0
4,4,4,4,4.0,8,0,3
4,2,2,4,3.0,6,2,0
4,9,4,9,6.5,13,5,1
23,18,18,23,20.5,41,5,16
14,6,6,14,10.0,20,8,1
2,5,2,5,3.5,7,3,1
10,19,10,19,14.5,29,9,9
6,6,6,6,6.0,12,0,0
18,18,18,18,18.0,36,0,17
8,9,8,9,8.5,17,1,3
28,25,25,28,26.5,53,3,24
5,4,4,5,4.5,9,1,2
5,2,2,5,3.5,7,3,0
7,12,7,12,9.5,19,5,4
15,22,15,22,18.5,37,7,12
1,5,1,5,3.0,6,4,0
2,6,2,6,4.0,8,4,1
12,15,12,15,13.5,27,3,10
6,6,6,6,6.0,12,0,5
13,14,13,14,13.5,27,1,12
12,1,1,12,6.5,13,11,0
19,17,17,19,18.0,36,2,10
20,24,20,24,22.0,44,4,16
6,6,6,6,6.0,12,0,3
15,17,15,17,16.0,32,2,13
5,5,5,5,5.0,10,0,3
17,1,1,17,9.0,18,16,0
38,40,38,40,39.0,78,2,29
6,5,5,6,5.5,11,1,2
27,4,4,27,15.5,31,23,0
7,1,1,7,4.0,8,6,0
8,2,2,8,5.0,10,6,1
1,4,1,4,2.5,5,3,0
9,30,9,30,19.5,39,21,3
1,4,1,4,2.5,5,3,0
20,50,20,50,35.0,70,30,19
5,1,1,5,3.0,6,4,0
1,4,1,4,2.5,5,3,0
1,7,1,7,4.0,8,6,0
7,12,7,12,9.5,19,5,3
4,13,4,13,8.5,17,9,2
6,2,2,6,4.0,8,4,1
30,23,23,30,26.5,53,7,19
5,2,2,5,3.5,7,3,1
9,22,9,22,15.5,31,13,7
5,4,4,5,4.5,9,1,3
9,8,8,9,8.5,17,1,7
8,8,8,8,8.0,16,0,6
10,8,8,10,9.0,18,2,6
48,14,14,48,31.0,62,34,11
5,3,3,5,4.0,8,2,2
23,21,21,23,22.0,44,2,19
31,33,31,33,32.0,64,2,30
19,20,19,20,19.5,39,1,18
10,9,9,10,9.5,19,1,4
1,4,1,4,2.5,5,3,0
1,36,1,36,18.5,37,35,0
7,8,7,8,7.5,15,1,6
49,44,44,49,46.5,93,5,38
1,5,1,5,3.0,6,4,0
9,14,9,14,11.5,23,5,7
8,1,1,8,4.5,9,7,0
17,16,16,17,16.5,33,1,8
7,5,5,7,6.0,12,2,2
6,6,6,6,6.0,12,0,5
13,6,6,13,9.5,19,7,3
3,5,3,5,4.0,8,2,2
1,33,1,33,17.0,34,32,0
1,4,1,4,2.5,5,3,0
2,4,2,4,3.0,6,2,0
10,17,10,17,13.5,27,7,4
20,14,14,20,17.0,34,6,9
4,6,4,6,5.0,10,2,3
36,41,36,41,38.5,77,5,28
10,9,9,10,9.5,19,1,8
4,2,2,4,3.0,6,2,1
1,9,1,9,5.0,10,8,0
13,11,11,13,12.0,24,2,9
4,2,2,4,3.0,6,2,0
9,10,9,10,9.5,19,1,7
7,4,4,7,5.5,11,3,3
1,25,1,25,13.0,26,24,0
8,8,8,8,8.0,16,0,6
6,6,6,6,6.0,12,0,5
6,6,6,6,6.0,12,0,5
1,17,1,17,9.0,18,16,0
19,15,15,19,17.0,34,4,11
5,1,1,5,3.0,6,4,0
19,39,19,39,29.0,58,20,11
18,11,11,18,14.5,29,7,6
5,4,4,5,4.5,9,1,3
5,8,5,8,6.5,13,3,4
4,2,2,4,3.0,6,2,1
9,6,6,9,7.5,15,3,5
1,25,1,25,13.0,26,24,0
20,19,19,20,19.5,39,1,18
22,23,22,23,22.5,45,1,19
4,3,3,4,3.5,7,1,2
26,27,26,27,26.5,53,1,25
19,20,19,20,19.5,39,1,18
21,24,21,24,22.5,45,3,20
1,25,1,25,13.0,26,24,0
13,16,13,16,14.5,29,3,11
1,5,1,5,3.0,6,4,0
5,1,1,5,3.0,6,4,0
9,8,8,9,8.5,17,1,6
19,25,19,25,22.0,44,6,13
20,33,20,33,26.5,53,13,15
4,1,1,4,2.5,5,3,0
4,1,1,4,2.5,5,3,0
4,1,1,4,2.5,5,3,0
6,1,1,6,3.5,7,5,0
1,6,1,6,3.5,7,5,0
1,4,1,4,2.5,5,3,0
25,22,22,25,23.5,47,3,21
4,6,4,6,5.0,10,2,2
21,23,21,23,22.0,44,2,18
21,29,21,29,25.0,50,8,17
1,8,1,8,4.5,9,7,0
5,4,4,5,4.5,9,1,3
6,6,6,6,6.0,12,0,4
1,4,1,4,2.5,5,3,0
5,2,2,5,3.5,7,3,1
1,5,1,5,3.0,6,4,0
1,6,1,6,3.5,7,5,0
6,2,2,6,4.0,8,4,0
14,1,1,14,7.5,15,13,0
1,8,1,8,4.5,9,7,0
4,2,2,4,3.0,6,2,0
5,5,5,5,5.0,10,0,0
6,7,6,7,6.5,13,1,5
5,2,2,5,3.5,7,3,0
10,24,10,24,17.0,34,14,6
1,4,1,4,2.5,5,3,0
1,4,1,4,2.5,5,3,0
8,5,5,8,6.5,13,3,2
5,3,3,5,4.0,8,2,0
53,55,53,55,54.0,108,2,52
6,5,5,6,5.5,11,1,4
5,40,5,40,22.5,45,35,1
4,5,4,5,4.5,9,1,3
2,7,2,7,4.5,9,5,0
5,1,1,5,3.0,6,4,0
27,27,27,27,27.0,54,0,26
4,1,1,4,2.5,5,3,0
4,2,2,4,3.0,6,2,1
6,7,6,7,6.5,13,1,5
1,10,1,10,5.5,11,9,0
8,15,8,15,11.5,23,7,7
4,3,3,4,3.5,7,1,2
29,31,29,31,30.0,60,2,23
9,8,8,9,8.5,17,1,7
9,6,6,9,7.5,15,3,4
13,12,12,13,12.5,25,1,11
13,10,10,13,11.5,23,3,9
2,5,2,5,3.5,7,3,0
6,6,6,6,6.0,12,0,5
7,1,1,7,4.0,8,6,0
5,1,1,5,3.0,6,4,0
10,9,9,10,9.5,19,1,6
8,4,4,8,6.0,12,4,3
4,1,1,4,2.5,5,3,0
1,5,1,5,3.0,6,4,0
14,13,13,14,13.5,27,1,9
1,13,1,13,7.0,14,12,0
7,13,7,13,10.0,20,6,6
1,4,1,4,2.5,5,3,0
13,10,10,13,11.5,23,3,4
9,8,8,9,8.5,17,1,7
3,7,3,7,5.0,10,4,2
5,5,5,5,5.0,10,0,4
4,4,4,4,4.0,8,0,3
8,25,8,25,16.5,33,17,7
5,2,2,5,3.5,7,3,1
5,4,4,5,4.5,9,1,3
1,5,1,5,3.0,6,4,0
1,24,1,24,12.5,25,23,0
19,20,19,20,19.5,39,1,18
11,11,11,11,11.0,22,0,9
1,146,1,146,73.5,147,145,0
12,5,5,12,8.5,17,7,4
6,17,6,17,11.5,23,11,2
1,8,1,8,4.5,9,7,0
1,4,1,4,2.5,5,3,0
9,9,9,9,9.0,18,0,8
5,4,4,5,4.5,9,1,3
8,10,8,10,9.0,18,2,5
17,18,17,18,17.5,35,1,15
7,6,6,7,6.5,13,1,5
4,1,1,4,2.5,5,3,0
4,2,2,4,3.0,6,2,1
7,1,1,7,4.0,8,6,0
2,6,2,6,4.0,8,4,1
6,2,2,6,4.0,8,4,1
10,1,1,10,5.5,11,9,0
4,7,4,7,5.5,11,3,2
8,1,1,8,4.5,9,7,0
1,14,1,14,7.5,15,13,0
9,13,9,13,11.0,22,4,8
1,4,1,4,2.5,5,3,0
19,19,19,19,19.0,38,0,18
13,1,1,13,7.0,14,12,0
1,4,1,4,2.5,5,3,0
43,24,24,43,33.5,67,19,21
20,23,20,23,21.5,43,3,16
4,2,2,4,3.0,6,2,1
12,12,12,12,12.0,24,0,11
14,13,13,14,13.5,27,1,12
12,11,11,12,11.5,23,1,10
8,1,1,8,4.5,9,7,0
1,5,1,5,3.0,6,4,0
5,1,1,5,3.0,6,4,0
1,12,1,12,6.5,13,11,0
4,1,1,4,2.5,5,3,0
1,4,1,4,2.5,5,3,0
5,1,1,5,3.0,6,4,0
43,26,26,43,34.5,69,17,25
3,5,3,5,4.0,8,2,2
1,4,1,4,2.5,5,3,0
1,4,1,4,2.5,5,3,0
1,5,1,5,3.0,6,4,0
1,6,1,6,3.5,7,5,0
11,1,1,11,6.0,12,10,0
4,7,4,7,5.5,11,3,1
8,13,8,13,10.5,21,5,2
1,13,1,13,7.0,14,12,0
4,1,1,4,2.5,5,3,0
5,5,5,5,5.0,10,0,4
9,6,6,9,7.5,15,3,4
6,1,1,6,3.5,7,5,0
5,4,4,5,4.5,9,1,3
10,8,8,10,9.0,18,2,6
31,33,31,33,32.0,64,2,30
6,5,5,6,5.5,11,1,1
12,20,12,20,16.0,32,8,7
38,7,7,38,22.5,45,31,6
14,17,14,17,15.5,31,3,12
1,6,1,6,3.5,7,5,0
7,7,7,7,7.0,14,0,1
8,8,8,8,8.0,16,0,7
1,7,1,7,4.0,8,6,0
12,14,12,14,13.0,26,2,7
4,1,1,4,2.5,5,3,0
4,1,1,4,2.5,5,3,0
33,33,33,33,33.0,66,0,31
5,1,1,5,3.0,6,4,0
1,107,1,107,54.0,108,106,0
7,1,1,7,4.0,8,6,0
38,23,23,38,30.5,61,15,21
11,11,11,11,11.0,22,0,10
4,1,1,4,2.5,5,3,0
4,1,1,4,2.5,5,3,0
31,30,30,31,30.5,61,1,29
5,2,2,5,3.5,7,3,1
3,4,3,4,3.5,7,1,1
16,15,15,16,15.5,31,1,12
6,1,1,6,3.5,7,5,0
7,7,7,7,7.0,14,0,4
5,5,5,5,5.0,10,0,4
31,36,31,36,33.5,67,5,28
7,31,7,31,19.0,38,24,6
18,15,15,18,16.5,33,3,12
4,1,1,4,2.5,5,3,0
8,2,2,8,5.0,10,6,1
1,4,1,4,2.5,5,3,0
34,43,34,43,38.5,77,9,27
1,6,1,6,3.5,7,5,0
27,27,27,27,27.0,54,0,26
3,4,3,4,3.5,7,1,2
26,26,26,26,26.0,52,0,25
4,8,4,8,6.0,12,4,0
5,3,3,5,4.0,8,2,2
16,8,8,16,12.0,24,8,5
9,11,9,11,10.0,20,2,8
5,1,1,5,3.0,6,4,0
9,5,5,9,7.0,14,4,4
2,5,2,5,3.5,7,3,0
21,27,21,27,24.0,48,6,18
1,4,1,4,2.5,5,3,0
7,1,1,7,4.0,8,6,0
1,13,1,13,7.0,14,12,0
4,4,4,4,4.0,8,0,3
13,11,11,13,12.0,24,2,10
8,7,7,8,7.5,15,1,6
13,4,4,13,8.5,17,9,1
6,1,1,6,3.5,7,5,0
4,1,1,4,2.5,5,3,0
9,9,9,9,9.0,18,0,8
19,18,18,19,18.5,37,1,17
22,23,22,23,22.5,45,1,18
1,4,1,4,2.5,5,3,0
4,6,4,6,5.0,10,2,2
27,27,27,27,27.0,54,0,21
4,4,4,4,4.0,8,0,3
1,5,1,5,3.0,6,4,0
9,6,6,9,7.5,15,3,5
4,1,1,4,2.5,5,3,0
4,7,4,7,5.5,11,3,3
4,6,4,6,5.0,10,2,0
4,1,1,4,2.5,5,3,0
14,8,8,14,11.0,22,6,3
5,5,5,5,5.0,10,0,0
6,6,6,6,6.0,12,0,3
42,43,42,43,42.5,85,1,40
1,6,1,6,3.5,7,5,0
5,5,5,5,5.0,10,0,1
4,7,4,7,5.5,11,3,0
6,6,6,6,6.0,12,0,5
4,5,4,5,4.5,9,1,3
5,6,5,6,5.5,11,1,3
7,1,1,7,4.0,8,6,0
11,11,11,11,11.0,22,0,10
2,4,2,4,3.0,6,2,1
17,18,17,18,17.5,35,1,15
19,19,19,19,19.0,38,0,18
10,12,10,12,11.0,22,2,8
1,4,1,4,2.5,5,3,0
11,1,1,11,6.0,12,10,0
9,9,9,9,9.0,18,0,6
9,8,8,9,8.5,17,1,7
1,4,1,4,2.5,5,3,0
12,8,8,12,10.0,20,4,1
7,6,6,7,6.5,13,1,5
5,1,1,5,3.0,6,4,0
1,4,1,4,2.5,5,3,0
6,6,6,6,6.0,12,0,5
19,1,1,19,10.0,20,18,0
1,4,1,4,2.5,5,3,0
1,4,1,4,2.5,5,3,0
1,5,1,5,3.0,6,4,0
1,4,1,4,2.5,5,3,0
6,1,1,6,3.5,7,5,0
5,10,5,10,7.5,15,5,4
10,9,9,10,9.5,19,1,8
4,1,1,4,2.5,5,3,0
5,1,1,5,3.0,6,4,0
3,10,3,10,6.5,13,7,1
14,13,13,14,13.5,27,1,11
11,4,4,11,7.5,15,7,0
1,105,1,105,53.0,106,104,0
1,4,1,4,2.5,5,3,0
5,2,2,5,3.5,7,3,1
1,4,1,4,2.5,5,3,0
41,44,41,44,42.5,85,3,31
3,6,3,6,4.5,9,3,2
4,1,1,4,2.5,5,3,0
11,17,11,17,14.0,28,6,3
19,22,19,22,20.5,41,3,18
1,6,1,6,3.5,7,5,0
8,1,1,8,4.5,9,7,0
2,4,2,4,3.0,6,2,1
6,6,6,6,6.0,12,0,4
5,1,1,5,3.0,6,4,0
5,5,5,5,5.0,10,0,4
9,10,9,10,9.5,19,1,8
4,5,4,5,4.5,9,1,3
16,11,11,16,13.5,27,5,9
9,1,1,9,5.0,10,8,0
1,4,1,4,2.5,5,3,0
8,5,5,8,6.5,13,3,3
11,7,7,11,9.0,18,4,6
11,11,11,11,11.0,22,0,10
6,5,5,6,5.5,11,1,1
5,1,1,5,3.0,6,4,0
6,6,6,6,6.0,12,0,4
42,34,34,42,38.0,76,8,27
2,10,2,10,6.0,12,8,0
4,1,1,4,2.5,5,3,0
4,1,1,4,2.5,5,3,0
3,5,3,5,4.0,8,2,2
4,11,4,11,7.5,15,7,3
9,1,1,9,5.0,10,8,0
4,4,4,4,4.0,8,0,3
1,4,1,4,2.5,5,3,0
1,4,1,4,2.5,5,3,0
20,21,20,21,20.5,41,1,17
4,4,4,4,4.0,8,0,0
5,7,5,7,6.0,12,2,4
4,1,1,4,2.5,5,3,0
7,4,4,7,5.5,11,3,3
5,2,2,5,3.5,7,3,0
4,2,2,4,3.0,6,2,1
15,13,13,15,14.0,28,2,8
16,15,15,16,15.5,31,1,9
6,10,6,10,8.0,16,4,0
11,10,10,11,10.5,21,1,6
1,24,1,24,12.5,25,23,0
6,6,6,6,6.0,12,0,5
1,8,1,8,4.5,9,7,0
24,17,17,24,20.5,41,7,12
7,2,2,7,4.5,9,5,1
3,19,3,19,11.0,22,16,1
10,1,1,10,5.5,11,9,0
1,5,1,5,3.0,6,4,0
1,35,1,35,18.0,36,34,0
4,9,4,9,6.5,13,5,0
1,5,1,5,3.0,6,4,0
25,12,12,25,18.5,37,13,7
4,6,4,6,5.0,10,2,2
2,7,2,7,4.5,9,5,1
6,6,6,6,6.0,12,0,5
23,18,18,23,20.5,41,5,15
6,7,6,7,6.5,13,1,4
5,5,5,5,5.0,10,0,4
23,29,23,29,26.0,52,6,20
5,7,5,7,6.0,12,2,0
18,7,7,18,12.5,25,11,5
4,4,4,4,4.0,8,0,3
10,3,3,10,6.5,13,7,2
1,9,1,9,5.0,10,8,0
5,2,2,5,3.5,7,3,1
5,4,4,5,4.5,9,1,0
61,19,19,61,40.0,80,42,8
7,6,6,7,6.5,13,1,3
1,5,1,5,3.0,6,4,0
9,9,9,9,9.0,18,0,8
14,15,14,15,14.5,29,1,10
1,4,1,4,2.5,5,3,0
9,28,9,28,18.5,37,19,5
6,1,1,6,3.5,7,5,0
9,17,9,17,13.0,26,8,8
8,22,8,22,15.0,30,14,5
4,1,1,4,2.5,5,3,0
6,1,1,6,3.5,7,5,0
25,25,25,25,25.0,50,0,24
7,1,1,7,4.0,8,6,0
1,33,1,33,17.0,34,32,0
6,1,1,6,3.5,7,5,0
4,1,1,4,2.5,5,3,0
8,14,8,14,11.0,22,6,4
1,39,1,39,20.0,40,38,0
37,25,25,37,31.0,62,12,11
2,8,2,8,5.0,10,6,1
5,5,5,5,5.0,10,0,4
20,13,13,20,16.5,33,7,10
11,14,11,14,12.5,25,3,9
8,1,1,8,4.5,9,7,0
26,26,26,26,26.0,52,0,25
10,23,10,23,16.5,33,13,5
1,4,1,4,2.5,5,3,0
7,10,7,10,8.5,17,3,6
5,1,1,5,3.0,6,4,0
9,10,9,10,9.5,19,1,8
1,4,1,4,2.5,5,3,0
7,9,7,9,8.0,16,2,3
1,9,1,9,5.0,10,8,0
12,10,10,12,11.0,22,2,9
7,1,1,7,4.0,8,6,0
17,14,14,17,15.5,31,3,5
10,1,1,10,5.5,11,9,0
30,32,30,32,31.0,62,2,23
7,1,1,7,4.0,8,6,0
11,20,11,20,15.5,31,9,8
6,6,6,6,6.0,12,0,3
6,2,2,6,4.0,8,4,1
16,1,1,16,8.5,17,15,0
5,4,4,5,4.5,9,1,1
20,20,20,20,20.0,40,0,17
16,43,16,43,29.5,59,27,1
1,4,1,4,2.5,5,3,0
14,14,14,14,14.0,28,0,12
5,6,5,6,5.5,11,1,4
4,1,1,4,2.5,5,3,0
4,1,1,4,2.5,5,3,0
7,1,1,7,4.0,8,6,0
8,8,8,8,8.0,16,0,7
10,12,10,12,11.0,22,2,4
7,1,1,7,4.0,8,6,0
2,15,2,15,8.5,17,13,0
6,6,6,6,6.0,12,0,4
23,21,21,23,22.0,44,2,19
7,6,6,7,6.5,13,1,5
14,14,14,14,14.0,28,0,13
4,1,1,4,2.5,5,3,0
1,7,1,7,4.0,8,6,0
1,9,1,9,5.0,10,8,0
1,43,1,43,22.0,44,42,0
3,22,3,22,12.5,25,19,0
4,5,4,5,4.5,9,1,3
10,9,9,10,9.5,19,1,8
4,1,1,4,2.5,5,3,0
9,5,5,9,7.0,14,4,4
1,8,1,8,4.5,9,7,0
11,11,11,11,11.0,22,0,10
7,5,5,7,6.0,12,2,3
14,12,12,14,13.0,26,2,11
41,23,23,41,32.0,64,18,22
6,7,6,7,6.5,13,1,5
4,2,2,4,3.0,6,2,1
32,20,20,32,26.0,52,12,17
4,5,4,5,4.5,9,1,3
36,33,33,36,34.5,69,3,29
1,6,1,6,3.5,7,5,0
13,14,13,14,13.5,27,1,12
5,20,5,20,12.5,25,15,3
13,10,10,13,11.5,23,3,7
5,8,5,8,6.5,13,3,4
1,33,1,33,17.0,34,32,0
32,33,32,33,32.5,65,1,31
7,10,7,10,8.5,17,3,6
1,15,1,15,8.0,16,14,0
8,6,6,8,7.0,14,2,5
4,1,1,4,2.5,5,3,0
1,15,1,15,8.0,16,14,0
4,5,4,5,4.5,9,1,3
1,8,1,8,4.5,9,7,0
6,1,1,6,3.5,7,5,0
3,6,3,6,4.5,9,3,2
18,16,16,18,17.0,34,2,11
1,4,1,4,2.5,5,3,0
21,24,21,24,22.5,45,3,20
12,6,6,12,9.0,18,6,4
5,1,1,5,3.0,6,4,0
39,41,39,41,40.0,80,2,35
38,26,26,38,32.0,64,12,23
24,21,21,24,22.5,45,3,11
11,14,11,14,12.5,25,3,10
20,2,2,20,11.0,22,18,0
11,9,9,11,10.0,20,2,4
13,56,13,56,34.5,69,43,0
1,5,1,5,3.0,6,4,0
16,17,16,17,16.5,33,1,12
34,41,34,41,37.5,75,7,30
1,4,1,4,2.5,5,3,0
18,10,10,18,14.0,28,8,9
19,24,19,24,21.5,43,5,18
49,23,23,49,36.0,72,26,21
6,4,4,6,5.0,10,2,2
7,3,3,7,5.0,10,4,0
2,11,2,11,6.5,13,9,0
22,1,1,22,11.5,23,21,0
11,6,6,11,8.5,17,5,4
4,1,1,4,2.5,5,3,0
1,18,1,18,9.5,19,17,0
6,6,6,6,6.0,12,0,5
14,17,14,17,15.5,31,3,5
4,2,2,4,3.0,6,2,1
31,32,31,32,31.5,63,1,24
1,4,1,4,2.5,5,3,0
2,13,2,13,7.5,15,11,0
20,19,19,20,19.5,39,1,17
13,2,2,13,7.5,15,11,0
5,3,3,5,4.0,8,2,2
9,9,9,9,9.0,18,0,7
21,14,14,21,17.5,35,7,12
5,3,3,5,4.0,8,2,2
8,8,8,8,8.0,16,0,7
6,19,6,19,12.5,25,13,5
1,11,1,11,6.0,12,10,0
10,2,2,10,6.0,12,8,0
8,1,1,8,4.5,9,7,0
23,1,1,23,12.0,24,22,0
4,1,1,4,2.5,5,3,0
15,15,15,15,15.0,30,0,11
1,5,1,5,3.0,6,4,0
5,4,4,5,4.5,9,1,3
13,15,13,15,14.0,28,2,12
20,17,17,20,18.5,37,3,15
5,3,3,5,4.0,8,2,2
4,1,1,4,2.5,5,3,0
25,12,12,25,18.5,37,13,7
6,9,6,9,7.5,15,3,5
24,20,20,24,22.0,44,4,19
8,21,8,21,14.5,29,13,7
6,2,2,6,4.0,8,4,1
10,5,5,10,7.5,15,5,4
31,47,31,47,39.0,78,16,30
7,4,4,7,5.5,11,3,1
4,1,1,4,2.5,5,3,0
14,16,14,16,15.0,30,2,13
2,7,2,7,4.5,9,5,1
7,7,7,7,7.0,14,0,5
10,10,10,10,10.0,20,0,9
5,5,5,5,5.0,10,0,4
4,1,1,4,2.5,5,3,0
10,10,10,10,10.0,20,0,8
6,2,2,6,4.0,8,4,0
10,15,10,15,12.5,25,5,9
10,11,10,11,10.5,21,1,9
1,5,1,5,3.0,6,4,0
5,5,5,5,5.0,10,0,4
1,4,1,4,2.5,5,3,0
31,15,15,31,23.0,46,16,8
16,25,16,25,20.5,41,9,15
4,4,4,4,4.0,8,0,3
19,65,19,65,42.0,84,46,14
23,1,1,23,12.0,24,22,0
5,1,1,5,3.0,6,4,0
14,1,1,14,7.5,15,13,0
6,6,6,6,6.0,12,0,2
1,4,1,4,2.5,5,3,0
13,12,12,13,12.5,25,1,11
4,1,1,4,2.5,5,3,0
13,12,12,13,12.5,25,1,11
4,1,1,4,2.5,5,3,0
4,1,1,4,2.5,5,3,0
5,5,5,5,5.0,10,0,3
5,6,5,6,5.5,11,1,0
8,11,8,11,9.5,19,3,6
13,22,13,22,17.5,35,9,10
1,35,1,35,18.0,36,34,0
7,11,7,11,9.0,18,4,4
4,5,4,5,4.5,9,1,2
10,10,10,10,10.0,20,0,9
6,1,1,6,3.5,7,5,0
7,4,4,7,5.5,11,3,3
1,5,1,5,3.0,6,4,0
11,5,5,11,8.0,16,6,4
49,48,48,49,48.5,97,1,38
6,5,5,6,5.5,11,1,2
1,5,1,5,3.0,6,4,0
2,8,2,8,5.0,10,6,0
9,1,1,9,5.0,10,8,0
5,1,1,5,3.0,6,4,0
17,18,17,18,17.5,35,1,15
3,14,3,14,8.5,17,11,1
42,44,42,44,43.0,86,2,39
4,1,1,4,2.5,5,3,0
10,8,8,10,9.0,18,2,7
7,8,7,8,7.5,15,1,5
11,12,11,12,11.5,23,1,10
8,8,8,8,8.0,16,0,7
18,19,18,19,18.5,37,1,17
13,18,13,18,15.5,31,5,10
3,5,3,5,4.0,8,2,2
16,24,16,24,20.0,40,8,15
4,2,2,4,3.0,6,2,1
9,5,5,9,7.0,14,4,0
26,25,25,26,25.5,51,1,19
6,5,5,6,5.5,11,1,4
7,6,6,7,6.5,13,1,0
7,13,7,13,10.0,20,6,5
8,4,4,8,6.0,12,4,0
1,8,1,8,4.5,9,7,0
13,17,13,17,15.0,30,4,8
13,14,13,14,13.5,27,1,11
4,7,4,7,5.5,11,3,3
32,31,31,32,31.5,63,1,29
20,24,20,24,22.0,44,4,18
1,22,1,22,11.5,23,21,0
1,16,1,16,8.5,17,15,0
1,4,1,4,2.5,5,3,0
17,16,16,17,16.5,33,1,14
8,9,8,9,8.5,17,1,7
4,6,4,6,5.0,10,2,0
13,22,13,22,17.5,35,9,12
10,5,5,10,7.5,15,5,4
1,13,1,13,7.0,14,12,0
6,7,6,7,6.5,13,1,5
1,4,1,4,2.5,5,3,0
1,6,1,6,3.5,7,5,0
8,3,3,8,5.5,11,5,0
4,1,1,4,2.5,5,3,0
4,1,1,4,2.5,5,3,0
7,7,7,7,7.0,14,0,6
6,6,6,6,6.0,12,0,5
6,4,4,6,5.0,10,2,3
5,5,5,5,5.0,10,0,4
9,5,5,9,7.0,14,4,4
7,7,7,7,7.0,14,0,6
12,11,11,12,11.5,23,1,10
42,28,28,42,35.0,70,14,25
10,9,9,10,9.5,19,1,8
14,25,14,25,19.5,39,11,12
5,2,2,5,3.5,7,3,1
6,1,1,6,3.5,7,5,0
7,10,7,10,8.5,17,3,6
2,11,2,11,6.5,13,9,0
8,6,6,8,7.0,14,2,5
9,1,1,9,5.0,10,8,0
1,4,1,4,2.5,5,3,0
41,40,40,41,40.5,81,1,33
5,1,1,5,3.0,6,4,0
4,1,1,4,2.5,5,3,0
4,7,4,7,5.5,11,3,0
11,15,11,15,13.0,26,4,10
4,1,1,4,2.5,5,3,0
1,5,1,5,3.0,6,4,0
6,1,1,6,3.5,7,5,0
4,8,4,8,6.0,12,4,1
33,22,22,33,27.5,55,11,20
40,36,36,40,38.0,76,4,33
5,1,1,5,3.0,6,4,0
1,5,1,5,3.0,6,4,0
14,19,14,19,16.5,33,5,13
1,4,1,4,2.5,5,3,0
1,6,1,6,3.5,7,5,0
6,1,1,6,3.5,7,5,0
9,1,1,9,5.0,10,8,0
10,6,6,10,8.0,16,4,5
7,1,1,7,4.0,8,6,0
6,1,1,6,3.5,7,5,0
7,4,4,7,5.5,11,3,3
1,5,1,5,3.0,6,4,0
19,20,19,20,19.5,39,1,16
5,4,4,5,4.5,9,1,3
15,7,7,15,11.0,22,8,4
1,4,1,4,2.5,5,3,0
12,12,12,12,12.0,24,0,10
10,26,10,26,18.0,36,16,7
1,105,1,105,53.0,106,104,0
1,5,1,5,3.0,6,4,0
3,14,3,14,8.5,17,11,2
4,1,1,4,2.5,5,3,0
34,30,30,34,32.0,64,4,27
10,32,10,32,21.0,42,22,8
2,4,2,4,3.0,6,2,1
5,1,1,5,3.0,6,4,0
5,4,4,5,4.5,9,1,3
10,1,1,10,5.5,11,9,0
4,4,4,4,4.0,8,0,1
1,4,1,4,2.5,5,3,0
1,4,1,4,2.5,5,3,0
3,5,3,5,4.0,8,2,2
13,12,12,13,12.5,25,1,11
1,4,1,4,2.5,5,3,0
5,5,5,5,5.0,10,0,4
1,13,1,13,7.0,14,12,0
4,1,1,4,2.5,5,3,0
26,16,16,26,21.0,42,10,15
1,5,1,5,3.0,6,4,0
4,2,2,4,3.0,6,2,1
5,5,5,5,5.0,10,0,4
1,4,1,4,2.5,5,3,0
5,2,2,5,3.5,7,3,0
4,4,4,4,4.0,8,0,2
41,30,30,41,35.5,71,11,24
20,19,19,20,19.5,39,1,17
14,18,14,18,16.0,32,4,13
15,22,15,22,18.5,37,7,11
3,10,3,10,6.5,13,7,1
4,1,1,4,2.5,5,3,0
40,38,38,40,39.0,78,2,37
2,22,2,22,12.0,24,20,1
4,5,4,5,4.5,9,1,3
6,1,1,6,3.5,7,5,0
5,1,1,5,3.0,6,4,0
5,1,1,5,3.0,6,4,0
5,1,1,5,3.0,6,4,0
2,6,2,6,4.0,8,4,1
6,1,1,6,3.5,7,5,0
4,1,1,4,2.5,5,3,0
1,4,1,4,2.5,5,3,0
4,1,1,4,2.5,5,3,0
2,6,2,6,4.0,8,4,0
12,12,12,12,12.0,24,0,7
14,16,14,16,15.0,30,2,6
5,5,5,5,5.0,10,0,4
24,23,23,24,23.5,47,1,22
8,7,7,8,7.5,15,1,6
6,1,1,6,3.5,7,5,0
43,36,36,43,39.5,79,7,33
13,15,13,15,14.0,28,2,10
9,1,1,9,5.0,10,8,0
4,4,4,4,4.0,8,0,2
4,1,1,4,2.5,5,3,0
8,2,2,8,5.0,10,6,1
1,4,1,4,2.5,5,3,0
8,13,8,13,10.5,21,5,6
9,7,7,9,8.0,16,2,4
4,1,1,4,2.5,5,3,0
11,6,6,11,8.5,17,5,0
29,29,29,29,29.0,58,0,20
39,28,28,39,33.5,67,11,23
4,8,4,8,6.0,12,4,3
4,1,1,4,2.5,5,3,0
2,22,2,22,12.0,24,20,0
51,37,37,51,44.0,88,14,29
1,11,1,11,6.0,12,10,0
1,6,1,6,3.5,7,5,0
2,5,2,5,3.5,7,3,1
10,10,10,10,10.0,20,0,7
4,1,1,4,2.5,5,3,0
1,4,1,4,2.5,5,3,0
4,1,1,4,2.5,5,3,0
4,1,1,4,2.5,5,3,0
5,4,4,5,4.5,9,1,2
4,4,4,4,4.0,8,0,3
1,10,1,10,5.5,11,9,0
9,7,7,9,8.0,16,2,5
11,13,11,13,12.0,24,2,9
7,2,2,7,4.5,9,5,1
13,8,8,13,10.5,21,5,6
6,1,1,6,3.5,7,5,0
25,33,25,33,29.0,58,8,18
2,5,2,5,3.5,7,3,0
11,1,1,11,6.0,12,10,0
6,6,6,6,6.0,12,0,5
12,13,12,13,12.5,25,1,10
5,2,2,5,3.5,7,3,1
1,4,1,4,2.5,5,3,0
7,7,7,7,7.0,14,0,1
13,12,12,13,12.5,25,1,8
1,4,1,4,2.5,5,3,0
19,19,19,19,19.0,38,0,16
1,5,1,5,3.0,6,4,0
8,16,8,16,12.0,24,8,7
8,10,8,10,9.0,18,2,6
3,16,3,16,9.5,19,13,2
1,6,1,6,3.5,7,5,0
5,6,5,6,5.5,11,1,4
30,32,30,32,31.0,62,2,29
32,32,32,32,32.0,64,0,29
1,5,1,5,3.0,6,4,0
9,11,9,11,10.0,20,2,4
15,15,15,15,15.0,30,0,14
5,7,5,7,6.0,12,2,4
3,4,3,4,3.5,7,1,2
7,1,1,7,4.0,8,6,0
1,4,1,4,2.5,5,3,0
32,24,24,32,28.0,56,8,13
6,8,6,8,7.0,14,2,4
5,4,4,5,4.5,9,1,3
9,10,9,10,9.5,19,1,6
12,10,10,12,11.0,22,2,8
6,1,1,6,3.5,7,5,0
5,2,2,5,3.5,7,3,0
10,9,9,10,9.5,19,1,8
4,1,1,4,2.5,5,3,0
5,8,5,8,6.5,13,3,4
14,13,13,14,13.5,27,1,11
21,12,12,21,16.5,33,9,10
1,12,1,12,6.5,13,11,0
5,6,5,6,5.5,11,1,4
12,10,10,12,11.0,22,2,9
19,24,19,24,21.5,43,5,13
1,7,1,7,4.0,8,6,0
16,21,16,21,18.5,37,5,9
50,49,49,50,49.5,99,1,30
7,4,4,7,5.5,11,3,3
5,4,4,5,4.5,9,1,0
6,5,5,6,5.5,11,1,4
10,14,10,14,12.0,24,4,3
3,5,3,5,4.0,8,2,0
5,4,4,5,4.5,9,1,3
2,107,2,107,54.5,109,105,0
3,5,3,5,4.0,8,2,2
41,46,41,46,43.5,87,5,40
4,5,4,5,4.5,9,1,3
4,4,4,4,4.0,8,0,3
14,14,14,14,14.0,28,0,13
1,5,1,5,3.0,6,4,0
6,6,6,6,6.0,12,0,5
39,16,16,39,27.5,55,23,12
1,5,1,5,3.0,6,4,0
17,1,1,17,9.0,18,16,0
8,8,8,8,8.0,16,0,6
28,23,23,28,25.5,51,5,22
15,13,13,15,14.0,28,2,11
5,1,1,5,3.0,6,4,0
4,1,1,4,2.5,5,3,0
2,4,2,4,3.0,6,2,1
10,19,10,19,14.5,29,9,8
3,7,3,7,5.0,10,4,1
52,8,8,52,30.0,60,44,7
22,15,15,22,18.5,37,7,12
4,1,1,4,2.5,5,3,0
6,8,6,8,7.0,14,2,5
4,1,1,4,2.5,5,3,0
18,9,9,18,13.5,27,9,7
4,1,1,4,2.5,5,3,0
1,5,1,5,3.0,6,4,0
22,31,22,31,26.5,53,9,18
18,25,18,25,21.5,43,7,17
2,4,2,4,3.0,6,2,0
1,4,1,4,2.5,5,3,0
5,7,5,7,6.0,12,2,4
23,5,5,23,14.0,28,18,3
7,7,7,7,7.0,14,0,6
4,1,1,4,2.5,5,3,0
48,21,21,48,34.5,69,27,14
4,1,1,4,2.5,5,3,0
1,4,1,4,2.5,5,3,0
17,16,16,17,16.5,33,1,14
1,35,1,35,18.0,36,34,0
7,12,7,12,9.5,19,5,6
47,17,17,47,32.0,64,30,12
5,1,1,5,3.0,6,4,0
8,8,8,8,8.0,16,0,7
27,50,27,50,38.5,77,23,26
9,4,4,9,6.5,13,5,0
13,1,1,13,7.0,14,12,0
7,6,6,7,6.5,13,1,5
4,1,1,4,2.5,5,3,0
1,5,1,5,3.0,6,4,0
6,1,1,6,3.5,7,5,0
12,12,12,12,12.0,24,0,11
1,5,1,5,3.0,6,4,0
16,16,16,16,16.0,32,0,14
4,8,4,8,6.0,12,4,2
1,4,1,4,2.5,5,3,0
1,10,1,10,5.5,11,9,0
7,6,6,7,6.5,13,1,4
6,6,6,6,6.0,12,0,1
6,6,6,6,6.0,12,0,5
5,5,5,5,5.0,10,0,4
13,14,13,14,13.5,27,1,9
6,4,4,6,5.0,10,2,3
1,10,1,10,5.5,11,9,0
5,4,4,5,4.5,9,1,2
33,23,23,33,28.0,56,10,19
1,4,1,4,2.5,5,3,0
18,10,10,18,14.0,28,8,8
1,4,1,4,2.5,5,3,0
4,3,3,4,3.5,7,1,1
5,1,1,5,3.0,6,4,0
1,10,1,10,5.5,11,9,0
14,17,14,17,15.5,31,3,12
9,10,9,10,9.5,19,1,6
3,4,3,4,3.5,7,1,2
5,5,5,5,5.0,10,0,4
8,7,7,8,7.5,15,1,6
7,1,1,7,4.0,8,6,0
6,3,3,6,4.5,9,3,2
5,1,1,5,3.0,6,4,0
4,1,1,4,2.5,5,3,0
3,6,3,6,4.5,9,3,2
6,1,1,6,3.5,7,5,0
1,8,1,8,4.5,9,7,0
4,4,4,4,4.0,8,0,3
16,39,16,39,27.5,55,23,14
9,9,9,9,9.0,18,0,8
8,7,7,8,7.5,15,1,6
15,8,8,15,11.5,23,7,7
10,8,8,10,9.0,18,2,7
4,4,4,4,4.0,8,0,1
3,4,3,4,3.5,7,1,2
8,9,8,9,8.5,17,1,7
2,15,2,15,8.5,17,13,0
5,1,1,5,3.0,6,4,0
8,13,8,13,10.5,21,5,4
2,31,2,31,16.5,33,29,1
4,6,4,6,5.0,10,2,3
6,3,3,6,4.5,9,3,2
7,7,7,7,7.0,14,0,6
6,7,6,7,6.5,13,1,2
5,4,4,5,4.5,9,1,2
3,4,3,4,3.5,7,1,2
5,1,1,5,3.0,6,4,0
4,6,4,6,5.0,10,2,3
5,5,5,5,5.0,10,0,4
15,14,14,15,14.5,29,1,13
1,4,1,4,2.5,5,3,0
24,20,20,24,22.0,44,4,16
9,52,9,52,30.5,61,43,3
12,14,12,14,13.0,26,2,9
4,5,4,5,4.5,9,1,3
10,1,1,10,5.5,11,9,0
26,9,9,26,17.5,35,17,0
13,2,2,13,7.5,15,11,1
20,19,19,20,19.5,39,1,17
29,5,5,29,17.0,34,24,1
9,12,9,12,10.5,21,3,8
2,4,2,4,3.0,6,2,1
14,23,14,23,18.5,37,9,7
27,27,27,27,27.0,54,0,26
2,10,2,10,6.0,12,8,0
4,1,1,4,2.5,5,3,0
1,8,1,8,4.5,9,7,0
5,4,4,5,4.5,9,1,3
1,6,1,6,3.5,7,5,0
5,1,1,5,3.0,6,4,0
7,12,7,12,9.5,19,5,0
2,7,2,7,4.5,9,5,0
20,19,19,20,19.5,39,1,16
10,18,10,18,14.0,28,8,7
7,7,7,7,7.0,14,0,6
5,2,2,5,3.5,7,3,1
11,7,7,11,9.0,18,4,6
1,4,1,4,2.5,5,3,0
12,12,12,12,12.0,24,0,10
12,3,3,12,7.5,15,9,1
6,6,6,6,6.0,12,0,3
1,7,1,7,4.0,8,6,0
18,24,18,24,21.0,42,6,16
5,7,5,7,6.0,12,2,2
5,1,1,5,3.0,6,4,0
4,4,4,4,4.0,8,0,3
16,6,6,16,11.0,22,10,2
27,12,12,27,19.5,39,15,11
27,28,27,28,27.5,55,1,26
1,5,1,5,3.0,6,4,0
32,32,32,32,32.0,64,0,31
1,10,1,10,5.5,11,9,0
15,9,9,15,12.0,24,6,6
13,12,12,13,12.5,25,1,11
5,5,5,5,5.0,10,0,4
33,34,33,34,33.5,67,1,21
1,22,1,22,11.5,23,21,0
6,14,6,14,10.0,20,8,5
4,6,4,6,5.0,10,2,3
10,6,6,10,8.0,16,4,3
16,9,9,16,12.5,25,7,4
9,7,7,9,8.0,16,2,6
6,1,1,6,3.5,7,5,0
15,13,13,15,14.0,28,2,12
1,18,1,18,9.5,19,17,0
9,1,1,9,5.0,10,8,0
21,22,21,22,21.5,43,1,20
23,2,2,23,12.5,25,21,0
11,1,1,11,6.0,12,10,0
5,1,1,5,3.0,6,4,0
6,4,4,6,5.0,10,2,1
5,1,1,5,3.0,6,4,0
5,6,5,6,5.5,11,1,4
4,2,2,4,3.0,6,2,0
5,7,5,7,6.0,12,2,3
9,8,8,9,8.5,17,1,6
4,1,1,4,2.5,5,3,0
31,40,31,40,35.5,71,9,21
15,3,3,15,9.0,18,12,0
15,14,14,15,14.5,29,1,13
2,6,2,6,4.0,8,4,1
4,2,2,4,3.0,6,2,0
1,4,1,4,2.5,5,3,0
15,20,15,20,17.5,35,5,13
6,1,1,6,3.5,7,5,0
4,12,4,12,8.0,16,8,1
9,8,8,9,8.5,17,1,1
12,15,12,15,13.5,27,3,11
5,4,4,5,4.5,9,1,1
1,9,1,9,5.0,10,8,0
6,1,1,6,3.5,7,5,0
1,4,1,4,2.5,5,3,0
20,1,1,20,10.5,21,19,0
2,5,2,5,3.5,7,3,1
1,4,1,4,2.5,5,3,0
4,2,2,4,3.0,6,2,0
5,1,1,5,3.0,6,4,0
6,1,1,6,3.5,7,5,0
19,15,15,19,17.0,34,4,14
12,14,12,14,13.0,26,2,11
25,25,25,25,25.0,50,0,23
5,4,4,5,4.5,9,1,3
1,6,1,6,3.5,7,5,0
1,7,1,7,4.0,8,6,0
7,5,5,7,6.0,12,2,2
1,16,1,16,8.5,17,15,0
5,4,4,5,4.5,9,1,3
6,1,1,6,3.5,7,5,0
1,4,1,4,2.5,5,3,0
1,4,1,4,2.5,5,3,0
11,37,11,37,24.0,48,26,10
16,2,2,16,9.0,18,14,0
5,1,1,5,3.0,6,4,0
8,13,8,13,10.5,21,5,7
5,34,5,34,19.5,39,29,1
1,6,1,6,3.5,7,5,0
4,2,2,4,3.0,6,2,1
14,11,11,14,12.5,25,3,10
6,1,1,6,3.5,7,5,0
7,10,7,10,8.5,17,3,6
5,5,5,5,5.0,10,0,4
43,42,42,43,42.5,85,1,40
3,5,3,5,4.0,8,2,2
5,1,1,5,3.0,6,4,0
5,6,5,6,5.5,11,1,4
15,23,15,23,19.0,38,8,14
1,4,1,4,2.5,5,3,0
5,1,1,5,3.0,6,4,0
14,12,12,14,13.0,26,2,11
11,10,10,11,10.5,21,1,9
10,7,7,10,8.5,17,3,6
8,10,8,10,9.0,18,2,7
6,10,6,10,8.0,16,4,5
7,8,7,8,7.5,15,1,5
4,1,1,4,2.5,5,3,0
12,10,10,12,11.0,22,2,8
8,7,7,8,7.5,15,1,6
11,1,1,11,6.0,12,10,0
4,4,4,4,4.0,8,0,3
6,6,6,6,6.0,12,0,4
13,13,13,13,13.0,26,0,11
15,24,15,24,19.5,39,9,14
5,6,5,6,5.5,11,1,3
6,4,4,6,5.0,10,2,3
3,9,3,9,6.0,12,6,2
1,7,1,7,4.0,8,6,0
9,11,9,11,10.0,20,2,8
15,15,15,15,15.0,30,0,14
5,2,2,5,3.5,7,3,1
9,9,9,9,9.0,18,0,8
4,1,1,4,2.5,5,3,0
4,1,1,4,2.5,5,3,0
4,10,4,10,7.0,14,6,3
12,11,11,12,11.5,23,1,10
5,1,1,5,3.0,6,4,0
24,21,21,24,22.5,45,3,20
18,18,18,18,18.0,36,0,17
17,7,7,17,12.0,24,10,0
7,4,4,7,5.5,11,3,2
4,7,4,7,5.5,11,3,0
40,44,40,44,42.0,84,4,33
4,1,1,4,2.5,5,3,0
5,5,5,5,5.0,10,0,4
14,16,14,16,15.0,30,2,12
1,6,1,6,3.5,7,5,0
11,10,10,11,10.5,21,1,9
14,14,14,14,14.0,28,0,13
1,5,1,5,3.0,6,4,0
5,1,1,5,3.0,6,4,0
1,4,1,4,2.5,5,3,0
1,5,1,5,3.0,6,4,0
6,1,1,6,3.5,7,5,0
56,26,26,56,41.0,82,30,1
1,4,1,4,2.5,5,3,0
4,3,3,4,3.5,7,1,2
3,4,3,4,3.5,7,1,2
8,8,8,8,8.0,16,0,7
16,9,9,16,12.5,25,7,8
4,4,4,4,4.0,8,0,0
19,12,12,19,15.5,31,7,10
24,27,24,27,25.5,51,3,18
4,1,1,4,2.5,5,3,0
16,24,16,24,20.0,40,8,15
2,146,2,146,74.0,148,144,1
35,23,23,35,29.0,58,12,21
18,11,11,18,14.5,29,7,6
7,1,1,7,4.0,8,6,0
9,11,9,11,10.0,20,2,8
4,6,4,6,5.0,10,2,3
4,6,4,6,5.0,10,2,3
6,1,1,6,3.5,7,5,0
34,15,15,34,24.5,49,19,14
26,26,26,26,26.0,52,0,25
20,20,20,20,20.0,40,0,18
7,1,1,7,4.0,8,6,0
5,4,4,5,4.5,9,1,3
1,5,1,5,3.0,6,4,0
2,21,2,21,11.5,23,19,0
2,10,2,10,6.0,12,8,0
32,23,23,32,27.5,55,9,20
32,31,31,32,31.5,63,1,24
1,11,1,11,6.0,12,10,0
21,19,19,21,20.0,40,2,18
13,3,3,13,8.0,16,10,1
26,22,22,26,24.0,48,4,20
13,1,1,13,7.0,14,12,0
4,2,2,4,3.0,6,2,1
18,14,14,18,16.0,32,4,11
11,16,11,16,13.5,27,5,7
5,4,4,5,4.5,9,1,2
4,7,4,7,5.5,11,3,2
4,6,4,6,5.0,10,2,2
6,11,6,11,8.5,17,5,4
4,4,4,4,4.0,8,0,3
32,16,16,32,24.0,48,16,14
12,1,1,12,6.5,13,11,0
7,7,7,7,7.0,14,0,4
6,7,6,7,6.5,13,1,4
2,4,2,4,3.0,6,2,1
20,41,20,41,30.5,61,21,18
28,28,28,28,28.0,56,0,17
4,1,1,4,2.5,5,3,0
7,14,7,14,10.5,21,7,6
26,1,1,26,13.5,27,25,0
1,4,1,4,2.5,5,3,0
18,19,18,19,18.5,37,1,17
4,1,1,4,2.5,5,3,0
5,1,1,5,3.0,6,4,0
13,23,13,23,18.0,36,10,11
1,4,1,4,2.5,5,3,0
8,5,5,8,6.5,13,3,4
5,1,1,5,3.0,6,4,0
1,4,1,4,2.5,5,3,0
33,23,23,33,28.0,56,10,19
5,1,1,5,3.0,6,4,0
35,1,1,35,18.0,36,34,0
7,1,1,7,4.0,8,6,0
1,19,1,19,10.0,20,18,0
4,5,4,5,4.5,9,1,3
5,4,4,5,4.5,9,1,3
1,5,1,5,3.0,6,4,0
36,13,13,36,24.5,49,23,11
1,4,1,4,2.5,5,3,0
12,7,7,12,9.5,19,5,5
11,1,1,11,6.0,12,10,0
1,4,1,4,2.5,5,3,0
5,5,5,5,5.0,10,0,4
5,1,1,5,3.0,6,4,0
24,25,24,25,24.5,49,1,20
21,20,20,21,20.5,41,1,17
19,19,19,19,19.0,38,0,18
4,1,1,4,2.5,5,3,0
1,7,1,7,4.0,8,6,0
11,11,11,11,11.0,22,0,10
10,18,10,18,14.0,28,8,6
4,1,1,4,2.5,5,3,0
8,6,6,8,7.0,14,2,4
3,5,3,5,4.0,8,2,1
8,6,6,8,7.0,14,2,5
4,1,1,4,2.5,5,3,0
20,23,20,23,21.5,43,3,17
6,2,2,6,4.0,8,4,0
12,4,4,12,8.0,16,8,1
1,4,1,4,2.5,5,3,0
7,1,1,7,4.0,8,6,0
1,8,1,8,4.5,9,7,0
4,1,1,4,2.5,5,3,0
1,7,1,7,4.0,8,6,0
4,1,1,4,2.5,5,3,0
1,24,1,24,12.5,25,23,0
4,4,4,4,4.0,8,0,1
6,7,6,7,6.5,13,1,5
8,1,1,8,4.5,9,7,0
2,10,2,10,6.0,12,8,1
11,4,4,11,7.5,15,7,3
1,21,1,21,11.0,22,20,0
11,11,11,11,11.0,22,0,10
18,18,18,18,18.0,36,0,17
4,4,4,4,4.0,8,0,3
18,21,18,21,19.5,39,3,17
4,4,4,4,4.0,8,0,3
9,7,7,9,8.0,16,2,6
5,5,5,5,5.0,10,0,4
2,9,2,9,5.5,11,7,1
7,9,7,9,8.0,16,2,4
4,9,4,9,6.5,13,5,1
10,3,3,10,6.5,13,7,2
18,20,18,20,19.0,38,2,16
49,35,35,49,42.0,84,14,23
5,16,5,16,10.5,21,11,0
4,1,1,4,2.5,5,3,0
11,14,11,14,12.5,25,3,10
2,7,2,7,4.5,9,5,1
1,5,1,5,3.0,6,4,0
8,11,8,11,9.5,19,3,7
4,4,4,4,4.0,8,0,3
1,6,1,6,3.5,7,5,0
16,17,16,17,16.5,33,1,15
1,11,1,11,6.0,12,10,0
11,7,7,11,9.0,18,4,6
2,5,2,5,3.5,7,3,1
1,5,1,5,3.0,6,4,0
25,14,14,25,19.5,39,11,12
7,7,7,7,7.0,14,0,6
9,7,7,9,8.0,16,2,6
18,22,18,22,20.0,40,4,17
2,9,2,9,5.5,11,7,1
1,4,1,4,2.5,5,3,0
22,4,4,22,13.0,26,18,2
4,1,1,4,2.5,5,3,0
28,42,28,42,35.0,70,14,16
5,11,5,11,8.0,16,6,4
11,7,7,11,9.0,18,4,6
1,10,1,10,5.5,11,9,0
2,4,2,4,3.0,6,2,1
6,1,1,6,3.5,7,5,0
18,19,18,19,18.5,37,1,17
4,10,4,10,7.0,14,6,1
1,15,1,15,8.0,16,14,0
7,6,6,7,6.5,13,1,4
8,2,2,8,5.0,10,6,1
1,5,1,5,3.0,6,4,0
7,7,7,7,7.0,14,0,6
26,27,26,27,26.5,53,1,25
32,16,16,32,24.0,48,16,15
1,10,1,10,5.5,11,9,0
6,2,2,6,4.0,8,4,1
5,5,5,5,5.0,10,0,1
1,5,1,5,3.0,6,4,0
1,24,1,24,12.5,25,23,0
5,4,4,5,4.5,9,1,0
3,10,3,10,6.5,13,7,1
21,21,21,21,21.0,42,0,18
49,35,35,49,42.0,84,14,33
12,19,12,19,15.5,31,7,9
7,10,7,10,8.5,17,3,5
4,1,1,4,2.5,5,3,0
5,7,5,7,6.0,12,2,3
3,12,3,12,7.5,15,9,2
1,6,1,6,3.5,7,5,0
7,7,7,7,7.0,14,0,6
17,20,17,20,18.5,37,3,8
7,7,7,7,7.0,14,0,6
39,31,31,39,35.0,70,8,27
10,12,10,12,11.0,22,2,8
19,19,19,19,19.0,38,0,16
4,4,4,4,4.0,8,0,3
11,27,11,27,19.0,38,16,10
7,8,7,8,7.5,15,1,4
27,17,17,27,22.0,44,10,12
12,1,1,12,6.5,13,11,0
6,6,6,6,6.0,12,0,3
4,1,1,4,2.5,5,3,0
12,1,1,12,6.5,13,11,0
1,9,1,9,5.0,10,8,0
4,2,2,4,3.0,6,2,1
12,1,1,12,6.5,13,11,0
21,8,8,21,14.5,29,13,7
11,9,9,11,10.0,20,2,8
1,4,1,4,2.5,5,3,0
13,13,13,13,13.0,26,0,12
4,1,1,4,2.5,5,3,0
5,6,5,6,5.5,11,1,4
7,1,1,7,4.0,8,6,0
10,10,10,10,10.0,20,0,9
5,6,5,6,5.5,11,1,4
36,18,18,36,27.0,54,18,15
5,7,5,7,6.0,12,2,4
4,4,4,4,4.0,8,0,3
4,1,1,4,2.5,5,3,0
1,4,1,4,2.5,5,3,0
38,39,38,39,38.5,77,1,32
4,2,2,4,3.0,6,2,1
1,5,1,5,3.0,6,4,0
12,12,12,12,12.0,24,0,11
1,19,1,19,10.0,20,18,0
27,26,26,27,26.5,53,1,25
17,11,11,17,14.0,28,6,8
1,43,1,43,22.0,44,42,0
8,4,4,8,6.0,12,4,3
5,4,4,5,4.5,9,1,3
14,13,13,14,13.5,27,1,8
17,17,17,17,17.0,34,0,16
7,3,3,7,5.0,10,4,2
11,10,10,11,10.5,21,1,7
10,11,10,11,10.5,21,1,9
1,5,1,5,3.0,6,4,0
3,5,3,5,4.0,8,2,2
6,7,6,7,6.5,13,1,5
13,25,13,25,19.0,38,12,8
1,6,1,6,3.5,7,5,0
4,4,4,4,4.0,8,0,1
19,12,12,19,15.5,31,7,3
1,4,1,4,2.5,5,3,0
1,4,1,4,2.5,5,3,0
6,1,1,6,3.5,7,5,0
1,5,1,5,3.0,6,4,0
5,4,4,5,4.5,9,1,3
41,31,31,41,36.0,72,10,29
5,5,5,5,5.0,10,0,4
7,15,7,15,11.0,22,8,4
1,4,1,4,2.5,5,3,0
21,28,21,28,24.5,49,7,20
47,37,37,47,42.0,84,10,31
25,33,25,33,29.0,58,8,24
11,9,9,11,10.0,20,2,6
11,11,11,11,11.0,22,0,9
1,6,1,6,3.5,7,5,0
7,5,5,7,6.0,12,2,4
1,4,1,4,2.5,5,3,0
7,2,2,7,4.5,9,5,1
4,1,1,4,2.5,5,3,0
14,14,14,14,14.0,28,0,11
7,4,4,7,5.5,11,3,3
9,9,9,9,9.0,18,0,6
6,17,6,17,11.5,23,11,5
8,10,8,10,9.0,18,2,7
18,10,10,18,14.0,28,8,8
34,55,34,55,44.5,89,21,26
31,32,31,32,31.5,63,1,30
7,7,7,7,7.0,14,0,5
44,41,41,44,42.5,85,3,32
9,1,1,9,5.0,10,8,0
4,18,4,18,11.0,22,14,2
46,47,46,47,46.5,93,1,34
6,12,6,12,9.0,18,6,5
4,1,1,4,2.5,5,3,0
24,12,12,24,18.0,36,12,7
20,23,20,23,21.5,43,3,19
12,8,8,12,10.0,20,4,7
77,10,10,77,43.5,87,67,1
11,2,2,11,6.5,13,9,1
10,13,10,13,11.5,23,3,6
4,4,4,4,4.0,8,0,3
4,1,1,4,2.5,5,3,0
6,7,6,7,6.5,13,1,5
5,1,1,5,3.0,6,4,0
6,7,6,7,6.5,13,1,4
7,7,7,7,7.0,14,0,5
10,9,9,10,9.5,19,1,8
1,4,1,4,2.5,5,3,0
8,11,8,11,9.5,19,3,6
2,7,2,7,4.5,9,5,0
6,3,3,6,4.5,9,3,1
2,5,2,5,3.5,7,3,1
9,4,4,9,6.5,13,5,2
5,1,1,5,3.0,6,4,0
18,18,18,18,18.0,36,0,12
20,19,19,20,19.5,39,1,18
4,1,1,4,2.5,5,3,0
7,1,1,7,4.0,8,6,0
49,41,41,49,45.0,90,8,34
12,11,11,12,11.5,23,1,8
5,1,1,5,3.0,6,4,0
23,16,16,23,19.5,39,7,13
1,18,1,18,9.5,19,17,0
8,11,8,11,9.5,19,3,7
5,5,5,5,5.0,10,0,3
5,1,1,5,3.0,6,4,0
1,8,1,8,4.5,9,7,0
12,1,1,12,6.5,13,11,0
10,9,9,10,9.5,19,1,8
34,24,24,34,29.0,58,10,16
1,26,1,26,13.5,27,25,0
5,1,1,5,3.0,6,4,0
27,7,7,27,17.0,34,20,6
4,1,1,4,2.5,5,3,0
5,4,4,5,4.5,9,1,3
5,5,5,5,5.0,10,0,4
4,6,4,6,5.0,10,2,1
16,13,13,16,14.5,29,3,9
4,8,4,8,6.0,12,4,2
5,7,5,7,6.0,12,2,4
6,6,6,6,6.0,12,0,5
5,1,1,5,3.0,6,4,0
5,2,2,5,3.5,7,3,1
14,2,2,14,8.0,16,12,0
4,1,1,4,2.5,5,3,0
1,7,1,7,4.0,8,6,0
9,16,9,16,12.5,25,7,3
7,1,1,7,4.0,8,6,0
1,4,1,4,2.5,5,3,0
13,4,4,13,8.5,17,9,3
8,9,8,9,8.5,17,1,6
5,5,5,5,5.0,10,0,3
20,21,20,21,20.5,41,1,15
31,15,15,31,23.0,46,16,13
2,8,2,8,5.0,10,6,0
19,19,19,19,19.0,38,0,15
1,4,1,4,2.5,5,3,0
5,1,1,5,3.0,6,4,0
5,5,5,5,5.0,10,0,4
9,1,1,9,5.0,10,8,0
11,9,9,11,10.0,20,2,7
6,1,1,6,3.5,7,5,0
27,29,27,29,28.0,56,2,24
5,5,5,5,5.0,10,0,2
10,1,1,10,5.5,11,9,0
8,8,8,8,8.0,16,0,7
9,1,1,9,5.0,10,8,0
6,5,5,6,5.5,11,1,4
7,2,2,7,4.5,9,5,1
4,4,4,4,4.0,8,0,3
4,2,2,4,3.0,6,2,1
2,5,2,5,3.5,7,3,0
9,1,1,9,5.0,10,8,0
4,8,4,8,6.0,12,4,3
13,5,5,13,9.0,18,8,2
4,1,1,4,2.5,5,3,0
1,5,1,5,3.0,6,4,0
6,6,6,6,6.0,12,0,5
5,1,1,5,3.0,6,4,0
1,39,1,39,20.0,40,38,0
6,5,5,6,5.5,11,1,0
1,6,1,6,3.5,7,5,0
7,5,5,7,6.0,12,2,4
1,9,1,9,5.0,10,8,0
10,10,10,10,10.0,20,0,9
4,4,4,4,4.0,8,0,2
24,27,24,27,25.5,51,3,18
19,16,16,19,17.5,35,3,9
7,6,6,7,6.5,13,1,5
4,1,1,4,2.5,5,3,0
1,9,1,9,5.0,10,8,0
1,8,1,8,4.5,9,7,0
4,4,4,4,4.0,8,0,3
8,43,8,43,25.5,51,35,6
11,5,5,11,8.0,16,6,4
5,7,5,7,6.0,12,2,4
8,1,1,8,4.5,9,7,0
6,5,5,6,5.5,11,1,0
8,1,1,8,4.5,9,7,0
5,146,5,146,75.5,151,141,0
17,1,1,17,9.0,18,16,0
19,15,15,19,17.0,34,4,7
9,30,9,30,19.5,39,21,4
2,5,2,5,3.5,7,3,1
5,4,4,5,4.5,9,1,3
1,6,1,6,3.5,7,5,0
1,9,1,9,5.0,10,8,0
4,1,1,4,2.5,5,3,0
2,5,2,5,3.5,7,3,1
19,19,19,19,19.0,38,0,13
9,6,6,9,7.5,15,3,5
4,4,4,4,4.0,8,0,1
8,6,6,8,7.0,14,2,4
1,16,1,16,8.5,17,15,0
1,28,1,28,14.5,29,27,0
6,5,5,6,5.5,11,1,4
1,5,1,5,3.0,6,4,0
7,7,7,7,7.0,14,0,6
4,28,4,28,16.0,32,24,2
1,5,1,5,3.0,6,4,0
1,6,1,6,3.5,7,5,0
1,4,1,4,2.5,5,3,0
1,4,1,4,2.5,5,3,0
5,6,5,6,5.5,11,1,1
8,10,8,10,9.0,18,2,4
4,4,4,4,4.0,8,0,3
6,6,6,6,6.0,12,0,5
1,5,1,5,3.0,6,4,0
4,1,1,4,2.5,5,3,0
11,13,11,13,12.0,24,2,10
1,4,1,4,2.5,5,3,0
7,7,7,7,7.0,14,0,6
4,1,1,4,2.5,5,3,0
7,6,6,7,6.5,13,1,5
12,1,1,12,6.5,13,11,0
146,21,21,146,83.5,167,125,15
10,8,8,10,9.0,18,2,7
2,4,2,4,3.0,6,2,0
7,2,2,7,4.5,9,5,0
6,5,5,6,5.5,11,1,4
41,44,41,44,42.5,85,3,39
2,5,2,5,3.5,7,3,0
10,6,6,10,8.0,16,4,5
7,7,7,7,7.0,14,0,6
1,6,1,6,3.5,7,5,0
1,65,1,65,33.0,66,64,0
5,6,5,6,5.5,11,1,3
20,24,20,24,22.0,44,4,10
23,7,7,23,15.0,30,16,3
2,4,2,4,3.0,6,2,1
46,41,41,46,43.5,87,5,32
1,11,1,11,6.0,12,10,0
4,1,1,4,2.5,5,3,0
4,2,2,4,3.0,6,2,1
9,5,5,9,7.0,14,4,1
1,4,1,4,2.5,5,3,0
8,5,5,8,6.5,13,3,3
1,35,1,35,18.0,36,34,0
5,3,3,5,4.0,8,2,2
17,20,17,20,18.5,37,3,14
5,6,5,6,5.5,11,1,4
6,7,6,7,6.5,13,1,5
1,5,1,5,3.0,6,4,0
2,4,2,4,3.0,6,2,1
8,6,6,8,7.0,14,2,5
2,5,2,5,3.5,7,3,0
8,12,8,12,10.0,20,4,6
1,5,1,5,3.0,6,4,0
12,12,12,12,12.0,24,0,10
17,13,13,17,15.0,30,4,11
31,18,18,31,24.5,49,13,17
6,6,6,6,6.0,12,0,5
2,5,2,5,3.5,7,3,0
4,1,1,4,2.5,5,3,0
31,48,31,48,39.5,79,17,28
27,27,27,27,27.0,54,0,26
6,7,6,7,6.5,13,1,5
9,17,9,17,13.0,26,8,6
1,4,1,4,2.5,5,3,0
22,21,21,22,21.5,43,1,20
6,5,5,6,5.5,11,1,4
4,1,1,4,2.5,5,3,0
8,1,1,8,4.5,9,7,0
1,6,1,6,3.5,7,5,0
8,3,3,8,5.5,11,5,2
26,33,26,33,29.5,59,7,18
2,15,2,15,8.5,17,13,1
15,9,9,15,12.0,24,6,8
15,23,15,23,19.0,38,8,11
8,105,8,105,56.5,113,97,0
6,1,1,6,3.5,7,5,0
1,7,1,7,4.0,8,6,0
42,44,42,44,43.0,86,2,40
4,4,4,4,4.0,8,0,3
19,24,19,24,21.5,43,5,17
1,35,1,35,18.0,36,34,0
19,17,17,19,18.0,36,2,15
1,4,1,4,2.5,5,3,0
5,5,5,5,5.0,10,0,4
18,20,18,20,19.0,38,2,16
14,36,14,36,25.0,50,22,12
2,9,2,9,5.5,11,7,0
1,6,1,6,3.5,7,5,0
1,5,1,5,3.0,6,4,0
18,19,18,19,18.5,37,1,15
4,1,1,4,2.5,5,3,0
7,3,3,7,5.0,10,4,2
1,6,1,6,3.5,7,5,0
10,10,10,10,10.0,20,0,1
34,27,27,34,30.5,61,7,26
5,5,5,5,5.0,10,0,4
2,5,2,5,3.5,7,3,1
2,15,2,15,8.5,17,13,0
23,34,23,34,28.5,57,11,14
8,7,7,8,7.5,15,1,5
1,4,1,4,2.5,5,3,0
4,1,1,4,2.5,5,3,0
5,1,1,5,3.0,6,4,0
6,10,6,10,8.0,16,4,4
11,8,8,11,9.5,19,3,6
1,77,1,77,39.0,78,76,0
1,35,1,35,18.0,36,34,0
4,1,1,4,2.5,5,3,0
12,13,12,13,12.5,25,1,10
146,30,30,146,88.0,176,116,22
22,16,16,22,19.0,38,6,12
5,2,2,5,3.5,7,3,0
4,1,1,4,2.5,5,3,0
3,6,3,6,4.5,9,3,2
10,8,8,10,9.0,18,2,6
13,9,9,13,11.0,22,4,8
5,1,1,5,3.0,6,4,0
12,9,9,12,10.5,21,3,6
1,4,1,4,2.5,5,3,0
2,5,2,5,3.5,7,3,1
22,10,10,22,16.0,32,12,6
7,2,2,7,4.5,9,5,1
5,1,1,5,3.0,6,4,0
4,2,2,4,3.0,6,2,1
6,6,6,6,6.0,12,0,5
11,11,11,11,11.0,22,0,10
1,16,1,16,8.5,17,15,0
3,8,3,8,5.5,11,5,0
15,8,8,15,11.5,23,7,7
11,4,4,11,7.5,15,7,0
21,12,12,21,16.5,33,9,11
29,28,28,29,28.5,57,1,20
5,1,1,5,3.0,6,4,0
12,15,12,15,13.5,27,3,10
9,4,4,9,6.5,13,5,2
23,28,23,28,25.5,51,5,15
1,4,1,4,2.5,5,3,0
4,2,2,4,3.0,6,2,1
14,13,13,14,13.5,27,1,12
9,7,7,9,8.0,16,2,5
1,10,1,10,5.5,11,9,0
10,1,1,10,5.5,11,9,0
25,25,25,25,25.0,50,0,16
1,5,1,5,3.0,6,4,0
4,11,4,11,7.5,15,7,2
3,7,3,7,5.0,10,4,2
9,9,9,9,9.0,18,0,8
31,24,24,31,27.5,55,7,21
54,31,31,54,42.5,85,23,27
26,38,26,38,32.0,64,12,20
2,12,2,12,7.0,14,10,0
34,43,34,43,38.5,77,9,21
4,2,2,4,3.0,6,2,1
16,14,14,16,15.0,30,2,12
5,10,5,10,7.5,15,5,1
33,18,18,33,25.5,51,15,15
5,3,3,5,4.0,8,2,2
4,5,4,5,4.5,9,1,3
4,10,4,10,7.0,14,6,0
3,5,3,5,4.0,8,2,2
21,21,21,21,21.0,42,0,18
2,8,2,8,5.0,10,6,1
5,6,5,6,5.5,11,1,3
1,4,1,4,2.5,5,3,0
10,1,1,10,5.5,11,9,0
5,11,5,11,8.0,16,6,3
10,10,10,10,10.0,20,0,9
29,25,25,29,27.0,54,4,20
26,1,1,26,13.5,27,25,0
1,146,1,146,73.5,147,145,0
4,4,4,4,4.0,8,0,3
2,5,2,5,3.5,7,3,1
24,20,20,24,22.0,44,4,18
4,4,4,4,4.0,8,0,3
27,37,27,37,32.0,64,10,18
18,16,16,18,17.0,34,2,14
146,1,1,146,73.5,147,145,0
39,49,39,49,44.0,88,10,34
37,39,37,39,38.0,76,2,24
27,1,1,27,14.0,28,26,0
1,4,1,4,2.5,5,3,0
1,4,1,4,2.5,5,3,0
1,20,1,20,10.5,21,19,0
5,5,5,5,5.0,10,0,1
4,4,4,4,4.0,8,0,3
3,4,3,4,3.5,7,1,2
7,6,6,7,6.5,13,1,5
40,18,18,40,29.0,58,22,16
1,4,1,4,2.5,5,3,0
27,21,21,27,24.0,48,6,20
1,11,1,11,6.0,12,10,0
1,6,1,6,3.5,7,5,0
7,8,7,8,7.5,15,1,5
13,17,13,17,15.0,30,4,12
3,8,3,8,5.5,11,5,2
5,2,2,5,3.5,7,3,1
21,17,17,21,19.0,38,4,15
4,1,1,4,2.5,5,3,0
38,40,38,40,39.0,78,2,16
1,4,1,4,2.5,5,3,0
18,18,18,18,18.0,36,0,10
1,5,1,5,3.0,6,4,0
13,12,12,13,12.5,25,1,11
1,4,1,4,2.5,5,3,0
5,3,3,5,4.0,8,2,0
1,10,1,10,5.5,11,9,0
15,17,15,17,16.0,32,2,12
1,6,1,6,3.5,7,5,0
4,3,3,4,3.5,7,1,2
13,8,8,13,10.5,21,5,6
1,5,1,5,3.0,6,4,0
9,7,7,9,8.0,16,2,6
5,8,5,8,6.5,13,3,2
5,4,4,5,4.5,9,1,1
12,20,12,20,16.0,32,8,7
5,13,5,13,9.0,18,8,2
5,1,1,5,3.0,6,4,0
8,1,1,8,4.5,9,7,0
5,1,1,5,3.0,6,4,0
4,4,4,4,4.0,8,0,3
21,20,20,21,20.5,41,1,17
5,5,5,5,5.0,10,0,4
6,7,6,7,6.5,13,1,5
7,7,7,7,7.0,14,0,4
1,6,1,6,3.5,7,5,0
11,9,9,11,10.0,20,2,7
7,7,7,7,7.0,14,0,6
11,5,5,11,8.0,16,6,4
5,5,5,5,5.0,10,0,2
21,21,21,21,21.0,42,0,19
20,31,20,31,25.5,51,11,16
16,3,3,16,9.5,19,13,2
17,1,1,17,9.0,18,16,0
17,21,17,21,19.0,38,4,12
1,5,1,5,3.0,6,4,0
4,1,1,4,2.5,5,3,0
1,4,1,4,2.5,5,3,0
7,1,1,7,4.0,8,6,0
4,1,1,4,2.5,5,3,0
26,24,24,26,25.0,50,2,23
4,1,1,4,2.5,5,3,0
11,10,10,11,10.5,21,1,9
10,10,10,10,10.0,20,0,9
5,1,1,5,3.0,6,4,0
3,17,3,17,10.0,20,14,1
1,11,1,11,6.0,12,10,0
25,12,12,25,18.5,37,13,11
12,4,4,12,8.0,16,8,3
5,24,5,24,14.5,29,19,0
1,5,1,5,3.0,6,4,0
1,77,1,77,39.0,78,76,0
1,5,1,5,3.0,6,4,0
1,5,1,5,3.0,6,4,0
4,1,1,4,2.5,5,3,0
11,8,8,11,9.5,19,3,6
4,3,3,4,3.5,7,1,2
16,19,16,19,17.5,35,3,14
19,17,17,19,18.0,36,2,15
5,1,1,5,3.0,6,4,0
1,35,1,35,18.0,36,34,0
8,13,8,13,10.5,21,5,7
8,8,8,8,8.0,16,0,6
5,1,1,5,3.0,6,4,0
4,1,1,4,2.5,5,3,0
18,17,17,18,17.5,35,1,16
22,21,21,22,21.5,43,1,20
1,11,1,11,6.0,12,10,0
7,1,1,7,4.0,8,6,0
5,4,4,5,4.5,9,1,3
9,6,6,9,7.5,15,3,5
10,13,10,13,11.5,23,3,9
10,9,9,10,9.5,19,1,8
17,24,17,24,20.5,41,7,9
2,6,2,6,4.0,8,4,1
5,1,1,5,3.0,6,4,0
1,8,1,8,4.5,9,7,0
27,26,26,27,26.5,53,1,25
6,5,5,6,5.5,11,1,3
9,1,1,9,5.0,10,8,0
51,24,24,51,37.5,75,27,20
10,1,1,10,5.5,11,9,0
5,8,5,8,6.5,13,3,1
1,5,1,5,3.0,6,4,0
4,7,4,7,5.5,11,3,0
10,10,10,10,10.0,20,0,9
21,19,19,21,20.0,40,2,16
5,1,1,5,3.0,6,4,0
13,13,13,13,13.0,26,0,11
4,3,3,4,3.5,7,1,2
23,34,23,34,28.5,57,11,19
7,6,6,7,6.5,13,1,2
4,1,1,4,2.5,5,3,0
6,2,2,6,4.0,8,4,0
32,31,31,32,31.5,63,1,29
5,4,4,5,4.5,9,1,3
4,6,4,6,5.0,10,2,3
18,19,18,19,18.5,37,1,14
6,7,6,7,6.5,13,1,5
5,16,5,16,10.5,21,11,3
26,22,22,26,24.0,48,4,20
1,5,1,5,3.0,6,4,0
9,10,9,10,9.5,19,1,4
4,1,1,4,2.5,5,3,0
1,105,1,105,53.0,106,104,0
6,6,6,6,6.0,12,0,5
6,6,6,6,6.0,12,0,4
1,4,1,4,2.5,5,3,0
20,20,20,20,20.0,40,0,19
8,11,8,11,9.5,19,3,6
6,10,6,10,8.0,16,4,0
6,13,6,13,9.5,19,7,2
26,24,24,26,25.0,50,2,22
6,1,1,6,3.5,7,5,0
5,6,5,6,5.5,11,1,4
11,10,10,11,10.5,21,1,8
13,107,13,107,60.0,120,94,1
1,8,1,8,4.5,9,7,0
5,1,1,5,3.0,6,4,0
2,6,2,6,4.0,8,4,0
11,11,11,11,11.0,22,0,4
18,15,15,18,16.5,33,3,14
1,8,1,8,4.5,9,7,0
4,4,4,4,4.0,8,0,3
1,9,1,9,5.0,10,8,0
9,10,9,10,9.5,19,1,7
4,8,4,8,6.0,12,4,2
15,14,14,15,14.5,29,1,10
1,7,1,7,4.0,8,6,0
1,17,1,17,9.0,18,16,0
20,20,20,20,20.0,40,0,19
4,1,1,4,2.5,5,3,0
15,25,15,25,20.0,40,10,13
4,5,4,5,4.5,9,1,3
5,1,1,5,3.0,6,4,0
15,2,2,15,8.5,17,13,1
6,8,6,8,7.0,14,2,5
11,10,10,11,10.5,21,1,9
4,1,1,4,2.5,5,3,0
4,4,4,4,4.0,8,0,3
2,15,2,15,8.5,17,13,0
5,5,5,5,5.0,10,0,4
11,10,10,11,10.5,21,1,9
1,11,1,11,6.0,12,10,0
32,32,32,32,32.0,64,0,30
16,16,16,16,16.0,32,0,11
7,1,1,7,4.0,8,6,0
38,42,38,42,40.0,80,4,30
6,1,1,6,3.5,7,5,0
1,4,1,4,2.5,5,3,0
12,1,1,12,6.5,13,11,0
9,8,8,9,8.5,17,1,7
17,18,17,18,17.5,35,1,16
1,12,1,12,6.5,13,11,0
1,40,1,40,20.5,41,39,0
10,6,6,10,8.0,16,4,5
4,4,4,4,4.0,8,0,2
4,1,1,4,2.5,5,3,0
7,8,7,8,7.5,15,1,6
1,10,1,10,5.5,11,9,0
6,1,1,6,3.5,7,5,0
3,5,3,5,4.0,8,2,2
5,7,5,7,6.0,12,2,2
1,5,1,5,3.0,6,4,0
17,20,17,20,18.5,37,3,14
13,13,13,13,13.0,26,0,12
7,11,7,11,9.0,18,4,6
7,1,1,7,4.0,8,6,0
6,1,1,6,3.5,7,5,0
17,21,17,21,19.0,38,4,4
4,1,1,4,2.5,5,3,0
2,5,2,5,3.5,7,3,0
1,18,1,18,9.5,19,17,0
14,17,14,17,15.5,31,3,12
9,9,9,9,9.0,18,0,8
1,6,1,6,3.5,7,5,0
2,10,2,10,6.0,12,8,0
8,13,8,13,10.5,21,5,7
15,6,6,15,10.5,21,9,2
1,8,1,8,4.5,9,7,0
19,19,19,19,19.0,38,0,18
8,3,3,8,5.5,11,5,2
17,17,17,17,17.0,34,0,15
1,8,1,8,4.5,9,7,0
1,5,1,5,3.0,6,4,0
4,24,4,24,14.0,28,20,0
6,9,6,9,7.5,15,3,5
17,18,17,18,17.5,35,1,16
7,7,7,7,7.0,14,0,6
16,13,13,16,14.5,29,3,11
13,19,13,19,16.0,32,6,11
1,4,1,4,2.5,5,3,0
1,7,1,7,4.0,8,6,0
1,26,1,26,13.5,27,25,0
1,4,1,4,2.5,5,3,0
13,18,13,18,15.5,31,5,12
5,2,2,5,3.5,7,3,1
6,1,1,6,3.5,7,5,0
1,5,1,5,3.0,6,4,0
7,7,7,7,7.0,14,0,6
5,5,5,5,5.0,10,0,4
18,17,17,18,17.5,35,1,13
4,6,4,6,5.0,10,2,3
10,10,10,10,10.0,20,0,9
5,5,5,5,5.0,10,0,4
32,32,32,32,32.0,64,0,31
7,9,7,9,8.0,16,2,2
9,8,8,9,8.5,17,1,7
5,4,4,5,4.5,9,1,3
3,6,3,6,4.5,9,3,2
9,3,3,9,6.0,12,6,2
1,18,1,18,9.5,19,17,0
1,31,1,31,16.0,32,30,0
12,4,4,12,8.0,16,8,0
5,4,4,5,4.5,9,1,3
1,5,1,5,3.0,6,4,0
19,3,3,19,11.0,22,16,2
1,11,1,11,6.0,12,10,0
5,5,5,5,5.0,10,0,4
11,1,1,11,6.0,12,10,0
5,4,4,5,4.5,9,1,2
1,6,1,6,3.5,7,5,0
7,2,2,7,4.5,9,5,1
24,1,1,24,12.5,25,23,0
5,1,1,5,3.0,6,4,0
14,13,13,14,13.5,27,1,10
8,13,8,13,10.5,21,5,3
1,5,1,5,3.0,6,4,0
16,17,16,17,16.5,33,1,15
9,1,1,9,5.0,10,8,0
4,10,4,10,7.0,14,6,1
4,2,2,4,3.0,6,2,1
9,11,9,11,10.0,20,2,8
6,1,1,6,3.5,7,5,0
1,4,1,4,2.5,5,3,0
4,1,1,4,2.5,5,3,0
31,25,25,31,28.0,56,6,22
2,4,2,4,3.0,6,2,1
14,20,14,20,17.0,34,6,12
7,6,6,7,6.5,13,1,5
5,6,5,6,5.5,11,1,4
12,12,12,12,12.0,24,0,10
11,6,6,11,8.5,17,5,5
5,4,4,5,4.5,9,1,3
4,6,4,6,5.0,10,2,1
4,27,4,27,15.5,31,23,0
4,1,1,4,2.5,5,3,0
4,5,4,5,4.5,9,1,0
4,5,4,5,4.5,9,1,3
3,7,3,7,5.0,10,4,2
4,10,4,10,7.0,14,6,3
18,33,18,33,25.5,51,15,17
1,5,1,5,3.0,6,4,0
21,11,11,21,16.0,32,10,8
20,19,19,20,19.5,39,1,18
1,4,1,4,2.5,5,3,0
31,40,31,40,35.5,71,9,27
6,6,6,6,6.0,12,0,4
10,10,10,10,10.0,20,0,7
4,2,2,4,3.0,6,2,1
1,19,1,19,10.0,20,18,0
2,4,2,4,3.0,6,2,1
12,1,1,12,6.5,13,11,0
1,5,1,5,3.0,6,4,0
5,3,3,5,4.0,8,2,2
5,3,3,5,4.0,8,2,2
16,1,1,16,8.5,17,15,0
4,1,1,4,2.5,5,3,0
7,6,6,7,6.5,13,1,1
4,2,2,4,3.0,6,2,1
8,1,1,8,4.5,9,7,0
13,13,13,13,13.0,26,0,10
5,1,1,5,3.0,6,4,0
5,5,5,5,5.0,10,0,4
11,1,1,11,6.0,12,10,0
1,77,1,77,39.0,78,76,0
4,1,1,4,2.5,5,3,0
1,6,1,6,3.5,7,5,0
6,2,2,6,4.0,8,4,1
4,1,1,4,2.5,5,3,0
5,5,5,5,5.0,10,0,4
5,3,3,5,4.0,8,2,2
7,11,7,11,9.0,18,4,4
6,6,6,6,6.0,12,0,5
4,8,4,8,6.0,12,4,1
7,10,7,10,8.5,17,3,4
10,1,1,10,5.5,11,9,0
13,10,10,13,11.5,23,3,9
1,6,1,6,3.5,7,5,0
5,2,2,5,3.5,7,3,0
18,16,16,18,17.0,34,2,11
2,8,2,8,5.0,10,6,1
1,4,1,4,2.5,5,3,0
15,13,13,15,14.0,28,2,12
13,12,12,13,12.5,25,1,2
1,6,1,6,3.5,7,5,0
41,44,41,44,42.5,85,3,31
32,33,32,33,32.5,65,1,31
5,1,1,5,3.0,6,4,0
20,19,19,20,19.5,39,1,17
14,14,14,14,14.0,28,0,13
10,10,10,10,10.0,20,0,9
11,7,7,11,9.0,18,4,2
8,19,8,19,13.5,27,11,6
1,5,1,5,3.0,6,4,0
7,7,7,7,7.0,14,0,5
6,5,5,6,5.5,11,1,3
21,13,13,21,17.0,34,8,12
1,8,1,8,4.5,9,7,0
12,1,1,12,6.5,13,11,0
10,20,10,20,15.0,30,10,8
29,39,29,39,34.0,68,10,19
6,9,6,9,7.5,15,3,5
7,24,7,24,15.5,31,17,3
2,8,2,8,5.0,10,6,0
51,25,25,51,38.0,76,26,24
9,1,1,9,5.0,10,8,0
2,4,2,4,3.0,6,2,1
14,1,1,14,7.5,15,13,0
48,9,9,48,28.5,57,39,6
2,4,2,4,3.0,6,2,0
4,5,4,5,4.5,9,1,3
4,5,4,5,4.5,9,1,0
17,1,1,17,9.0,18,16,0
12,12,12,12,12.0,24,0,11
16,14,14,16,15.0,30,2,10
8,9,8,9,8.5,17,1,7
5,1,1,5,3.0,6,4,0
5,1,1,5,3.0,6,4,0
1,6,1,6,3.5,7,5,0
5,5,5,5,5.0,10,0,3
42,41,41,42,41.5,83,1,40
31,23,23,31,27.0,54,8,22
4,1,1,4,2.5,5,3,0
5,7,5,7,6.0,12,2,4
1,7,1,7,4.0,8,6,0
7,1,1,7,4.0,8,6,0
4,1,1,4,2.5,5,3,0
7,4,4,7,5.5,11,3,3
27,51,27,51,39.0,78,24,19
6,1,1,6,3.5,7,5,0
5,13,5,13,9.0,18,8,4
9,4,4,9,6.5,13,5,3
4,4,4,4,4.0,8,0,3
1,4,1,4,2.5,5,3,0
5,4,4,5,4.5,9,1,3
1,4,1,4,2.5,5,3,0
19,2,2,19,10.5,21,17,1
8,7,7,8,7.5,15,1,5
2,4,2,4,3.0,6,2,1
37,38,37,38,37.5,75,1,30
5,9,5,9,7.0,14,4,3
1,7,1,7,4.0,8,6,0
16,20,16,20,18.0,36,4,12
4,4,4,4,4.0,8,0,3
15,15,15,15,15.0,30,0,14
5,4,4,5,4.5,9,1,3
9,16,9,16,12.5,25,7,6
5,2,2,5,3.5,7,3,0
1,4,1,4,2.5,5,3,0
6,4,4,6,5.0,10,2,3
2,7,2,7,4.5,9,5,1
1,7,1,7,4.0,8,6,0
29,28,28,29,28.5,57,1,19
7,5,5,7,6.0,12,2,0
5,8,5,8,6.5,13,3,4
7,7,7,7,7.0,14,0,6
10,6,6,10,8.0,16,4,5
1,5,1,5,3.0,6,4,0
2,19,2,19,10.5,21,17,1
21,1,1,21,11.0,22,20,0
13,13,13,13,13.0,26,0,10
8,5,5,8,6.5,13,3,4
11,14,11,14,12.5,25,3,10
1,4,1,4,2.5,5,3,0
6,6,6,6,6.0,12,0,3
7,1,1,7,4.0,8,6,0
1,5,1,5,3.0,6,4,0
20,1,1,20,10.5,21,19,0
3,4,3,4,3.5,7,1,2
5,2,2,5,3.5,7,3,1
4,1,1,4,2.5,5,3,0
25,51,25,51,38.0,76,26,24
5,1,1,5,3.0,6,4,0
16,12,12,16,14.0,28,4,11
11,7,7,11,9.0,18,4,6
45,42,42,45,43.5,87,3,31
4,10,4,10,7.0,14,6,0
5,3,3,5,4.0,8,2,2
12,5,5,12,8.5,17,7,1
20,17,17,20,18.5,37,3,16
8,8,8,8,8.0,16,0,7
20,31,20,31,25.5,51,11,16
4,1,1,4,2.5,5,3,0
19,15,15,19,17.0,34,4,12
1,4,1,4,2.5,5,3,0
23,31,23,31,27.0,54,8,19
4,1,1,4,2.5,5,3,0
7,1,1,7,4.0,8,6,0
6,10,6,10,8.0,16,4,5
1,5,1,5,3.0,6,4,0
6,7,6,7,6.5,13,1,5
24,24,24,24,24.0,48,0,21
4,2,2,4,3.0,6,2,0
2,9,2,9,5.5,11,7,1
8,11,8,11,9.5,19,3,7
5,1,1,5,3.0,6,4,0
2,5,2,5,3.5,7,3,1
26,22,22,26,24.0,48,4,14
1,5,1,5,3.0,6,4,0
4,4,4,4,4.0,8,0,3
1,6,1,6,3.5,7,5,0
8,4,4,8,6.0,12,4,2
1,10,1,10,5.5,11,9,0
1,4,1,4,2.5,5,3,0
1,5,1,5,3.0,6,4,0
17,16,16,17,16.5,33,1,13
9,1,1,9,5.0,10,8,0
2,5,2,5,3.5,7,3,0
1,8,1,8,4.5,9,7,0
21,20,20,21,20.5,41,1,16
12,12,12,12,12.0,24,0,11
21,18,18,21,19.5,39,3,16
1,4,1,4,2.5,5,3,0
39,41,39,41,40.0,80,2,38
6,1,1,6,3.5,7,5,0
1,4,1,4,2.5,5,3,0
14,12,12,14,13.0,26,2,11
7,7,7,7,7.0,14,0,6
6,6,6,6,6.0,12,0,5
1,5,1,5,3.0,6,4,0
1,6,1,6,3.5,7,5,0
5,1,1,5,3.0,6,4,0
2,6,2,6,4.0,8,4,1
36,44,36,44,40.0,80,8,29
19,23,19,23,21.0,42,4,7
14,39,14,39,26.5,53,25,7
10,10,10,10,10.0,20,0,5
2,27,2,27,14.5,29,25,0
1,4,1,4,2.5,5,3,0
4,1,1,4,2.5,5,3,0
5,10,5,10,7.5,15,5,4
1,4,1,4,2.5,5,3,0
6,1,1,6,3.5,7,5,0
6,1,1,6,3.5,7,5,0
5,1,1,5,3.0,6,4,0
4,7,4,7,5.5,11,3,2
12,7,7,12,9.5,19,5,2
2,4,2,4,3.0,6,2,1
1,5,1,5,3.0,6,4,0
1,6,1,6,3.5,7,5,0
18,16,16,18,17.0,34,2,13
7,7,7,7,7.0,14,0,6
1,8,1,8,4.5,9,7,0
2,7,2,7,4.5,9,5,0
21,21,21,21,21.0,42,0,20
2,6,2,6,4.0,8,4,0
11,9,9,11,10.0,20,2,5
2,5,2,5,3.5,7,3,0
2,11,2,11,6.5,13,9,1
5,1,1,5,3.0,6,4,0
27,27,27,27,27.0,54,0,26
6,1,1,6,3.5,7,5,0
11,15,11,15,13.0,26,4,9
4,1,1,4,2.5,5,3,0
8,12,8,12,10.0,20,4,6
5,4,4,5,4.5,9,1,3
1,16,1,16,8.5,17,15,0
4,4,4,4,4.0,8,0,3
19,13,13,19,16.0,32,6,11
13,18,13,18,15.5,31,5,12
6,7,6,7,6.5,13,1,4
1,4,1,4,2.5,5,3,0
4,1,1,4,2.5,5,3,0
5,4,4,5,4.5,9,1,3
1,7,1,7,4.0,8,6,0
1,5,1,5,3.0,6,4,0
6,1,1,6,3.5,7,5,0
1,5,1,5,3.0,6,4,0
15,14,14,15,14.5,29,1,12
5,5,5,5,5.0,10,0,4
1,56,1,56,28.5,57,55,0
1,11,1,11,6.0,12,10,0
1,4,1,4,2.5,5,3,0
32,7,7,32,19.5,39,25,3
1,6,1,6,3.5,7,5,0
13,17,13,17,15.0,30,4,9
4,3,3,4,3.5,7,1,2
4,6,4,6,5.0,10,2,3
1,5,1,5,3.0,6,4,0
1,4,1,4,2.5,5,3,0
5,1,1,5,3.0,6,4,0
4,9,4,9,6.5,13,5,2
6,1,1,6,3.5,7,5,0
1,4,1,4,2.5,5,3,0
5,2,2,5,3.5,7,3,1
1,11,1,11,6.0,12,10,0
4,1,1,4,2.5,5,3,0
5,1,1,5,3.0,6,4,0
5,3,3,5,4.0,8,2,2
7,8,7,8,7.5,15,1,6
1,5,1,5,3.0,6,4,0
11,2,2,11,6.5,13,9,1
1,9,1,9,5.0,10,8,0
4,1,1,4,2.5,5,3,0
28,24,24,28,26.0,52,4,23
7,2,2,7,4.5,9,5,1
7,1,1,7,4.0,8,6,0
1,9,1,9,5.0,10,8,0
23,12,12,23,17.5,35,11,10
10,8,8,10,9.0,18,2,7
5,5,5,5,5.0,10,0,4
10,1,1,10,5.5,11,9,0
49,41,41,49,45.0,90,8,38
35,49,35,49,42.0,84,14,23
5,9,5,9,7.0,14,4,4
1,4,1,4,2.5,5,3,0
1,15,1,15,8.0,16,14,0
1,6,1,6,3.5,7,5,0
6,1,1,6,3.5,7,5,0
6,2,2,6,4.0,8,4,1
1,5,1,5,3.0,6,4,0
5,5,5,5,5.0,10,0,4
8,11,8,11,9.5,19,3,7
4,4,4,4,4.0,8,0,3
1,10,1,10,5.5,11,9,0
7,6,6,7,6.5,13,1,5
1,5,1,5,3.0,6,4,0
1,4,1,4,2.5,5,3,0
15,15,15,15,15.0,30,0,13
20,19,19,20,19.5,39,1,15
1,15,1,15,8.0,16,14,0
5,7,5,7,6.0,12,2,4
1,6,1,6,3.5,7,5,0
23,35,23,35,29.0,58,12,20
6,6,6,6,6.0,12,0,5
5,1,1,5,3.0,6,4,0
6,7,6,7,6.5,13,1,5
7,6,6,7,6.5,13,1,5
27,16,16,27,21.5,43,11,14
7,7,7,7,7.0,14,0,6
1,5,1,5,3.0,6,4,0
10,4,4,10,7.0,14,6,0
28,42,28,42,35.0,70,14,25
7,9,7,9,8.0,16,2,5
37,28,28,37,32.5,65,9,17
9,16,9,16,12.5,25,7,7
5,1,1,5,3.0,6,4,0
12,5,5,12,8.5,17,7,3
5,2,2,5,3.5,7,3,1
9,16,9,16,12.5,25,7,6
4,6,4,6,5.0,10,2,0
13,9,9,13,11.0,22,4,7
41,30,30,41,35.5,71,11,25
5,5,5,5,5.0,10,0,4
8,5,5,8,6.5,13,3,2
4,1,1,4,2.5,5,3,0
5,5,5,5,5.0,10,0,4
1,5,1,5,3.0,6,4,0
4,1,1,4,2.5,5,3,0
1,7,1,7,4.0,8,6,0
1,6,1,6,3.5,7,5,0
5,5,5,5,5.0,10,0,4
4,2,2,4,3.0,6,2,1
26,27,26,27,26.5,53,1,25
5,5,5,5,5.0,10,0,4
3,4,3,4,3.5,7,1,0
10,6,6,10,8.0,16,4,0
1,4,1,4,2.5,5,3,0
4,5,4,5,4.5,9,1,3
1,5,1,5,3.0,6,4,0
13,16,13,16,14.5,29,3,10
2,4,2,4,3.0,6,2,0
1,5,1,5,3.0,6,4,0
1,5,1,5,3.0,6,4,0
2,8,2,8,5.0,10,6,0
11,13,11,13,12.0,24,2,10
3,7,3,7,5.0,10,4,2
7,6,6,7,6.5,13,1,5
1,4,1,4,2.5,5,3,0
4,1,1,4,2.5,5,3,0
33,24,24,33,28.5,57,9,20
11,15,11,15,13.0,26,4,9
5,4,4,5,4.5,9,1,3
1,22,1,22,11.5,23,21,0
1,18,1,18,9.5,19,17,0
5,4,4,5,4.5,9,1,3
6,1,1,6,3.5,7,5,0
5,9,5,9,7.0,14,4,3
12,15,12,15,13.5,27,3,11
4,1,1,4,2.5,5,3,0
22,14,14,22,18.0,36,8,12
8,6,6,8,7.0,14,2,2
9,12,9,12,10.5,21,3,7
1,52,1,52,26.5,53,51,0
8,16,8,16,12.0,24,8,6
5,6,5,6,5.5,11,1,4
11,7,7,11,9.0,18,4,1
12,10,10,12,11.0,22,2,6
1,4,1,4,2.5,5,3,0
5,5,5,5,5.0,10,0,4
1,4,1,4,2.5,5,3,0
31,25,25,31,28.0,56,6,22
16,33,16,33,24.5,49,17,9
1,8,1,8,4.5,9,7,0
8,7,7,8,7.5,15,1,5
7,8,7,8,7.5,15,1,1
1,7,1,7,4.0,8,6,0
4,1,1,4,2.5,5,3,0
44,44,44,44,44.0,88,0,32
32,31,31,32,31.5,63,1,29
4,1,1,4,2.5,5,3,0
10,16,10,16,13.0,26,6,9
1,5,1,5,3.0,6,4,0
24,14,14,24,19.0,38,10,10
5,6,5,6,5.5,11,1,4
1,4,1,4,2.5,5,3,0
5,5,5,5,5.0,10,0,4
17,19,17,19,18.0,36,2,15
4,5,4,5,4.5,9,1,3
17,17,17,17,17.0,34,0,8
4,2,2,4,3.0,6,2,1
1,5,1,5,3.0,6,4,0
6,4,4,6,5.0,10,2,3
11,10,10,11,10.5,21,1,9
5,1,1,5,3.0,6,4,0
10,11,10,11,10.5,21,1,8
8,1,1,8,4.5,9,7,0
4,4,4,4,4.0,8,0,3
6,4,4,6,5.0,10,2,3
2,5,2,5,3.5,7,3,1
3,6,3,6,4.5,9,3,1
7,1,1,7,4.0,8,6,0
32,41,32,41,36.5,73,9,25
16,15,15,16,15.5,31,1,13
1,4,1,4,2.5,5,3,0
4,2,2,4,3.0,6,2,1
1,11,1,11,6.0,12,10,0
5,5,5,5,5.0,10,0,4
1,6,1,6,3.5,7,5,0
2,4,2,4,3.0,6,2,0
1,6,1,6,3.5,7,5,0
5,1,1,5,3.0,6,4,0
9,6,6,9,7.5,15,3,5
18,20,18,20,19.0,38,2,17
6,6,6,6,6.0,12,0,4
5,1,1,5,3.0,6,4,0
1,6,1,6,3.5,7,5,0
1,4,1,4,2.5,5,3,0
15,27,15,27,21.0,42,12,13
15,13,13,15,14.0,28,2,11
5,1,1,5,3.0,6,4,0
1,6,1,6,3.5,7,5,0
8,7,7,8,7.5,15,1,6
24,11,11,24,17.5,35,13,10
1,18,1,18,9.5,19,17,0
6,2,2,6,4.0,8,4,1
7,6,6,7,6.5,13,1,1
1,4,1,4,2.5,5,3,0
4,11,4,11,7.5,15,7,2
7,8,7,8,7.5,15,1,6
1,5,1,5,3.0,6,4,0
5,2,2,5,3.5,7,3,1
5,22,5,22,13.5,27,17,0
1,5,1,5,3.0,6,4,0
22,1,1,22,11.5,23,21,0
8,5,5,8,6.5,13,3,2
10,8,8,10,9.0,18,2,3
5,5,5,5,5.0,10,0,4
4,5,4,5,4.5,9,1,2
8,2,2,8,5.0,10,6,0
7,5,5,7,6.0,12,2,4
6,9,6,9,7.5,15,3,1
4,2,2,4,3.0,6,2,1
4,4,4,4,4.0,8,0,3
1,5,1,5,3.0,6,4,0
8,26,8,26,17.0,34,18,6
27,15,15,27,21.0,42,12,14
5,6,5,6,5.5,11,1,3
8,12,8,12,10.0,20,4,7
41,42,41,42,41.5,83,1,39
1,11,1,11,6.0,12,10,0
1,6,1,6,3.5,7,5,0
33,25,25,33,29.0,58,8,21
4,1,1,4,2.5,5,3,0
4,4,4,4,4.0,8,0,3
5,5,5,5,5.0,10,0,4
1,4,1,4,2.5,5,3,0
7,26,7,26,16.5,33,19,0
12,1,1,12,6.5,13,11,0
24,25,24,25,24.5,49,1,20
4,15,4,15,9.5,19,11,2
11,11,11,11,11.0,22,0,10
5,1,1,5,3.0,6,4,0
5,2,2,5,3.5,7,3,1
4,3,3,4,3.5,7,1,2
18,9,9,18,13.5,27,9,4
5,1,1,5,3.0,6,4,0
1,6,1,6,3.5,7,5,0
1,6,1,6,3.5,7,5,0
1,77,1,77,39.0,78,76,0
15,65,15,65,40.0,80,50,11
7,30,7,30,18.5,37,23,6
11,12,11,12,11.5,23,1,9
18,24,18,24,21.0,42,6,15
10,9,9,10,9.5,19,1,8
15,7,7,15,11.0,22,8,5
9,1,1,9,5.0,10,8,0
13,11,11,13,12.0,24,2,9
1,20,1,20,10.5,21,19,0
6,8,6,8,7.0,14,2,5
6,1,1,6,3.5,7,5,0
4,4,4,4,4.0,8,0,3
8,6,6,8,7.0,14,2,5
1,107,1,107,54.0,108,106,0
3,5,3,5,4.0,8,2,1
1,4,1,4,2.5,5,3,0
4,1,1,4,2.5,5,3,0
1,8,1,8,4.5,9,7,0
23,23,23,23,23.0,46,0,21
6,6,6,6,6.0,12,0,5
1,8,1,8,4.5,9,7,0
18,16,16,18,17.0,34,2,15
4,4,4,4,4.0,8,0,3
4,1,1,4,2.5,5,3,0
10,7,7,10,8.5,17,3,5
4,1,1,4,2.5,5,3,0
3,5,3,5,4.0,8,2,1
21,17,17,21,19.0,38,4,16
4,1,1,4,2.5,5,3,0
6,4,4,6,5.0,10,2,0
6,6,6,6,6.0,12,0,5
8,9,8,9,8.5,17,1,6
11,5,5,11,8.0,16,6,4
48,40,40,48,44.0,88,8,39
4,7,4,7,5.5,11,3,1
2,8,2,8,5.0,10,6,0
1,6,1,6,3.5,7,5,0
1,4,1,4,2.5,5,3,0
8,1,1,8,4.5,9,7,0
9,10,9,10,9.5,19,1,8
8,12,8,12,10.0,20,4,7
1,5,1,5,3.0,6,4,0
1,4,1,4,2.5,5,3,0
1,5,1,5,3.0,6,4,0
5,9,5,9,7.0,14,4,2
12,15,12,15,13.5,27,3,11
40,48,40,48,44.0,88,8,33
12,27,12,27,19.5,39,15,10
4,4,4,4,4.0,8,0,3
10,8,8,10,9.0,18,2,7
4,1,1,4,2.5,5,3,0
1,16,1,16,8.5,17,15,0
7,6,6,7,6.5,13,1,5
2,13,2,13,7.5,15,11,0
2,19,2,19,10.5,21,17,0
27,38,27,38,32.5,65,11,25
17,13,13,17,15.0,30,4,10
2,5,2,5,3.5,7,3,1
1,9,1,9,5.0,10,8,0
1,10,1,10,5.5,11,9,0
7,8,7,8,7.5,15,1,6
7,30,7,30,18.5,37,23,1
6,7,6,7,6.5,13,1,5
9,17,9,17,13.0,26,8,4
19,17,17,19,18.0,36,2,15
4,1,1,4,2.5,5,3,0
44,36,36,44,40.0,80,8,35
4,1,1,4,2.5,5,3,0
1,4,1,4,2.5,5,3,0
18,20,18,20,19.0,38,2,16
8,13,8,13,10.5,21,5,6
1,4,1,4,2.5,5,3,0
1,4,1,4,2.5,5,3,0
1,25,1,25,13.0,26,24,0
4,1,1,4,2.5,5,3,0
13,6,6,13,9.5,19,7,4
5,1,1,5,3.0,6,4,0
14,18,14,18,16.0,32,4,13
6,6,6,6,6.0,12,0,4
11,9,9,11,10.0,20,2,2
1,4,1,4,2.5,5,3,0
5,6,5,6,5.5,11,1,4
11,1,1,11,6.0,12,10,0
23,15,15,23,19.0,38,8,12
4,1,1,4,2.5,5,3,0
6,6,6,6,6.0,12,0,5
4,4,4,4,4.0,8,0,2
1,4,1,4,2.5,5,3,0
1,13,1,13,7.0,14,12,0
9,11,9,11,10.0,20,2,4
19,11,11,19,15.0,30,8,8
10,11,10,11,10.5,21,1,8
2,4,2,4,3.0,6,2,1
4,1,1,4,2.5,5,3,0
12,19,12,19,15.5,31,7,10
4,1,1,4,2.5,5,3,0
1,7,1,7,4.0,8,6,0
17,15,15,17,16.0,32,2,14
1,4,1,4,2.5,5,3,0
18,20,18,20,19.0,38,2,15
10,2,2,10,6.0,12,8,1
4,2,2,4,3.0,6,2,1
4,8,4,8,6.0,12,4,3
5,6,5,6,5.5,11,1,0
12,14,12,14,13.0,26,2,7
7,7,7,7,7.0,14,0,6
9,4,4,9,6.5,13,5,3
4,1,1,4,2.5,5,3,0
31,23,23,31,27.0,54,8,22
26,1,1,26,13.5,27,25,0
5,9,5,9,7.0,14,4,4
19,48,19,48,33.5,67,29,14
33,28,28,33,30.5,61,5,20
4,8,4,8,6.0,12,4,3
5,1,1,5,3.0,6,4,0
6,1,1,6,3.5,7,5,0
29,20,20,29,24.5,49,9,19
23,7,7,23,15.0,30,16,5
4,2,2,4,3.0,6,2,1
1,4,1,4,2.5,5,3,0
1,8,1,8,4.5,9,7,0
8,10,8,10,9.0,18,2,5
23,15,15,23,19.0,38,8,11
5,1,1,5,3.0,6,4,0
5,5,5,5,5.0,10,0,0
1,8,1,8,4.5,9,7,0
7,7,7,7,7.0,14,0,6
41,88,41,88,64.5,129,47,37
1,25,1,25,13.0,26,24,0
9,11,9,11,10.0,20,2,5
24,16,16,24,20.0,40,8,15
25,24,24,25,24.5,49,1,11
10,1,1,10,5.5,11,9,0
15,4,4,15,9.5,19,11,2
4,1,1,4,2.5,5,3,0
11,13,11,13,12.0,24,2,8
6,7,6,7,6.5,13,1,3
1,7,1,7,4.0,8,6,0
1,4,1,4,2.5,5,3,0
9,9,9,9,9.0,18,0,6
3,4,3,4,3.5,7,1,2
16,20,16,20,18.0,36,4,13
1,7,1,7,4.0,8,6,0
18,31,18,31,24.5,49,13,15
2,4,2,4,3.0,6,2,1
16,20,16,20,18.0,36,4,14
16,16,16,16,16.0,32,0,11
1,5,1,5,3.0,6,4,0
2,5,2,5,3.5,7,3,1
1,4,1,4,2.5,5,3,0
2,18,2,18,10.0,20,16,0
42,40,40,42,41.0,82,2,38
2,4,2,4,3.0,6,2,1
4,4,4,4,4.0,8,0,3
1,6,1,6,3.5,7,5,0
9,9,9,9,9.0,18,0,7
2,8,2,8,5.0,10,6,1
1,12,1,12,6.5,13,11,0
2,4,2,4,3.0,6,2,0
7,2,2,7,4.5,9,5,0
4,1,1,4,2.5,5,3,0
30,20,20,30,25.0,50,10,19
21,9,9,21,15.0,30,12,6
8,21,8,21,14.5,29,13,2
8,10,8,10,9.0,18,2,6
33,18,18,33,25.5,51,15,16
1,5,1,5,3.0,6,4,0
1,5,1,5,3.0,6,4,0
4,2,2,4,3.0,6,2,1
6,5,5,6,5.5,11,1,0
8,1,1,8,4.5,9,7,0
12,12,12,12,12.0,24,0,10
1,4,1,4,2.5,5,3,0
19,19,19,19,19.0,38,0,18
2,4,2,4,3.0,6,2,1
22,16,16,22,19.0,38,6,13
6,1,1,6,3.5,7,5,0
10,10,10,10,10.0,20,0,8
2,12,2,12,7.0,14,10,1
4,4,4,4,4.0,8,0,3
1,28,1,28,14.5,29,27,0
1,52,1,52,26.5,53,51,0
7,16,7,16,11.5,23,9,6
6,1,1,6,3.5,7,5,0
11,10,10,11,10.5,21,1,9
4,2,2,4,3.0,6,2,1
7,5,5,7,6.0,12,2,3
21,15,15,21,18.0,36,6,10
5,1,1,5,3.0,6,4,0
6,6,6,6,6.0,12,0,5
6,5,5,6,5.5,11,1,3
8,4,4,8,6.0,12,4,1
5,4,4,5,4.5,9,1,3
1,4,1,4,2.5,5,3,0
42,48,42,48,45.0,90,6,33
15,14,14,15,14.5,29,1,10
11,11,11,11,11.0,22,0,10
41,45,41,45,43.0,86,4,32
27,24,24,27,25.5,51,3,21
4,1,1,4,2.5,5,3,0
6,1,1,6,3.5,7,5,0
1,5,1,5,3.0,6,4,0
8,2,2,8,5.0,10,6,1
5,4,4,5,4.5,9,1,2
6,13,6,13,9.5,19,7,0
30,13,13,30,21.5,43,17,6
1,6,1,6,3.5,7,5,0
1,5,1,5,3.0,6,4,0
4,1,1,4,2.5,5,3,0
5,5,5,5,5.0,10,0,2
4,1,1,4,2.5,5,3,0
9,4,4,9,6.5,13,5,2
22,15,15,22,18.5,37,7,13
6,6,6,6,6.0,12,0,4
3,14,3,14,8.5,17,11,1
2,4,2,4,3.0,6,2,1
12,55,12,55,33.5,67,43,2
8,1,1,8,4.5,9,7,0
6,4,4,6,5.0,10,2,2
1,4,1,4,2.5,5,3,0
17,12,12,17,14.5,29,5,8
1,4,1,4,2.5,5,3,0
6,7,6,7,6.5,13,1,3
1,4,1,4,2.5,5,3,0
1,5,1,5,3.0,6,4,0
30,33,30,33,31.5,63,3,23
5,5,5,5,5.0,10,0,4
8,7,7,8,7.5,15,1,6
5,1,1,5,3.0,6,4,0
8,4,4,8,6.0,12,4,3
4,2,2,4,3.0,6,2,1
9,88,9,88,48.5,97,79,1
5,6,5,6,5.5,11,1,0
18,15,15,18,16.5,33,3,14
6,7,6,7,6.5,13,1,1
1,4,1,4,2.5,5,3,0
1,6,1,6,3.5,7,5,0
13,8,8,13,10.5,21,5,7
4,4,4,4,4.0,8,0,3
11,6,6,11,8.5,17,5,0
5,1,1,5,3.0,6,4,0
1,18,1,18,9.5,19,17,0
1,4,1,4,2.5,5,3,0
4,1,1,4,2.5,5,3,0
11,6,6,11,8.5,17,5,4
1,4,1,4,2.5,5,3,0
12,18,12,18,15.0,30,6,11
4,7,4,7,5.5,11,3,3
1,5,1,5,3.0,6,4,0
12,12,12,12,12.0,24,0,11
23,30,23,30,26.5,53,7,13
1,5,1,5,3.0,6,4,0
6,1,1,6,3.5,7,5,0
6,1,1,6,3.5,7,5,0
8,1,1,8,4.5,9,7,0
3,12,3,12,7.5,15,9,1
16,1,1,16,8.5,17,15,0
1,5,1,5,3.0,6,4,0
5,1,1,5,3.0,6,4,0
20,21,20,21,20.5,41,1,19
1,9,1,9,5.0,10,8,0
1,6,1,6,3.5,7,5,0
2,4,2,4,3.0,6,2,0
1,5,1,5,3.0,6,4,0
17,1,1,17,9.0,18,16,0
15,7,7,15,11.0,22,8,3
9,9,9,9,9.0,18,0,5
8,5,5,8,6.5,13,3,0
4,4,4,4,4.0,8,0,1
1,10,1,10,5.5,11,9,0
33,44,33,44,38.5,77,11,25
6,7,6,7,6.5,13,1,5
24,29,24,29,26.5,53,5,23
5,5,5,5,5.0,10,0,4
6,4,4,6,5.0,10,2,3
4,1,1,4,2.5,5,3,0
4,2,2,4,3.0,6,2,0
1,21,1,21,11.0,22,20,0
6,4,4,6,5.0,10,2,3
6,4,4,6,5.0,10,2,3
22,28,22,28,25.0,50,6,18
15,15,15,15,15.0,30,0,13
13,1,1,13,7.0,14,12,0
27,26,26,27,26.5,53,1,25
11,15,11,15,13.0,26,4,8
8,8,8,8,8.0,16,0,5
6,7,6,7,6.5,13,1,5
5,1,1,5,3.0,6,4,0
32,33,32,33,32.5,65,1,31
11,8,8,11,9.5,19,3,7
8,2,2,8,5.0,10,6,1
6,3,3,6,4.5,9,3,1
10,5,5,10,7.5,15,5,4
1,23,1,23,12.0,24,22,0
4,1,1,4,2.5,5,3,0
5,5,5,5,5.0,10,0,4
1,4,1,4,2.5,5,3,0
1,4,1,4,2.5,5,3,0
3,5,3,5,4.0,8,2,0
4,1,1,4,2.5,5,3,0
11,9,9,11,10.0,20,2,5
4,7,4,7,5.5,11,3,3
1,4,1,4,2.5,5,3,0
10,24,10,24,17.0,34,14,0
9,13,9,13,11.0,22,4,6
1,5,1,5,3.0,6,4,0
9,6,6,9,7.5,15,3,0
1,6,1,6,3.5,7,5,0
9,4,4,9,6.5,13,5,3
8,1,1,8,4.5,9,7,0
10,21,10,21,15.5,31,11,1
20,21,20,21,20.5,41,1,14
5,5,5,5,5.0,10,0,4
1,22,1,22,11.5,23,21,0
10,4,4,10,7.0,14,6,1
5,6,5,6,5.5,11,1,4
17,20,17,20,18.5,37,3,0
6,15,6,15,10.5,21,9,0
1,22,1,22,11.5,23,21,0
4,2,2,4,3.0,6,2,1
5,4,4,5,4.5,9,1,3
31,48,31,48,39.5,79,17,30
4,1,1,4,2.5,5,3,0
1,6,1,6,3.5,7,5,0
4,1,1,4,2.5,5,3,0
3,21,3,21,12.0,24,18,0
1,8,1,8,4.5,9,7,0
4,1,1,4,2.5,5,3,0
2,8,2,8,5.0,10,6,0
9,6,6,9,7.5,15,3,5
12,14,12,14,13.0,26,2,11
35,34,34,35,34.5,69,1,33
1,5,1,5,3.0,6,4,0
1,4,1,4,2.5,5,3,0
4,1,1,4,2.5,5,3,0
42,30,30,42,36.0,72,12,25
28,25,25,28,26.5,53,3,24
24,14,14,24,19.0,38,10,8
1,9,1,9,5.0,10,8,0
3,7,3,7,5.0,10,4,1
8,7,7,8,7.5,15,1,4
6,1,1,6,3.5,7,5,0
6,7,6,7,6.5,13,1,5
5,6,5,6,5.5,11,1,3
8,1,1,8,4.5,9,7,0
5,8,5,8,6.5,13,3,2
5,2,2,5,3.5,7,3,0
16,8,8,16,12.0,24,8,6
27,26,26,27,26.5,53,1,24
11,6,6,11,8.5,17,5,4
7,2,2,7,4.5,9,5,1
34,36,34,36,35.0,70,2,33
4,4,4,4,4.0,8,0,3
22,65,22,65,43.5,87,43,20
31,30,30,31,30.5,61,1,24
28,13,13,28,20.5,41,15,9
12,12,12,12,12.0,24,0,11
1,4,1,4,2.5,5,3,0
1,18,1,18,9.5,19,17,0
4,2,2,4,3.0,6,2,0
6,10,6,10,8.0,16,4,3
20,23,20,23,21.5,43,3,15
1,18,1,18,9.5,19,17,0
7,12,7,12,9.5,19,5,5
4,10,4,10,7.0,14,6,3
2,15,2,15,8.5,17,13,0
22,1,1,22,11.5,23,21,0
5,5,5,5,5.0,10,0,4
31,36,31,36,33.5,67,5,12
4,1,1,4,2.5,5,3,0
5,1,1,5,3.0,6,4,0
6,6,6,6,6.0,12,0,5
4,65,4,65,34.5,69,61,0
1,15,1,15,8.0,16,14,0
4,5,4,5,4.5,9,1,2
1,6,1,6,3.5,7,5,0
7,26,7,26,16.5,33,19,0
21,17,17,21,19.0,38,4,11
4,1,1,4,2.5,5,3,0
5,1,1,5,3.0,6,4,0
1,12,1,12,6.5,13,11,0
10,33,10,33,21.5,43,23,9
4,1,1,4,2.5,5,3,0
23,33,23,33,28.0,56,10,19
6,6,6,6,6.0,12,0,2
13,12,12,13,12.5,25,1,11
1,10,1,10,5.5,11,9,0
24,37,24,37,30.5,61,13,11
13,20,13,20,16.5,33,7,12
5,4,4,5,4.5,9,1,3
9,11,9,11,10.0,20,2,8
10,1,1,10,5.5,11,9,0
2,15,2,15,8.5,17,13,1
6,6,6,6,6.0,12,0,5
10,12,10,12,11.0,22,2,7
8,2,2,8,5.0,10,6,1
1,4,1,4,2.5,5,3,0
7,1,1,7,4.0,8,6,0
2,5,2,5,3.5,7,3,0
15,11,11,15,13.0,26,4,6
7,7,7,7,7.0,14,0,4
7,3,3,7,5.0,10,4,2
3,4,3,4,3.5,7,1,2
12,13,12,13,12.5,25,1,11
20,41,20,41,30.5,61,21,18
3,16,3,16,9.5,19,13,0
9,1,1,9,5.0,10,8,0
24,23,23,24,23.5,47,1,20
25,35,25,35,30.0,60,10,17
7,9,7,9,8.0,16,2,5
4,4,4,4,4.0,8,0,3
5,5,5,5,5.0,10,0,4
1,14,1,14,7.5,15,13,0
11,11,11,11,11.0,22,0,7
4,4,4,4,4.0,8,0,0
1,5,1,5,3.0,6,4,0
7,8,7,8,7.5,15,1,5
32,33,32,33,32.5,65,1,31
8,1,1,8,4.5,9,7,0
10,4,4,10,7.0,14,6,2
7,8,7,8,7.5,15,1,6
3,5,3,5,4.0,8,2,2
2,4,2,4,3.0,6,2,1
5,7,5,7,6.0,12,2,4
6,12,6,12,9.0,18,6,0
9,1,1,9,5.0,10,8,0
20,13,13,20,16.5,33,7,8
1,8,1,8,4.5,9,7,0
1,4,1,4,2.5,5,3,0
6,1,1,6,3.5,7,5,0
5,1,1,5,3.0,6,4,0
1,4,1,4,2.5,5,3,0
37,23,23,37,30.0,60,14,22
12,11,11,12,11.5,23,1,10
4,7,4,7,5.5,11,3,3
5,1,1,5,3.0,6,4,0
4,1,1,4,2.5,5,3,0
1,16,1,16,8.5,17,15,0
3,11,3,11,7.0,14,8,2
1,11,1,11,6.0,12,10,0
5,1,1,5,3.0,6,4,0
14,16,14,16,15.0,30,2,12
10,17,10,17,13.5,27,7,5
4,5,4,5,4.5,9,1,0
5,6,5,6,5.5,11,1,4
16,12,12,16,14.0,28,4,5
10,7,7,10,8.5,17,3,3
1,8,1,8,4.5,9,7,0
4,4,4,4,4.0,8,0,3
12,10,10,12,11.0,22,2,9
11,10,10,11,10.5,21,1,9
13,9,9,13,11.0,22,4,7
2,15,2,15,8.5,17,13,1
7,7,7,7,7.0,14,0,5
20,17,17,20,18.5,37,3,16
4,1,1,4,2.5,5,3,0
16,14,14,16,15.0,30,2,13
6,1,1,6,3.5,7,5,0
32,10,10,32,21.0,42,22,8
6,1,1,6,3.5,7,5,0
38,23,23,38,30.5,61,15,19
5,1,1,5,3.0,6,4,0
6,24,6,24,15.0,30,18,2
4,6,4,6,5.0,10,2,3
19,23,19,23,21.0,42,4,16
9,13,9,13,11.0,22,4,8
5,9,5,9,7.0,14,4,1
1,4,1,4,2.5,5,3,0
17,9,9,17,13.0,26,8,7
4,1,1,4,2.5,5,3,0
1,6,1,6,3.5,7,5,0
17,17,17,17,17.0,34,0,16
6,6,6,6,6.0,12,0,5
2,33,2,33,17.5,35,31,0
6,8,6,8,7.0,14,2,5
30,23,23,30,26.5,53,7,1
5,2,2,5,3.5,7,3,1
7,1,1,7,4.0,8,6,0
1,4,1,4,2.5,5,3,0
4,4,4,4,4.0,8,0,3
23,15,15,23,19.0,38,8,9
4,3,3,4,3.5,7,1,2
8,10,8,10,9.0,18,2,4
5,1,1,5,3.0,6,4,0
9,8,8,9,8.5,17,1,6
6,1,1,6,3.5,7,5,0
6,7,6,7,6.5,13,1,5
6,4,4,6,5.0,10,2,3
9,13,9,13,11.0,22,4,8
4,1,1,4,2.5,5,3,0
4,6,4,6,5.0,10,2,2
11,11,11,11,11.0,22,0,10
5,5,5,5,5.0,10,0,0
13,11,11,13,12.0,24,2,9
21,21,21,21,21.0,42,0,17
13,19,13,19,16.0,32,6,4
14,7,7,14,10.5,21,7,3
17,18,17,18,17.5,35,1,13
46,44,44,46,45.0,90,2,43
4,1,1,4,2.5,5,3,0
4,1,1,4,2.5,5,3,0
19,21,19,21,20.0,40,2,18
7,2,2,7,4.5,9,5,1
6,6,6,6,6.0,12,0,4
7,9,7,9,8.0,16,2,6
4,2,2,4,3.0,6,2,1
24,40,24,40,32.0,64,16,23
6,2,2,6,4.0,8,4,1
1,4,1,4,2.5,5,3,0
31,21,21,31,26.0,52,10,18
7,8,7,8,7.5,15,1,5
5,6,5,6,5.5,11,1,4
4,9,4,9,6.5,13,5,3
4,2,2,4,3.0,6,2,0
5,1,1,5,3.0,6,4,0
11,11,11,11,11.0,22,0,9
14,10,10,14,12.0,24,4,6
2,21,2,21,11.5,23,19,0
1,18,1,18,9.5,19,17,0
3,6,3,6,4.5,9,3,2
5,8,5,8,6.5,13,3,3
7,7,7,7,7.0,14,0,6
5,4,4,5,4.5,9,1,3
18,20,18,20,19.0,38,2,12
25,5,5,25,15.0,30,20,0
4,5,4,5,4.5,9,1,3
7,6,6,7,6.5,13,1,5
4,1,1,4,2.5,5,3,0
5,4,4,5,4.5,9,1,2
6,1,1,6,3.5,7,5,0
1,6,1,6,3.5,7,5,0
4,1,1,4,2.5,5,3,0
10,2,2,10,6.0,12,8,0
18,31,18,31,24.5,49,13,12
20,19,19,20,19.5,39,1,17
8,8,8,8,8.0,16,0,7
1,4,1,4,2.5,5,3,0
5,1,1,5,3.0,6,4,0
5,6,5,6,5.5,11,1,4
1,7,1,7,4.0,8,6,0
1,5,1,5,3.0,6,4,0
5,1,1,5,3.0,6,4,0
16,14,14,16,15.0,30,2,13
9,9,9,9,9.0,18,0,8
12,1,1,12,6.5,13,11,0
1,12,1,12,6.5,13,11,0
4,1,1,4,2.5,5,3,0
1,7,1,7,4.0,8,6,0
4,1,1,4,2.5,5,3,0
1,6,1,6,3.5,7,5,0
9,11,9,11,10.0,20,2,7
8,1,1,8,4.5,9,7,0
1,6,1,6,3.5,7,5,0
2,5,2,5,3.5,7,3,1
9,1,1,9,5.0,10,8,0
1,4,1,4,2.5,5,3,0
4,5,4,5,4.5,9,1,3
4,1,1,4,2.5,5,3,0
12,1,1,12,6.5,13,11,0
5,5,5,5,5.0,10,0,4
14,15,14,15,14.5,29,1,12
1,7,1,7,4.0,8,6,0
5,6,5,6,5.5,11,1,4
42,31,31,42,36.5,73,11,24
8,1,1,8,4.5,9,7,0
8,1,1,8,4.5,9,7,0
10,10,10,10,10.0,20,0,9
4,6,4,6,5.0,10,2,0
6,2,2,6,4.0,8,4,1
9,8,8,9,8.5,17,1,5
10,14,10,14,12.0,24,4,0
13,12,12,13,12.5,25,1,11
1,6,1,6,3.5,7,5,0
8,13,8,13,10.5,21,5,6
24,41,24,41,32.5,65,17,21
4,13,4,13,8.5,17,9,0
9,9,9,9,9.0,18,0,8
22,19,19,22,20.5,41,3,16
5,1,1,5,3.0,6,4,0
9,8,8,9,8.5,17,1,6
38,41,38,41,39.5,79,3,27
18,19,18,19,18.5,37,1,17
4,4,4,4,4.0,8,0,3
4,1,1,4,2.5,5,3,0
1,9,1,9,5.0,10,8,0
5,1,1,5,3.0,6,4,0
16,13,13,16,14.5,29,3,12
16,15,15,16,15.5,31,1,13
5,1,1,5,3.0,6,4,0
2,10,2,10,6.0,12,8,1
1,4,1,4,2.5,5,3,0
27,49,27,49,38.0,76,22,20
16,17,16,17,16.5,33,1,15
29,25,25,29,27.0,54,4,23
5,2,2,5,3.5,7,3,1
43,31,31,43,37.0,74,12,18
5,14,5,14,9.5,19,9,1
7,6,6,7,6.5,13,1,5
6,6,6,6,6.0,12,0,1
1,7,1,7,4.0,8,6,0
1,7,1,7,4.0,8,6,0
1,7,1,7,4.0,8,6,0
2,6,2,6,4.0,8,4,0
2,26,2,26,14.0,28,24,0
10,25,10,25,17.5,35,15,9
5,1,1,5,3.0,6,4,0
21,10,10,21,15.5,31,11,6
19,19,19,19,19.0,38,0,18
6,6,6,6,6.0,12,0,2
18,19,18,19,18.5,37,1,17
7,1,1,7,4.0,8,6,0
27,18,18,27,22.5,45,9,6
4,4,4,4,4.0,8,0,3
4,8,4,8,6.0,12,4,3
7,11,7,11,9.0,18,4,3
9,4,4,9,6.5,13,5,2
1,8,1,8,4.5,9,7,0
4,1,1,4,2.5,5,3,0
5,1,1,5,3.0,6,4,0
4,1,1,4,2.5,5,3,0
14,9,9,14,11.5,23,5,2
16,18,16,18,17.0,34,2,13
11,4,4,11,7.5,15,7,3
6,2,2,6,4.0,8,4,1
6,4,4,6,5.0,10,2,3
19,19,19,19,19.0,38,0,18
18,17,17,18,17.5,35,1,16
5,6,5,6,5.5,11,1,4
5,1,1,5,3.0,6,4,0
19,16,16,19,17.5,35,3,14
5,1,1,5,3.0,6,4,0
26,27,26,27,26.5,53,1,25
1,6,1,6,3.5,7,5,0
36,10,10,36,23.0,46,26,6
1,4,1,4,2.5,5,3,0
7,6,6,7,6.5,13,1,5
6,7,6,7,6.5,13,1,5
26,26,26,26,26.0,52,0,25
2,7,2,7,4.5,9,5,1
11,6,6,11,8.5,17,5,2
5,1,1,5,3.0,6,4,0
12,19,12,19,15.5,31,7,11
5,1,1,5,3.0,6,4,0
28,35,28,35,31.5,63,7,23
4,6,4,6,5.0,10,2,2
4,1,1,4,2.5,5,3,0
9,9,9,9,9.0,18,0,8
18,49,18,49,33.5,67,31,17
8,6,6,8,7.0,14,2,4
7,1,1,7,4.0,8,6,0
7,6,6,7,6.5,13,1,0
1,61,1,61,31.0,62,60,0
5,6,5,6,5.5,11,1,4
40,17,17,40,28.5,57,23,13
8,25,8,25,16.5,33,17,4
5,1,1,5,3.0,6,4,0
14,15,14,15,14.5,29,1,1
4,11,4,11,7.5,15,7,3
25,25,25,25,25.0,50,0,24
17,18,17,18,17.5,35,1,15
10,12,10,12,11.0,22,2,8
1,8,1,8,4.5,9,7,0
5,4,4,5,4.5,9,1,3
5,6,5,6,5.5,11,1,3
4,5,4,5,4.5,9,1,3
6,1,1,6,3.5,7,5,0
33,33,33,33,33.0,66,0,32
5,1,1,5,3.0,6,4,0
8,1,1,8,4.5,9,7,0
6,1,1,6,3.5,7,5,0
1,10,1,10,5.5,11,9,0
4,1,1,4,2.5,5,3,0
1,12,1,12,6.5,13,11,0
4,2,2,4,3.0,6,2,1
4,7,4,7,5.5,11,3,3
5,6,5,6,5.5,11,1,4
1,4,1,4,2.5,5,3,0
7,1,1,7,4.0,8,6,0
5,4,4,5,4.5,9,1,3
4,16,4,16,10.0,20,12,2
4,4,4,4,4.0,8,0,3
2,19,2,19,10.5,21,17,0
1,4,1,4,2.5,5,3,0
4,4,4,4,4.0,8,0,3
6,6,6,6,6.0,12,0,3
27,39,27,39,33.0,66,12,23
1,5,1,5,3.0,6,4,0
20,1,1,20,10.5,21,19,0
9,7,7,9,8.0,16,2,4
4,9,4,9,6.5,13,5,3
4,2,2,4,3.0,6,2,0
4,1,1,4,2.5,5,3,0
27,26,26,27,26.5,53,1,25
7,6,6,7,6.5,13,1,5
11,11,11,11,11.0,22,0,10
11,1,1,11,6.0,12,10,0
7,5,5,7,6.0,12,2,4
5,1,1,5,3.0,6,4,0
5,1,1,5,3.0,6,4,0
4,1,1,4,2.5,5,3,0
3,6,3,6,4.5,9,3,2
16,9,9,16,12.5,25,7,7
25,23,23,25,24.0,48,2,21
14,13,13,14,13.5,27,1,11
5,24,5,24,14.5,29,19,0
4,1,1,4,2.5,5,3,0
11,6,6,11,8.5,17,5,5
1,6,1,6,3.5,7,5,0
1,4,1,4,2.5,5,3,0
6,16,6,16,11.0,22,10,0
9,29,9,29,19.0,38,20,5
5,1,1,5,3.0,6,4,0
19,9,9,19,14.0,28,10,6
12,21,12,21,16.5,33,9,10
17,11,11,17,14.0,28,6,6
1,5,1,5,3.0,6,4,0
5,1,1,5,3.0,6,4,0
4,4,4,4,4.0,8,0,2
1,4,1,4,2.5,5,3,0
8,1,1,8,4.5,9,7,0
1,5,1,5,3.0,6,4,0
1,7,1,7,4.0,8,6,0
5,5,5,5,5.0,10,0,4
1,6,1,6,3.5,7,5,0
5,5,5,5,5.0,10,0,0
16,26,16,26,21.0,42,10,13
10,10,10,10,10.0,20,0,6
9,10,9,10,9.5,19,1,5
7,19,7,19,13.0,26,12,5
2,4,2,4,3.0,6,2,1
30,41,30,41,35.5,71,11,25
4,1,1,4,2.5,5,3,0
2,8,2,8,5.0,10,6,1
1,4,1,4,2.5,5,3,0
4,4,4,4,4.0,8,0,1
1,7,1,7,4.0,8,6,0
7,10,7,10,8.5,17,3,6
5,11,5,11,8.0,16,6,4
4,1,1,4,2.5,5,3,0
1,4,1,4,2.5,5,3,0
5,1,1,5,3.0,6,4,0
7,1,1,7,4.0,8,6,0
8,15,8,15,11.5,23,7,7
10,8,8,10,9.0,18,2,6
22,12,12,22,17.0,34,10,5
41,42,41,42,41.5,83,1,40
28,55,28,55,41.5,83,27,26
11,5,5,11,8.0,16,6,1
16,14,14,16,15.0,30,2,9
4,4,4,4,4.0,8,0,3
4,4,4,4,4.0,8,0,3
38,24,24,38,31.0,62,14,20
32,31,31,32,31.5,63,1,30
1,16,1,16,8.5,17,15,0
1,9,1,9,5.0,10,8,0
1,6,1,6,3.5,7,5,0
5,5,5,5,5.0,10,0,4
5,1,1,5,3.0,6,4,0
2,4,2,4,3.0,6,2,1
5,5,5,5,5.0,10,0,4
7,5,5,7,6.0,12,2,4
6,2,2,6,4.0,8,4,1
10,9,9,10,9.5,19,1,8
31,23,23,31,27.0,54,8,22
13,13,13,13,13.0,26,0,12
4,10,4,10,7.0,14,6,1
3,4,3,4,3.5,7,1,2
7,4,4,7,5.5,11,3,3
5,1,1,5,3.0,6,4,0
12,8,8,12,10.0,20,4,7
13,7,7,13,10.0,20,6,6
4,2,2,4,3.0,6,2,1
9,8,8,9,8.5,17,1,7
66,1,1,66,33.5,67,65,0
10,8,8,10,9.0,18,2,6
1,4,1,4,2.5,5,3,0
4,4,4,4,4.0,8,0,3
1,5,1,5,3.0,6,4,0
12,18,12,18,15.0,30,6,11
6,7,6,7,6.5,13,1,5
4,4,4,4,4.0,8,0,3
1,4,1,4,2.5,5,3,0
7,7,7,7,7.0,14,0,6
1,5,1,5,3.0,6,4,0
34,39,34,39,36.5,73,5,31
20,19,19,20,19.5,39,1,18
4,1,1,4,2.5,5,3,0
1,5,1,5,3.0,6,4,0
7,1,1,7,4.0,8,6,0
1,4,1,4,2.5,5,3,0
1,7,1,7,4.0,8,6,0
9,16,9,16,12.5,25,7,8
9,12,9,12,10.5,21,3,8
14,1,1,14,7.5,15,13,0
7,6,6,7,6.5,13,1,4
40,45,40,45,42.5,85,5,38
6,8,6,8,7.0,14,2,5
4,4,4,4,4.0,8,0,3
18,8,8,18,13.0,26,10,6
4,5,4,5,4.5,9,1,1
12,11,11,12,11.5,23,1,9
3,4,3,4,3.5,7,1,0
41,32,32,41,36.5,73,9,23
5,1,1,5,3.0,6,4,0
6,1,1,6,3.5,7,5,0
2,7,2,7,4.5,9,5,1
11,1,1,11,6.0,12,10,0
4,1,1,4,2.5,5,3,0
4,2,2,4,3.0,6,2,1
4,1,1,4,2.5,5,3,0
1,4,1,4,2.5,5,3,0
8,56,8,56,32.0,64,48,0
18,16,16,18,17.0,34,2,10
6,8,6,8,7.0,14,2,5
13,11,11,13,12.0,24,2,9
14,17,14,17,15.5,31,3,12
11,11,11,11,11.0,22,0,9
13,13,13,13,13.0,26,0,12
5,1,1,5,3.0,6,4,0
1,4,1,4,2.5,5,3,0
1,5,1,5,3.0,6,4,0
6,1,1,6,3.5,7,5,0
17,17,17,17,17.0,34,0,16
4,1,1,4,2.5,5,3,0
15,15,15,15,15.0,30,0,7
9,10,9,10,9.5,19,1,8
11,10,10,11,10.5,21,1,6
5,5,5,5,5.0,10,0,4
10,88,10,88,49.0,98,78,1
2,7,2,7,4.5,9,5,1
8,8,8,8,8.0,16,0,7
5,5,5,5,5.0,10,0,4
1,10,1,10,5.5,11,9,0
21,27,21,27,24.0,48,6,17
2,4,2,4,3.0,6,2,0
8,7,7,8,7.5,15,1,6
1,5,1,5,3.0,6,4,0
7,5,5,7,6.0,12,2,0
4,4,4,4,4.0,8,0,3
5,2,2,5,3.5,7,3,0
2,5,2,5,3.5,7,3,1
6,8,6,8,7.0,14,2,3
6,8,6,8,7.0,14,2,5
4,1,1,4,2.5,5,3,0
8,10,8,10,9.0,18,2,7
9,5,5,9,7.0,14,4,4
5,5,5,5,5.0,10,0,4
5,10,5,10,7.5,15,5,4
13,16,13,16,14.5,29,3,9
2,29,2,29,15.5,31,27,0
11,11,11,11,11.0,22,0,10
3,12,3,12,7.5,15,9,1
10,10,10,10,10.0,20,0,9
4,2,2,4,3.0,6,2,1
16,13,13,16,14.5,29,3,9
35,41,35,41,38.0,76,6,27
3,5,3,5,4.0,8,2,2
1,5,1,5,3.0,6,4,0
4,4,4,4,4.0,8,0,3
16,1,1,16,8.5,17,15,0
2,4,2,4,3.0,6,2,1
1,4,1,4,2.5,5,3,0
6,2,2,6,4.0,8,4,1
1,31,1,31,16.0,32,30,0
4,4,4,4,4.0,8,0,3
3,8,3,8,5.5,11,5,1
6,6,6,6,6.0,12,0,5
19,4,4,19,11.5,23,15,0
14,24,14,24,19.0,38,10,7
6,7,6,7,6.5,13,1,5
4,10,4,10,7.0,14,6,2
4,2,2,4,3.0,6,2,0
1,5,1,5,3.0,6,4,0
36,29,29,36,32.5,65,7,27
5,8,5,8,6.5,13,3,4
15,10,10,15,12.5,25,5,8
12,4,4,12,8.0,16,8,3
5,2,2,5,3.5,7,3,0
1,7,1,7,4.0,8,6,0
17,48,17,48,32.5,65,31,13
27,28,27,28,27.5,55,1,26
10,15,10,15,12.5,25,5,9
11,14,11,14,12.5,25,3,10
38,16,16,38,27.0,54,22,10
4,1,1,4,2.5,5,3,0
1,35,1,35,18.0,36,34,0
11,20,11,20,15.5,31,9,10
11,15,11,15,13.0,26,4,7
31,32,31,32,31.5,63,1,29
16,1,1,16,8.5,17,15,0
24,13,13,24,18.5,37,11,10
17,5,5,17,11.0,22,12,2
15,10,10,15,12.5,25,5,9
6,6,6,6,6.0,12,0,4
2,5,2,5,3.5,7,3,1
20,25,20,25,22.5,45,5,15
4,4,4,4,4.0,8,0,2
6,5,5,6,5.5,11,1,1
9,9,9,9,9.0,18,0,8
11,15,11,15,13.0,26,4,8
1,10,1,10,5.5,11,9,0
26,20,20,26,23.0,46,6,17
21,24,21,24,22.5,45,3,13
17,8,8,17,12.5,25,9,7
1,10,1,10,5.5,11,9,0
1,14,1,14,7.5,15,13,0
14,5,5,14,9.5,19,9,1
7,11,7,11,9.0,18,4,5
7,7,7,7,7.0,14,0,6
14,14,14,14,14.0,28,0,13
4,1,1,4,2.5,5,3,0
1,19,1,19,10.0,20,18,0
4,1,1,4,2.5,5,3,0
1,4,1,4,2.5,5,3,0
4,1,1,4,2.5,5,3,0
1,40,1,40,20.5,41,39,0
3,5,3,5,4.0,8,2,2
3,6,3,6,4.5,9,3,2
23,23,23,23,23.0,46,0,21
30,32,30,32,31.0,62,2,28
4,2,2,4,3.0,6,2,1
15,14,14,15,14.5,29,1,13
11,6,6,11,8.5,17,5,4
4,4,4,4,4.0,8,0,3
5,6,5,6,5.5,11,1,0
11,11,11,11,11.0,22,0,10
6,1,1,6,3.5,7,5,0
12,1,1,12,6.5,13,11,0
19,19,19,19,19.0,38,0,15
10,1,1,10,5.5,11,9,0
1,8,1,8,4.5,9,7,0
7,8,7,8,7.5,15,1,6
3,8,3,8,5.5,11,5,1
1,23,1,23,12.0,24,22,0
30,33,30,33,31.5,63,3,29
107,17,17,107,62.0,124,90,10
4,4,4,4,4.0,8,0,3
1,5,1,5,3.0,6,4,0
1,6,1,6,3.5,7,5,0
12,9,9,12,10.5,21,3,7
29,16,16,29,22.5,45,13,12
8,1,1,8,4.5,9,7,0
5,4,4,5,4.5,9,1,3
27,27,27,27,27.0,54,0,26
8,11,8,11,9.5,19,3,6
1,4,1,4,2.5,5,3,0
5,7,5,7,6.0,12,2,2
8,5,5,8,6.5,13,3,2
12,1,1,12,6.5,13,11,0
1,4,1,4,2.5,5,3,0
8,1,1,8,4.5,9,7,0
2,20,2,20,11.0,22,18,0
9,9,9,9,9.0,18,0,8
4,3,3,4,3.5,7,1,2
4,1,1,4,2.5,5,3,0
5,6,5,6,5.5,11,1,4
12,10,10,12,11.0,22,2,9
12,10,10,12,11.0,22,2,8
2,7,2,7,4.5,9,5,0
1,12,1,12,6.5,13,11,0
5,6,5,6,5.5,11,1,4
7,1,1,7,4.0,8,6,0
1,17,1,17,9.0,18,16,0
20,12,12,20,16.0,32,8,10
5,1,1,5,3.0,6,4,0
12,9,9,12,10.5,21,3,8
5,1,1,5,3.0,6,4,0
4,1,1,4,2.5,5,3,0
4,1,1,4,2.5,5,3,0
6,7,6,7,6.5,13,1,5
7,1,1,7,4.0,8,6,0
3,4,3,4,3.5,7,1,1
1,5,1,5,3.0,6,4,0
47,36,36,47,41.5,83,11,31
24,25,24,25,24.5,49,1,17
11,10,10,11,10.5,21,1,8
11,12,11,12,11.5,23,1,10
10,10,10,10,10.0,20,0,9
6,6,6,6,6.0,12,0,5
4,4,4,4,4.0,8,0,2
1,4,1,4,2.5,5,3,0
20,3,3,20,11.5,23,17,2
6,9,6,9,7.5,15,3,5
13,12,12,13,12.5,25,1,11
17,16,16,17,16.5,33,1,13
1,6,1,6,3.5,7,5,0
12,14,12,14,13.0,26,2,11
1,4,1,4,2.5,5,3,0
9,6,6,9,7.5,15,3,5
37,33,33,37,35.0,70,4,22
10,10,10,10,10.0,20,0,7
1,4,1,4,2.5,5,3,0
2,12,2,12,7.0,14,10,0
5,4,4,5,4.5,9,1,1
1,13,1,13,7.0,14,12,0
4,4,4,4,4.0,8,0,3
1,9,1,9,5.0,10,8,0
6,6,6,6,6.0,12,0,5
4,1,1,4,2.5,5,3,0
54,10,10,54,32.0,64,44,8
4,1,1,4,2.5,5,3,0
4,1,1,4,2.5,5,3,0
5,9,5,9,7.0,14,4,3
1,11,1,11,6.0,12,10,0
21,21,21,21,21.0,42,0,19
5,4,4,5,4.5,9,1,3
4,4,4,4,4.0,8,0,3
11,1,1,11,6.0,12,10,0
6,6,6,6,6.0,12,0,5
10,10,10,10,10.0,20,0,9
8,2,2,8,5.0,10,6,1
40,41,40,41,40.5,81,1,39
1,5,1,5,3.0,6,4,0
7,7,7,7,7.0,14,0,6
4,4,4,4,4.0,8,0,3
27,14,14,27,20.5,41,13,12
45,30,30,45,37.5,75,15,26
13,15,13,15,14.0,28,2,9
1,4,1,4,2.5,5,3,0
9,9,9,9,9.0,18,0,8
33,32,32,33,32.5,65,1,26
32,39,32,39,35.5,71,7,24
22,20,20,22,21.0,42,2,13
1,7,1,7,4.0,8,6,0
11,10,10,11,10.5,21,1,9
5,5,5,5,5.0,10,0,4
1,11,1,11,6.0,12,10,0
18,16,16,18,17.0,34,2,14
8,12,8,12,10.0,20,4,6
17,6,6,17,11.5,23,11,5
4,5,4,5,4.5,9,1,3
26,6,6,26,16.0,32,20,0
5,4,4,5,4.5,9,1,1
1,9,1,9,5.0,10,8,0
6,15,6,15,10.5,21,9,4
1,8,1,8,4.5,9,7,0
9,8,8,9,8.5,17,1,6
1,5,1,5,3.0,6,4,0
7,24,7,24,15.5,31,17,6
5,1,1,5,3.0,6,4,0
4,5,4,5,4.5,9,1,3
5,7,5,7,6.0,12,2,4
1,5,1,5,3.0,6,4,0
8,7,7,8,7.5,15,1,6
4,4,4,4,4.0,8,0,3
20,20,20,20,20.0,40,0,17
12,2,2,12,7.0,14,10,0
3,17,3,17,10.0,20,14,2
2,4,2,4,3.0,6,2,1
1,5,1,5,3.0,6,4,0
2,5,2,5,3.5,7,3,1
13,15,13,15,14.0,28,2,11
4,4,4,4,4.0,8,0,3
6,1,1,6,3.5,7,5,0
6,1,1,6,3.5,7,5,0
13,19,13,19,16.0,32,6,11
7,13,7,13,10.0,20,6,0
6,4,4,6,5.0,10,2,3
40,7,7,40,23.5,47,33,0
10,1,1,10,5.5,11,9,0
49,47,47,49,48.0,96,2,43
14,14,14,14,14.0,28,0,13
2,4,2,4,3.0,6,2,1
41,41,41,41,41.0,82,0,40
13,4,4,13,8.5,17,9,3
11,33,11,33,22.0,44,22,8
4,4,4,4,4.0,8,0,3
8,9,8,9,8.5,17,1,7
40,41,40,41,40.5,81,1,31
1,5,1,5,3.0,6,4,0
1,5,1,5,3.0,6,4,0
35,46,35,46,40.5,81,11,28
2,4,2,4,3.0,6,2,0
1,5,1,5,3.0,6,4,0
1,14,1,14,7.5,15,13,0
4,1,1,4,2.5,5,3,0
5,12,5,12,8.5,17,7,0
6,3,3,6,4.5,9,3,2
1,4,1,4,2.5,5,3,0
14,14,14,14,14.0,28,0,10
4,1,1,4,2.5,5,3,0
10,8,8,10,9.0,18,2,7
4,4,4,4,4.0,8,0,0
5,1,1,5,3.0,6,4,0
4,5,4,5,4.5,9,1,3
19,8,8,19,13.5,27,11,3
10,9,9,10,9.5,19,1,7
13,14,13,14,13.5,27,1,9
11,14,11,14,12.5,25,3,9
13,22,13,22,17.5,35,9,9
5,5,5,5,5.0,10,0,4
7,9,7,9,8.0,16,2,5
4,1,1,4,2.5,5,3,0
2,4,2,4,3.0,6,2,1
11,12,11,12,11.5,23,1,9
16,5,5,16,10.5,21,11,3
5,5,5,5,5.0,10,0,4
1,4,1,4,2.5,5,3,0
5,1,1,5,3.0,6,4,0
1,5,1,5,3.0,6,4,0
17,15,15,17,16.0,32,2,13
5,13,5,13,9.0,18,8,4
5,6,5,6,5.5,11,1,4
4,26,4,26,15.0,30,22,3
1,7,1,7,4.0,8,6,0
11,18,11,18,14.5,29,7,10
10,9,9,10,9.5,19,1,6
5,4,4,5,4.5,9,1,3
5,1,1,5,3.0,6,4,0
4,1,1,4,2.5,5,3,0
16,15,15,16,15.5,31,1,11
4,1,1,4,2.5,5,3,0
41,44,41,44,42.5,85,3,39
8,9,8,9,8.5,17,1,5
1,10,1,10,5.5,11,9,0
4,6,4,6,5.0,10,2,3
13,1,1,13,7.0,14,12,0
5,4,4,5,4.5,9,1,0
41,45,41,45,43.0,86,4,31
6,10,6,10,8.0,16,4,1
6,7,6,7,6.5,13,1,5
26,27,26,27,26.5,53,1,25
4,4,4,4,4.0,8,0,3
26,27,26,27,26.5,53,1,25
4,4,4,4,4.0,8,0,2
18,12,12,18,15.0,30,6,10
4,4,4,4,4.0,8,0,3
1,7,1,7,4.0,8,6,0
4,12,4,12,8.0,16,8,1
2,4,2,4,3.0,6,2,1
6,4,4,6,5.0,10,2,3
5,6,5,6,5.5,11,1,4
3,7,3,7,5.0,10,4,1
7,1,1,7,4.0,8,6,0
6,1,1,6,3.5,7,5,0
32,31,31,32,31.5,63,1,28
5,1,1,5,3.0,6,4,0
5,2,2,5,3.5,7,3,0
6,1,1,6,3.5,7,5,0
7,8,7,8,7.5,15,1,6
2,6,2,6,4.0,8,4,1
6,1,1,6,3.5,7,5,0
1,5,1,5,3.0,6,4,0
4,1,1,4,2.5,5,3,0
5,5,5,5,5.0,10,0,2
5,2,2,5,3.5,7,3,1
19,16,16,19,17.5,35,3,14
17,12,12,17,14.5,29,5,11
29,27,27,29,28.0,56,2,24
8,9,8,9,8.5,17,1,6
2,7,2,7,4.5,9,5,0
4,1,1,4,2.5,5,3,0
26,9,9,26,17.5,35,17,0
13,14,13,14,13.5,27,1,12
1,8,1,8,4.5,9,7,0
4,5,4,5,4.5,9,1,3
20,20,20,20,20.0,40,0,17
13,5,5,13,9.0,18,8,2
1,7,1,7,4.0,8,6,0
5,1,1,5,3.0,6,4,0
26,25,25,26,25.5,51,1,23
1,5,1,5,3.0,6,4,0
20,2,2,20,11.0,22,18,1
2,4,2,4,3.0,6,2,0
1,4,1,4,2.5,5,3,0
19,19,19,19,19.0,38,0,18
5,2,2,5,3.5,7,3,1
9,9,9,9,9.0,18,0,6
7,7,7,7,7.0,14,0,6
5,1,1,5,3.0,6,4,0
7,1,1,7,4.0,8,6,0
6,6,6,6,6.0,12,0,5
1,6,1,6,3.5,7,5,0
2,4,2,4,3.0,6,2,1
4,1,1,4,2.5,5,3,0
26,26,26,26,26.0,52,0,25
1,5,1,5,3.0,6,4,0
5,1,1,5,3.0,6,4,0
4,2,2,4,3.0,6,2,1
13,14,13,14,13.5,27,1,11
24,31,24,31,27.5,55,7,17
45,41,41,45,43.0,86,4,31
6,5,5,6,5.5,11,1,3
19,12,12,19,15.5,31,7,5
4,1,1,4,2.5,5,3,0
8,6,6,8,7.0,14,2,3
38,31,31,38,34.5,69,7,25
36,23,23,36,29.5,59,13,22
6,8,6,8,7.0,14,2,5
12,17,12,17,14.5,29,5,3
22,17,17,22,19.5,39,5,13
6,4,4,6,5.0,10,2,3
4,4,4,4,4.0,8,0,3
7,6,6,7,6.5,13,1,2
1,4,1,4,2.5,5,3,0
3,15,3,15,9.0,18,12,2
5,5,5,5,5.0,10,0,3
5,7,5,7,6.0,12,2,0
4,1,1,4,2.5,5,3,0
2,5,2,5,3.5,7,3,1
8,8,8,8,8.0,16,0,3
7,1,1,7,4.0,8,6,0
10,8,8,10,9.0,18,2,6
14,14,14,14,14.0,28,0,12
10,7,7,10,8.5,17,3,5
1,36,1,36,18.5,37,35,0
4,1,1,4,2.5,5,3,0
1,29,1,29,15.0,30,28,0
4,1,1,4,2.5,5,3,0
2,4,2,4,3.0,6,2,1
4,6,4,6,5.0,10,2,2
4,4,4,4,4.0,8,0,0
1,9,1,9,5.0,10,8,0
33,48,33,48,40.5,81,15,23
1,4,1,4,2.5,5,3,0
9,9,9,9,9.0,18,0,6
11,13,11,13,12.0,24,2,10
13,3,3,13,8.0,16,10,2
5,2,2,5,3.5,7,3,1
23,22,22,23,22.5,45,1,21
1,5,1,5,3.0,6,4,0
1,4,1,4,2.5,5,3,0
1,9,1,9,5.0,10,8,0
6,1,1,6,3.5,7,5,0
17,15,15,17,16.0,32,2,13
44,46,44,46,45.0,90,2,33
1,6,1,6,3.5,7,5,0
10,9,9,10,9.5,19,1,5
1,8,1,8,4.5,9,7,0
10,18,10,18,14.0,28,8,5
5,9,5,9,7.0,14,4,3
6,4,4,6,5.0,10,2,2
6,6,6,6,6.0,12,0,5
3,5,3,5,4.0,8,2,2
17,17,17,17,17.0,34,0,15
4,1,1,4,2.5,5,3,0
13,15,13,15,14.0,28,2,8
10,7,7,10,8.5,17,3,6
26,48,26,48,37.0,74,22,24
41,33,33,41,37.0,74,8,30
30,8,8,30,19.0,38,22,1
23,50,23,50,36.5,73,27,18
4,11,4,11,7.5,15,7,1
21,10,10,21,15.5,31,11,9
1,14,1,14,7.5,15,13,0
1,4,1,4,2.5,5,3,0
24,27,24,27,25.5,51,3,23
8,8,8,8,8.0,16,0,7
11,6,6,11,8.5,17,5,5
18,13,13,18,15.5,31,5,11
1,4,1,4,2.5,5,3,0
17,1,1,17,9.0,18,16,0
4,1,1,4,2.5,5,3,0
8,29,8,29,18.5,37,21,0
1,5,1,5,3.0,6,4,0
1,4,1,4,2.5,5,3,0
1,4,1,4,2.5,5,3,0
15,15,15,15,15.0,30,0,13
15,22,15,22,18.5,37,7,12
1,8,1,8,4.5,9,7,0
8,6,6,8,7.0,14,2,4
23,12,12,23,17.5,35,11,10
8,4,4,8,6.0,12,4,0
17,16,16,17,16.5,33,1,13
1,6,1,6,3.5,7,5,0
15,16,15,16,15.5,31,1,13
4,4,4,4,4.0,8,0,3
1,9,1,9,5.0,10,8,0
6,6,6,6,6.0,12,0,5
34,36,34,36,35.0,70,2,30
1,7,1,7,4.0,8,6,0
1,5,1,5,3.0,6,4,0
1,8,1,8,4.5,9,7,0
4,3,3,4,3.5,7,1,2
5,5,5,5,5.0,10,0,0
1,6,1,6,3.5,7,5,0
1,5,1,5,3.0,6,4,0
6,6,6,6,6.0,12,0,5
5,1,1,5,3.0,6,4,0
8,10,8,10,9.0,18,2,1
7,19,7,19,13.0,26,12,5
7,1,1,7,4.0,8,6,0
6,1,1,6,3.5,7,5,0
4,4,4,4,4.0,8,0,2
6,2,2,6,4.0,8,4,0
4,1,1,4,2.5,5,3,0
1,7,1,7,4.0,8,6,0
32,32,32,32,32.0,64,0,25
2,7,2,7,4.5,9,5,1
12,18,12,18,15.0,30,6,11
4,1,1,4,2.5,5,3,0
1,8,1,8,4.5,9,7,0
10,8,8,10,9.0,18,2,6
24,9,9,24,16.5,33,15,7
19,9,9,19,14.0,28,10,7
4,1,1,4,2.5,5,3,0
7,12,7,12,9.5,19,5,6
9,8,8,9,8.5,17,1,7
16,7,7,16,11.5,23,9,6
2,18,2,18,10.0,20,16,1
8,9,8,9,8.5,17,1,7
18,14,14,18,16.0,32,4,11
1,55,1,55,28.0,56,54,0
5,6,5,6,5.5,11,1,3
13,8,8,13,10.5,21,5,6
49,22,22,49,35.5,71,27,19
1,40,1,40,20.5,41,39,0
6,4,4,6,5.0,10,2,3
7,7,7,7,7.0,14,0,6
1,5,1,5,3.0,6,4,0
1,15,1,15,8.0,16,14,0
5,7,5,7,6.0,12,2,2
4,1,1,4,2.5,5,3,0
6,5,5,6,5.5,11,1,4
1,8,1,8,4.5,9,7,0
1,11,1,11,6.0,12,10,0
4,6,4,6,5.0,10,2,0
4,2,2,4,3.0,6,2,1
2,5,2,5,3.5,7,3,1
11,11,11,11,11.0,22,0,10
7,8,7,8,7.5,15,1,6
1,6,1,6,3.5,7,5,0
7,12,7,12,9.5,19,5,6
31,33,31,33,32.0,64,2,25
10,24,10,24,17.0,34,14,4
4,1,1,4,2.5,5,3,0
8,13,8,13,10.5,21,5,2
5,1,1,5,3.0,6,4,0
6,7,6,7,6.5,13,1,5
6,4,4,6,5.0,10,2,3
9,11,9,11,10.0,20,2,6
6,6,6,6,6.0,12,0,5
6,5,5,6,5.5,11,1,4
2,4,2,4,3.0,6,2,0
1,4,1,4,2.5,5,3,0
27,34,27,34,30.5,61,7,25
11,10,10,11,10.5,21,1,8
1,5,1,5,3.0,6,4,0
5,5,5,5,5.0,10,0,3
9,9,9,9,9.0,18,0,4
4,4,4,4,4.0,8,0,3
40,22,22,40,31.0,62,18,19
1,4,1,4,2.5,5,3,0
4,4,4,4,4.0,8,0,3
11,8,8,11,9.5,19,3,6
6,1,1,6,3.5,7,5,0
5,5,5,5,5.0,10,0,3
4,6,4,6,5.0,10,2,2
19,24,19,24,21.5,43,5,17
8,9,8,9,8.5,17,1,7
11,7,7,11,9.0,18,4,5
14,17,14,17,15.5,31,3,13
10,10,10,10,10.0,20,0,4
4,1,1,4,2.5,5,3,0
9,1,1,9,5.0,10,8,0
6,3,3,6,4.5,9,3,0
8,9,8,9,8.5,17,1,7
8,6,6,8,7.0,14,2,5
10,8,8,10,9.0,18,2,5
5,5,5,5,5.0,10,0,4
2,4,2,4,3.0,6,2,1
8,2,2,8,5.0,10,6,1
4,4,4,4,4.0,8,0,3
10,9,9,10,9.5,19,1,8
15,20,15,20,17.5,35,5,14
6,5,5,6,5.5,11,1,1
4,10,4,10,7.0,14,6,1
8,4,4,8,6.0,12,4,3
14,13,13,14,13.5,27,1,12
1,6,1,6,3.5,7,5,0
19,12,12,19,15.5,31,7,10
1,11,1,11,6.0,12,10,0
4,7,4,7,5.5,11,3,3
9,4,4,9,6.5,13,5,2
10,7,7,10,8.5,17,3,0
1,4,1,4,2.5,5,3,0
1,4,1,4,2.5,5,3,0
8,1,1,8,4.5,9,7,0
14,26,14,26,20.0,40,12,13
1,15,1,15,8.0,16,14,0
26,1,1,26,13.5,27,25,0
8,1,1,8,4.5,9,7,0
14,13,13,14,13.5,27,1,10
2,4,2,4,3.0,6,2,0
2,4,2,4,3.0,6,2,0
5,1,1,5,3.0,6,4,0
8,7,7,8,7.5,15,1,4
1,6,1,6,3.5,7,5,0
9,9,9,9,9.0,18,0,5
1,9,1,9,5.0,10,8,0
6,1,1,6,3.5,7,5,0
7,7,7,7,7.0,14,0,6
5,2,2,5,3.5,7,3,1
3,5,3,5,4.0,8,2,2
20,24,20,24,22.0,44,4,19
1,5,1,5,3.0,6,4,0
6,6,6,6,6.0,12,0,5
20,20,20,20,20.0,40,0,19
33,23,23,33,28.0,56,10,22
47,33,33,47,40.0,80,14,29
7,5,5,7,6.0,12,2,4
1,4,1,4,2.5,5,3,0
12,11,11,12,11.5,23,1,7
4,1,1,4,2.5,5,3,0
5,6,5,6,5.5,11,1,4
8,8,8,8,8.0,16,0,7
5,1,1,5,3.0,6,4,0
15,11,11,15,13.0,26,4,8
3,9,3,9,6.0,12,6,1
1,4,1,4,2.5,5,3,0
38,26,26,38,32.0,64,12,18
6,9,6,9,7.5,15,3,3
20,21,20,21,20.5,41,1,18
6,1,1,6,3.5,7,5,0
42,45,42,45,43.5,87,3,31
1,19,1,19,10.0,20,18,0
15,46,15,46,30.5,61,31,10
23,18,18,23,20.5,41,5,16
7,1,1,7,4.0,8,6,0
4,3,3,4,3.5,7,1,2
9,1,1,9,5.0,10,8,0
4,2,2,4,3.0,6,2,1
6,4,4,6,5.0,10,2,1
9,3,3,9,6.0,12,6,0
2,8,2,8,5.0,10,6,1
3,23,3,23,13.0,26,20,0
10,5,5,10,7.5,15,5,4
12,11,11,12,11.5,23,1,10
6,6,6,6,6.0,12,0,5
2,4,2,4,3.0,6,2,1
15,10,10,15,12.5,25,5,9
4,1,1,4,2.5,5,3,0
11,21,11,21,16.0,32,10,1
2,11,2,11,6.5,13,9,0
1,52,1,52,26.5,53,51,0
5,3,3,5,4.0,8,2,2
1,5,1,5,3.0,6,4,0
38,107,38,107,72.5,145,69,3
1,6,1,6,3.5,7,5,0
20,32,20,32,26.0,52,12,19
10,12,10,12,11.0,22,2,9
5,5,5,5,5.0,10,0,0
1,9,1,9,5.0,10,8,0
4,1,1,4,2.5,5,3,0
31,43,31,43,37.0,74,12,25
11,12,11,12,11.5,23,1,9
14,1,1,14,7.5,15,13,0
12,12,12,12,12.0,24,0,10
2,7,2,7,4.5,9,5,1
5,4,4,5,4.5,9,1,3
11,5,5,11,8.0,16,6,0
16,9,9,16,12.5,25,7,0
4,6,4,6,5.0,10,2,1
10,1,1,10,5.5,11,9,0
7,1,1,7,4.0,8,6,0
4,1,1,4,2.5,5,3,0
1,4,1,4,2.5,5,3,0
5,1,1,5,3.0,6,4,0
6,1,1,6,3.5,7,5,0
6,4,4,6,5.0,10,2,1
4,2,2,4,3.0,6,2,1
6,6,6,6,6.0,12,0,5
8,15,8,15,11.5,23,7,3
1,6,1,6,3.5,7,5,0
1,5,1,5,3.0,6,4,0
23,55,23,55,39.0,78,32,16
6,11,6,11,8.5,17,5,3
10,14,10,14,12.0,24,4,9
2,12,2,12,7.0,14,10,0
6,7,6,7,6.5,13,1,5
11,23,11,23,17.0,34,12,8
35,43,35,43,39.0,78,8,27
4,1,1,4,2.5,5,3,0
1,5,1,5,3.0,6,4,0
9,6,6,9,7.5,15,3,5
12,18,12,18,15.0,30,6,10
8,5,5,8,6.5,13,3,4
13,10,10,13,11.5,23,3,8
6,16,6,16,11.0,22,10,5
12,11,11,12,11.5,23,1,7
8,7,7,8,7.5,15,1,5
4,5,4,5,4.5,9,1,1
4,2,2,4,3.0,6,2,0
7,1,1,7,4.0,8,6,0
24,27,24,27,25.5,51,3,21
4,6,4,6,5.0,10,2,3
1,7,1,7,4.0,8,6,0
2,5,2,5,3.5,7,3,1
15,11,11,15,13.0,26,4,10
8,3,3,8,5.5,11,5,2
1,18,1,18,9.5,19,17,0
4,4,4,4,4.0,8,0,3
12,18,12,18,15.0,30,6,7
20,14,14,20,17.0,34,6,10
4,1,1,4,2.5,5,3,0
6,1,1,6,3.5,7,5,0
4,7,4,7,5.5,11,3,2
15,9,9,15,12.0,24,6,8
8,7,7,8,7.5,15,1,6
9,7,7,9,8.0,16,2,0
10,9,9,10,9.5,19,1,8
1,5,1,5,3.0,6,4,0
4,1,1,4,2.5,5,3,0
1,4,1,4,2.5,5,3,0
1,4,1,4,2.5,5,3,0
49,37,37,49,43.0,86,12,29
1,4,1,4,2.5,5,3,0
20,19,19,20,19.5,39,1,13
8,7,7,8,7.5,15,1,5
5,5,5,5,5.0,10,0,4
10,8,8,10,9.0,18,2,3
12,2,2,12,7.0,14,10,1
1,5,1,5,3.0,6,4,0
1,6,1,6,3.5,7,5,0
13,1,1,13,7.0,14,12,0
4,9,4,9,6.5,13,5,1
1,5,1,5,3.0,6,4,0
17,15,15,17,16.0,32,2,14
22,15,15,22,18.5,37,7,13
15,23,15,23,19.0,38,8,12
9,18,9,18,13.5,27,9,7
4,1,1,4,2.5,5,3,0
10,8,8,10,9.0,18,2,7
5,4,4,5,4.5,9,1,3
11,3,3,11,7.0,14,8,2
4,12,4,12,8.0,16,8,3
1,5,1,5,3.0,6,4,0
2,18,2,18,10.0,20,16,0
24,22,22,24,23.0,46,2,12
16,21,16,21,18.5,37,5,12
5,1,1,5,3.0,6,4,0
7,1,1,7,4.0,8,6,0
11,10,10,11,10.5,21,1,9
1,11,1,11,6.0,12,10,0
8,8,8,8,8.0,16,0,6
15,27,15,27,21.0,42,12,14
4,1,1,4,2.5,5,3,0
5,5,5,5,5.0,10,0,4
4,1,1,4,2.5,5,3,0
11,1,1,11,6.0,12,10,0
1,7,1,7,4.0,8,6,0
4,1,1,4,2.5,5,3,0
9,8,8,9,8.5,17,1,6
8,6,6,8,7.0,14,2,4
2,4,2,4,3.0,6,2,1
12,9,9,12,10.5,21,3,8
5,1,1,5,3.0,6,4,0
10,10,10,10,10.0,20,0,0
5,5,5,5,5.0,10,0,3
40,27,27,40,33.5,67,13,25
6,6,6,6,6.0,12,0,5
1,23,1,23,12.0,24,22,0
8,8,8,8,8.0,16,0,7
9,6,6,9,7.5,15,3,5
6,1,1,6,3.5,7,5,0
14,75,14,75,44.5,89,61,1
4,14,4,14,9.0,18,10,2
1,6,1,6,3.5,7,5,0
26,8,8,26,17.0,34,18,3
1,7,1,7,4.0,8,6,0
13,16,13,16,14.5,29,3,11
11,1,1,11,6.0,12,10,0
1,23,1,23,12.0,24,22,0
6,6,6,6,6.0,12,0,5
4,1,1,4,2.5,5,3,0
5,1,1,5,3.0,6,4,0
7,5,5,7,6.0,12,2,3
1,5,1,5,3.0,6,4,0
12,49,12,49,30.5,61,37,9
3,8,3,8,5.5,11,5,2
1,4,1,4,2.5,5,3,0
1,4,1,4,2.5,5,3,0
1,5,1,5,3.0,6,4,0
4,1,1,4,2.5,5,3,0
9,9,9,9,9.0,18,0,8
11,11,11,11,11.0,22,0,7
12,15,12,15,13.5,27,3,10
1,19,1,19,10.0,20,18,0
5,1,1,5,3.0,6,4,0
4,13,4,13,8.5,17,9,0
13,11,11,13,12.0,24,2,10
26,27,26,27,26.5,53,1,25
11,6,6,11,8.5,17,5,5
3,4,3,4,3.5,7,1,2
10,6,6,10,8.0,16,4,5
45,15,15,45,30.0,60,30,14
8,15,8,15,11.5,23,7,7
3,6,3,6,4.5,9,3,2
42,42,42,42,42.0,84,0,41
16,19,16,19,17.5,35,3,10
2,10,2,10,6.0,12,8,1
1,6,1,6,3.5,7,5,0
4,4,4,4,4.0,8,0,2
1,5,1,5,3.0,6,4,0
5,1,1,5,3.0,6,4,0
6,6,6,6,6.0,12,0,5
18,16,16,18,17.0,34,2,12
5,1,1,5,3.0,6,4,0
2,6,2,6,4.0,8,4,0
17,1,1,17,9.0,18,16,0
1,5,1,5,3.0,6,4,0
1,4,1,4,2.5,5,3,0
4,1,1,4,2.5,5,3,0
6,6,6,6,6.0,12,0,5
4,2,2,4,3.0,6,2,1
4,1,1,4,2.5,5,3,0
27,33,27,33,30.0,60,6,21
5,2,2,5,3.5,7,3,1
6,5,5,6,5.5,11,1,4
6,3,3,6,4.5,9,3,2
1,6,1,6,3.5,7,5,0
21,19,19,21,20.0,40,2,18
2,7,2,7,4.5,9,5,1
7,3,3,7,5.0,10,4,2
1,23,1,23,12.0,24,22,0
11,8,8,11,9.5,19,3,7
9,1,1,9,5.0,10,8,0
17,25,17,25,21.0,42,8,11
7,1,1,7,4.0,8,6,0
7,6,6,7,6.5,13,1,5
1,9,1,9,5.0,10,8,0
10,11,10,11,10.5,21,1,8
4,4,4,4,4.0,8,0,3
5,5,5,5,5.0,10,0,4
1,5,1,5,3.0,6,4,0
5,1,1,5,3.0,6,4,0
1,6,1,6,3.5,7,5,0
4,1,1,4,2.5,5,3,0
1,14,1,14,7.5,15,13,0
1,8,1,8,4.5,9,7,0
6,5,5,6,5.5,11,1,2
4,6,4,6,5.0,10,2,3
9,27,9,27,18.0,36,18,8
1,5,1,5,3.0,6,4,0
16,16,16,16,16.0,32,0,15
47,47,47,47,47.0,94,0,34
15,9,9,15,12.0,24,6,8
10,10,10,10,10.0,20,0,9
13,28,13,28,20.5,41,15,12
1,4,1,4,2.5,5,3,0
24,21,21,24,22.5,45,3,8
1,5,1,5,3.0,6,4,0
4,1,1,4,2.5,5,3,0
9,1,1,9,5.0,10,8,0
4,6,4,6,5.0,10,2,1
19,13,13,19,16.0,32,6,11
4,4,4,4,4.0,8,0,1
3,4,3,4,3.5,7,1,2
6,1,1,6,3.5,7,5,0
1,4,1,4,2.5,5,3,0
4,1,1,4,2.5,5,3,0
22,146,22,146,84.0,168,124,4
2,6,2,6,4.0,8,4,0
4,5,4,5,4.5,9,1,3
14,17,14,17,15.5,31,3,13
1,5,1,5,3.0,6,4,0
19,12,12,19,15.5,31,7,11
8,15,8,15,11.5,23,7,3
5,1,1,5,3.0,6,4,0
1,7,1,7,4.0,8,6,0
44,45,44,45,44.5,89,1,33
3,6,3,6,4.5,9,3,2
1,4,1,4,2.5,5,3,0
23,9,9,23,16.0,32,14,0
10,8,8,10,9.0,18,2,7
5,3,3,5,4.0,8,2,2
1,27,1,27,14.0,28,26,0
33,16,16,33,24.5,49,17,14
5,4,4,5,4.5,9,1,3
10,8,8,10,9.0,18,2,7
23,15,15,23,19.0,38,8,13
29,46,29,46,37.5,75,17,18
5,1,1,5,3.0,6,4,0
6,5,5,6,5.5,11,1,3
5,4,4,5,4.5,9,1,3
13,8,8,13,10.5,21,5,7
7,5,5,7,6.0,12,2,2
5,9,5,9,7.0,14,4,3
16,17,16,17,16.5,33,1,15
4,1,1,4,2.5,5,3,0
5,1,1,5,3.0,6,4,0
4,1,1,4,2.5,5,3,0
5,3,3,5,4.0,8,2,2
1,34,1,34,17.5,35,33,0
12,1,1,12,6.5,13,11,0
1,4,1,4,2.5,5,3,0
6,8,6,8,7.0,14,2,5
4,1,1,4,2.5,5,3,0
4,4,4,4,4.0,8,0,3
1,8,1,8,4.5,9,7,0
5,3,3,5,4.0,8,2,2
5,5,5,5,5.0,10,0,4
7,21,7,21,14.0,28,14,6
12,7,7,12,9.5,19,5,4
5,18,5,18,11.5,23,13,2
4,6,4,6,5.0,10,2,3
25,26,25,26,25.5,51,1,23
5,1,1,5,3.0,6,4,0
1,4,1,4,2.5,5,3,0
1,4,1,4,2.5,5,3,0
75,14,14,75,44.5,89,61,5
3,14,3,14,8.5,17,11,2
2,4,2,4,3.0,6,2,1
2,8,2,8,5.0,10,6,0
13,18,13,18,15.5,31,5,9
1,48,1,48,24.5,49,47,0
10,11,10,11,10.5,21,1,8
1,8,1,8,4.5,9,7,0
2,30,2,30,16.0,32,28,1
14,14,14,14,14.0,28,0,13
7,4,4,7,5.5,11,3,2
32,22,22,32,27.0,54,10,18
13,9,9,13,11.0,22,4,3
14,12,12,14,13.0,26,2,10
1,5,1,5,3.0,6,4,0
9,8,8,9,8.5,17,1,6
2,5,2,5,3.5,7,3,1
14,13,13,14,13.5,27,1,5
4,2,2,4,3.0,6,2,1
1,21,1,21,11.0,22,20,0
9,2,2,9,5.5,11,7,0
6,6,6,6,6.0,12,0,4
5,4,4,5,4.5,9,1,1
5,4,4,5,4.5,9,1,2
30,7,7,30,18.5,37,23,2
26,27,26,27,26.5,53,1,25
1,4,1,4,2.5,5,3,0
12,1,1,12,6.5,13,11,0
17,19,17,19,18.0,36,2,13
5,2,2,5,3.5,7,3,1
5,7,5,7,6.0,12,2,3
7,2,2,7,4.5,9,5,0
1,6,1,6,3.5,7,5,0
4,1,1,4,2.5,5,3,0
4,1,1,4,2.5,5,3,0
5,1,1,5,3.0,6,4,0
5,1,1,5,3.0,6,4,0
9,9,9,9,9.0,18,0,7
8,5,5,8,6.5,13,3,4
7,6,6,7,6.5,13,1,5
4,4,4,4,4.0,8,0,3
1,4,1,4,2.5,5,3,0
7,9,7,9,8.0,16,2,6
10,8,8,10,9.0,18,2,7
66,33,33,66,49.5,99,33,24
2,8,2,8,5.0,10,6,0
6,1,1,6,3.5,7,5,0
5,5,5,5,5.0,10,0,4
31,33,31,33,32.0,64,2,25
14,11,11,14,12.5,25,3,7
11,12,11,12,11.5,23,1,7
8,8,8,8,8.0,16,0,6
4,1,1,4,2.5,5,3,0
6,1,1,6,3.5,7,5,0
23,19,19,23,21.0,42,4,18
2,4,2,4,3.0,6,2,0
12,13,12,13,12.5,25,1,11
56,2,2,56,29.0,58,54,0
12,13,12,13,12.5,25,1,11
1,5,1,5,3.0,6,4,0
9,11,9,11,10.0,20,2,8
20,19,19,20,19.5,39,1,17
23,1,1,23,12.0,24,22,0
5,1,1,5,3.0,6,4,0
31,35,31,35,33.0,66,4,28
1,6,1,6,3.5,7,5,0
5,4,4,5,4.5,9,1,0
4,6,4,6,5.0,10,2,3
34,40,34,40,37.0,74,6,30
20,13,13,20,16.5,33,7,10
9,5,5,9,7.0,14,4,4
4,4,4,4,4.0,8,0,1
13,14,13,14,13.5,27,1,10
12,2,2,12,7.0,14,10,1
16,16,16,16,16.0,32,0,15
10,9,9,10,9.5,19,1,8
7,1,1,7,4.0,8,6,0
1,5,1,5,3.0,6,4,0
2,5,2,5,3.5,7,3,0
13,11,11,13,12.0,24,2,8
1,7,1,7,4.0,8,6,0
13,15,13,15,14.0,28,2,11
4,1,1,4,2.5,5,3,0
4,23,4,23,13.5,27,19,3
12,11,11,12,11.5,23,1,10
4,19,4,19,11.5,23,15,2
2,4,2,4,3.0,6,2,1
33,33,33,33,33.0,66,0,26
33,22,22,33,27.5,55,11,20
6,6,6,6,6.0,12,0,2
5,2,2,5,3.5,7,3,1
32,37,32,37,34.5,69,5,30
24,36,24,36,30.0,60,12,13
2,8,2,8,5.0,10,6,1
6,1,1,6,3.5,7,5,0
2,4,2,4,3.0,6,2,0
1,4,1,4,2.5,5,3,0
7,6,6,7,6.5,13,1,5
31,107,31,107,69.0,138,76,22
8,1,1,8,4.5,9,7,0
1,5,1,5,3.0,6,4,0
5,1,1,5,3.0,6,4,0
4,7,4,7,5.5,11,3,2
1,5,1,5,3.0,6,4,0
4,1,1,4,2.5,5,3,0
8,7,7,8,7.5,15,1,1
1,5,1,5,3.0,6,4,0
11,20,11,20,15.5,31,9,8
4,6,4,6,5.0,10,2,3
32,38,32,38,35.0,70,6,30
1,4,1,4,2.5,5,3,0
5,1,1,5,3.0,6,4,0
6,1,1,6,3.5,7,5,0
1,5,1,5,3.0,6,4,0
27,24,24,27,25.5,51,3,23
6,6,6,6,6.0,12,0,5
6,1,1,6,3.5,7,5,0
5,2,2,5,3.5,7,3,1
1,9,1,9,5.0,10,8,0
11,10,10,11,10.5,21,1,5
27,16,16,27,21.5,43,11,13
40,27,27,40,33.5,67,13,25
3,7,3,7,5.0,10,4,0
5,3,3,5,4.0,8,2,2
5,1,1,5,3.0,6,4,0
6,11,6,11,8.5,17,5,3
5,1,1,5,3.0,6,4,0
21,27,21,27,24.0,48,6,20
8,8,8,8,8.0,16,0,7
4,5,4,5,4.5,9,1,0
5,1,1,5,3.0,6,4,0
4,4,4,4,4.0,8,0,3
17,15,15,17,16.0,32,2,11
23,18,18,23,20.5,41,5,16
4,6,4,6,5.0,10,2,3
31,32,31,32,31.5,63,1,24
4,1,1,4,2.5,5,3,0
1,12,1,12,6.5,13,11,0
4,1,1,4,2.5,5,3,0
1,5,1,5,3.0,6,4,0
16,2,2,16,9.0,18,14,1
10,11,10,11,10.5,21,1,6
18,24,18,24,21.0,42,6,16
18,50,18,50,34.0,68,32,17
4,1,1,4,2.5,5,3,0
9,1,1,9,5.0,10,8,0
4,4,4,4,4.0,8,0,3
26,26,26,26,26.0,52,0,21
3,9,3,9,6.0,12,6,0
5,9,5,9,7.0,14,4,4
19,19,19,19,19.0,38,0,17
3,6,3,6,4.5,9,3,2
14,16,14,16,15.0,30,2,12
17,17,17,17,17.0,34,0,16
1,4,1,4,2.5,5,3,0
24,24,24,24,24.0,48,0,23
7,1,1,7,4.0,8,6,0
36,14,14,36,25.0,50,22,9
7,8,7,8,7.5,15,1,4
5,11,5,11,8.0,16,6,3
10,10,10,10,10.0,20,0,7
2,29,2,29,15.5,31,27,0
6,13,6,13,9.5,19,7,3
4,1,1,4,2.5,5,3,0
42,49,42,49,45.5,91,7,25
20,17,17,20,18.5,37,3,16
1,4,1,4,2.5,5,3,0
14,14,14,14,14.0,28,0,13
15,16,15,16,15.5,31,1,11
4,5,4,5,4.5,9,1,3
11,13,11,13,12.0,24,2,9
1,5,1,5,3.0,6,4,0
4,1,1,4,2.5,5,3,0
4,4,4,4,4.0,8,0,3
1,6,1,6,3.5,7,5,0
7,8,7,8,7.5,15,1,6
2,6,2,6,4.0,8,4,1
1,4,1,4,2.5,5,3,0
33,20,20,33,26.5,53,13,16
1,4,1,4,2.5,5,3,0
24,6,6,24,15.0,30,18,0
1,11,1,11,6.0,12,10,0
11,10,10,11,10.5,21,1,8
5,6,5,6,5.5,11,1,4
21,20,20,21,20.5,41,1,19
19,19,19,19,19.0,38,0,18
1,4,1,4,2.5,5,3,0
4,4,4,4,4.0,8,0,3
10,15,10,15,12.5,25,5,9
16,16,16,16,16.0,32,0,12
13,12,12,13,12.5,25,1,11
44,43,43,44,43.5,87,1,33
27,24,24,27,25.5,51,3,23
1,8,1,8,4.5,9,7,0
3,5,3,5,4.0,8,2,2
6,6,6,6,6.0,12,0,5
4,1,1,4,2.5,5,3,0
1,6,1,6,3.5,7,5,0
1,16,1,16,8.5,17,15,0
4,2,2,4,3.0,6,2,0
21,1,1,21,11.0,22,20,0
16,12,12,16,14.0,28,4,9
7,5,5,7,6.0,12,2,2
1,30,1,30,15.5,31,29,0
14,18,14,18,16.0,32,4,8
5,2,2,5,3.5,7,3,1
19,1,1,19,10.0,20,18,0
15,22,15,22,18.5,37,7,12
1,61,1,61,31.0,62,60,0
18,19,18,19,18.5,37,1,17
1,24,1,24,12.5,25,23,0
9,2,2,9,5.5,11,7,0
1,4,1,4,2.5,5,3,0
4,2,2,4,3.0,6,2,0
4,1,1,4,2.5,5,3,0
4,1,1,4,2.5,5,3,0
7,7,7,7,7.0,14,0,4
14,13,13,14,13.5,27,1,9
20,15,15,20,17.5,35,5,12
6,5,5,6,5.5,11,1,4
2,12,2,12,7.0,14,10,0
1,5,1,5,3.0,6,4,0
1,56,1,56,28.5,57,55,0
17,35,17,35,26.0,52,18,11
5,5,5,5,5.0,10,0,2
29,31,29,31,30.0,60,2,21
3,9,3,9,6.0,12,6,1
4,4,4,4,4.0,8,0,3
11,7,7,11,9.0,18,4,6
4,4,4,4,4.0,8,0,3
3,17,3,17,10.0,20,14,0
5,2,2,5,3.5,7,3,1
1,4,1,4,2.5,5,3,0
41,5,5,41,23.0,46,36,4
7,9,7,9,8.0,16,2,4
1,5,1,5,3.0,6,4,0
6,1,1,6,3.5,7,5,0
6,1,1,6,3.5,7,5,0
7,7,7,7,7.0,14,0,6
7,9,7,9,8.0,16,2,6
4,1,1,4,2.5,5,3,0
6,6,6,6,6.0,12,0,4
15,11,11,15,13.0,26,4,9
5,1,1,5,3.0,6,4,0
4,4,4,4,4.0,8,0,3
8,10,8,10,9.0,18,2,6
5,6,5,6,5.5,11,1,3
6,9,6,9,7.5,15,3,5
6,1,1,6,3.5,7,5,0
6,4,4,6,5.0,10,2,3
3,10,3,10,6.5,13,7,2
20,19,19,20,19.5,39,1,17
4,7,4,7,5.5,11,3,2
1,8,1,8,4.5,9,7,0
29,27,27,29,28.0,56,2,23
15,13,13,15,14.0,28,2,12
18,34,18,34,26.0,52,16,15
10,1,1,10,5.5,11,9,0
4,1,1,4,2.5,5,3,0
8,2,2,8,5.0,10,6,0
6,1,1,6,3.5,7,5,0
6,1,1,6,3.5,7,5,0
8,4,4,8,6.0,12,4,3
1,5,1,5,3.0,6,4,0
1,22,1,22,11.5,23,21,0
19,19,19,19,19.0,38,0,17
1,8,1,8,4.5,9,7,0
21,17,17,21,19.0,38,4,13
15,5,5,15,10.0,20,10,2
7,1,1,7,4.0,8,6,0
13,4,4,13,8.5,17,9,3
4,1,1,4,2.5,5,3,0
5,1,1,5,3.0,6,4,0
31,36,31,36,33.5,67,5,17
8,8,8,8,8.0,16,0,7
4,36,4,36,20.0,40,32,0
8,7,7,8,7.5,15,1,5
6,5,5,6,5.5,11,1,1
1,8,1,8,4.5,9,7,0
88,1,1,88,44.5,89,87,0
6,5,5,6,5.5,11,1,0
3,5,3,5,4.0,8,2,2
18,13,13,18,15.5,31,5,12
1,5,1,5,3.0,6,4,0
4,1,1,4,2.5,5,3,0
4,4,4,4,4.0,8,0,3
15,33,15,33,24.0,48,18,10
2,5,2,5,3.5,7,3,1
20,19,19,20,19.5,39,1,16
14,2,2,14,8.0,16,12,1
31,33,31,33,32.0,64,2,25
6,7,6,7,6.5,13,1,4
2,17,2,17,9.5,19,15,0
6,4,4,6,5.0,10,2,3
4,1,1,4,2.5,5,3,0
26,27,26,27,26.5,53,1,25
29,1,1,29,15.0,30,28,0
8,7,7,8,7.5,15,1,5
1,4,1,4,2.5,5,3,0
41,43,41,43,42.0,84,2,40
6,1,1,6,3.5,7,5,0
5,7,5,7,6.0,12,2,4
1,5,1,5,3.0,6,4,0
5,1,1,5,3.0,6,4,0
11,5,5,11,8.0,16,6,2
8,2,2,8,5.0,10,6,0
1,56,1,56,28.5,57,55,0
4,1,1,4,2.5,5,3,0
1,4,1,4,2.5,5,3,0
2,21,2,21,11.5,23,19,0
5,5,5,5,5.0,10,0,4
1,44,1,44,22.5,45,43,0
1,4,1,4,2.5,5,3,0
22,12,12,22,17.0,34,10,11
1,9,1,9,5.0,10,8,0
25,25,25,25,25.0,50,0,24
4,1,1,4,2.5,5,3,0
1,10,1,10,5.5,11,9,0
1,18,1,18,9.5,19,17,0
31,31,31,31,31.0,62,0,29
8,12,8,12,10.0,20,4,3
21,21,21,21,21.0,42,0,20
1,12,1,12,6.5,13,11,0
14,14,14,14,14.0,28,0,13
5,5,5,5,5.0,10,0,4
15,15,15,15,15.0,30,0,14
1,18,1,18,9.5,19,17,0
5,2,2,5,3.5,7,3,1
4,5,4,5,4.5,9,1,3
11,18,11,18,14.5,29,7,8
1,4,1,4,2.5,5,3,0
5,7,5,7,6.0,12,2,4
12,11,11,12,11.5,23,1,10
5,5,5,5,5.0,10,0,0
11,1,1,11,6.0,12,10,0
14,35,14,35,24.5,49,21,12
23,1,1,23,12.0,24,22,0
1,12,1,12,6.5,13,11,0
10,1,1,10,5.5,11,9,0
1,4,1,4,2.5,5,3,0
1,43,1,43,22.0,44,42,0
1,10,1,10,5.5,11,9,0
2,146,2,146,74.0,148,144,0
7,7,7,7,7.0,14,0,6
1,4,1,4,2.5,5,3,0
5,8,5,8,6.5,13,3,4
1,4,1,4,2.5,5,3,0
12,12,12,12,12.0,24,0,11
4,2,2,4,3.0,6,2,1
20,28,20,28,24.0,48,8,17
16,14,14,16,15.0,30,2,9
20,21,20,21,20.5,41,1,16
6,16,6,16,11.0,22,10,1
4,1,1,4,2.5,5,3,0
7,6,6,7,6.5,13,1,5
1,5,1,5,3.0,6,4,0
5,7,5,7,6.0,12,2,3
10,88,10,88,49.0,98,78,0
13,12,12,13,12.5,25,1,11
6,2,2,6,4.0,8,4,1
27,19,19,27,23.0,46,8,10
13,13,13,13,13.0,26,0,12
4,1,1,4,2.5,5,3,0
18,17,17,18,17.5,35,1,16
10,13,10,13,11.5,23,3,8
2,17,2,17,9.5,19,15,1
9,11,9,11,10.0,20,2,1
5,2,2,5,3.5,7,3,0
5,1,1,5,3.0,6,4,0
2,4,2,4,3.0,6,2,1
12,14,12,14,13.0,26,2,6
11,15,11,15,13.0,26,4,8
8,9,8,9,8.5,17,1,6
17,24,17,24,20.5,41,7,16
1,4,1,4,2.5,5,3,0
4,1,1,4,2.5,5,3,0
7,8,7,8,7.5,15,1,6
4,1,1,4,2.5,5,3,0
45,43,43,45,44.0,88,2,32
4,7,4,7,5.5,11,3,3
1,4,1,4,2.5,5,3,0
2,6,2,6,4.0,8,4,1
1,39,1,39,20.0,40,38,0
7,9,7,9,8.0,16,2,4
7,1,1,7,4.0,8,6,0
5,1,1,5,3.0,6,4,0
18,28,18,28,23.0,46,10,16
1,4,1,4,2.5,5,3,0
9,9,9,9,9.0,18,0,6
4,1,1,4,2.5,5,3,0
4,4,4,4,4.0,8,0,3
7,6,6,7,6.5,13,1,5
11,11,11,11,11.0,22,0,7
18,16,16,18,17.0,34,2,15
6,17,6,17,11.5,23,11,5
1,6,1,6,3.5,7,5,0
15,20,15,20,17.5,35,5,10
43,17,17,43,30.0,60,26,1
1,10,1,10,5.5,11,9,0
4,1,1,4,2.5,5,3,0
19,19,19,19,19.0,38,0,6
5,8,5,8,6.5,13,3,4
2,6,2,6,4.0,8,4,0
4,1,1,4,2.5,5,3,0
4,1,1,4,2.5,5,3,0
1,5,1,5,3.0,6,4,0
8,8,8,8,8.0,16,0,7
1,6,1,6,3.5,7,5,0
5,1,1,5,3.0,6,4,0
19,18,18,19,18.5,37,1,13
8,5,5,8,6.5,13,3,4
17,12,12,17,14.5,29,5,9
4,1,1,4,2.5,5,3,0
1,7,1,7,4.0,8,6,0
4,6,4,6,5.0,10,2,3
24,49,24,49,36.5,73,25,20
9,1,1,9,5.0,10,8,0
20,20,20,20,20.0,40,0,16
3,6,3,6,4.5,9,3,2
1,7,1,7,4.0,8,6,0
23,1,1,23,12.0,24,22,0
1,16,1,16,8.5,17,15,0
1,8,1,8,4.5,9,7,0
1,6,1,6,3.5,7,5,0
24,27,24,27,25.5,51,3,20
15,21,15,21,18.0,36,6,13
10,11,10,11,10.5,21,1,8
5,1,1,5,3.0,6,4,0
1,4,1,4,2.5,5,3,0
19,19,19,19,19.0,38,0,17
19,17,17,19,18.0,36,2,15
8,15,8,15,11.5,23,7,2
11,15,11,15,13.0,26,4,3
1,5,1,5,3.0,6,4,0
13,12,12,13,12.5,25,1,11
2,5,2,5,3.5,7,3,1
45,42,42,45,43.5,87,3,40
2,7,2,7,4.5,9,5,1
6,1,1,6,3.5,7,5,0
5,6,5,6,5.5,11,1,3
19,5,5,19,12.0,24,14,2
10,12,10,12,11.0,22,2,5
4,1,1,4,2.5,5,3,0
1,6,1,6,3.5,7,5,0
5,2,2,5,3.5,7,3,1
4,4,4,4,4.0,8,0,3
1,4,1,4,2.5,5,3,0
20,31,20,31,25.5,51,11,14
5,4,4,5,4.5,9,1,3
5,5,5,5,5.0,10,0,4
4,1,1,4,2.5,5,3,0
23,20,20,23,21.5,43,3,17
3,7,3,7,5.0,10,4,2
20,21,20,21,20.5,41,1,19
39,35,35,39,37.0,74,4,32
6,2,2,6,4.0,8,4,1
4,1,1,4,2.5,5,3,0
23,22,22,23,22.5,45,1,21
4,4,4,4,4.0,8,0,3
7,1,1,7,4.0,8,6,0
5,1,1,5,3.0,6,4,0
5,14,5,14,9.5,19,9,0
1,40,1,40,20.5,41,39,0
21,12,12,21,16.5,33,9,10
5,5,5,5,5.0,10,0,1
25,17,17,25,21.0,42,8,14
1,52,1,52,26.5,53,51,0
1,4,1,4,2.5,5,3,0
6,1,1,6,3.5,7,5,0
1,4,1,4,2.5,5,3,0
21,22,21,22,21.5,43,1,19
17,11,11,17,14.0,28,6,0
2,6,2,6,4.0,8,4,1
2,5,2,5,3.5,7,3,0
17,13,13,17,15.0,30,4,12
4,1,1,4,2.5,5,3,0
1,12,1,12,6.5,13,11,0
14,75,14,75,44.5,89,61,6
7,4,4,7,5.5,11,3,1
8,1,1,8,4.5,9,7,0
4,4,4,4,4.0,8,0,3
4,4,4,4,4.0,8,0,3
1,5,1,5,3.0,6,4,0
12,8,8,12,10.0,20,4,3
3,4,3,4,3.5,7,1,2
12,1,1,12,6.5,13,11,0
1,5,1,5,3.0,6,4,0
10,1,1,10,5.5,11,9,0
5,1,1,5,3.0,6,4,0
2,4,2,4,3.0,6,2,1
19,9,9,19,14.0,28,10,8
5,6,5,6,5.5,11,1,4
26,28,26,28,27.0,54,2,24
10,9,9,10,9.5,19,1,6
7,7,7,7,7.0,14,0,5
1,4,1,4,2.5,5,3,0
6,2,2,6,4.0,8,4,1
9,1,1,9,5.0,10,8,0
1,8,1,8,4.5,9,7,0
10,12,10,12,11.0,22,2,7
9,12,9,12,10.5,21,3,6
14,14,14,14,14.0,28,0,13
30,13,13,30,21.5,43,17,10
20,21,20,21,20.5,41,1,19
4,11,4,11,7.5,15,7,2
5,2,2,5,3.5,7,3,1
31,34,31,34,32.5,65,3,25
9,8,8,9,8.5,17,1,4
19,27,19,27,23.0,46,8,5
11,10,10,11,10.5,21,1,7
5,1,1,5,3.0,6,4,0
11,5,5,11,8.0,16,6,4
1,9,1,9,5.0,10,8,0
5,6,5,6,5.5,11,1,4
17,10,10,17,13.5,27,7,9
4,4,4,4,4.0,8,0,3
4,4,4,4,4.0,8,0,3
6,8,6,8,7.0,14,2,4
24,2,2,24,13.0,26,22,0
32,33,32,33,32.5,65,1,31
9,3,3,9,6.0,12,6,2
37,36,36,37,36.5,73,1,26
3,4,3,4,3.5,7,1,2
13,15,13,15,14.0,28,2,10
6,15,6,15,10.5,21,9,4
6,6,6,6,6.0,12,0,5
5,1,1,5,3.0,6,4,0
22,23,22,23,22.5,45,1,19
21,16,16,21,18.5,37,5,14
4,1,1,4,2.5,5,3,0
1,5,1,5,3.0,6,4,0
2,4,2,4,3.0,6,2,1
4,5,4,5,4.5,9,1,3
10,7,7,10,8.5,17,3,6
6,16,6,16,11.0,22,10,5
23,12,12,23,17.5,35,11,10
11,10,10,11,10.5,21,1,9
18,14,14,18,16.0,32,4,11
8,9,8,9,8.5,17,1,3
14,14,14,14,14.0,28,0,13
33,26,26,33,29.5,59,7,20
29,15,15,29,22.0,44,14,14
13,15,13,15,14.0,28,2,12
6,7,6,7,6.5,13,1,5
4,1,1,4,2.5,5,3,0
8,4,4,8,6.0,12,4,0
12,6,6,12,9.0,18,6,4
8,9,8,9,8.5,17,1,7
14,1,1,14,7.5,15,13,0
3,6,3,6,4.5,9,3,2
1,7,1,7,4.0,8,6,0
25,33,25,33,29.0,58,8,24
2,18,2,18,10.0,20,16,1
18,22,18,22,20.0,40,4,15
4,7,4,7,5.5,11,3,0
12,1,1,12,6.5,13,11,0
20,13,13,20,16.5,33,7,4
5,1,1,5,3.0,6,4,0
4,1,1,4,2.5,5,3,0
1,5,1,5,3.0,6,4,0
4,7,4,7,5.5,11,3,1
11,11,11,11,11.0,22,0,10
8,8,8,8,8.0,16,0,4
11,8,8,11,9.5,19,3,5
4,1,1,4,2.5,5,3,0
6,1,1,6,3.5,7,5,0
8,5,5,8,6.5,13,3,1
14,12,12,14,13.0,26,2,11
1,7,1,7,4.0,8,6,0
25,6,6,25,15.5,31,19,4
19,19,19,19,19.0,38,0,18
5,2,2,5,3.5,7,3,1
5,11,5,11,8.0,16,6,4
5,1,1,5,3.0,6,4,0
6,8,6,8,7.0,14,2,5
20,1,1,20,10.5,21,19,0
7,3,3,7,5.0,10,4,2
8,5,5,8,6.5,13,3,4
8,7,7,8,7.5,15,1,6
1,6,1,6,3.5,7,5,0
24,23,23,24,23.5,47,1,22
4,1,1,4,2.5,5,3,0
1,8,1,8,4.5,9,7,0
4,4,4,4,4.0,8,0,3
33,40,33,40,36.5,73,7,16
26,38,26,38,32.0,64,12,21
5,10,5,10,7.5,15,5,4
6,4,4,6,5.0,10,2,1
11,10,10,11,10.5,21,1,8
4,1,1,4,2.5,5,3,0
1,26,1,26,13.5,27,25,0
18,14,14,18,16.0,32,4,13
9,2,2,9,5.5,11,7,0
8,1,1,8,4.5,9,7,0
5,4,4,5,4.5,9,1,1
5,7,5,7,6.0,12,2,4
10,1,1,10,5.5,11,9,0
6,1,1,6,3.5,7,5,0
1,5,1,5,3.0,6,4,0
16,2,2,16,9.0,18,14,0
30,27,27,30,28.5,57,3,19
1,6,1,6,3.5,7,5,0
1,8,1,8,4.5,9,7,0
5,5,5,5,5.0,10,0,4
19,17,17,19,18.0,36,2,16
23,19,19,23,21.0,42,4,17
4,4,4,4,4.0,8,0,3
5,7,5,7,6.0,12,2,3
14,5,5,14,9.5,19,9,3
49,39,39,49,44.0,88,10,19
17,11,11,17,14.0,28,6,9
8,7,7,8,7.5,15,1,6
16,14,14,16,15.0,30,2,11
36,27,27,36,31.5,63,9,25
4,1,1,4,2.5,5,3,0
7,1,1,7,4.0,8,6,0
12,44,12,44,28.0,56,32,7
11,8,8,11,9.5,19,3,2
7,1,1,7,4.0,8,6,0
4,1,1,4,2.5,5,3,0
49,36,36,49,42.5,85,13,28
13,7,7,13,10.0,20,6,4
8,7,7,8,7.5,15,1,6
7,1,1,7,4.0,8,6,0
11,11,11,11,11.0,22,0,9
11,8,8,11,9.5,19,3,3
13,13,13,13,13.0,26,0,9
7,7,7,7,7.0,14,0,6
1,5,1,5,3.0,6,4,0
12,1,1,12,6.5,13,11,0
13,10,10,13,11.5,23,3,9
8,9,8,9,8.5,17,1,7
17,14,14,17,15.5,31,3,12
8,9,8,9,8.5,17,1,3
1,11,1,11,6.0,12,10,0
1,6,1,6,3.5,7,5,0
1,16,1,16,8.5,17,15,0
9,11,9,11,10.0,20,2,5
1,5,1,5,3.0,6,4,0
7,6,6,7,6.5,13,1,5
2,4,2,4,3.0,6,2,1
8,6,6,8,7.0,14,2,3
11,37,11,37,24.0,48,26,10
6,1,1,6,3.5,7,5,0
8,11,8,11,9.5,19,3,7
4,16,4,16,10.0,20,12,0
13,42,13,42,27.5,55,29,10
1,13,1,13,7.0,14,12,0
14,1,1,14,7.5,15,13,0
6,2,2,6,4.0,8,4,1
1,105,1,105,53.0,106,104,0
4,4,4,4,4.0,8,0,3
11,14,11,14,12.5,25,3,10
10,7,7,10,8.5,17,3,6
7,6,6,7,6.5,13,1,4
4,1,1,4,2.5,5,3,0
4,1,1,4,2.5,5,3,0
1,4,1,4,2.5,5,3,0
1,4,1,4,2.5,5,3,0
4,4,4,4,4.0,8,0,3
1,4,1,4,2.5,5,3,0
1,16,1,16,8.5,17,15,0
7,4,4,7,5.5,11,3,3
10,7,7,10,8.5,17,3,3
4,5,4,5,4.5,9,1,3
6,5,5,6,5.5,11,1,3
1,10,1,10,5.5,11,9,0
29,22,22,29,25.5,51,7,14
18,23,18,23,20.5,41,5,14
23,24,23,24,23.5,47,1,21
6,4,4,6,5.0,10,2,3
5,2,2,5,3.5,7,3,1
3,4,3,4,3.5,7,1,2
5,5,5,5,5.0,10,0,4
5,2,2,5,3.5,7,3,1
75,7,7,75,41.0,82,68,3
7,7,7,7,7.0,14,0,6
15,14,14,15,14.5,29,1,13
8,7,7,8,7.5,15,1,4
4,1,1,4,2.5,5,3,0
8,8,8,8,8.0,16,0,6
37,25,25,37,31.0,62,12,18
16,1,1,16,8.5,17,15,0
13,20,13,20,16.5,33,7,12
6,1,1,6,3.5,7,5,0
45,20,20,45,32.5,65,25,17
5,2,2,5,3.5,7,3,1
1,5,1,5,3.0,6,4,0
23,20,20,23,21.5,43,3,18
14,13,13,14,13.5,27,1,10
12,7,7,12,9.5,19,5,4
4,4,4,4,4.0,8,0,3
7,1,1,7,4.0,8,6,0
5,6,5,6,5.5,11,1,4
21,4,4,21,12.5,25,17,1
7,3,3,7,5.0,10,4,2
6,6,6,6,6.0,12,0,4
6,1,1,6,3.5,7,5,0
8,11,8,11,9.5,19,3,7
11,9,9,11,10.0,20,2,8
5,6,5,6,5.5,11,1,0
6,1,1,6,3.5,7,5,0
7,8,7,8,7.5,15,1,2
26,24,24,26,25.0,50,2,18
23,38,23,38,30.5,61,15,19
4,1,1,4,2.5,5,3,0
5,4,4,5,4.5,9,1,3
4,1,1,4,2.5,5,3,0
4,1,1,4,2.5,5,3,0
1,6,1,6,3.5,7,5,0
6,10,6,10,8.0,16,4,5
1,5,1,5,3.0,6,4,0
27,27,27,27,27.0,54,0,26
1,4,1,4,2.5,5,3,0
10,49,10,49,29.5,59,39,9
1,8,1,8,4.5,9,7,0
11,11,11,11,11.0,22,0,9
7,9,7,9,8.0,16,2,1
14,8,8,14,11.0,22,6,5
5,7,5,7,6.0,12,2,4
32,33,32,33,32.5,65,1,31
5,1,1,5,3.0,6,4,0
6,1,1,6,3.5,7,5,0
4,4,4,4,4.0,8,0,3
23,29,23,29,26.0,52,6,21
6,3,3,6,4.5,9,3,1
16,4,4,16,10.0,20,12,2
1,4,1,4,2.5,5,3,0
5,17,5,17,11.0,22,12,1
4,1,1,4,2.5,5,3,0
46,44,44,46,45.0,90,2,32
4,1,1,4,2.5,5,3,0
5,4,4,5,4.5,9,1,1
34,5,5,34,19.5,39,29,3
4,1,1,4,2.5,5,3,0
5,5,5,5,5.0,10,0,2
1,5,1,5,3.0,6,4,0
2,5,2,5,3.5,7,3,0
2,18,2,18,10.0,20,16,1
9,4,4,9,6.5,13,5,3
4,11,4,11,7.5,15,7,3
11,1,1,11,6.0,12,10,0
10,10,10,10,10.0,20,0,9
16,14,14,16,15.0,30,2,11
20,21,20,21,20.5,41,1,19
12,12,12,12,12.0,24,0,11
4,5,4,5,4.5,9,1,3
21,18,18,21,19.5,39,3,16
22,13,13,22,17.5,35,9,12
19,20,19,20,19.5,39,1,9
11,1,1,11,6.0,12,10,0
10,11,10,11,10.5,21,1,9
4,5,4,5,4.5,9,1,3
10,11,10,11,10.5,21,1,7
1,4,1,4,2.5,5,3,0
26,33,26,33,29.5,59,7,21
6,6,6,6,6.0,12,0,5
1,4,1,4,2.5,5,3,0
13,9,9,13,11.0,22,4,8
4,2,2,4,3.0,6,2,1
11,7,7,11,9.0,18,4,6
15,15,15,15,15.0,30,0,14
5,6,5,6,5.5,11,1,4
1,9,1,9,5.0,10,8,0
7,7,7,7,7.0,14,0,6
8,8,8,8,8.0,16,0,7
30,49,30,49,39.5,79,19,23
14,15,14,15,14.5,29,1,11
6,9,6,9,7.5,15,3,5
1,8,1,8,4.5,9,7,0
1,5,1,5,3.0,6,4,0
8,7,7,8,7.5,15,1,5
1,7,1,7,4.0,8,6,0
22,22,22,22,22.0,44,0,18
4,1,1,4,2.5,5,3,0
18,12,12,18,15.0,30,6,11
26,27,26,27,26.5,53,1,25
1,4,1,4,2.5,5,3,0
9,9,9,9,9.0,18,0,4
1,5,1,5,3.0,6,4,0
14,1,1,14,7.5,15,13,0
1,5,1,5,3.0,6,4,0
9,1,1,9,5.0,10,8,0
50,42,42,50,46.0,92,8,25
15,11,11,15,13.0,26,4,10
6,2,2,6,4.0,8,4,0
5,1,1,5,3.0,6,4,0
7,9,7,9,8.0,16,2,6
1,13,1,13,7.0,14,12,0
28,49,28,49,38.5,77,21,27
4,1,1,4,2.5,5,3,0
1,4,1,4,2.5,5,3,0
2,5,2,5,3.5,7,3,1
37,22,22,37,29.5,59,15,21
1,10,1,10,5.5,11,9,0
15,24,15,24,19.5,39,9,13
5,5,5,5,5.0,10,0,3
1,14,1,14,7.5,15,13,0
29,29,29,29,29.0,58,0,18
37,21,21,37,29.0,58,16,15
1,4,1,4,2.5,5,3,0
3,11,3,11,7.0,14,8,2
42,34,34,42,38.0,76,8,28
17,24,17,24,20.5,41,7,10
8,1,1,8,4.5,9,7,0
34,16,16,34,25.0,50,18,13
4,1,1,4,2.5,5,3,0
27,20,20,27,23.5,47,7,19
1,4,1,4,2.5,5,3,0
5,6,5,6,5.5,11,1,3
31,41,31,41,36.0,72,10,24
18,23,18,23,20.5,41,5,17
28,32,28,32,30.0,60,4,23
8,3,3,8,5.5,11,5,2
1,5,1,5,3.0,6,4,0
5,7,5,7,6.0,12,2,4
17,7,7,17,12.0,24,10,6
7,1,1,7,4.0,8,6,0
13,15,13,15,14.0,28,2,12
23,19,19,23,21.0,42,4,10
6,6,6,6,6.0,12,0,5
22,33,22,33,27.5,55,11,16
11,2,2,11,6.5,13,9,0
13,15,13,15,14.0,28,2,8
4,1,1,4,2.5,5,3,0
25,14,14,25,19.5,39,11,11
29,22,22,29,25.5,51,7,19
1,7,1,7,4.0,8,6,0
1,5,1,5,3.0,6,4,0
9,5,5,9,7.0,14,4,4
9,2,2,9,5.5,11,7,0
51,20,20,51,35.5,71,31,19
6,1,1,6,3.5,7,5,0
1,4,1,4,2.5,5,3,0
4,1,1,4,2.5,5,3,0
7,1,1,7,4.0,8,6,0
1,15,1,15,8.0,16,14,0
20,18,18,20,19.0,38,2,17
29,15,15,29,22.0,44,14,13
5,5,5,5,5.0,10,0,4
5,6,5,6,5.5,11,1,4
1,7,1,7,4.0,8,6,0
6,6,6,6,6.0,12,0,5
5,4,4,5,4.5,9,1,3
7,5,5,7,6.0,12,2,4
6,6,6,6,6.0,12,0,4
1,5,1,5,3.0,6,4,0
5,1,1,5,3.0,6,4,0
6,6,6,6,6.0,12,0,5
7,1,1,7,4.0,8,6,0
6,2,2,6,4.0,8,4,0
1,4,1,4,2.5,5,3,0
2,5,2,5,3.5,7,3,1
16,9,9,16,12.5,25,7,0
25,33,25,33,29.0,58,8,22
6,5,5,6,5.5,11,1,3
1,12,1,12,6.5,13,11,0
6,12,6,12,9.0,18,6,5
10,15,10,15,12.5,25,5,6
40,33,33,40,36.5,73,7,27
26,1,1,26,13.5,27,25,0
11,10,10,11,10.5,21,1,6
1,10,1,10,5.5,11,9,0
5,6,5,6,5.5,11,1,3
13,13,13,13,13.0,26,0,7
11,13,11,13,12.0,24,2,9
5,7,5,7,6.0,12,2,4
1,13,1,13,7.0,14,12,0
17,1,1,17,9.0,18,16,0
26,25,25,26,25.5,51,1,23
4,1,1,4,2.5,5,3,0
8,1,1,8,4.5,9,7,0
24,51,24,51,37.5,75,27,20
13,35,13,35,24.0,48,22,10
38,40,38,40,39.0,78,2,27
33,7,7,33,20.0,40,26,2
25,30,25,30,27.5,55,5,23
6,4,4,6,5.0,10,2,1
1,5,1,5,3.0,6,4,0
4,4,4,4,4.0,8,0,0
1,39,1,39,20.0,40,38,0
6,4,4,6,5.0,10,2,3
7,15,7,15,11.0,22,8,6
8,9,8,9,8.5,17,1,6
11,32,11,32,21.5,43,21,10
8,11,8,11,9.5,19,3,2
27,19,19,27,23.0,46,8,8
14,11,11,14,12.5,25,3,10
4,5,4,5,4.5,9,1,3
1,4,1,4,2.5,5,3,0
6,6,6,6,6.0,12,0,4
1,6,1,6,3.5,7,5,0
4,1,1,4,2.5,5,3,0
12,1,1,12,6.5,13,11,0
21,44,21,44,32.5,65,23,15
6,1,1,6,3.5,7,5,0
1,6,1,6,3.5,7,5,0
4,4,4,4,4.0,8,0,3
4,1,1,4,2.5,5,3,0
15,21,15,21,18.0,36,6,10
75,14,14,75,44.5,89,61,5
1,4,1,4,2.5,5,3,0
1,12,1,12,6.5,13,11,0
4,10,4,10,7.0,14,6,0
1,7,1,7,4.0,8,6,0
7,1,1,7,4.0,8,6,0
2,18,2,18,10.0,20,16,0
4,1,1,4,2.5,5,3,0
5,1,1,5,3.0,6,4,0
8,8,8,8,8.0,16,0,5
1,4,1,4,2.5,5,3,0
3,8,3,8,5.5,11,5,1
4,1,1,4,2.5,5,3,0
1,4,1,4,2.5,5,3,0
12,9,9,12,10.5,21,3,7
1,146,1,146,73.5,147,145,0
12,15,12,15,13.5,27,3,9
1,5,1,5,3.0,6,4,0
19,19,19,19,19.0,38,0,18
5,6,5,6,5.5,11,1,4
4,1,1,4,2.5,5,3,0
8,7,7,8,7.5,15,1,6
3,17,3,17,10.0,20,14,1
1,14,1,14,7.5,15,13,0
12,11,11,12,11.5,23,1,10
1,4,1,4,2.5,5,3,0
6,6,6,6,6.0,12,0,5
12,19,12,19,15.5,31,7,8
13,11,11,13,12.0,24,2,10
7,8,7,8,7.5,15,1,6
13,13,13,13,13.0,26,0,12
12,1,1,12,6.5,13,11,0
1,7,1,7,4.0,8,6,0
17,19,17,19,18.0,36,2,14
5,1,1,5,3.0,6,4,0
13,12,12,13,12.5,25,1,10
1,5,1,5,3.0,6,4,0
10,11,10,11,10.5,21,1,9
17,13,13,17,15.0,30,4,10
13,12,12,13,12.5,25,1,11
9,1,1,9,5.0,10,8,0
8,9,8,9,8.5,17,1,7
9,3,3,9,6.0,12,6,0
2,25,2,25,13.5,27,23,1
8,6,6,8,7.0,14,2,5
10,20,10,20,15.0,30,10,4
9,5,5,9,7.0,14,4,4
4,3,3,4,3.5,7,1,2
14,15,14,15,14.5,29,1,10
19,17,17,19,18.0,36,2,15
6,7,6,7,6.5,13,1,5
1,5,1,5,3.0,6,4,0
22,21,21,22,21.5,43,1,7
4,1,1,4,2.5,5,3,0
11,7,7,11,9.0,18,4,6
23,23,23,23,23.0,46,0,15
43,40,40,43,41.5,83,3,33
5,2,2,5,3.5,7,3,1
4,5,4,5,4.5,9,1,3
21,15,15,21,18.0,36,6,7
31,32,31,32,31.5,63,1,30
21,13,13,21,17.0,34,8,9
1,7,1,7,4.0,8,6,0
34,30,30,34,32.0,64,4,29
1,30,1,30,15.5,31,29,0
13,9,9,13,11.0,22,4,6
12,12,12,12,12.0,24,0,11
6,5,5,6,5.5,11,1,3
1,24,1,24,12.5,25,23,0
1,9,1,9,5.0,10,8,0
6,1,1,6,3.5,7,5,0
1,4,1,4,2.5,5,3,0
1,44,1,44,22.5,45,43,0
14,66,14,66,40.0,80,52,10
1,4,1,4,2.5,5,3,0
2,6,2,6,4.0,8,4,1
6,5,5,6,5.5,11,1,4
17,2,2,17,9.5,19,15,1
9,8,8,9,8.5,17,1,7
5,8,5,8,6.5,13,3,2
7,7,7,7,7.0,14,0,5
1,4,1,4,2.5,5,3,0
5,1,1,5,3.0,6,4,0
1,6,1,6,3.5,7,5,0
6,6,6,6,6.0,12,0,5
49,28,28,49,38.5,77,21,27
1,4,1,4,2.5,5,3,0
8,3,3,8,5.5,11,5,2
4,4,4,4,4.0,8,0,2
1,5,1,5,3.0,6,4,0
10,11,10,11,10.5,21,1,9
1,6,1,6,3.5,7,5,0
1,6,1,6,3.5,7,5,0
6,5,5,6,5.5,11,1,2
9,4,4,9,6.5,13,5,3
22,12,12,22,17.0,34,10,10
4,5,4,5,4.5,9,1,1
5,6,5,6,5.5,11,1,4
4,1,1,4,2.5,5,3,0
8,6,6,8,7.0,14,2,5
5,5,5,5,5.0,10,0,4
6,6,6,6,6.0,12,0,4
1,4,1,4,2.5,5,3,0
20,9,9,20,14.5,29,11,8
14,22,14,22,18.0,36,8,13
1,7,1,7,4.0,8,6,0
8,5,5,8,6.5,13,3,4
15,20,15,20,17.5,35,5,14
13,14,13,14,13.5,27,1,9
49,30,30,49,39.5,79,19,25
4,1,1,4,2.5,5,3,0
2,7,2,7,4.5,9,5,1
5,1,1,5,3.0,6,4,0
5,1,1,5,3.0,6,4,0
8,5,5,8,6.5,13,3,4
7,5,5,7,6.0,12,2,4
11,13,11,13,12.0,24,2,10
26,6,6,26,16.0,32,20,4
6,6,6,6,6.0,12,0,5
1,16,1,16,8.5,17,15,0
4,2,2,4,3.0,6,2,1
24,10,10,24,17.0,34,14,9
4,8,4,8,6.0,12,4,2
3,6,3,6,4.5,9,3,2
1,4,1,4,2.5,5,3,0
7,7,7,7,7.0,14,0,6
16,22,16,22,19.0,38,6,13
17,9,9,17,13.0,26,8,8
7,6,6,7,6.5,13,1,4
31,2,2,31,16.5,33,29,1
13,9,9,13,11.0,22,4,6
29,47,29,47,38.0,76,18,28
1,5,1,5,3.0,6,4,0
5,1,1,5,3.0,6,4,0
2,107,2,107,54.5,109,105,1
1,7,1,7,4.0,8,6,0
1,5,1,5,3.0,6,4,0
28,35,28,35,31.5,63,7,16
1,6,1,6,3.5,7,5,0
12,7,7,12,9.5,19,5,6
1,12,1,12,6.5,13,11,0
5,5,5,5,5.0,10,0,4
18,17,17,18,17.5,35,1,12
5,7,5,7,6.0,12,2,0
5,7,5,7,6.0,12,2,1
6,6,6,6,6.0,12,0,5
1,7,1,7,4.0,8,6,0
10,8,8,10,9.0,18,2,6
7,4,4,7,5.5,11,3,1
6,1,1,6,3.5,7,5,0
5,1,1,5,3.0,6,4,0
17,7,7,17,12.0,24,10,5
5,54,5,54,29.5,59,49,2
8,1,1,8,4.5,9,7,0
28,15,15,28,21.5,43,13,13
8,5,5,8,6.5,13,3,4
1,4,1,4,2.5,5,3,0
11,15,11,15,13.0,26,4,9
6,1,1,6,3.5,7,5,0
27,16,16,27,21.5,43,11,6
36,13,13,36,24.5,49,23,11
15,8,8,15,11.5,23,7,4
13,16,13,16,14.5,29,3,6
1,15,1,15,8.0,16,14,0
13,11,11,13,12.0,24,2,8
8,7,7,8,7.5,15,1,6
7,7,7,7,7.0,14,0,1
1,4,1,4,2.5,5,3,0
12,13,12,13,12.5,25,1,10
12,3,3,12,7.5,15,9,1
8,7,7,8,7.5,15,1,6
4,9,4,9,6.5,13,5,1
14,13,13,14,13.5,27,1,12
1,4,1,4,2.5,5,3,0
6,5,5,6,5.5,11,1,4
7,1,1,7,4.0,8,6,0
7,6,6,7,6.5,13,1,5
6,1,1,6,3.5,7,5,0
16,9,9,16,12.5,25,7,8
25,11,11,25,18.0,36,14,6
1,6,1,6,3.5,7,5,0
5,1,1,5,3.0,6,4,0
2,4,2,4,3.0,6,2,0
9,17,9,17,13.0,26,8,8
30,50,30,50,40.0,80,20,25
8,6,6,8,7.0,14,2,4
10,1,1,10,5.5,11,9,0
7,7,7,7,7.0,14,0,6
13,13,13,13,13.0,26,0,12
7,6,6,7,6.5,13,1,5
19,21,19,21,20.0,40,2,18
11,15,11,15,13.0,26,4,9
30,21,21,30,25.5,51,9,17
1,11,1,11,6.0,12,10,0
5,4,4,5,4.5,9,1,3
1,5,1,5,3.0,6,4,0
1,6,1,6,3.5,7,5,0
10,5,5,10,7.5,15,5,4
5,4,4,5,4.5,9,1,3
33,34,33,34,33.5,67,1,20
2,14,2,14,8.0,16,12,0
10,11,10,11,10.5,21,1,9
12,11,11,12,11.5,23,1,7
12,12,12,12,12.0,24,0,0
4,1,1,4,2.5,5,3,0
9,1,1,9,5.0,10,8,0
38,20,20,38,29.0,58,18,18
4,4,4,4,4.0,8,0,2
27,32,27,32,29.5,59,5,23
21,20,20,21,20.5,41,1,19
7,8,7,8,7.5,15,1,5
3,6,3,6,4.5,9,3,2
11,11,11,11,11.0,22,0,8
14,13,13,14,13.5,27,1,12
2,8,2,8,5.0,10,6,0
16,12,12,16,14.0,28,4,11
19,10,10,19,14.5,29,9,6
1,4,1,4,2.5,5,3,0
6,1,1,6,3.5,7,5,0
25,1,1,25,13.0,26,24,0
15,20,15,20,17.5,35,5,11
20,13,13,20,16.5,33,7,10
4,5,4,5,4.5,9,1,3
1,4,1,4,2.5,5,3,0
75,3,3,75,39.0,78,72,1
4,2,2,4,3.0,6,2,0
4,2,2,4,3.0,6,2,1
6,4,4,6,5.0,10,2,2
30,42,30,42,36.0,72,12,25
39,26,26,39,32.5,65,13,23
1,5,1,5,3.0,6,4,0
15,16,15,16,15.5,31,1,10
5,9,5,9,7.0,14,4,0
34,33,33,34,33.5,67,1,20
10,11,10,11,10.5,21,1,9
5,6,5,6,5.5,11,1,3
6,1,1,6,3.5,7,5,0
8,6,6,8,7.0,14,2,4
8,1,1,8,4.5,9,7,0
10,10,10,10,10.0,20,0,8
1,9,1,9,5.0,10,8,0
7,1,1,7,4.0,8,6,0
1,4,1,4,2.5,5,3,0
1,40,1,40,20.5,41,39,0
7,1,1,7,4.0,8,6,0
6,7,6,7,6.5,13,1,5
2,6,2,6,4.0,8,4,1
19,14,14,19,16.5,33,5,10
5,1,1,5,3.0,6,4,0
7,1,1,7,4.0,8,6,0
5,6,5,6,5.5,11,1,4
23,40,23,40,31.5,63,17,15
12,15,12,15,13.5,27,3,11
4,1,1,4,2.5,5,3,0
10,35,10,35,22.5,45,25,8
6,1,1,6,3.5,7,5,0
1,13,1,13,7.0,14,12,0
7,21,7,21,14.0,28,14,3
5,6,5,6,5.5,11,1,4
1,4,1,4,2.5,5,3,0
5,1,1,5,3.0,6,4,0
4,6,4,6,5.0,10,2,3
4,5,4,5,4.5,9,1,0
1,4,1,4,2.5,5,3,0
16,19,16,19,17.5,35,3,14
5,5,5,5,5.0,10,0,3
7,6,6,7,6.5,13,1,5
5,4,4,5,4.5,9,1,3
15,9,9,15,12.0,24,6,8
5,5,5,5,5.0,10,0,4
1,15,1,15,8.0,16,14,0
4,1,1,4,2.5,5,3,0
30,14,14,30,22.0,44,16,11
1,4,1,4,2.5,5,3,0
6,1,1,6,3.5,7,5,0
7,8,7,8,7.5,15,1,6
1,4,1,4,2.5,5,3,0
4,4,4,4,4.0,8,0,3
13,11,11,13,12.0,24,2,6
16,24,16,24,20.0,40,8,15
8,1,1,8,4.5,9,7,0
23,44,23,44,33.5,67,21,21
10,6,6,10,8.0,16,4,4
3,21,3,21,12.0,24,18,2
3,4,3,4,3.5,7,1,2
4,1,1,4,2.5,5,3,0
24,41,24,41,32.5,65,17,19
6,1,1,6,3.5,7,5,0
32,25,25,32,28.5,57,7,23
39,18,18,39,28.5,57,21,17
1,4,1,4,2.5,5,3,0
1,4,1,4,2.5,5,3,0
18,11,11,18,14.5,29,7,9
6,1,1,6,3.5,7,5,0
1,5,1,5,3.0,6,4,0
1,7,1,7,4.0,8,6,0
12,13,12,13,12.5,25,1,10
6,6,6,6,6.0,12,0,5
4,4,4,4,4.0,8,0,3
4,1,1,4,2.5,5,3,0
5,4,4,5,4.5,9,1,3
6,5,5,6,5.5,11,1,2
2,4,2,4,3.0,6,2,0
2,8,2,8,5.0,10,6,0
2,7,2,7,4.5,9,5,0
4,2,2,4,3.0,6,2,0
5,5,5,5,5.0,10,0,4
6,11,6,11,8.5,17,5,5
8,7,7,8,7.5,15,1,6
5,5,5,5,5.0,10,0,4
5,1,1,5,3.0,6,4,0
6,6,6,6,6.0,12,0,0
6,7,6,7,6.5,13,1,0
11,2,2,11,6.5,13,9,0
15,20,15,20,17.5,35,5,13
6,1,1,6,3.5,7,5,0
19,1,1,19,10.0,20,18,0
8,5,5,8,6.5,13,3,3
1,4,1,4,2.5,5,3,0
6,10,6,10,8.0,16,4,5
4,2,2,4,3.0,6,2,1
2,4,2,4,3.0,6,2,0
6,1,1,6,3.5,7,5,0
3,6,3,6,4.5,9,3,2
2,9,2,9,5.5,11,7,0
9,7,7,9,8.0,16,2,6
20,18,18,20,19.0,38,2,15
10,10,10,10,10.0,20,0,9
2,7,2,7,4.5,9,5,1
30,32,30,32,31.0,62,2,29
12,7,7,12,9.5,19,5,6
6,8,6,8,7.0,14,2,5
5,4,4,5,4.5,9,1,3
8,14,8,14,11.0,22,6,6
2,8,2,8,5.0,10,6,1
41,40,40,41,40.5,81,1,32
1,5,1,5,3.0,6,4,0
6,5,5,6,5.5,11,1,4
13,9,9,13,11.0,22,4,7
4,9,4,9,6.5,13,5,3
4,5,4,5,4.5,9,1,3
1,4,1,4,2.5,5,3,0
1,5,1,5,3.0,6,4,0
1,7,1,7,4.0,8,6,0
4,2,2,4,3.0,6,2,0
4,1,1,4,2.5,5,3,0
1,18,1,18,9.5,19,17,0
2,5,2,5,3.5,7,3,1
5,5,5,5,5.0,10,0,4
5,4,4,5,4.5,9,1,3
23,5,5,23,14.0,28,18,3
21,32,21,32,26.5,53,11,15
4,7,4,7,5.5,11,3,3
4,5,4,5,4.5,9,1,2
3,6,3,6,4.5,9,3,1
1,4,1,4,2.5,5,3,0
15,15,15,15,15.0,30,0,11
33,36,33,36,34.5,69,3,18
6,10,6,10,8.0,16,4,3
17,10,10,17,13.5,27,7,4
1,9,1,9,5.0,10,8,0
4,1,1,4,2.5,5,3,0
2,6,2,6,4.0,8,4,0
6,9,6,9,7.5,15,3,5
4,1,1,4,2.5,5,3,0
6,1,1,6,3.5,7,5,0
7,5,5,7,6.0,12,2,3
49,48,48,49,48.5,97,1,46
1,11,1,11,6.0,12,10,0
5,5,5,5,5.0,10,0,4
6,8,6,8,7.0,14,2,4
6,8,6,8,7.0,14,2,5
39,41,39,41,40.0,80,2,35
12,6,6,12,9.0,18,6,4
41,43,41,43,42.0,84,2,39
1,20,1,20,10.5,21,19,0
38,47,38,47,42.5,85,9,31
7,7,7,7,7.0,14,0,6
7,1,1,7,4.0,8,6,0
12,6,6,12,9.0,18,6,5
2,6,2,6,4.0,8,4,1
1,4,1,4,2.5,5,3,0
5,8,5,8,6.5,13,3,3
30,33,30,33,31.5,63,3,23
25,32,25,32,28.5,57,7,8
6,10,6,10,8.0,16,4,5
6,3,3,6,4.5,9,3,2
23,18,18,23,20.5,41,5,17
10,14,10,14,12.0,24,4,8
15,28,15,28,21.5,43,13,14
4,2,2,4,3.0,6,2,1
4,1,1,4,2.5,5,3,0
1,5,1,5,3.0,6,4,0
5,6,5,6,5.5,11,1,1
17,20,17,20,18.5,37,3,16
31,1,1,31,16.0,32,30,0
19,20,19,20,19.5,39,1,1
7,6,6,7,6.5,13,1,2
4,1,1,4,2.5,5,3,0
12,12,12,12,12.0,24,0,11
5,8,5,8,6.5,13,3,3
5,5,5,5,5.0,10,0,4
1,4,1,4,2.5,5,3,0
22,25,22,25,23.5,47,3,20
10,15,10,15,12.5,25,5,6
38,25,25,38,31.5,63,13,22
7,1,1,7,4.0,8,6,0
5,5,5,5,5.0,10,0,4
1,6,1,6,3.5,7,5,0
8,4,4,8,6.0,12,4,2
5,1,1,5,3.0,6,4,0
33,31,31,33,32.0,64,2,30
1,9,1,9,5.0,10,8,0
2,5,2,5,3.5,7,3,1
6,9,6,9,7.5,15,3,5
1,5,1,5,3.0,6,4,0
1,4,1,4,2.5,5,3,0
9,13,9,13,11.0,22,4,7
9,7,7,9,8.0,16,2,6
1,31,1,31,16.0,32,30,0
5,10,5,10,7.5,15,5,4
8,2,2,8,5.0,10,6,1
6,7,6,7,6.5,13,1,5
7,2,2,7,4.5,9,5,0
6,7,6,7,6.5,13,1,5
13,12,12,13,12.5,25,1,11
1,4,1,4,2.5,5,3,0
4,1,1,4,2.5,5,3,0
5,1,1,5,3.0,6,4,0
6,1,1,6,3.5,7,5,0
16,15,15,16,15.5,31,1,9
6,1,1,6,3.5,7,5,0
18,18,18,18,18.0,36,0,15
18,12,12,18,15.0,30,6,11
12,12,12,12,12.0,24,0,11
1,5,1,5,3.0,6,4,0
2,7,2,7,4.5,9,5,0
1,4,1,4,2.5,5,3,0
21,13,13,21,17.0,34,8,11
4,16,4,16,10.0,20,12,0
20,21,20,21,20.5,41,1,17
18,13,13,18,15.5,31,5,12
1,28,1,28,14.5,29,27,0
4,1,1,4,2.5,5,3,0
5,10,5,10,7.5,15,5,4
22,2,2,22,12.0,24,20,0
3,14,3,14,8.5,17,11,0
4,5,4,5,4.5,9,1,0
6,6,6,6,6.0,12,0,5
1,10,1,10,5.5,11,9,0
7,4,4,7,5.5,11,3,3
22,19,19,22,20.5,41,3,17
27,25,25,27,26.0,52,2,21
10,12,10,12,11.0,22,2,7
4,1,1,4,2.5,5,3,0
5,1,1,5,3.0,6,4,0
1,4,1,4,2.5,5,3,0
14,1,1,14,7.5,15,13,0
25,30,25,30,27.5,55,5,22
1,5,1,5,3.0,6,4,0
7,4,4,7,5.5,11,3,3
3,5,3,5,4.0,8,2,2
3,9,3,9,6.0,12,6,2
6,5,5,6,5.5,11,1,4
22,16,16,22,19.0,38,6,12
1,61,1,61,31.0,62,60,0
6,4,4,6,5.0,10,2,3
39,23,23,39,31.0,62,16,19
4,1,1,4,2.5,5,3,0
1,6,1,6,3.5,7,5,0
16,17,16,17,16.5,33,1,15
1,5,1,5,3.0,6,4,0
32,33,32,33,32.5,65,1,31
5,4,4,5,4.5,9,1,3
6,1,1,6,3.5,7,5,0
25,25,25,25,25.0,50,0,23
5,1,1,5,3.0,6,4,0
8,9,8,9,8.5,17,1,6
1,13,1,13,7.0,14,12,0
5,5,5,5,5.0,10,0,3
5,1,1,5,3.0,6,4,0
7,7,7,7,7.0,14,0,6
4,12,4,12,8.0,16,8,2
1,7,1,7,4.0,8,6,0
10,13,10,13,11.5,23,3,9
4,3,3,4,3.5,7,1,2
17,19,17,19,18.0,36,2,15
17,39,17,39,28.0,56,22,14
8,1,1,8,4.5,9,7,0
15,1,1,15,8.0,16,14,0
4,4,4,4,4.0,8,0,1
6,1,1,6,3.5,7,5,0
7,7,7,7,7.0,14,0,6
2,4,2,4,3.0,6,2,0
25,22,22,25,23.5,47,3,21
1,7,1,7,4.0,8,6,0
10,8,8,10,9.0,18,2,7
2,5,2,5,3.5,7,3,1
8,11,8,11,9.5,19,3,7
2,5,2,5,3.5,7,3,1
11,17,11,17,14.0,28,6,10
1,6,1,6,3.5,7,5,0
1,24,1,24,12.5,25,23,0
1,6,1,6,3.5,7,5,0
8,8,8,8,8.0,16,0,7
5,1,1,5,3.0,6,4,0
13,9,9,13,11.0,22,4,8
4,1,1,4,2.5,5,3,0
5,1,1,5,3.0,6,4,0
4,5,4,5,4.5,9,1,0
34,23,23,34,28.5,57,11,15
1,4,1,4,2.5,5,3,0
15,7,7,15,11.0,22,8,6
4,2,2,4,3.0,6,2,1
1,9,1,9,5.0,10,8,0
4,1,1,4,2.5,5,3,0
4,1,1,4,2.5,5,3,0
5,7,5,7,6.0,12,2,4
1,5,1,5,3.0,6,4,0
1,4,1,4,2.5,5,3,0
1,4,1,4,2.5,5,3,0
8,10,8,10,9.0,18,2,2
17,16,16,17,16.5,33,1,12
13,14,13,14,13.5,27,1,12
15,15,15,15,15.0,30,0,11
6,5,5,6,5.5,11,1,4
4,11,4,11,7.5,15,7,2
1,16,1,16,8.5,17,15,0
33,39,33,39,36.0,72,6,16
16,14,14,16,15.0,30,2,6
1,4,1,4,2.5,5,3,0
16,16,16,16,16.0,32,0,14
1,5,1,5,3.0,6,4,0
1,24,1,24,12.5,25,23,0
1,6,1,6,3.5,7,5,0
11,10,10,11,10.5,21,1,9
1,7,1,7,4.0,8,6,0
9,1,1,9,5.0,10,8,0
36,36,36,36,36.0,72,0,35
6,7,6,7,6.5,13,1,4
9,9,9,9,9.0,18,0,7
2,5,2,5,3.5,7,3,1
1,4,1,4,2.5,5,3,0
15,1,1,15,8.0,16,14,0
6,5,5,6,5.5,11,1,3
12,5,5,12,8.5,17,7,3
2,6,2,6,4.0,8,4,1
19,13,13,19,16.0,32,6,10
4,15,4,15,9.5,19,11,0
17,18,17,18,17.5,35,1,15
6,5,5,6,5.5,11,1,0
6,5,5,6,5.5,11,1,4
1,4,1,4,2.5,5,3,0
16,16,16,16,16.0,32,0,11
1,10,1,10,5.5,11,9,0
19,18,18,19,18.5,37,1,16
1,14,1,14,7.5,15,13,0
7,19,7,19,13.0,26,12,6
17,15,15,17,16.0,32,2,0
8,16,8,16,12.0,24,8,0
14,16,14,16,15.0,30,2,10
23,10,10,23,16.5,33,13,9
10,8,8,10,9.0,18,2,6
5,4,4,5,4.5,9,1,3
22,20,20,22,21.0,42,2,19
10,7,7,10,8.5,17,3,5
9,11,9,11,10.0,20,2,7
5,1,1,5,3.0,6,4,0
1,4,1,4,2.5,5,3,0
4,1,1,4,2.5,5,3,0
1,30,1,30,15.5,31,29,0
4,1,1,4,2.5,5,3,0
5,6,5,6,5.5,11,1,0
1,7,1,7,4.0,8,6,0
5,2,2,5,3.5,7,3,1
1,5,1,5,3.0,6,4,0
3,17,3,17,10.0,20,14,1
4,3,3,4,3.5,7,1,2
1,4,1,4,2.5,5,3,0
4,1,1,4,2.5,5,3,0
5,2,2,5,3.5,7,3,0
6,4,4,6,5.0,10,2,3
1,5,1,5,3.0,6,4,0
6,8,6,8,7.0,14,2,5
5,2,2,5,3.5,7,3,1
8,9,8,9,8.5,17,1,6
10,13,10,13,11.5,23,3,9
21,1,1,21,11.0,22,20,0
19,28,19,28,23.5,47,9,18
1,4,1,4,2.5,5,3,0
6,1,1,6,3.5,7,5,0
7,4,4,7,5.5,11,3,3
1,4,1,4,2.5,5,3,0
18,12,12,18,15.0,30,6,11
22,1,1,22,11.5,23,21,0
17,14,14,17,15.5,31,3,12
20,17,17,20,18.5,37,3,16
4,3,3,4,3.5,7,1,2
1,5,1,5,3.0,6,4,0
1,7,1,7,4.0,8,6,0
4,1,1,4,2.5,5,3,0
10,10,10,10,10.0,20,0,8
4,4,4,4,4.0,8,0,2
9,13,9,13,11.0,22,4,8
4,2,2,4,3.0,6,2,1
5,5,5,5,5.0,10,0,4
1,4,1,4,2.5,5,3,0
19,10,10,19,14.5,29,9,7
4,4,4,4,4.0,8,0,3
6,1,1,6,3.5,7,5,0
1,4,1,4,2.5,5,3,0
