q1_neighbor_count,q2_neighbor_count,min_neighbor_count,max_neighbor_count,mean_neighbor_count,sum_neighbor_count,diff_neighbor_count,shared_neighbor_count
2,5,2,5,3.5,7,3,0
1,5,1,5,3.0,6,4,0
1,4,1,4,2.5,5,3,0
4,4,4,4,4.0,8,0,3
1,10,1,10,5.5,11,9,0
5,3,3,5,4.0,8,2,2
5,1,1,5,3.0,6,4,0
2,14,2,14,8.0,16,12,0
32,33,32,33,32.5,65,1,31
46,30,30,46,38.0,76,16,26
5,6,5,6,5.5,11,1,0
9,10,9,10,9.5,19,1,8
7,1,1,7,4.0,8,6,0
5,1,1,5,3.0,6,4,0
6,1,1,6,3.5,7,5,0
5,1,1,5,3.0,6,4,0
4,1,1,4,2.5,5,3,0
5,1,1,5,3.0,6,4,0
2,7,2,7,4.5,9,5,1
13,9,9,13,11.0,22,4,8
5,7,5,7,6.0,12,2,4
7,9,7,9,8.0,16,2,6
2,4,2,4,3.0,6,2,1
6,7,6,7,6.5,13,1,5
11,7,7,11,9.0,18,4,6
1,19,1,19,10.0,20,18,0
48,17,17,48,32.5,65,31,14
6,4,4,6,5.0,10,2,2
12,9,9,12,10.5,21,3,8
6,4,4,6,5.0,10,2,3
1,14,1,14,7.5,15,13,0
24,32,24,32,28.0,56,8,17
1,5,1,5,3.0,6,4,0
3,4,3,4,3.5,7,1,2
9,8,8,9,8.5,17,1,7
10,13,10,13,11.5,23,3,5
7,9,7,9,8.0,16,2,4
1,12,1,12,6.5,13,11,0
8,2,2,8,5.0,10,6,0
6,1,1,6,3.5,7,5,0
4,1,1,4,2.5,5,3,0
19,12,12,19,15.5,31,7,10
6,5,5,6,5.5,11,1,4
21,33,21,33,27.0,54,12,13
7,9,7,9,8.0,16,2,6
5,1,1,5,3.0,6,4,0
2,4,2,4,3.0,6,2,1
12,13,12,13,12.5,25,1,11
25,21,21,25,23.0,46,4,17
7,6,6,7,6.5,13,1,5
4,1,1,4,2.5,5,3,0
1,49,1,49,25.0,50,48,0
1,8,1,8,4.5,9,7,0
7,6,6,7,6.5,13,1,4
1,9,1,9,5.0,10,8,0
1,9,1,9,5.0,10,8,0
1,6,1,6,3.5,7,5,0
24,21,21,24,22.5,45,3,18
4,19,4,19,11.5,23,15,0
18,1,1,18,9.5,19,17,0
4,1,1,4,2.5,5,3,0
4,1,1,4,2.5,5,3,0
12,11,11,12,11.5,23,1,10
4,1,1,4,2.5,5,3,0
4,1,1,4,2.5,5,3,0
6,15,6,15,10.5,21,9,4
2,26,2,26,14.0,28,24,0
6,6,6,6,6.0,12,0,2
1,11,1,11,6.0,12,10,0
6,8,6,8,7.0,14,2,5
4,1,1,4,2.5,5,3,0
1,4,1,4,2.5,5,3,0
6,6,6,6,6.0,12,0,5
2,6,2,6,4.0,8,4,1
9,1,1,9,5.0,10,8,0
10,10,10,10,10.0,20,0,7
13,14,13,14,13.5,27,1,12
16,15,15,16,15.5,31,1,13
11,19,11,19,15.0,30,8,6
2,4,2,4,3.0,6,2,1
7,7,7,7,7.0,14,0,4
1,4,1,4,2.5,5,3,0
4,1,1,4,2.5,5,3,0
13,13,13,13,13.0,26,0,12
30,23,23,30,26.5,53,7,21
6,1,1,6,3.5,7,5,0
1,14,1,14,7.5,15,13,0
18,14,14,18,16.0,32,4,13
18,13,13,18,15.5,31,5,9
7,6,6,7,6.5,13,1,5
9,13,9,13,11.0,22,4,7
5,1,1,5,3.0,6,4,0
4,1,1,4,2.5,5,3,0
1,13,1,13,7.0,14,12,0
5,4,4,5,4.5,9,1,3
31,32,31,32,31.5,63,1,29
8,1,1,8,4.5,9,7,0
4,5,4,5,4.5,9,1,3
8,9,8,9,8.5,17,1,7
6,6,6,6,6.0,12,0,5
4,1,1,4,2.5,5,3,0
44,30,30,44,37.0,74,14,26
4,30,4,30,17.0,34,26,0
2,4,2,4,3.0,6,2,1
6,1,1,6,3.5,7,5,0
9,1,1,9,5.0,10,8,0
6,6,6,6,6.0,12,0,5
1,5,1,5,3.0,6,4,0
4,1,1,4,2.5,5,3,0
6,1,1,6,3.5,7,5,0
15,15,15,15,15.0,30,0,13
2,30,2,30,16.0,32,28,1
11,14,11,14,12.5,25,3,10
11,10,10,11,10.5,21,1,8
4,4,4,4,4.0,8,0,1
1,7,1,7,4.0,8,6,0
18,56,18,56,37.0,74,38,8
1,4,1,4,2.5,5,3,0
1,8,1,8,4.5,9,7,0
6,2,2,6,4.0,8,4,1
1,7,1,7,4.0,8,6,0
13,1,1,13,7.0,14,12,0
5,4,4,5,4.5,9,1,3
6,16,6,16,11.0,22,10,5
49,38,38,49,43.5,87,11,35
12,8,8,12,10.0,20,4,7
1,4,1,4,2.5,5,3,0
1,5,1,5,3.0,6,4,0
2,5,2,5,3.5,7,3,0
6,6,6,6,6.0,12,0,3
8,4,4,8,6.0,12,4,3
7,10,7,10,8.5,17,3,0
15,20,15,20,17.5,35,5,12
1,4,1,4,2.5,5,3,0
11,12,11,12,11.5,23,1,10
4,3,3,4,3.5,7,1,2
28,31,28,31,29.5,59,3,23
1,4,1,4,2.5,5,3,0
2,5,2,5,3.5,7,3,0
26,1,1,26,13.5,27,25,0
8,7,7,8,7.5,15,1,4
4,5,4,5,4.5,9,1,0
5,5,5,5,5.0,10,0,3
2,15,2,15,8.5,17,13,0
5,1,1,5,3.0,6,4,0
13,8,8,13,10.5,21,5,7
4,4,4,4,4.0,8,0,0
1,8,1,8,4.5,9,7,0
41,41,41,41,41.0,82,0,30
11,10,10,11,10.5,21,1,9
1,4,1,4,2.5,5,3,0
19,16,16,19,17.5,35,3,10
6,14,6,14,10.0,20,8,5
5,7,5,7,6.0,12,2,3
4,1,1,4,2.5,5,3,0
1,7,1,7,4.0,8,6,0
12,12,12,12,12.0,24,0,11
14,10,10,14,12.0,24,4,8
1,5,1,5,3.0,6,4,0
2,8,2,8,5.0,10,6,0
1,19,1,19,10.0,20,18,0
14,13,13,14,13.5,27,1,12
23,8,8,23,15.5,31,15,7
7,9,7,9,8.0,16,2,5
1,4,1,4,2.5,5,3,0
27,17,17,27,22.0,44,10,12
2,4,2,4,3.0,6,2,1
11,13,11,13,12.0,24,2,10
4,1,1,4,2.5,5,3,0
19,2,2,19,10.5,21,17,1
4,16,4,16,10.0,20,12,0
2,4,2,4,3.0,6,2,1
45,28,28,45,36.5,73,17,19
5,4,4,5,4.5,9,1,3
7,1,1,7,4.0,8,6,0
1,4,1,4,2.5,5,3,0
26,25,25,26,25.5,51,1,23
25,27,25,27,26.0,52,2,23
19,18,18,19,18.5,37,1,16
20,22,20,22,21.0,42,2,19
1,7,1,7,4.0,8,6,0
2,4,2,4,3.0,6,2,1
2,5,2,5,3.5,7,3,0
3,6,3,6,4.5,9,3,2
9,1,1,9,5.0,10,8,0
26,37,26,37,31.5,63,11,19
44,1,1,44,22.5,45,43,0
10,7,7,10,8.5,17,3,5
4,11,4,11,7.5,15,7,0
6,7,6,7,6.5,13,1,4
7,22,7,22,14.5,29,15,6
29,41,29,41,35.0,70,12,25
4,1,1,4,2.5,5,3,0
7,8,7,8,7.5,15,1,6
1,4,1,4,2.5,5,3,0
6,5,5,6,5.5,11,1,3
19,12,12,19,15.5,31,7,11
5,5,5,5,5.0,10,0,3
1,10,1,10,5.5,11,9,0
18,16,16,18,17.0,34,2,10
9,11,9,11,10.0,20,2,8
19,1,1,19,10.0,20,18,0
10,10,10,10,10.0,20,0,8
8,1,1,8,4.5,9,7,0
5,7,5,7,6.0,12,2,4
4,5,4,5,4.5,9,1,3
6,1,1,6,3.5,7,5,0
4,4,4,4,4.0,8,0,3
10,10,10,10,10.0,20,0,8
1,8,1,8,4.5,9,7,0
3,16,3,16,9.5,19,13,2
2,28,2,28,15.0,30,26,0
7,7,7,7,7.0,14,0,0
10,10,10,10,10.0,20,0,9
4,6,4,6,5.0,10,2,1
1,6,1,6,3.5,7,5,0
24,11,11,24,17.5,35,13,6
5,4,4,5,4.5,9,1,3
4,1,1,4,2.5,5,3,0
9,6,6,9,7.5,15,3,5
17,17,17,17,17.0,34,0,16
14,15,14,15,14.5,29,1,12
2,5,2,5,3.5,7,3,0
9,1,1,9,5.0,10,8,0
17,22,17,22,19.5,39,5,14
33,33,33,33,33.0,66,0,32
1,7,1,7,4.0,8,6,0
5,6,5,6,5.5,11,1,1
5,4,4,5,4.5,9,1,2
4,4,4,4,4.0,8,0,3
5,1,1,5,3.0,6,4,0
4,1,1,4,2.5,5,3,0
4,11,4,11,7.5,15,7,0
7,10,7,10,8.5,17,3,6
19,15,15,19,17.0,34,4,14
4,5,4,5,4.5,9,1,2
146,34,34,146,90.0,180,112,32
1,4,1,4,2.5,5,3,0
7,9,7,9,8.0,16,2,5
6,7,6,7,6.5,13,1,3
5,1,1,5,3.0,6,4,0
6,6,6,6,6.0,12,0,5
5,6,5,6,5.5,11,1,4
6,4,4,6,5.0,10,2,3
12,13,12,13,12.5,25,1,11
6,7,6,7,6.5,13,1,2
40,47,40,47,43.5,87,7,31
1,6,1,6,3.5,7,5,0
1,4,1,4,2.5,5,3,0
5,1,1,5,3.0,6,4,0
12,18,12,18,15.0,30,6,10
4,7,4,7,5.5,11,3,3
4,4,4,4,4.0,8,0,3
2,6,2,6,4.0,8,4,1
19,18,18,19,18.5,37,1,17
5,20,5,20,12.5,25,15,0
8,8,8,8,8.0,16,0,7
7,1,1,7,4.0,8,6,0
10,13,10,13,11.5,23,3,9
6,9,6,9,7.5,15,3,2
24,27,24,27,25.5,51,3,23
30,23,23,30,26.5,53,7,20
1,19,1,19,10.0,20,18,0
5,7,5,7,6.0,12,2,0
4,1,1,4,2.5,5,3,0
19,1,1,19,10.0,20,18,0
1,38,1,38,19.5,39,37,0
14,2,2,14,8.0,16,12,0
24,21,21,24,22.5,45,3,20
7,1,1,7,4.0,8,6,0
52,22,22,52,37.0,74,30,14
4,4,4,4,4.0,8,0,2
4,2,2,4,3.0,6,2,1
25,19,19,25,22.0,44,6,16
7,1,1,7,4.0,8,6,0
36,20,20,36,28.0,56,16,14
8,12,8,12,10.0,20,4,3
19,15,15,19,17.0,34,4,11
5,6,5,6,5.5,11,1,4
1,4,1,4,2.5,5,3,0
7,5,5,7,6.0,12,2,4
1,7,1,7,4.0,8,6,0
1,4,1,4,2.5,5,3,0
12,24,12,24,18.0,36,12,11
16,12,12,16,14.0,28,4,11
8,19,8,19,13.5,27,11,6
29,32,29,32,30.5,61,3,24
8,1,1,8,4.5,9,7,0
12,13,12,13,12.5,25,1,11
8,1,1,8,4.5,9,7,0
1,5,1,5,3.0,6,4,0
13,19,13,19,16.0,32,6,12
22,5,5,22,13.5,27,17,3
2,6,2,6,4.0,8,4,1
4,3,3,4,3.5,7,1,2
4,2,2,4,3.0,6,2,1
1,16,1,16,8.5,17,15,0
1,6,1,6,3.5,7,5,0
4,4,4,4,4.0,8,0,2
2,7,2,7,4.5,9,5,0
5,4,4,5,4.5,9,1,3
6,1,1,6,3.5,7,5,0
4,7,4,7,5.5,11,3,0
1,6,1,6,3.5,7,5,0
34,25,25,34,29.5,59,9,19
49,17,17,49,33.0,66,32,13
10,11,10,11,10.5,21,1,3
1,18,1,18,9.5,19,17,0
4,9,4,9,6.5,13,5,3
1,5,1,5,3.0,6,4,0
25,20,20,25,22.5,45,5,18
14,24,14,24,19.0,38,10,9
12,9,9,12,10.5,21,3,8
6,7,6,7,6.5,13,1,4
7,8,7,8,7.5,15,1,6
32,41,32,41,36.5,73,9,16
5,4,4,5,4.5,9,1,2
1,18,1,18,9.5,19,17,0
24,21,21,24,22.5,45,3,20
21,12,12,21,16.5,33,9,9
7,1,1,7,4.0,8,6,0
24,14,14,24,19.0,38,10,12
6,1,1,6,3.5,7,5,0
16,2,2,16,9.0,18,14,0
15,17,15,17,16.0,32,2,8
4,4,4,4,4.0,8,0,3
6,7,6,7,6.5,13,1,5
9,9,9,9,9.0,18,0,7
7,6,6,7,6.5,13,1,5
16,8,8,16,12.0,24,8,7
2,9,2,9,5.5,11,7,0
13,13,13,13,13.0,26,0,12
5,3,3,5,4.0,8,2,2
7,5,5,7,6.0,12,2,4
51,41,41,51,46.0,92,10,24
5,5,5,5,5.0,10,0,4
17,17,17,17,17.0,34,0,14
1,40,1,40,20.5,41,39,0
20,22,20,22,21.0,42,2,17
9,13,9,13,11.0,22,4,6
10,8,8,10,9.0,18,2,6
4,4,4,4,4.0,8,0,3
14,13,13,14,13.5,27,1,12
26,20,20,26,23.0,46,6,2
19,21,19,21,20.0,40,2,16
7,9,7,9,8.0,16,2,5
23,23,23,23,23.0,46,0,14
9,10,9,10,9.5,19,1,8
7,2,2,7,4.5,9,5,1
20,25,20,25,22.5,45,5,14
4,4,4,4,4.0,8,0,0
1,26,1,26,13.5,27,25,0
12,3,3,12,7.5,15,9,1
5,1,1,5,3.0,6,4,0
12,20,12,20,16.0,32,8,10
4,4,4,4,4.0,8,0,3
11,11,11,11,11.0,22,0,10
15,8,8,15,11.5,23,7,6
6,8,6,8,7.0,14,2,5
9,4,4,9,6.5,13,5,3
1,7,1,7,4.0,8,6,0
15,12,12,15,13.5,27,3,11
4,4,4,4,4.0,8,0,3
4,1,1,4,2.5,5,3,0
18,18,18,18,18.0,36,0,17
7,5,5,7,6.0,12,2,4
1,7,1,7,4.0,8,6,0
10,12,10,12,11.0,22,2,9
11,1,1,11,6.0,12,10,0
1,77,1,77,39.0,78,76,0
14,14,14,14,14.0,28,0,12
7,7,7,7,7.0,14,0,6
8,7,7,8,7.5,15,1,5
1,5,1,5,3.0,6,4,0
20,16,16,20,18.0,36,4,13
25,16,16,25,20.5,41,9,13
12,10,10,12,11.0,22,2,7
1,49,1,49,25.0,50,48,0
1,4,1,4,2.5,5,3,0
5,9,5,9,7.0,14,4,2
44,47,44,47,45.5,91,3,39
1,4,1,4,2.5,5,3,0
4,1,1,4,2.5,5,3,0
2,5,2,5,3.5,7,3,1
9,14,9,14,11.5,23,5,3
6,1,1,6,3.5,7,5,0
15,11,11,15,13.0,26,4,8
1,27,1,27,14.0,28,26,0
1,4,1,4,2.5,5,3,0
1,5,1,5,3.0,6,4,0
31,29,29,31,30.0,60,2,22
5,5,5,5,5.0,10,0,4
15,7,7,15,11.0,22,8,6
14,17,14,17,15.5,31,3,12
1,10,1,10,5.5,11,9,0
5,1,1,5,3.0,6,4,0
7,5,5,7,6.0,12,2,4
5,4,4,5,4.5,9,1,0
7,8,7,8,7.5,15,1,6
4,1,1,4,2.5,5,3,0
8,7,7,8,7.5,15,1,5
7,10,7,10,8.5,17,3,5
6,1,1,6,3.5,7,5,0
1,4,1,4,2.5,5,3,0
5,1,1,5,3.0,6,4,0
20,5,5,20,12.5,25,15,4
29,31,29,31,30.0,60,2,25
4,1,1,4,2.5,5,3,0
7,4,4,7,5.5,11,3,2
11,7,7,11,9.0,18,4,6
1,19,1,19,10.0,20,18,0
6,18,6,18,12.0,24,12,4
5,1,1,5,3.0,6,4,0
4,1,1,4,2.5,5,3,0
5,4,4,5,4.5,9,1,2
6,11,6,11,8.5,17,5,5
8,8,8,8,8.0,16,0,7
6,1,1,6,3.5,7,5,0
5,5,5,5,5.0,10,0,4
27,34,27,34,30.5,61,7,25
7,4,4,7,5.5,11,3,3
1,5,1,5,3.0,6,4,0
33,23,23,33,28.0,56,10,19
1,13,1,13,7.0,14,12,0
1,6,1,6,3.5,7,5,0
6,1,1,6,3.5,7,5,0
4,1,1,4,2.5,5,3,0
6,1,1,6,3.5,7,5,0
4,2,2,4,3.0,6,2,1
1,4,1,4,2.5,5,3,0
32,31,31,32,31.5,63,1,29
4,1,1,4,2.5,5,3,0
7,7,7,7,7.0,14,0,6
21,24,21,24,22.5,45,3,20
9,9,9,9,9.0,18,0,8
16,8,8,16,12.0,24,8,3
4,1,1,4,2.5,5,3,0
30,10,10,30,20.0,40,20,4
5,1,1,5,3.0,6,4,0
6,16,6,16,11.0,22,10,4
4,5,4,5,4.5,9,1,3
1,4,1,4,2.5,5,3,0
1,4,1,4,2.5,5,3,0
6,6,6,6,6.0,12,0,4
16,12,12,16,14.0,28,4,11
5,4,4,5,4.5,9,1,0
1,5,1,5,3.0,6,4,0
23,33,23,33,28.0,56,10,22
1,5,1,5,3.0,6,4,0
11,11,11,11,11.0,22,0,10
1,19,1,19,10.0,20,18,0
1,18,1,18,9.5,19,17,0
5,1,1,5,3.0,6,4,0
12,15,12,15,13.5,27,3,11
5,7,5,7,6.0,12,2,2
5,9,5,9,7.0,14,4,4
10,13,10,13,11.5,23,3,7
1,6,1,6,3.5,7,5,0
8,9,8,9,8.5,17,1,7
15,13,13,15,14.0,28,2,11
7,1,1,7,4.0,8,6,0
12,10,10,12,11.0,22,2,9
13,33,13,33,23.0,46,20,11
12,3,3,12,7.5,15,9,2
15,14,14,15,14.5,29,1,12
36,27,27,36,31.5,63,9,23
14,20,14,20,17.0,34,6,11
4,4,4,4,4.0,8,0,3
1,6,1,6,3.5,7,5,0
2,7,2,7,4.5,9,5,1
2,8,2,8,5.0,10,6,1
30,31,30,31,30.5,61,1,27
5,3,3,5,4.0,8,2,2
7,5,5,7,6.0,12,2,4
4,5,4,5,4.5,9,1,3
4,3,3,4,3.5,7,1,1
5,1,1,5,3.0,6,4,0
1,5,1,5,3.0,6,4,0
2,4,2,4,3.0,6,2,1
1,4,1,4,2.5,5,3,0
5,5,5,5,5.0,10,0,4
4,2,2,4,3.0,6,2,1
8,1,1,8,4.5,9,7,0
4,1,1,4,2.5,5,3,0
5,11,5,11,8.0,16,6,4
25,26,25,26,25.5,51,1,23
14,4,4,14,9.0,18,10,3
15,12,12,15,13.5,27,3,11
12,19,12,19,15.5,31,7,9
1,4,1,4,2.5,5,3,0
9,3,3,9,6.0,12,6,1
23,28,23,28,25.5,51,5,2
1,4,1,4,2.5,5,3,0
38,28,28,38,33.0,66,10,19
1,4,1,4,2.5,5,3,0
1,13,1,13,7.0,14,12,0
6,1,1,6,3.5,7,5,0
12,13,12,13,12.5,25,1,10
36,1,1,36,18.5,37,35,0
8,9,8,9,8.5,17,1,6
15,1,1,15,8.0,16,14,0
12,10,10,12,11.0,22,2,9
11,7,7,11,9.0,18,4,6
8,5,5,8,6.5,13,3,4
2,5,2,5,3.5,7,3,1
4,1,1,4,2.5,5,3,0
36,22,22,36,29.0,58,14,17
4,2,2,4,3.0,6,2,0
1,4,1,4,2.5,5,3,0
11,11,11,11,11.0,22,0,10
6,2,2,6,4.0,8,4,1
3,4,3,4,3.5,7,1,2
2,19,2,19,10.5,21,17,1
7,11,7,11,9.0,18,4,6
41,34,34,41,37.5,75,7,27
4,6,4,6,5.0,10,2,2
6,7,6,7,6.5,13,1,3
25,17,17,25,21.0,42,8,16
9,8,8,9,8.5,17,1,7
5,5,5,5,5.0,10,0,3
12,1,1,12,6.5,13,11,0
8,20,8,20,14.0,28,12,5
6,1,1,6,3.5,7,5,0
1,5,1,5,3.0,6,4,0
1,6,1,6,3.5,7,5,0
5,2,2,5,3.5,7,3,1
12,2,2,12,7.0,14,10,1
12,22,12,22,17.0,34,10,9
26,27,26,27,26.5,53,1,25
6,23,6,23,14.5,29,17,4
22,32,22,32,27.0,54,10,21
20,20,20,20,20.0,40,0,19
25,27,25,27,26.0,52,2,24
6,2,2,6,4.0,8,4,0
3,5,3,5,4.0,8,2,2
4,4,4,4,4.0,8,0,3
7,5,5,7,6.0,12,2,0
4,7,4,7,5.5,11,3,2
13,12,12,13,12.5,25,1,10
15,19,15,19,17.0,34,4,14
9,32,9,32,20.5,41,23,2
6,5,5,6,5.5,11,1,4
7,1,1,7,4.0,8,6,0
11,10,10,11,10.5,21,1,8
15,15,15,15,15.0,30,0,14
6,1,1,6,3.5,7,5,0
6,7,6,7,6.5,13,1,5
4,1,1,4,2.5,5,3,0
9,8,8,9,8.5,17,1,6
6,3,3,6,4.5,9,3,2
11,4,4,11,7.5,15,7,2
2,4,2,4,3.0,6,2,0
15,3,3,15,9.0,18,12,0
8,32,8,32,20.0,40,24,0
19,14,14,19,16.5,33,5,10
10,1,1,10,5.5,11,9,0
10,5,5,10,7.5,15,5,3
1,4,1,4,2.5,5,3,0
2,6,2,6,4.0,8,4,1
27,51,27,51,39.0,78,24,19
5,2,2,5,3.5,7,3,0
6,11,6,11,8.5,17,5,3
4,1,1,4,2.5,5,3,0
6,1,1,6,3.5,7,5,0
5,1,1,5,3.0,6,4,0
4,6,4,6,5.0,10,2,3
38,31,31,38,34.5,69,7,27
1,5,1,5,3.0,6,4,0
19,19,19,19,19.0,38,0,18
4,1,1,4,2.5,5,3,0
4,1,1,4,2.5,5,3,0
10,15,10,15,12.5,25,5,9
1,6,1,6,3.5,7,5,0
4,2,2,4,3.0,6,2,1
1,5,1,5,3.0,6,4,0
9,1,1,9,5.0,10,8,0
13,15,13,15,14.0,28,2,10
5,5,5,5,5.0,10,0,4
9,8,8,9,8.5,17,1,6
19,22,19,22,20.5,41,3,14
6,7,6,7,6.5,13,1,5
5,2,2,5,3.5,7,3,0
1,4,1,4,2.5,5,3,0
5,1,1,5,3.0,6,4,0
11,11,11,11,11.0,22,0,10
3,15,3,15,9.0,18,12,1
11,6,6,11,8.5,17,5,4
12,1,1,12,6.5,13,11,0
88,42,42,88,65.0,130,46,37
1,10,1,10,5.5,11,9,0
13,13,13,13,13.0,26,0,12
40,49,40,49,44.5,89,9,19
9,15,9,15,12.0,24,6,5
7,4,4,7,5.5,11,3,3
7,1,1,7,4.0,8,6,0
4,1,1,4,2.5,5,3,0
5,4,4,5,4.5,9,1,3
22,22,22,22,22.0,44,0,18
9,2,2,9,5.5,11,7,1
6,1,1,6,3.5,7,5,0
8,1,1,8,4.5,9,7,0
13,17,13,17,15.0,30,4,12
44,43,43,44,43.5,87,1,39
1,6,1,6,3.5,7,5,0
4,4,4,4,4.0,8,0,0
4,1,1,4,2.5,5,3,0
7,1,1,7,4.0,8,6,0
22,18,18,22,20.0,40,4,15
16,12,12,16,14.0,28,4,11
3,14,3,14,8.5,17,11,2
11,11,11,11,11.0,22,0,10
2,4,2,4,3.0,6,2,1
11,11,11,11,11.0,22,0,8
2,18,2,18,10.0,20,16,1
8,1,1,8,4.5,9,7,0
4,4,4,4,4.0,8,0,3
9,1,1,9,5.0,10,8,0
4,1,1,4,2.5,5,3,0
19,15,15,19,17.0,34,4,8
9,2,2,9,5.5,11,7,1
5,2,2,5,3.5,7,3,1
19,10,10,19,14.5,29,9,9
10,11,10,11,10.5,21,1,9
7,23,7,23,15.0,30,16,6
6,5,5,6,5.5,11,1,4
14,10,10,14,12.0,24,4,6
4,1,1,4,2.5,5,3,0
45,14,14,45,29.5,59,31,3
22,20,20,22,21.0,42,2,18
18,18,18,18,18.0,36,0,14
4,4,4,4,4.0,8,0,0
1,5,1,5,3.0,6,4,0
4,1,1,4,2.5,5,3,0
6,1,1,6,3.5,7,5,0
1,52,1,52,26.5,53,51,0
1,5,1,5,3.0,6,4,0
3,5,3,5,4.0,8,2,1
13,13,13,13,13.0,26,0,12
9,9,9,9,9.0,18,0,8
1,11,1,11,6.0,12,10,0
29,15,15,29,22.0,44,14,12
2,7,2,7,4.5,9,5,0
20,1,1,20,10.5,21,19,0
14,18,14,18,16.0,32,4,9
1,8,1,8,4.5,9,7,0
13,9,9,13,11.0,22,4,3
7,17,7,17,12.0,24,10,5
6,6,6,6,6.0,12,0,5
8,1,1,8,4.5,9,7,0
6,2,2,6,4.0,8,4,1
1,13,1,13,7.0,14,12,0
2,24,2,24,13.0,26,22,0
1,33,1,33,17.0,34,32,0
4,1,1,4,2.5,5,3,0
32,25,25,32,28.5,57,7,24
1,4,1,4,2.5,5,3,0
5,2,2,5,3.5,7,3,0
22,6,6,22,14.0,28,16,5
28,8,8,28,18.0,36,20,3
5,1,1,5,3.0,6,4,0
13,25,13,25,19.0,38,12,11
15,22,15,22,18.5,37,7,13
50,49,49,50,49.5,99,1,30
1,4,1,4,2.5,5,3,0
11,1,1,11,6.0,12,10,0
6,2,2,6,4.0,8,4,1
3,4,3,4,3.5,7,1,2
4,1,1,4,2.5,5,3,0
2,7,2,7,4.5,9,5,0
4,4,4,4,4.0,8,0,3
7,13,7,13,10.0,20,6,5
49,41,41,49,45.0,90,8,24
5,6,5,6,5.5,11,1,3
8,1,1,8,4.5,9,7,0
4,6,4,6,5.0,10,2,3
6,2,2,6,4.0,8,4,0
6,8,6,8,7.0,14,2,5
2,13,2,13,7.5,15,11,0
29,1,1,29,15.0,30,28,0
4,2,2,4,3.0,6,2,1
1,5,1,5,3.0,6,4,0
8,4,4,8,6.0,12,4,3
6,6,6,6,6.0,12,0,5
9,5,5,9,7.0,14,4,2
2,5,2,5,3.5,7,3,0
4,1,1,4,2.5,5,3,0
7,2,2,7,4.5,9,5,0
16,26,16,26,21.0,42,10,14
11,8,8,11,9.5,19,3,6
38,31,31,38,34.5,69,7,24
1,7,1,7,4.0,8,6,0
21,11,11,21,16.0,32,10,10
8,2,2,8,5.0,10,6,1
1,5,1,5,3.0,6,4,0
4,1,1,4,2.5,5,3,0
30,31,30,31,30.5,61,1,27
12,9,9,12,10.5,21,3,8
5,21,5,21,13.0,26,16,1
1,12,1,12,6.5,13,11,0
1,7,1,7,4.0,8,6,0
2,5,2,5,3.5,7,3,1
2,22,2,22,12.0,24,20,1
5,8,5,8,6.5,13,3,4
7,8,7,8,7.5,15,1,3
15,13,13,15,14.0,28,2,12
1,19,1,19,10.0,20,18,0
9,4,4,9,6.5,13,5,3
1,11,1,11,6.0,12,10,0
11,15,11,15,13.0,26,4,4
6,5,5,6,5.5,11,1,2
22,22,22,22,22.0,44,0,19
13,12,12,13,12.5,25,1,10
8,9,8,9,8.5,17,1,5
8,13,8,13,10.5,21,5,7
18,11,11,18,14.5,29,7,7
31,17,17,31,24.0,48,14,15
1,5,1,5,3.0,6,4,0
5,2,2,5,3.5,7,3,1
5,5,5,5,5.0,10,0,4
4,1,1,4,2.5,5,3,0
23,13,13,23,18.0,36,10,10
6,8,6,8,7.0,14,2,5
34,28,28,34,31.0,62,6,19
4,2,2,4,3.0,6,2,0
1,5,1,5,3.0,6,4,0
12,13,12,13,12.5,25,1,11
4,13,4,13,8.5,17,9,3
6,5,5,6,5.5,11,1,4
12,19,12,19,15.5,31,7,11
1,5,1,5,3.0,6,4,0
4,1,1,4,2.5,5,3,0
6,6,6,6,6.0,12,0,4
1,6,1,6,3.5,7,5,0
1,5,1,5,3.0,6,4,0
15,15,15,15,15.0,30,0,14
16,16,16,16,16.0,32,0,12
12,7,7,12,9.5,19,5,5
5,1,1,5,3.0,6,4,0
1,14,1,14,7.5,15,13,0
16,20,16,20,18.0,36,4,14
30,2,2,30,16.0,32,28,0
1,4,1,4,2.5,5,3,0
7,8,7,8,7.5,15,1,6
8,3,3,8,5.5,11,5,0
1,7,1,7,4.0,8,6,0
45,15,15,45,30.0,60,30,14
2,4,2,4,3.0,6,2,1
7,6,6,7,6.5,13,1,5
22,13,13,22,17.5,35,9,11
3,7,3,7,5.0,10,4,2
1,4,1,4,2.5,5,3,0
4,8,4,8,6.0,12,4,0
4,1,1,4,2.5,5,3,0
1,16,1,16,8.5,17,15,0
1,6,1,6,3.5,7,5,0
1,12,1,12,6.5,13,11,0
4,4,4,4,4.0,8,0,3
4,1,1,4,2.5,5,3,0
27,24,24,27,25.5,51,3,23
21,25,21,25,23.0,46,4,18
8,8,8,8,8.0,16,0,7
6,1,1,6,3.5,7,5,0
5,1,1,5,3.0,6,4,0
24,49,24,49,36.5,73,25,19
7,1,1,7,4.0,8,6,0
11,8,8,11,9.5,19,3,6
6,3,3,6,4.5,9,3,1
5,5,5,5,5.0,10,0,4
8,7,7,8,7.5,15,1,5
30,17,17,30,23.5,47,13,14
18,22,18,22,20.0,40,4,15
6,8,6,8,7.0,14,2,5
20,22,20,22,21.0,42,2,18
11,6,6,11,8.5,17,5,4
1,6,1,6,3.5,7,5,0
1,4,1,4,2.5,5,3,0
20,20,20,20,20.0,40,0,18
27,27,27,27,27.0,54,0,26
1,4,1,4,2.5,5,3,0
1,18,1,18,9.5,19,17,0
32,32,32,32,32.0,64,0,30
19,15,15,19,17.0,34,4,9
7,5,5,7,6.0,12,2,4
1,4,1,4,2.5,5,3,0
5,12,5,12,8.5,17,7,3
5,5,5,5,5.0,10,0,0
13,22,13,22,17.5,35,9,12
7,5,5,7,6.0,12,2,2
1,4,1,4,2.5,5,3,0
6,5,5,6,5.5,11,1,1
2,5,2,5,3.5,7,3,1
1,8,1,8,4.5,9,7,0
1,4,1,4,2.5,5,3,0
4,1,1,4,2.5,5,3,0
12,3,3,12,7.5,15,9,1
1,5,1,5,3.0,6,4,0
2,4,2,4,3.0,6,2,0
1,6,1,6,3.5,7,5,0
1,5,1,5,3.0,6,4,0
6,6,6,6,6.0,12,0,4
4,1,1,4,2.5,5,3,0
5,1,1,5,3.0,6,4,0
9,11,9,11,10.0,20,2,8
15,12,12,15,13.5,27,3,10
7,6,6,7,6.5,13,1,5
1,6,1,6,3.5,7,5,0
1,10,1,10,5.5,11,9,0
16,11,11,16,13.5,27,5,10
27,7,7,27,17.0,34,20,5
31,16,16,31,23.5,47,15,10
11,31,11,31,21.0,42,20,8
49,31,31,49,40.0,80,18,28
5,5,5,5,5.0,10,0,4
21,6,6,21,13.5,27,15,5
8,4,4,8,6.0,12,4,0
19,10,10,19,14.5,29,9,5
4,8,4,8,6.0,12,4,2
26,27,26,27,26.5,53,1,25
1,5,1,5,3.0,6,4,0
2,15,2,15,8.5,17,13,1
23,50,23,50,36.5,73,27,18
6,7,6,7,6.5,13,1,5
7,7,7,7,7.0,14,0,5
4,1,1,4,2.5,5,3,0
7,11,7,11,9.0,18,4,6
27,66,27,66,46.5,93,39,20
4,4,4,4,4.0,8,0,2
4,8,4,8,6.0,12,4,3
1,6,1,6,3.5,7,5,0
12,19,12,19,15.5,31,7,11
4,2,2,4,3.0,6,2,0
6,1,1,6,3.5,7,5,0
4,5,4,5,4.5,9,1,0
7,10,7,10,8.5,17,3,0
17,16,16,17,16.5,33,1,14
13,14,13,14,13.5,27,1,12
15,15,15,15,15.0,30,0,11
11,11,11,11,11.0,22,0,8
2,5,2,5,3.5,7,3,1
4,14,4,14,9.0,18,10,0
2,4,2,4,3.0,6,2,1
6,5,5,6,5.5,11,1,4
1,5,1,5,3.0,6,4,0
1,5,1,5,3.0,6,4,0
1,17,1,17,9.0,18,16,0
5,61,5,61,33.0,66,56,0
16,15,15,16,15.5,31,1,13
6,1,1,6,3.5,7,5,0
6,3,3,6,4.5,9,3,2
2,146,2,146,74.0,148,144,0
6,6,6,6,6.0,12,0,5
5,11,5,11,8.0,16,6,4
38,53,38,53,45.5,91,15,21
2,7,2,7,4.5,9,5,0
14,1,1,14,7.5,15,13,0
5,1,1,5,3.0,6,4,0
4,5,4,5,4.5,9,1,3
11,11,11,11,11.0,22,0,9
13,13,13,13,13.0,26,0,12
11,12,11,12,11.5,23,1,9
1,4,1,4,2.5,5,3,0
4,1,1,4,2.5,5,3,0
2,5,2,5,3.5,7,3,1
20,15,15,20,17.5,35,5,13
12,11,11,12,11.5,23,1,10
4,26,4,26,15.0,30,22,0
1,5,1,5,3.0,6,4,0
4,6,4,6,5.0,10,2,3
4,4,4,4,4.0,8,0,3
16,12,12,16,14.0,28,4,9
5,1,1,5,3.0,6,4,0
2,4,2,4,3.0,6,2,0
1,4,1,4,2.5,5,3,0
25,24,24,25,24.5,49,1,17
5,8,5,8,6.5,13,3,3
4,5,4,5,4.5,9,1,3
6,1,1,6,3.5,7,5,0
1,20,1,20,10.5,21,19,0
1,6,1,6,3.5,7,5,0
4,1,1,4,2.5,5,3,0
5,6,5,6,5.5,11,1,0
26,27,26,27,26.5,53,1,25
56,2,2,56,29.0,58,54,1
1,5,1,5,3.0,6,4,0
4,4,4,4,4.0,8,0,2
7,6,6,7,6.5,13,1,5
8,5,5,8,6.5,13,3,4
13,17,13,17,15.0,30,4,12
3,7,3,7,5.0,10,4,1
13,5,5,13,9.0,18,8,0
5,2,2,5,3.5,7,3,1
8,7,7,8,7.5,15,1,6
9,4,4,9,6.5,13,5,3
4,1,1,4,2.5,5,3,0
1,6,1,6,3.5,7,5,0
12,11,11,12,11.5,23,1,10
7,7,7,7,7.0,14,0,6
13,4,4,13,8.5,17,9,3
1,5,1,5,3.0,6,4,0
11,11,11,11,11.0,22,0,9
4,14,4,14,9.0,18,10,3
1,4,1,4,2.5,5,3,0
5,5,5,5,5.0,10,0,3
27,37,27,37,32.0,64,10,24
23,39,23,39,31.0,62,16,13
1,6,1,6,3.5,7,5,0
7,1,1,7,4.0,8,6,0
6,6,6,6,6.0,12,0,5
12,14,12,14,13.0,26,2,8
10,7,7,10,8.5,17,3,6
31,32,31,32,31.5,63,1,29
22,23,22,23,22.5,45,1,20
42,35,35,42,38.5,77,7,21
4,6,4,6,5.0,10,2,3
6,7,6,7,6.5,13,1,5
13,12,12,13,12.5,25,1,8
5,5,5,5,5.0,10,0,4
17,13,13,17,15.0,30,4,10
2,4,2,4,3.0,6,2,1
8,13,8,13,10.5,21,5,7
4,1,1,4,2.5,5,3,0
20,20,20,20,20.0,40,0,18
16,13,13,16,14.5,29,3,10
2,4,2,4,3.0,6,2,1
40,34,34,40,37.0,74,6,33
1,29,1,29,15.0,30,28,0
8,1,1,8,4.5,9,7,0
7,15,7,15,11.0,22,8,0
1,5,1,5,3.0,6,4,0
1,6,1,6,3.5,7,5,0
1,4,1,4,2.5,5,3,0
6,9,6,9,7.5,15,3,1
43,5,5,43,24.0,48,38,4
6,1,1,6,3.5,7,5,0
18,17,17,18,17.5,35,1,16
41,40,40,41,40.5,81,1,31
10,9,9,10,9.5,19,1,8
6,13,6,13,9.5,19,7,4
1,5,1,5,3.0,6,4,0
1,5,1,5,3.0,6,4,0
1,8,1,8,4.5,9,7,0
17,11,11,17,14.0,28,6,10
1,4,1,4,2.5,5,3,0
4,18,4,18,11.0,22,14,1
3,4,3,4,3.5,7,1,2
1,7,1,7,4.0,8,6,0
17,14,14,17,15.5,31,3,9
4,2,2,4,3.0,6,2,1
16,3,3,16,9.5,19,13,2
6,8,6,8,7.0,14,2,4
15,46,15,46,30.5,61,31,1
7,4,4,7,5.5,11,3,3
11,1,1,11,6.0,12,10,0
22,23,22,23,22.5,45,1,20
2,25,2,25,13.5,27,23,0
8,5,5,8,6.5,13,3,1
1,5,1,5,3.0,6,4,0
4,6,4,6,5.0,10,2,3
2,4,2,4,3.0,6,2,1
1,4,1,4,2.5,5,3,0
6,1,1,6,3.5,7,5,0
1,4,1,4,2.5,5,3,0
8,2,2,8,5.0,10,6,1
11,13,11,13,12.0,24,2,9
25,16,16,25,20.5,41,9,13
8,8,8,8,8.0,16,0,4
8,5,5,8,6.5,13,3,4
4,5,4,5,4.5,9,1,1
6,5,5,6,5.5,11,1,2
10,1,1,10,5.5,11,9,0
16,19,16,19,17.5,35,3,15
36,36,36,36,36.0,72,0,32
4,1,1,4,2.5,5,3,0
6,9,6,9,7.5,15,3,1
7,4,4,7,5.5,11,3,3
16,16,16,16,16.0,32,0,14
4,1,1,4,2.5,5,3,0
29,20,20,29,24.5,49,9,14
7,7,7,7,7.0,14,0,5
6,9,6,9,7.5,15,3,5
4,26,4,26,15.0,30,22,0
21,21,21,21,21.0,42,0,18
3,4,3,4,3.5,7,1,2
8,1,1,8,4.5,9,7,0
6,9,6,9,7.5,15,3,5
2,7,2,7,4.5,9,5,0
4,1,1,4,2.5,5,3,0
6,7,6,7,6.5,13,1,5
4,1,1,4,2.5,5,3,0
6,8,6,8,7.0,14,2,1
1,7,1,7,4.0,8,6,0
13,11,11,13,12.0,24,2,9
34,15,15,34,24.5,49,19,12
5,2,2,5,3.5,7,3,0
7,1,1,7,4.0,8,6,0
1,4,1,4,2.5,5,3,0
7,2,2,7,4.5,9,5,1
4,1,1,4,2.5,5,3,0
4,6,4,6,5.0,10,2,3
14,10,10,14,12.0,24,4,8
1,4,1,4,2.5,5,3,0
7,8,7,8,7.5,15,1,6
9,1,1,9,5.0,10,8,0
3,4,3,4,3.5,7,1,2
47,25,25,47,36.0,72,22,21
6,2,2,6,4.0,8,4,1
6,10,6,10,8.0,16,4,2
33,40,33,40,36.5,73,7,31
26,27,26,27,26.5,53,1,25
6,1,1,6,3.5,7,5,0
3,7,3,7,5.0,10,4,2
6,5,5,6,5.5,11,1,4
5,9,5,9,7.0,14,4,4
8,8,8,8,8.0,16,0,6
6,5,5,6,5.5,11,1,4
17,9,9,17,13.0,26,8,4
1,5,1,5,3.0,6,4,0
7,4,4,7,5.5,11,3,3
14,12,12,14,13.0,26,2,11
7,7,7,7,7.0,14,0,6
5,5,5,5,5.0,10,0,4
4,4,4,4,4.0,8,0,3
6,1,1,6,3.5,7,5,0
10,1,1,10,5.5,11,9,0
7,9,7,9,8.0,16,2,6
6,29,6,29,17.5,35,23,1
15,9,9,15,12.0,24,6,7
11,4,4,11,7.5,15,7,0
18,16,16,18,17.0,34,2,12
1,4,1,4,2.5,5,3,0
1,5,1,5,3.0,6,4,0
35,32,32,35,33.5,67,3,31
4,4,4,4,4.0,8,0,0
7,4,4,7,5.5,11,3,0
4,2,2,4,3.0,6,2,1
7,8,7,8,7.5,15,1,6
9,4,4,9,6.5,13,5,3
25,20,20,25,22.5,45,5,18
5,5,5,5,5.0,10,0,4
2,4,2,4,3.0,6,2,1
7,7,7,7,7.0,14,0,6
1,4,1,4,2.5,5,3,0
34,29,29,34,31.5,63,5,25
2,4,2,4,3.0,6,2,1
15,14,14,15,14.5,29,1,11
1,4,1,4,2.5,5,3,0
9,9,9,9,9.0,18,0,8
17,24,17,24,20.5,41,7,12
4,1,1,4,2.5,5,3,0
5,1,1,5,3.0,6,4,0
4,1,1,4,2.5,5,3,0
11,19,11,19,15.0,30,8,9
1,4,1,4,2.5,5,3,0
49,28,28,49,38.5,77,21,27
1,22,1,22,11.5,23,21,0
9,14,9,14,11.5,23,5,7
3,4,3,4,3.5,7,1,2
21,15,15,21,18.0,36,6,8
4,1,1,4,2.5,5,3,0
8,22,8,22,15.0,30,14,5
6,6,6,6,6.0,12,0,3
15,17,15,17,16.0,32,2,14
4,2,2,4,3.0,6,2,1
24,39,24,39,31.5,63,15,22
7,5,5,7,6.0,12,2,1
13,12,12,13,12.5,25,1,11
5,1,1,5,3.0,6,4,0
4,23,4,23,13.5,27,19,3
34,38,34,38,36.0,72,4,8
4,2,2,4,3.0,6,2,1
1,7,1,7,4.0,8,6,0
13,11,11,13,12.0,24,2,10
15,1,1,15,8.0,16,14,0
1,4,1,4,2.5,5,3,0
13,13,13,13,13.0,26,0,12
38,20,20,38,29.0,58,18,16
14,24,14,24,19.0,38,10,12
5,5,5,5,5.0,10,0,4
5,1,1,5,3.0,6,4,0
9,1,1,9,5.0,10,8,0
12,47,12,47,29.5,59,35,9
1,4,1,4,2.5,5,3,0
1,6,1,6,3.5,7,5,0
5,1,1,5,3.0,6,4,0
10,18,10,18,14.0,28,8,3
15,12,12,15,13.5,27,3,10
4,4,4,4,4.0,8,0,1
1,9,1,9,5.0,10,8,0
5,1,1,5,3.0,6,4,0
18,28,18,28,23.0,46,10,16
5,1,1,5,3.0,6,4,0
4,1,1,4,2.5,5,3,0
10,17,10,17,13.5,27,7,8
10,1,1,10,5.5,11,9,0
4,1,1,4,2.5,5,3,0
1,4,1,4,2.5,5,3,0
4,1,1,4,2.5,5,3,0
4,4,4,4,4.0,8,0,2
9,11,9,11,10.0,20,2,8
8,8,8,8,8.0,16,0,5
31,38,31,38,34.5,69,7,29
2,6,2,6,4.0,8,4,0
10,13,10,13,11.5,23,3,5
29,21,21,29,25.0,50,8,15
4,2,2,4,3.0,6,2,1
31,35,31,35,33.0,66,4,16
10,2,2,10,6.0,12,8,0
11,9,9,11,10.0,20,2,7
5,1,1,5,3.0,6,4,0
49,30,30,49,39.5,79,19,24
18,12,12,18,15.0,30,6,9
4,4,4,4,4.0,8,0,1
2,9,2,9,5.5,11,7,1
5,5,5,5,5.0,10,0,3
1,5,1,5,3.0,6,4,0
1,4,1,4,2.5,5,3,0
11,10,10,11,10.5,21,1,9
4,1,1,4,2.5,5,3,0
7,9,7,9,8.0,16,2,5
7,5,5,7,6.0,12,2,2
4,5,4,5,4.5,9,1,2
9,1,1,9,5.0,10,8,0
6,7,6,7,6.5,13,1,3
4,2,2,4,3.0,6,2,1
7,9,7,9,8.0,16,2,3
1,5,1,5,3.0,6,4,0
1,6,1,6,3.5,7,5,0
5,25,5,25,15.0,30,20,3
5,5,5,5,5.0,10,0,4
20,25,20,25,22.5,45,5,17
18,19,18,19,18.5,37,1,15
6,5,5,6,5.5,11,1,4
11,6,6,11,8.5,17,5,5
10,11,10,11,10.5,21,1,9
38,40,38,40,39.0,78,2,30
6,9,6,9,7.5,15,3,1
6,1,1,6,3.5,7,5,0
27,1,1,27,14.0,28,26,0
26,26,26,26,26.0,52,0,25
16,21,16,21,18.5,37,5,14
10,1,1,10,5.5,11,9,0
4,1,1,4,2.5,5,3,0
4,1,1,4,2.5,5,3,0
17,10,10,17,13.5,27,7,9
11,1,1,11,6.0,12,10,0
1,9,1,9,5.0,10,8,0
6,8,6,8,7.0,14,2,5
11,10,10,11,10.5,21,1,8
8,5,5,8,6.5,13,3,1
8,11,8,11,9.5,19,3,7
22,20,20,22,21.0,42,2,19
40,53,40,53,46.5,93,13,37
1,18,1,18,9.5,19,17,0
14,20,14,20,17.0,34,6,11
10,49,10,49,29.5,59,39,9
13,12,12,13,12.5,25,1,7
4,1,1,4,2.5,5,3,0
9,14,9,14,11.5,23,5,7
5,1,1,5,3.0,6,4,0
18,17,17,18,17.5,35,1,15
1,4,1,4,2.5,5,3,0
4,1,1,4,2.5,5,3,0
1,5,1,5,3.0,6,4,0
6,4,4,6,5.0,10,2,3
4,5,4,5,4.5,9,1,3
4,1,1,4,2.5,5,3,0
19,27,19,27,23.0,46,8,17
1,6,1,6,3.5,7,5,0
10,11,10,11,10.5,21,1,8
20,18,18,20,19.0,38,2,14
2,4,2,4,3.0,6,2,1
20,18,18,20,19.0,38,2,16
5,5,5,5,5.0,10,0,4
39,48,39,48,43.5,87,9,35
11,1,1,11,6.0,12,10,0
5,8,5,8,6.5,13,3,2
28,38,28,38,33.0,66,10,27
1,12,1,12,6.5,13,11,0
1,6,1,6,3.5,7,5,0
16,20,16,20,18.0,36,4,15
5,6,5,6,5.5,11,1,4
4,5,4,5,4.5,9,1,0
1,11,1,11,6.0,12,10,0
11,9,9,11,10.0,20,2,5
4,9,4,9,6.5,13,5,1
4,1,1,4,2.5,5,3,0
14,10,10,14,12.0,24,4,8
12,1,1,12,6.5,13,11,0
14,20,14,20,17.0,34,6,6
5,4,4,5,4.5,9,1,3
13,7,7,13,10.0,20,6,6
5,5,5,5,5.0,10,0,4
1,4,1,4,2.5,5,3,0
9,5,5,9,7.0,14,4,0
1,4,1,4,2.5,5,3,0
8,17,8,17,12.5,25,9,7
4,1,1,4,2.5,5,3,0
5,3,3,5,4.0,8,2,1
1,16,1,16,8.5,17,15,0
7,11,7,11,9.0,18,4,6
1,5,1,5,3.0,6,4,0
146,27,27,146,86.5,173,119,25
3,8,3,8,5.5,11,5,2
11,10,10,11,10.5,21,1,3
1,14,1,14,7.5,15,13,0
7,3,3,7,5.0,10,4,2
11,3,3,11,7.0,14,8,0
1,4,1,4,2.5,5,3,0
36,33,33,36,34.5,69,3,27
18,11,11,18,14.5,29,7,8
34,29,29,34,31.5,63,5,23
1,4,1,4,2.5,5,3,0
11,1,1,11,6.0,12,10,0
14,6,6,14,10.0,20,8,0
4,2,2,4,3.0,6,2,0
1,6,1,6,3.5,7,5,0
9,13,9,13,11.0,22,4,7
8,4,4,8,6.0,12,4,2
5,6,5,6,5.5,11,1,0
1,21,1,21,11.0,22,20,0
9,8,8,9,8.5,17,1,3
4,7,4,7,5.5,11,3,3
1,5,1,5,3.0,6,4,0
23,13,13,23,18.0,36,10,12
4,4,4,4,4.0,8,0,3
26,26,26,26,26.0,52,0,25
6,1,1,6,3.5,7,5,0
10,7,7,10,8.5,17,3,3
4,7,4,7,5.5,11,3,3
4,1,1,4,2.5,5,3,0
3,5,3,5,4.0,8,2,2
1,5,1,5,3.0,6,4,0
17,16,16,17,16.5,33,1,14
1,4,1,4,2.5,5,3,0
8,9,8,9,8.5,17,1,7
1,4,1,4,2.5,5,3,0
15,12,12,15,13.5,27,3,10
5,1,1,5,3.0,6,4,0
49,42,42,49,45.5,91,7,25
10,4,4,10,7.0,14,6,2
5,4,4,5,4.5,9,1,1
1,4,1,4,2.5,5,3,0
6,8,6,8,7.0,14,2,5
26,13,13,26,19.5,39,13,9
5,2,2,5,3.5,7,3,1
1,4,1,4,2.5,5,3,0
1,17,1,17,9.0,18,16,0
10,9,9,10,9.5,19,1,8
3,4,3,4,3.5,7,1,2
9,12,9,12,10.5,21,3,8
18,18,18,18,18.0,36,0,16
18,13,13,18,15.5,31,5,12
3,4,3,4,3.5,7,1,2
29,29,29,29,29.0,58,0,27
4,5,4,5,4.5,9,1,3
3,15,3,15,9.0,18,12,2
2,4,2,4,3.0,6,2,0
1,4,1,4,2.5,5,3,0
47,46,46,47,46.5,93,1,33
22,21,21,22,21.5,43,1,17
45,29,29,45,37.0,74,16,28
14,20,14,20,17.0,34,6,9
9,9,9,9,9.0,18,0,6
5,1,1,5,3.0,6,4,0
15,13,13,15,14.0,28,2,12
3,4,3,4,3.5,7,1,0
4,4,4,4,4.0,8,0,3
33,33,33,33,33.0,66,0,31
7,8,7,8,7.5,15,1,6
1,7,1,7,4.0,8,6,0
1,4,1,4,2.5,5,3,0
1,15,1,15,8.0,16,14,0
1,7,1,7,4.0,8,6,0
14,7,7,14,10.5,21,7,5
9,10,9,10,9.5,19,1,7
4,1,1,4,2.5,5,3,0
4,9,4,9,6.5,13,5,0
2,5,2,5,3.5,7,3,1
1,10,1,10,5.5,11,9,0
9,14,9,14,11.5,23,5,8
5,10,5,10,7.5,15,5,2
23,26,23,26,24.5,49,3,17
5,2,2,5,3.5,7,3,1
5,1,1,5,3.0,6,4,0
5,11,5,11,8.0,16,6,4
2,4,2,4,3.0,6,2,1
1,5,1,5,3.0,6,4,0
24,24,24,24,24.0,48,0,21
21,20,20,21,20.5,41,1,19
4,5,4,5,4.5,9,1,3
1,7,1,7,4.0,8,6,0
1,4,1,4,2.5,5,3,0
5,4,4,5,4.5,9,1,3
1,8,1,8,4.5,9,7,0
4,1,1,4,2.5,5,3,0
18,17,17,18,17.5,35,1,9
15,13,13,15,14.0,28,2,12
25,7,7,25,16.0,32,18,5
11,11,11,11,11.0,22,0,10
17,24,17,24,20.5,41,7,13
12,12,12,12,12.0,24,0,5
5,3,3,5,4.0,8,2,2
2,5,2,5,3.5,7,3,0
8,13,8,13,10.5,21,5,7
5,33,5,33,19.0,38,28,2
16,12,12,16,14.0,28,4,11
3,34,3,34,18.5,37,31,2
4,1,1,4,2.5,5,3,0
2,9,2,9,5.5,11,7,0
17,11,11,17,14.0,28,6,9
22,1,1,22,11.5,23,21,0
2,14,2,14,8.0,16,12,0
15,13,13,15,14.0,28,2,10
2,6,2,6,4.0,8,4,1
8,8,8,8,8.0,16,0,7
24,16,16,24,20.0,40,8,10
13,7,7,13,10.0,20,6,6
13,13,13,13,13.0,26,0,4
28,7,7,28,17.5,35,21,1
1,7,1,7,4.0,8,6,0
5,1,1,5,3.0,6,4,0
7,14,7,14,10.5,21,7,5
7,1,1,7,4.0,8,6,0
4,10,4,10,7.0,14,6,3
20,13,13,20,16.5,33,7,12
4,4,4,4,4.0,8,0,3
3,6,3,6,4.5,9,3,0
2,16,2,16,9.0,18,14,0
8,11,8,11,9.5,19,3,6
5,4,4,5,4.5,9,1,3
2,8,2,8,5.0,10,6,1
9,5,5,9,7.0,14,4,4
24,23,23,24,23.5,47,1,22
1,4,1,4,2.5,5,3,0
1,5,1,5,3.0,6,4,0
1,66,1,66,33.5,67,65,0
9,10,9,10,9.5,19,1,7
8,11,8,11,9.5,19,3,4
16,10,10,16,13.0,26,6,7
17,23,17,23,20.0,40,6,10
4,1,1,4,2.5,5,3,0
21,25,21,25,23.0,46,4,14
4,6,4,6,5.0,10,2,3
34,25,25,34,29.5,59,9,19
7,1,1,7,4.0,8,6,0
12,9,9,12,10.5,21,3,7
11,1,1,11,6.0,12,10,0
33,17,17,33,25.0,50,16,11
3,9,3,9,6.0,12,6,0
5,11,5,11,8.0,16,6,3
1,21,1,21,11.0,22,20,0
36,34,34,36,35.0,70,2,30
13,20,13,20,16.5,33,7,8
4,35,4,35,19.5,39,31,3
4,1,1,4,2.5,5,3,0
1,4,1,4,2.5,5,3,0
13,17,13,17,15.0,30,4,0
4,3,3,4,3.5,7,1,1
1,7,1,7,4.0,8,6,0
7,10,7,10,8.5,17,3,6
1,4,1,4,2.5,5,3,0
8,17,8,17,12.5,25,9,7
6,2,2,6,4.0,8,4,1
5,1,1,5,3.0,6,4,0
36,27,27,36,31.5,63,9,25
44,19,19,44,31.5,63,25,17
40,23,23,40,31.5,63,17,21
6,2,2,6,4.0,8,4,1
45,44,44,45,44.5,89,1,32
9,8,8,9,8.5,17,1,7
37,39,37,39,38.0,76,2,20
4,1,1,4,2.5,5,3,0
6,6,6,6,6.0,12,0,5
16,14,14,16,15.0,30,2,13
1,4,1,4,2.5,5,3,0
15,20,15,20,17.5,35,5,14
4,21,4,21,12.5,25,17,0
5,4,4,5,4.5,9,1,1
10,13,10,13,11.5,23,3,9
13,12,12,13,12.5,25,1,10
5,1,1,5,3.0,6,4,0
15,9,9,15,12.0,24,6,6
7,12,7,12,9.5,19,5,5
6,7,6,7,6.5,13,1,5
50,41,41,50,45.5,91,9,24
1,17,1,17,9.0,18,16,0
18,23,18,23,20.5,41,5,16
10,5,5,10,7.5,15,5,2
4,1,1,4,2.5,5,3,0
20,20,20,20,20.0,40,0,18
4,7,4,7,5.5,11,3,3
7,8,7,8,7.5,15,1,6
12,18,12,18,15.0,30,6,8
5,4,4,5,4.5,9,1,3
21,15,15,21,18.0,36,6,12
17,33,17,33,25.0,50,16,13
6,3,3,6,4.5,9,3,2
1,6,1,6,3.5,7,5,0
1,8,1,8,4.5,9,7,0
5,1,1,5,3.0,6,4,0
15,14,14,15,14.5,29,1,13
6,1,1,6,3.5,7,5,0
4,13,4,13,8.5,17,9,2
14,14,14,14,14.0,28,0,11
12,1,1,12,6.5,13,11,0
3,5,3,5,4.0,8,2,2
5,5,5,5,5.0,10,0,4
6,6,6,6,6.0,12,0,5
1,10,1,10,5.5,11,9,0
4,1,1,4,2.5,5,3,0
13,16,13,16,14.5,29,3,12
4,1,1,4,2.5,5,3,0
40,39,39,40,39.5,79,1,35
20,17,17,20,18.5,37,3,15
10,12,10,12,11.0,22,2,6
10,9,9,10,9.5,19,1,7
17,16,16,17,16.5,33,1,13
13,66,13,66,39.5,79,53,10
2,5,2,5,3.5,7,3,1
48,28,28,48,38.0,76,20,24
4,1,1,4,2.5,5,3,0
7,12,7,12,9.5,19,5,3
1,4,1,4,2.5,5,3,0
14,16,14,16,15.0,30,2,13
6,7,6,7,6.5,13,1,5
7,1,1,7,4.0,8,6,0
5,8,5,8,6.5,13,3,4
6,1,1,6,3.5,7,5,0
4,1,1,4,2.5,5,3,0
6,1,1,6,3.5,7,5,0
55,11,11,55,33.0,66,44,7
4,1,1,4,2.5,5,3,0
31,32,31,32,31.5,63,1,24
25,20,20,25,22.5,45,5,19
4,5,4,5,4.5,9,1,3
2,7,2,7,4.5,9,5,1
12,15,12,15,13.5,27,3,11
8,1,1,8,4.5,9,7,0
8,1,1,8,4.5,9,7,0
2,16,2,16,9.0,18,14,1
13,13,13,13,13.0,26,0,12
1,6,1,6,3.5,7,5,0
12,11,11,12,11.5,23,1,10
5,6,5,6,5.5,11,1,4
9,7,7,9,8.0,16,2,6
3,5,3,5,4.0,8,2,1
5,4,4,5,4.5,9,1,2
1,8,1,8,4.5,9,7,0
6,7,6,7,6.5,13,1,3
1,8,1,8,4.5,9,7,0
2,9,2,9,5.5,11,7,1
5,1,1,5,3.0,6,4,0
24,23,23,24,23.5,47,1,20
1,4,1,4,2.5,5,3,0
5,1,1,5,3.0,6,4,0
6,6,6,6,6.0,12,0,5
8,1,1,8,4.5,9,7,0
1,5,1,5,3.0,6,4,0
15,3,3,15,9.0,18,12,2
13,11,11,13,12.0,24,2,1
4,1,1,4,2.5,5,3,0
39,28,28,39,33.5,67,11,21
42,49,42,49,45.5,91,7,25
2,4,2,4,3.0,6,2,1
4,1,1,4,2.5,5,3,0
2,6,2,6,4.0,8,4,1
12,19,12,19,15.5,31,7,11
1,4,1,4,2.5,5,3,0
4,5,4,5,4.5,9,1,3
4,1,1,4,2.5,5,3,0
6,6,6,6,6.0,12,0,5
6,7,6,7,6.5,13,1,5
9,1,1,9,5.0,10,8,0
4,1,1,4,2.5,5,3,0
5,1,1,5,3.0,6,4,0
6,40,6,40,23.0,46,34,0
20,18,18,20,19.0,38,2,16
1,7,1,7,4.0,8,6,0
11,8,8,11,9.5,19,3,3
5,2,2,5,3.5,7,3,1
2,17,2,17,9.5,19,15,0
13,9,9,13,11.0,22,4,8
14,1,1,14,7.5,15,13,0
5,5,5,5,5.0,10,0,4
2,9,2,9,5.5,11,7,1
5,4,4,5,4.5,9,1,0
1,12,1,12,6.5,13,11,0
36,24,24,36,30.0,60,12,17
37,16,16,37,26.5,53,21,11
1,9,1,9,5.0,10,8,0
2,6,2,6,4.0,8,4,1
5,1,1,5,3.0,6,4,0
28,19,19,28,23.5,47,9,14
23,12,12,23,17.5,35,11,10
10,7,7,10,8.5,17,3,6
1,21,1,21,11.0,22,20,0
6,5,5,6,5.5,11,1,3
18,19,18,19,18.5,37,1,17
4,1,1,4,2.5,5,3,0
5,5,5,5,5.0,10,0,4
18,16,16,18,17.0,34,2,11
18,20,18,20,19.0,38,2,15
5,5,5,5,5.0,10,0,3
1,5,1,5,3.0,6,4,0
5,1,1,5,3.0,6,4,0
1,5,1,5,3.0,6,4,0
13,8,8,13,10.5,21,5,6
1,6,1,6,3.5,7,5,0
1,4,1,4,2.5,5,3,0
13,1,1,13,7.0,14,12,0
20,11,11,20,15.5,31,9,9
6,4,4,6,5.0,10,2,3
4,4,4,4,4.0,8,0,3
25,31,25,31,28.0,56,6,19
1,4,1,4,2.5,5,3,0
4,4,4,4,4.0,8,0,2
5,10,5,10,7.5,15,5,4
9,15,9,15,12.0,24,6,8
23,18,18,23,20.5,41,5,14
25,40,25,40,32.5,65,15,19
13,25,13,25,19.0,38,12,9
1,7,1,7,4.0,8,6,0
21,15,15,21,18.0,36,6,7
11,10,10,11,10.5,21,1,9
8,11,8,11,9.5,19,3,6
31,33,31,33,32.0,64,2,21
20,20,20,20,20.0,40,0,18
5,5,5,5,5.0,10,0,4
5,8,5,8,6.5,13,3,3
9,14,9,14,11.5,23,5,6
8,6,6,8,7.0,14,2,3
10,13,10,13,11.5,23,3,9
1,5,1,5,3.0,6,4,0
14,36,14,36,25.0,50,22,11
4,1,1,4,2.5,5,3,0
5,5,5,5,5.0,10,0,4
6,1,1,6,3.5,7,5,0
1,24,1,24,12.5,25,23,0
11,7,7,11,9.0,18,4,4
5,2,2,5,3.5,7,3,1
3,4,3,4,3.5,7,1,2
12,6,6,12,9.0,18,6,3
10,7,7,10,8.5,17,3,0
1,4,1,4,2.5,5,3,0
31,31,31,31,31.0,62,0,30
10,8,8,10,9.0,18,2,5
6,7,6,7,6.5,13,1,5
38,38,38,38,38.0,76,0,31
10,12,10,12,11.0,22,2,9
1,5,1,5,3.0,6,4,0
4,1,1,4,2.5,5,3,0
6,6,6,6,6.0,12,0,4
4,4,4,4,4.0,8,0,3
6,5,5,6,5.5,11,1,4
1,27,1,27,14.0,28,26,0
11,9,9,11,10.0,20,2,8
42,44,42,44,43.0,86,2,40
2,4,2,4,3.0,6,2,0
9,17,9,17,13.0,26,8,8
38,47,38,47,42.5,85,9,37
13,11,11,13,12.0,24,2,4
4,1,1,4,2.5,5,3,0
10,12,10,12,11.0,22,2,9
7,6,6,7,6.5,13,1,5
5,1,1,5,3.0,6,4,0
1,20,1,20,10.5,21,19,0
2,6,2,6,4.0,8,4,0
29,39,29,39,34.0,68,10,19
9,6,6,9,7.5,15,3,3
5,1,1,5,3.0,6,4,0
17,20,17,20,18.5,37,3,14
4,1,1,4,2.5,5,3,0
30,31,30,31,30.5,61,1,23
6,4,4,6,5.0,10,2,0
12,11,11,12,11.5,23,1,10
16,22,16,22,19.0,38,6,14
6,6,6,6,6.0,12,0,4
26,26,26,26,26.0,52,0,25
7,7,7,7,7.0,14,0,6
1,4,1,4,2.5,5,3,0
7,9,7,9,8.0,16,2,4
8,4,4,8,6.0,12,4,3
4,1,1,4,2.5,5,3,0
10,1,1,10,5.5,11,9,0
5,5,5,5,5.0,10,0,3
19,18,18,19,18.5,37,1,15
1,8,1,8,4.5,9,7,0
4,1,1,4,2.5,5,3,0
11,2,2,11,6.5,13,9,1
5,1,1,5,3.0,6,4,0
18,21,18,21,19.5,39,3,16
10,10,10,10,10.0,20,0,9
29,29,29,29,29.0,58,0,27
4,4,4,4,4.0,8,0,3
9,8,8,9,8.5,17,1,4
2,6,2,6,4.0,8,4,0
4,4,4,4,4.0,8,0,3
16,8,8,16,12.0,24,8,6
4,3,3,4,3.5,7,1,1
6,6,6,6,6.0,12,0,3
5,4,4,5,4.5,9,1,3
22,25,22,25,23.5,47,3,18
11,6,6,11,8.5,17,5,3
8,8,8,8,8.0,16,0,7
37,5,5,37,21.0,42,32,2
1,5,1,5,3.0,6,4,0
1,5,1,5,3.0,6,4,0
7,1,1,7,4.0,8,6,0
7,5,5,7,6.0,12,2,3
13,17,13,17,15.0,30,4,8
18,6,6,18,12.0,24,12,5
2,4,2,4,3.0,6,2,1
1,5,1,5,3.0,6,4,0
1,4,1,4,2.5,5,3,0
40,23,23,40,31.5,63,17,20
2,6,2,6,4.0,8,4,1
3,5,3,5,4.0,8,2,2
1,9,1,9,5.0,10,8,0
4,1,1,4,2.5,5,3,0
5,1,1,5,3.0,6,4,0
8,16,8,16,12.0,24,8,7
1,9,1,9,5.0,10,8,0
41,48,41,48,44.5,89,7,34
1,7,1,7,4.0,8,6,0
11,12,11,12,11.5,23,1,9
6,1,1,6,3.5,7,5,0
5,5,5,5,5.0,10,0,4
9,3,3,9,6.0,12,6,0
21,25,21,25,23.0,46,4,14
7,2,2,7,4.5,9,5,0
30,32,30,32,31.0,62,2,28
11,10,10,11,10.5,21,1,8
1,6,1,6,3.5,7,5,0
15,21,15,21,18.0,36,6,12
13,10,10,13,11.5,23,3,8
4,1,1,4,2.5,5,3,0
29,25,25,29,27.0,54,4,19
10,12,10,12,11.0,22,2,9
3,6,3,6,4.5,9,3,2
7,6,6,7,6.5,13,1,3
2,30,2,30,16.0,32,28,1
1,4,1,4,2.5,5,3,0
9,1,1,9,5.0,10,8,0
1,4,1,4,2.5,5,3,0
9,22,9,22,15.5,31,13,8
1,4,1,4,2.5,5,3,0
7,5,5,7,6.0,12,2,1
2,6,2,6,4.0,8,4,1
10,10,10,10,10.0,20,0,8
12,12,12,12,12.0,24,0,11
18,19,18,19,18.5,37,1,17
10,1,1,10,5.5,11,9,0
3,7,3,7,5.0,10,4,2
5,10,5,10,7.5,15,5,3
14,13,13,14,13.5,27,1,9
16,1,1,16,8.5,17,15,0
5,2,2,5,3.5,7,3,1
10,21,10,21,15.5,31,11,9
6,1,1,6,3.5,7,5,0
4,3,3,4,3.5,7,1,2
4,1,1,4,2.5,5,3,0
5,1,1,5,3.0,6,4,0
7,8,7,8,7.5,15,1,6
7,3,3,7,5.0,10,4,1
5,2,2,5,3.5,7,3,1
3,7,3,7,5.0,10,4,2
4,20,4,20,12.0,24,16,0
7,7,7,7,7.0,14,0,6
10,12,10,12,11.0,22,2,3
7,7,7,7,7.0,14,0,6
6,7,6,7,6.5,13,1,1
5,1,1,5,3.0,6,4,0
6,15,6,15,10.5,21,9,5
7,1,1,7,4.0,8,6,0
26,27,26,27,26.5,53,1,24
6,14,6,14,10.0,20,8,3
4,19,4,19,11.5,23,15,0
21,19,19,21,20.0,40,2,6
25,18,18,25,21.5,43,7,14
4,1,1,4,2.5,5,3,0
9,1,1,9,5.0,10,8,0
15,28,15,28,21.5,43,13,9
5,4,4,5,4.5,9,1,3
6,7,6,7,6.5,13,1,4
1,17,1,17,9.0,18,16,0
8,4,4,8,6.0,12,4,1
5,9,5,9,7.0,14,4,0
1,4,1,4,2.5,5,3,0
4,2,2,4,3.0,6,2,1
21,21,21,21,21.0,42,0,20
4,2,2,4,3.0,6,2,1
4,1,1,4,2.5,5,3,0
7,1,1,7,4.0,8,6,0
6,26,6,26,16.0,32,20,2
4,5,4,5,4.5,9,1,1
9,20,9,20,14.5,29,11,0
7,8,7,8,7.5,15,1,5
25,66,25,66,45.5,91,41,21
22,18,18,22,20.0,40,4,16
6,7,6,7,6.5,13,1,5
5,7,5,7,6.0,12,2,1
6,5,5,6,5.5,11,1,4
3,5,3,5,4.0,8,2,2
6,6,6,6,6.0,12,0,4
4,1,1,4,2.5,5,3,0
1,4,1,4,2.5,5,3,0
7,1,1,7,4.0,8,6,0
6,6,6,6,6.0,12,0,5
1,4,1,4,2.5,5,3,0
14,13,13,14,13.5,27,1,12
4,4,4,4,4.0,8,0,3
1,16,1,16,8.5,17,15,0
2,7,2,7,4.5,9,5,1
10,9,9,10,9.5,19,1,6
27,27,27,27,27.0,54,0,11
26,27,26,27,26.5,53,1,25
9,6,6,9,7.5,15,3,3
11,13,11,13,12.0,24,2,3
33,37,33,37,35.0,70,4,32
2,5,2,5,3.5,7,3,0
9,1,1,9,5.0,10,8,0
39,46,39,46,42.5,85,7,27
2,146,2,146,74.0,148,144,0
5,1,1,5,3.0,6,4,0
14,1,1,14,7.5,15,13,0
4,6,4,6,5.0,10,2,2
8,1,1,8,4.5,9,7,0
4,1,1,4,2.5,5,3,0
5,4,4,5,4.5,9,1,3
7,8,7,8,7.5,15,1,5
19,11,11,19,15.0,30,8,9
5,1,1,5,3.0,6,4,0
10,5,5,10,7.5,15,5,4
2,5,2,5,3.5,7,3,0
8,11,8,11,9.5,19,3,6
14,14,14,14,14.0,28,0,12
12,14,12,14,13.0,26,2,11
9,9,9,9,9.0,18,0,8
4,5,4,5,4.5,9,1,3
11,32,11,32,21.5,43,21,6
4,2,2,4,3.0,6,2,1
42,31,31,42,36.5,73,11,29
5,1,1,5,3.0,6,4,0
9,6,6,9,7.5,15,3,4
1,11,1,11,6.0,12,10,0
36,29,29,36,32.5,65,7,27
2,7,2,7,4.5,9,5,1
44,13,13,44,28.5,57,31,7
4,2,2,4,3.0,6,2,1
4,1,1,4,2.5,5,3,0
37,28,28,37,32.5,65,9,17
1,18,1,18,9.5,19,17,0
5,4,4,5,4.5,9,1,3
1,4,1,4,2.5,5,3,0
7,1,1,7,4.0,8,6,0
1,6,1,6,3.5,7,5,0
6,1,1,6,3.5,7,5,0
34,28,28,34,31.0,62,6,23
25,20,20,25,22.5,45,5,18
1,25,1,25,13.0,26,24,0
5,1,1,5,3.0,6,4,0
21,23,21,23,22.0,44,2,16
4,1,1,4,2.5,5,3,0
1,8,1,8,4.5,9,7,0
25,26,25,26,25.5,51,1,23
13,14,13,14,13.5,27,1,11
4,1,1,4,2.5,5,3,0
10,10,10,10,10.0,20,0,8
8,9,8,9,8.5,17,1,5
20,11,11,20,15.5,31,9,10
8,12,8,12,10.0,20,4,4
1,13,1,13,7.0,14,12,0
4,4,4,4,4.0,8,0,3
4,4,4,4,4.0,8,0,3
26,26,26,26,26.0,52,0,25
2,4,2,4,3.0,6,2,0
10,8,8,10,9.0,18,2,5
1,26,1,26,13.5,27,25,0
9,8,8,9,8.5,17,1,3
8,7,7,8,7.5,15,1,5
4,1,1,4,2.5,5,3,0
1,9,1,9,5.0,10,8,0
1,4,1,4,2.5,5,3,0
5,10,5,10,7.5,15,5,4
2,14,2,14,8.0,16,12,0
13,17,13,17,15.0,30,4,12
5,10,5,10,7.5,15,5,4
1,5,1,5,3.0,6,4,0
8,2,2,8,5.0,10,6,1
5,6,5,6,5.5,11,1,3
14,14,14,14,14.0,28,0,13
4,6,4,6,5.0,10,2,0
21,11,11,21,16.0,32,10,9
1,10,1,10,5.5,11,9,0
1,5,1,5,3.0,6,4,0
4,1,1,4,2.5,5,3,0
5,5,5,5,5.0,10,0,3
4,1,1,4,2.5,5,3,0
1,6,1,6,3.5,7,5,0
13,13,13,13,13.0,26,0,12
1,4,1,4,2.5,5,3,0
6,6,6,6,6.0,12,0,4
4,3,3,4,3.5,7,1,2
1,6,1,6,3.5,7,5,0
4,1,1,4,2.5,5,3,0
42,31,31,42,36.5,73,11,26
6,1,1,6,3.5,7,5,0
17,14,14,17,15.5,31,3,13
8,6,6,8,7.0,14,2,1
13,15,13,15,14.0,28,2,11
1,22,1,22,11.5,23,21,0
4,7,4,7,5.5,11,3,3
4,4,4,4,4.0,8,0,1
6,1,1,6,3.5,7,5,0
14,5,5,14,9.5,19,9,0
8,1,1,8,4.5,9,7,0
42,40,40,42,41.0,82,2,38
6,1,1,6,3.5,7,5,0
3,6,3,6,4.5,9,3,2
5,1,1,5,3.0,6,4,0
45,48,45,48,46.5,93,3,43
5,1,1,5,3.0,6,4,0
14,15,14,15,14.5,29,1,12
15,2,2,15,8.5,17,13,0
5,1,1,5,3.0,6,4,0
5,1,1,5,3.0,6,4,0
8,1,1,8,4.5,9,7,0
6,16,6,16,11.0,22,10,4
12,13,12,13,12.5,25,1,10
2,5,2,5,3.5,7,3,1
39,39,39,39,39.0,78,0,23
7,6,6,7,6.5,13,1,5
3,4,3,4,3.5,7,1,2
5,5,5,5,5.0,10,0,4
14,15,14,15,14.5,29,1,12
4,1,1,4,2.5,5,3,0
3,5,3,5,4.0,8,2,2
1,6,1,6,3.5,7,5,0
4,5,4,5,4.5,9,1,3
1,22,1,22,11.5,23,21,0
5,1,1,5,3.0,6,4,0
4,1,1,4,2.5,5,3,0
1,75,1,75,38.0,76,74,0
6,8,6,8,7.0,14,2,5
7,1,1,7,4.0,8,6,0
1,12,1,12,6.5,13,11,0
1,5,1,5,3.0,6,4,0
6,5,5,6,5.5,11,1,1
8,16,8,16,12.0,24,8,0
31,22,22,31,26.5,53,9,18
6,4,4,6,5.0,10,2,1
5,36,5,36,20.5,41,31,4
5,1,1,5,3.0,6,4,0
1,31,1,31,16.0,32,30,0
8,11,8,11,9.5,19,3,6
8,1,1,8,4.5,9,7,0
20,15,15,20,17.5,35,5,12
11,9,9,11,10.0,20,2,7
19,1,1,19,10.0,20,18,0
8,4,4,8,6.0,12,4,3
1,6,1,6,3.5,7,5,0
11,12,11,12,11.5,23,1,9
5,1,1,5,3.0,6,4,0
4,5,4,5,4.5,9,1,0
4,1,1,4,2.5,5,3,0
4,1,1,4,2.5,5,3,0
4,1,1,4,2.5,5,3,0
1,10,1,10,5.5,11,9,0
1,5,1,5,3.0,6,4,0
22,1,1,22,11.5,23,21,0
1,5,1,5,3.0,6,4,0
5,5,5,5,5.0,10,0,4
1,7,1,7,4.0,8,6,0
4,1,1,4,2.5,5,3,0
7,3,3,7,5.0,10,4,2
11,11,11,11,11.0,22,0,10
4,1,1,4,2.5,5,3,0
11,11,11,11,11.0,22,0,9
11,14,11,14,12.5,25,3,10
5,2,2,5,3.5,7,3,0
16,14,14,16,15.0,30,2,12
7,4,4,7,5.5,11,3,3
5,9,5,9,7.0,14,4,4
10,5,5,10,7.5,15,5,4
14,16,14,16,15.0,30,2,13
16,1,1,16,8.5,17,15,0
3,4,3,4,3.5,7,1,2
12,14,12,14,13.0,26,2,11
4,1,1,4,2.5,5,3,0
7,2,2,7,4.5,9,5,1
4,2,2,4,3.0,6,2,0
10,11,10,11,10.5,21,1,7
7,14,7,14,10.5,21,7,6
16,1,1,16,8.5,17,15,0
5,1,1,5,3.0,6,4,0
10,8,8,10,9.0,18,2,7
1,4,1,4,2.5,5,3,0
4,2,2,4,3.0,6,2,1
36,39,36,39,37.5,75,3,26
13,14,13,14,13.5,27,1,11
11,11,11,11,11.0,22,0,10
9,8,8,9,8.5,17,1,6
6,6,6,6,6.0,12,0,5
9,5,5,9,7.0,14,4,0
2,4,2,4,3.0,6,2,1
26,26,26,26,26.0,52,0,25
4,10,4,10,7.0,14,6,1
5,10,5,10,7.5,15,5,4
27,28,27,28,27.5,55,1,26
2,6,2,6,4.0,8,4,0
1,4,1,4,2.5,5,3,0
5,1,1,5,3.0,6,4,0
4,1,1,4,2.5,5,3,0
6,6,6,6,6.0,12,0,5
7,5,5,7,6.0,12,2,0
13,18,13,18,15.5,31,5,12
1,4,1,4,2.5,5,3,0
4,7,4,7,5.5,11,3,3
9,7,7,9,8.0,16,2,6
3,11,3,11,7.0,14,8,2
3,4,3,4,3.5,7,1,2
1,6,1,6,3.5,7,5,0
2,5,2,5,3.5,7,3,0
11,1,1,11,6.0,12,10,0
9,4,4,9,6.5,13,5,0
1,4,1,4,2.5,5,3,0
1,9,1,9,5.0,10,8,0
1,4,1,4,2.5,5,3,0
12,11,11,12,11.5,23,1,9
4,4,4,4,4.0,8,0,3
20,20,20,20,20.0,40,0,19
3,7,3,7,5.0,10,4,2
5,5,5,5,5.0,10,0,4
2,4,2,4,3.0,6,2,1
5,1,1,5,3.0,6,4,0
1,16,1,16,8.5,17,15,0
2,5,2,5,3.5,7,3,1
3,8,3,8,5.5,11,5,2
6,6,6,6,6.0,12,0,5
6,6,6,6,6.0,12,0,5
5,3,3,5,4.0,8,2,2
14,6,6,14,10.0,20,8,4
5,6,5,6,5.5,11,1,3
33,18,18,33,25.5,51,15,16
8,1,1,8,4.5,9,7,0
1,43,1,43,22.0,44,42,0
9,10,9,10,9.5,19,1,7
30,13,13,30,21.5,43,17,9
3,12,3,12,7.5,15,9,1
1,5,1,5,3.0,6,4,0
7,8,7,8,7.5,15,1,6
7,19,7,19,13.0,26,12,5
1,7,1,7,4.0,8,6,0
1,6,1,6,3.5,7,5,0
4,6,4,6,5.0,10,2,3
3,6,3,6,4.5,9,3,2
18,30,18,30,24.0,48,12,16
6,6,6,6,6.0,12,0,5
12,11,11,12,11.5,23,1,9
1,4,1,4,2.5,5,3,0
10,1,1,10,5.5,11,9,0
37,34,34,37,35.5,71,3,18
43,10,10,43,26.5,53,33,1
7,9,7,9,8.0,16,2,5
7,6,6,7,6.5,13,1,5
4,14,4,14,9.0,18,10,3
5,9,5,9,7.0,14,4,2
2,7,2,7,4.5,9,5,0
5,5,5,5,5.0,10,0,0
14,21,14,21,17.5,35,7,1
22,19,19,22,20.5,41,3,18
1,12,1,12,6.5,13,11,0
22,15,15,22,18.5,37,7,9
37,30,30,37,33.5,67,7,20
5,10,5,10,7.5,15,5,4
9,1,1,9,5.0,10,8,0
17,17,17,17,17.0,34,0,16
16,18,16,18,17.0,34,2,14
5,1,1,5,3.0,6,4,0
12,13,12,13,12.5,25,1,11
10,11,10,11,10.5,21,1,8
1,9,1,9,5.0,10,8,0
5,2,2,5,3.5,7,3,1
5,5,5,5,5.0,10,0,4
2,6,2,6,4.0,8,4,1
3,10,3,10,6.5,13,7,2
7,7,7,7,7.0,14,0,6
1,5,1,5,3.0,6,4,0
1,18,1,18,9.5,19,17,0
1,5,1,5,3.0,6,4,0
4,1,1,4,2.5,5,3,0
4,1,1,4,2.5,5,3,0
7,8,7,8,7.5,15,1,4
4,1,1,4,2.5,5,3,0
10,8,8,10,9.0,18,2,6
22,20,20,22,21.0,42,2,19
49,20,20,49,34.5,69,29,12
4,1,1,4,2.5,5,3,0
5,9,5,9,7.0,14,4,4
8,17,8,17,12.5,25,9,5
4,4,4,4,4.0,8,0,3
1,6,1,6,3.5,7,5,0
7,9,7,9,8.0,16,2,6
11,11,11,11,11.0,22,0,7
4,2,2,4,3.0,6,2,1
42,23,23,42,32.5,65,19,22
12,12,12,12,12.0,24,0,11
6,5,5,6,5.5,11,1,2
46,47,46,47,46.5,93,1,45
8,4,4,8,6.0,12,4,3
24,22,22,24,23.0,46,2,18
1,6,1,6,3.5,7,5,0
25,36,25,36,30.5,61,11,24
7,5,5,7,6.0,12,2,0
12,14,12,14,13.0,26,2,7
9,4,4,9,6.5,13,5,3
5,4,4,5,4.5,9,1,2
1,5,1,5,3.0,6,4,0
21,37,21,37,29.0,58,16,18
1,4,1,4,2.5,5,3,0
33,37,33,37,35.0,70,4,30
4,4,4,4,4.0,8,0,3
10,8,8,10,9.0,18,2,7
7,1,1,7,4.0,8,6,0
19,6,6,19,12.5,25,13,4
16,13,13,16,14.5,29,3,12
4,1,1,4,2.5,5,3,0
10,8,8,10,9.0,18,2,6
24,49,24,49,36.5,73,25,21
6,4,4,6,5.0,10,2,3
10,12,10,12,11.0,22,2,7
3,6,3,6,4.5,9,3,2
26,20,20,26,23.0,46,6,18
12,3,3,12,7.5,15,9,0
14,2,2,14,8.0,16,12,0
8,7,7,8,7.5,15,1,6
4,2,2,4,3.0,6,2,1
11,11,11,11,11.0,22,0,5
8,7,7,8,7.5,15,1,0
7,9,7,9,8.0,16,2,6
14,21,14,21,17.5,35,7,11
4,4,4,4,4.0,8,0,2
13,12,12,13,12.5,25,1,11
5,1,1,5,3.0,6,4,0
4,2,2,4,3.0,6,2,1
1,65,1,65,33.0,66,64,0
9,9,9,9,9.0,18,0,8
1,4,1,4,2.5,5,3,0
1,5,1,5,3.0,6,4,0
7,1,1,7,4.0,8,6,0
18,17,17,18,17.5,35,1,11
7,1,1,7,4.0,8,6,0
6,8,6,8,7.0,14,2,4
8,5,5,8,6.5,13,3,4
1,5,1,5,3.0,6,4,0
7,1,1,7,4.0,8,6,0
11,11,11,11,11.0,22,0,10
6,1,1,6,3.5,7,5,0
1,8,1,8,4.5,9,7,0
2,4,2,4,3.0,6,2,0
13,8,8,13,10.5,21,5,6
1,4,1,4,2.5,5,3,0
4,1,1,4,2.5,5,3,0
7,29,7,29,18.0,36,22,4
5,5,5,5,5.0,10,0,3
2,7,2,7,4.5,9,5,1
11,6,6,11,8.5,17,5,4
5,5,5,5,5.0,10,0,4
7,6,6,7,6.5,13,1,5
2,21,2,21,11.5,23,19,0
4,1,1,4,2.5,5,3,0
32,33,32,33,32.5,65,1,31
1,5,1,5,3.0,6,4,0
1,9,1,9,5.0,10,8,0
1,6,1,6,3.5,7,5,0
6,1,1,6,3.5,7,5,0
10,7,7,10,8.5,17,3,4
24,20,20,24,22.0,44,4,18
6,1,1,6,3.5,7,5,0
1,15,1,15,8.0,16,14,0
1,4,1,4,2.5,5,3,0
1,29,1,29,15.0,30,28,0
1,5,1,5,3.0,6,4,0
33,48,33,48,40.5,81,15,24
11,16,11,16,13.5,27,5,8
13,14,13,14,13.5,27,1,12
1,6,1,6,3.5,7,5,0
4,10,4,10,7.0,14,6,0
1,5,1,5,3.0,6,4,0
13,11,11,13,12.0,24,2,10
5,7,5,7,6.0,12,2,1
6,4,4,6,5.0,10,2,3
7,5,5,7,6.0,12,2,2
7,9,7,9,8.0,16,2,6
7,4,4,7,5.5,11,3,3
1,6,1,6,3.5,7,5,0
21,14,14,21,17.5,35,7,13
5,11,5,11,8.0,16,6,4
1,18,1,18,9.5,19,17,0
1,4,1,4,2.5,5,3,0
11,10,10,11,10.5,21,1,8
25,21,21,25,23.0,46,4,11
7,2,2,7,4.5,9,5,1
6,15,6,15,10.5,21,9,4
14,14,14,14,14.0,28,0,12
10,11,10,11,10.5,21,1,7
49,24,24,49,36.5,73,25,20
1,13,1,13,7.0,14,12,0
17,28,17,28,22.5,45,11,14
2,4,2,4,3.0,6,2,1
29,1,1,29,15.0,30,28,0
1,40,1,40,20.5,41,39,0
19,23,19,23,21.0,42,4,17
11,1,1,11,6.0,12,10,0
10,9,9,10,9.5,19,1,8
21,38,21,38,29.5,59,17,16
4,1,1,4,2.5,5,3,0
21,25,21,25,23.0,46,4,14
19,18,18,19,18.5,37,1,17
8,5,5,8,6.5,13,3,3
1,4,1,4,2.5,5,3,0
6,5,5,6,5.5,11,1,4
7,13,7,13,10.0,20,6,6
15,15,15,15,15.0,30,0,7
23,19,19,23,21.0,42,4,17
7,7,7,7,7.0,14,0,6
5,1,1,5,3.0,6,4,0
6,8,6,8,7.0,14,2,5
47,28,28,47,37.5,75,19,1
5,1,1,5,3.0,6,4,0
6,9,6,9,7.5,15,3,4
5,4,4,5,4.5,9,1,3
8,8,8,8,8.0,16,0,7
5,7,5,7,6.0,12,2,3
1,48,1,48,24.5,49,47,0
26,23,23,26,24.5,49,3,22
18,23,18,23,20.5,41,5,17
1,13,1,13,7.0,14,12,0
12,2,2,12,7.0,14,10,1
13,12,12,13,12.5,25,1,11
1,4,1,4,2.5,5,3,0
18,10,10,18,14.0,28,8,8
4,1,1,4,2.5,5,3,0
2,19,2,19,10.5,21,17,0
32,32,32,32,32.0,64,0,30
1,12,1,12,6.5,13,11,0
21,20,20,21,20.5,41,1,16
3,6,3,6,4.5,9,3,1
27,23,23,27,25.0,50,4,22
8,1,1,8,4.5,9,7,0
8,8,8,8,8.0,16,0,6
4,2,2,4,3.0,6,2,0
1,10,1,10,5.5,11,9,0
1,6,1,6,3.5,7,5,0
18,14,14,18,16.0,32,4,12
1,6,1,6,3.5,7,5,0
5,5,5,5,5.0,10,0,4
9,1,1,9,5.0,10,8,0
4,10,4,10,7.0,14,6,3
4,4,4,4,4.0,8,0,3
7,8,7,8,7.5,15,1,5
22,19,19,22,20.5,41,3,18
2,4,2,4,3.0,6,2,1
4,1,1,4,2.5,5,3,0
1,105,1,105,53.0,106,104,0
11,21,11,21,16.0,32,10,9
11,11,11,11,11.0,22,0,6
4,1,1,4,2.5,5,3,0
11,10,10,11,10.5,21,1,4
1,7,1,7,4.0,8,6,0
4,1,1,4,2.5,5,3,0
24,18,18,24,21.0,42,6,12
23,23,23,23,23.0,46,0,22
16,3,3,16,9.5,19,13,0
16,12,12,16,14.0,28,4,11
4,5,4,5,4.5,9,1,2
1,4,1,4,2.5,5,3,0
2,11,2,11,6.5,13,9,1
20,16,16,20,18.0,36,4,15
19,10,10,19,14.5,29,9,9
1,8,1,8,4.5,9,7,0
45,38,38,45,41.5,83,7,35
4,1,1,4,2.5,5,3,0
13,1,1,13,7.0,14,12,0
7,7,7,7,7.0,14,0,6
8,6,6,8,7.0,14,2,5
9,4,4,9,6.5,13,5,2
12,13,12,13,12.5,25,1,9
7,7,7,7,7.0,14,0,4
49,48,48,49,48.5,97,1,46
2,14,2,14,8.0,16,12,1
4,5,4,5,4.5,9,1,3
1,4,1,4,2.5,5,3,0
10,9,9,10,9.5,19,1,8
1,4,1,4,2.5,5,3,0
4,2,2,4,3.0,6,2,1
41,44,41,44,42.5,85,3,39
1,4,1,4,2.5,5,3,0
1,6,1,6,3.5,7,5,0
5,1,1,5,3.0,6,4,0
6,1,1,6,3.5,7,5,0
6,6,6,6,6.0,12,0,5
5,6,5,6,5.5,11,1,3
1,10,1,10,5.5,11,9,0
7,16,7,16,11.5,23,9,4
4,4,4,4,4.0,8,0,1
5,1,1,5,3.0,6,4,0
2,6,2,6,4.0,8,4,0
6,9,6,9,7.5,15,3,0
1,4,1,4,2.5,5,3,0
2,10,2,10,6.0,12,8,1
3,4,3,4,3.5,7,1,2
16,16,16,16,16.0,32,0,15
8,8,8,8,8.0,16,0,7
19,19,19,19,19.0,38,0,16
50,39,39,50,44.5,89,11,19
22,22,22,22,22.0,44,0,17
1,4,1,4,2.5,5,3,0
5,4,4,5,4.5,9,1,3
1,5,1,5,3.0,6,4,0
7,1,1,7,4.0,8,6,0
5,2,2,5,3.5,7,3,1
12,12,12,12,12.0,24,0,10
7,6,6,7,6.5,13,1,5
1,5,1,5,3.0,6,4,0
7,22,7,22,14.5,29,15,5
16,13,13,16,14.5,29,3,9
6,1,1,6,3.5,7,5,0
13,9,9,13,11.0,22,4,8
32,42,32,42,37.0,74,10,25
4,1,1,4,2.5,5,3,0
25,33,25,33,29.0,58,8,24
31,12,12,31,21.5,43,19,10
5,5,5,5,5.0,10,0,3
6,1,1,6,3.5,7,5,0
4,4,4,4,4.0,8,0,3
7,7,7,7,7.0,14,0,6
4,1,1,4,2.5,5,3,0
8,7,7,8,7.5,15,1,5
1,5,1,5,3.0,6,4,0
49,33,33,49,41.0,82,16,22
15,4,4,15,9.5,19,11,0
1,8,1,8,4.5,9,7,0
7,1,1,7,4.0,8,6,0
4,1,1,4,2.5,5,3,0
12,11,11,12,11.5,23,1,10
14,13,13,14,13.5,27,1,12
2,4,2,4,3.0,6,2,1
12,47,12,47,29.5,59,35,9
8,16,8,16,12.0,24,8,7
16,13,13,16,14.5,29,3,11
1,5,1,5,3.0,6,4,0
9,11,9,11,10.0,20,2,5
4,2,2,4,3.0,6,2,1
8,2,2,8,5.0,10,6,1
7,6,6,7,6.5,13,1,5
7,1,1,7,4.0,8,6,0
15,17,15,17,16.0,32,2,12
13,9,9,13,11.0,22,4,5
6,4,4,6,5.0,10,2,3
1,23,1,23,12.0,24,22,0
19,19,19,19,19.0,38,0,15
7,14,7,14,10.5,21,7,5
4,1,1,4,2.5,5,3,0
4,3,3,4,3.5,7,1,2
2,4,2,4,3.0,6,2,1
2,5,2,5,3.5,7,3,1
28,23,23,28,25.5,51,5,22
2,4,2,4,3.0,6,2,0
1,5,1,5,3.0,6,4,0
5,4,4,5,4.5,9,1,3
8,5,5,8,6.5,13,3,4
11,11,11,11,11.0,22,0,10
24,8,8,24,16.0,32,16,3
1,4,1,4,2.5,5,3,0
8,7,7,8,7.5,15,1,6
14,18,14,18,16.0,32,4,13
4,3,3,4,3.5,7,1,2
5,1,1,5,3.0,6,4,0
16,1,1,16,8.5,17,15,0
5,6,5,6,5.5,11,1,3
5,6,5,6,5.5,11,1,4
5,1,1,5,3.0,6,4,0
3,21,3,21,12.0,24,18,2
31,11,11,31,21.0,42,20,8
1,4,1,4,2.5,5,3,0
17,1,1,17,9.0,18,16,0
6,6,6,6,6.0,12,0,4
12,15,12,15,13.5,27,3,11
6,5,5,6,5.5,11,1,4
5,1,1,5,3.0,6,4,0
1,4,1,4,2.5,5,3,0
10,10,10,10,10.0,20,0,9
11,14,11,14,12.5,25,3,7
26,3,3,26,14.5,29,23,2
5,4,4,5,4.5,9,1,3
9,1,1,9,5.0,10,8,0
18,14,14,18,16.0,32,4,13
5,1,1,5,3.0,6,4,0
2,5,2,5,3.5,7,3,1
34,48,34,48,41.0,82,14,21
6,2,2,6,4.0,8,4,1
1,4,1,4,2.5,5,3,0
18,18,18,18,18.0,36,0,17
1,17,1,17,9.0,18,16,0
5,1,1,5,3.0,6,4,0
1,55,1,55,28.0,56,54,0
4,5,4,5,4.5,9,1,3
34,49,34,49,41.5,83,15,27
13,9,9,13,11.0,22,4,2
18,21,18,21,19.5,39,3,13
6,105,6,105,55.5,111,99,0
8,9,8,9,8.5,17,1,7
9,11,9,11,10.0,20,2,8
6,1,1,6,3.5,7,5,0
10,11,10,11,10.5,21,1,9
7,9,7,9,8.0,16,2,3
1,4,1,4,2.5,5,3,0
8,16,8,16,12.0,24,8,4
24,23,23,24,23.5,47,1,22
25,11,11,25,18.0,36,14,8
4,1,1,4,2.5,5,3,0
5,1,1,5,3.0,6,4,0
5,2,2,5,3.5,7,3,0
6,1,1,6,3.5,7,5,0
9,23,9,23,16.0,32,14,7
12,6,6,12,9.0,18,6,1
40,15,15,40,27.5,55,25,13
3,43,3,43,23.0,46,40,0
20,23,20,23,21.5,43,3,19
6,6,6,6,6.0,12,0,5
9,5,5,9,7.0,14,4,4
45,45,45,45,45.0,90,0,39
1,5,1,5,3.0,6,4,0
4,1,1,4,2.5,5,3,0
4,4,4,4,4.0,8,0,3
1,7,1,7,4.0,8,6,0
4,4,4,4,4.0,8,0,3
25,33,25,33,29.0,58,8,24
5,8,5,8,6.5,13,3,4
8,9,8,9,8.5,17,1,4
11,6,6,11,8.5,17,5,5
14,13,13,14,13.5,27,1,12
4,4,4,4,4.0,8,0,3
5,4,4,5,4.5,9,1,2
1,36,1,36,18.5,37,35,0
3,15,3,15,9.0,18,12,0
4,1,1,4,2.5,5,3,0
4,4,4,4,4.0,8,0,3
6,1,1,6,3.5,7,5,0
1,4,1,4,2.5,5,3,0
9,1,1,9,5.0,10,8,0
11,14,11,14,12.5,25,3,8
32,39,32,39,35.5,71,7,29
9,27,9,27,18.0,36,18,6
3,7,3,7,5.0,10,4,2
23,32,23,32,27.5,55,9,22
4,4,4,4,4.0,8,0,3
9,1,1,9,5.0,10,8,0
4,1,1,4,2.5,5,3,0
9,9,9,9,9.0,18,0,8
1,5,1,5,3.0,6,4,0
4,8,4,8,6.0,12,4,0
6,11,6,11,8.5,17,5,3
4,4,4,4,4.0,8,0,3
3,7,3,7,5.0,10,4,2
26,25,25,26,25.5,51,1,24
4,3,3,4,3.5,7,1,2
1,4,1,4,2.5,5,3,0
20,21,20,21,20.5,41,1,18
8,10,8,10,9.0,18,2,5
11,6,6,11,8.5,17,5,5
6,1,1,6,3.5,7,5,0
13,17,13,17,15.0,30,4,10
10,32,10,32,21.0,42,22,2
6,2,2,6,4.0,8,4,0
1,6,1,6,3.5,7,5,0
6,4,4,6,5.0,10,2,0
1,7,1,7,4.0,8,6,0
2,146,2,146,74.0,148,144,0
1,5,1,5,3.0,6,4,0
10,1,1,10,5.5,11,9,0
5,1,1,5,3.0,6,4,0
1,77,1,77,39.0,78,76,0
7,1,1,7,4.0,8,6,0
2,11,2,11,6.5,13,9,0
4,5,4,5,4.5,9,1,3
5,1,1,5,3.0,6,4,0
1,4,1,4,2.5,5,3,0
1,4,1,4,2.5,5,3,0
1,6,1,6,3.5,7,5,0
29,38,29,38,33.5,67,9,22
2,5,2,5,3.5,7,3,1
5,6,5,6,5.5,11,1,4
4,2,2,4,3.0,6,2,1
4,1,1,4,2.5,5,3,0
1,5,1,5,3.0,6,4,0
1,10,1,10,5.5,11,9,0
8,6,6,8,7.0,14,2,4
4,1,1,4,2.5,5,3,0
9,6,6,9,7.5,15,3,4
6,4,4,6,5.0,10,2,3
12,13,12,13,12.5,25,1,10
23,21,21,23,22.0,44,2,20
6,4,4,6,5.0,10,2,3
5,4,4,5,4.5,9,1,3
22,28,22,28,25.0,50,6,21
8,11,8,11,9.5,19,3,4
9,15,9,15,12.0,24,6,7
14,14,14,14,14.0,28,0,12
37,31,31,37,34.0,68,6,25
5,2,2,5,3.5,7,3,1
1,4,1,4,2.5,5,3,0
5,1,1,5,3.0,6,4,0
17,1,1,17,9.0,18,16,0
5,3,3,5,4.0,8,2,2
11,9,9,11,10.0,20,2,8
1,4,1,4,2.5,5,3,0
4,5,4,5,4.5,9,1,3
3,8,3,8,5.5,11,5,2
4,1,1,4,2.5,5,3,0
1,18,1,18,9.5,19,17,0
3,6,3,6,4.5,9,3,0
1,7,1,7,4.0,8,6,0
5,6,5,6,5.5,11,1,3
9,12,9,12,10.5,21,3,8
1,20,1,20,10.5,21,19,0
7,3,3,7,5.0,10,4,1
19,19,19,19,19.0,38,0,17
3,7,3,7,5.0,10,4,2
24,6,6,24,15.0,30,18,5
45,25,25,45,35.0,70,20,24
18,13,13,18,15.5,31,5,9
8,2,2,8,5.0,10,6,1
4,19,4,19,11.5,23,15,0
5,1,1,5,3.0,6,4,0
1,14,1,14,7.5,15,13,0
4,7,4,7,5.5,11,3,0
1,13,1,13,7.0,14,12,0
18,9,9,18,13.5,27,9,1
1,43,1,43,22.0,44,42,0
1,4,1,4,2.5,5,3,0
3,8,3,8,5.5,11,5,1
6,1,1,6,3.5,7,5,0
14,6,6,14,10.0,20,8,4
13,14,13,14,13.5,27,1,12
6,5,5,6,5.5,11,1,4
1,12,1,12,6.5,13,11,0
14,20,14,20,17.0,34,6,13
23,1,1,23,12.0,24,22,0
12,12,12,12,12.0,24,0,10
9,10,9,10,9.5,19,1,7
2,21,2,21,11.5,23,19,0
8,7,7,8,7.5,15,1,6
23,14,14,23,18.5,37,9,12
2,10,2,10,6.0,12,8,1
1,5,1,5,3.0,6,4,0
25,23,23,25,24.0,48,2,19
7,7,7,7,7.0,14,0,5
6,8,6,8,7.0,14,2,3
18,41,18,41,29.5,59,23,16
1,6,1,6,3.5,7,5,0
8,9,8,9,8.5,17,1,7
10,11,10,11,10.5,21,1,9
12,15,12,15,13.5,27,3,8
7,8,7,8,7.5,15,1,6
51,43,43,51,47.0,94,8,25
7,6,6,7,6.5,13,1,5
1,8,1,8,4.5,9,7,0
18,14,14,18,16.0,32,4,13
1,5,1,5,3.0,6,4,0
8,8,8,8,8.0,16,0,7
1,29,1,29,15.0,30,28,0
1,5,1,5,3.0,6,4,0
1,6,1,6,3.5,7,5,0
13,14,13,14,13.5,27,1,10
13,2,2,13,7.5,15,11,1
1,4,1,4,2.5,5,3,0
7,7,7,7,7.0,14,0,6
1,7,1,7,4.0,8,6,0
14,19,14,19,16.5,33,5,0
8,11,8,11,9.5,19,3,6
27,27,27,27,27.0,54,0,26
1,5,1,5,3.0,6,4,0
8,1,1,8,4.5,9,7,0
4,1,1,4,2.5,5,3,0
6,4,4,6,5.0,10,2,3
6,1,1,6,3.5,7,5,0
5,6,5,6,5.5,11,1,4
13,8,8,13,10.5,21,5,6
1,4,1,4,2.5,5,3,0
10,9,9,10,9.5,19,1,8
4,1,1,4,2.5,5,3,0
19,32,19,32,25.5,51,13,18
8,1,1,8,4.5,9,7,0
9,3,3,9,6.0,12,6,2
4,4,4,4,4.0,8,0,3
1,17,1,17,9.0,18,16,0
5,4,4,5,4.5,9,1,3
1,11,1,11,6.0,12,10,0
1,4,1,4,2.5,5,3,0
9,1,1,9,5.0,10,8,0
2,6,2,6,4.0,8,4,1
1,6,1,6,3.5,7,5,0
13,19,13,19,16.0,32,6,12
1,7,1,7,4.0,8,6,0
1,4,1,4,2.5,5,3,0
1,4,1,4,2.5,5,3,0
12,6,6,12,9.0,18,6,5
38,50,38,50,44.0,88,12,18
15,3,3,15,9.0,18,12,2
1,10,1,10,5.5,11,9,0
5,6,5,6,5.5,11,1,4
6,7,6,7,6.5,13,1,5
5,1,1,5,3.0,6,4,0
8,13,8,13,10.5,21,5,7
30,15,15,30,22.5,45,15,7
17,6,6,17,11.5,23,11,4
1,6,1,6,3.5,7,5,0
15,11,11,15,13.0,26,4,5
12,12,12,12,12.0,24,0,11
39,33,33,39,36.0,72,6,31
5,1,1,5,3.0,6,4,0
1,4,1,4,2.5,5,3,0
12,43,12,43,27.5,55,31,11
2,5,2,5,3.5,7,3,1
24,23,23,24,23.5,47,1,22
1,4,1,4,2.5,5,3,0
21,8,8,21,14.5,29,13,5
7,6,6,7,6.5,13,1,5
5,5,5,5,5.0,10,0,4
20,11,11,20,15.5,31,9,9
8,8,8,8,8.0,16,0,7
6,6,6,6,6.0,12,0,4
3,8,3,8,5.5,11,5,2
6,16,6,16,11.0,22,10,4
6,6,6,6,6.0,12,0,3
1,9,1,9,5.0,10,8,0
8,4,4,8,6.0,12,4,3
29,23,23,29,26.0,52,6,21
5,4,4,5,4.5,9,1,2
5,1,1,5,3.0,6,4,0
10,1,1,10,5.5,11,9,0
7,7,7,7,7.0,14,0,6
49,29,29,49,39.0,78,20,24
7,6,6,7,6.5,13,1,4
4,1,1,4,2.5,5,3,0
4,1,1,4,2.5,5,3,0
4,1,1,4,2.5,5,3,0
4,1,1,4,2.5,5,3,0
1,4,1,4,2.5,5,3,0
1,5,1,5,3.0,6,4,0
10,18,10,18,14.0,28,8,9
1,5,1,5,3.0,6,4,0
24,34,24,34,29.0,58,10,18
6,8,6,8,7.0,14,2,5
1,6,1,6,3.5,7,5,0
1,4,1,4,2.5,5,3,0
5,5,5,5,5.0,10,0,2
4,2,2,4,3.0,6,2,1
7,5,5,7,6.0,12,2,1
12,5,5,12,8.5,17,7,4
26,22,22,26,24.0,48,4,21
7,14,7,14,10.5,21,7,6
4,2,2,4,3.0,6,2,1
5,5,5,5,5.0,10,0,4
28,34,28,34,31.0,62,6,10
5,5,5,5,5.0,10,0,4
4,3,3,4,3.5,7,1,2
45,45,45,45,45.0,90,0,44
13,27,13,27,20.0,40,14,11
5,5,5,5,5.0,10,0,4
5,1,1,5,3.0,6,4,0
1,5,1,5,3.0,6,4,0
13,13,13,13,13.0,26,0,11
7,11,7,11,9.0,18,4,6
1,5,1,5,3.0,6,4,0
7,8,7,8,7.5,15,1,6
18,10,10,18,14.0,28,8,8
13,22,13,22,17.5,35,9,12
4,2,2,4,3.0,6,2,1
22,146,22,146,84.0,168,124,4
20,9,9,20,14.5,29,11,8
6,20,6,20,13.0,26,14,0
11,48,11,48,29.5,59,37,6
7,1,1,7,4.0,8,6,0
4,26,4,26,15.0,30,22,0
28,20,20,28,24.0,48,8,15
1,7,1,7,4.0,8,6,0
4,7,4,7,5.5,11,3,3
27,34,27,34,30.5,61,7,23
5,7,5,7,6.0,12,2,4
5,3,3,5,4.0,8,2,2
1,4,1,4,2.5,5,3,0
3,5,3,5,4.0,8,2,2
12,8,8,12,10.0,20,4,6
6,1,1,6,3.5,7,5,0
7,7,7,7,7.0,14,0,6
5,5,5,5,5.0,10,0,4
5,1,1,5,3.0,6,4,0
25,36,25,36,30.5,61,11,19
7,4,4,7,5.5,11,3,1
1,6,1,6,3.5,7,5,0
5,1,1,5,3.0,6,4,0
4,1,1,4,2.5,5,3,0
1,4,1,4,2.5,5,3,0
5,7,5,7,6.0,12,2,4
15,10,10,15,12.5,25,5,9
13,14,13,14,13.5,27,1,12
22,22,22,22,22.0,44,0,19
1,7,1,7,4.0,8,6,0
6,8,6,8,7.0,14,2,5
15,5,5,15,10.0,20,10,4
1,22,1,22,11.5,23,21,0
13,13,13,13,13.0,26,0,12
15,24,15,24,19.5,39,9,14
9,6,6,9,7.5,15,3,5
12,12,12,12,12.0,24,0,10
11,7,7,11,9.0,18,4,3
7,10,7,10,8.5,17,3,3
4,5,4,5,4.5,9,1,2
6,7,6,7,6.5,13,1,4
2,75,2,75,38.5,77,73,0
20,19,19,20,19.5,39,1,15
25,25,25,25,25.0,50,0,24
1,7,1,7,4.0,8,6,0
1,5,1,5,3.0,6,4,0
5,18,5,18,11.5,23,13,0
1,5,1,5,3.0,6,4,0
3,11,3,11,7.0,14,8,1
4,6,4,6,5.0,10,2,3
5,5,5,5,5.0,10,0,4
10,12,10,12,11.0,22,2,8
33,27,27,33,30.0,60,6,25
20,20,20,20,20.0,40,0,18
7,1,1,7,4.0,8,6,0
7,1,1,7,4.0,8,6,0
1,35,1,35,18.0,36,34,0
11,9,9,11,10.0,20,2,8
4,1,1,4,2.5,5,3,0
23,15,15,23,19.0,38,8,9
4,1,1,4,2.5,5,3,0
6,4,4,6,5.0,10,2,1
8,10,8,10,9.0,18,2,6
9,10,9,10,9.5,19,1,0
5,5,5,5,5.0,10,0,4
5,1,1,5,3.0,6,4,0
5,11,5,11,8.0,16,6,3
4,1,1,4,2.5,5,3,0
4,6,4,6,5.0,10,2,3
8,6,6,8,7.0,14,2,4
1,35,1,35,18.0,36,34,0
2,5,2,5,3.5,7,3,0
20,20,20,20,20.0,40,0,19
11,11,11,11,11.0,22,0,10
4,5,4,5,4.5,9,1,3
4,1,1,4,2.5,5,3,0
4,1,1,4,2.5,5,3,0
2,5,2,5,3.5,7,3,1
17,15,15,17,16.0,32,2,14
4,3,3,4,3.5,7,1,2
1,6,1,6,3.5,7,5,0
15,2,2,15,8.5,17,13,0
1,6,1,6,3.5,7,5,0
13,9,9,13,11.0,22,4,6
1,6,1,6,3.5,7,5,0
16,18,16,18,17.0,34,2,15
5,18,5,18,11.5,23,13,2
7,1,1,7,4.0,8,6,0
7,1,1,7,4.0,8,6,0
42,44,42,44,43.0,86,2,40
1,5,1,5,3.0,6,4,0
20,24,20,24,22.0,44,4,19
20,1,1,20,10.5,21,19,0
33,32,32,33,32.5,65,1,31
36,23,23,36,29.5,59,13,22
8,12,8,12,10.0,20,4,3
4,5,4,5,4.5,9,1,1
6,3,3,6,4.5,9,3,0
5,6,5,6,5.5,11,1,4
5,5,5,5,5.0,10,0,4
5,2,2,5,3.5,7,3,1
4,2,2,4,3.0,6,2,1
5,6,5,6,5.5,11,1,0
4,14,4,14,9.0,18,10,3
21,22,21,22,21.5,43,1,19
1,4,1,4,2.5,5,3,0
1,5,1,5,3.0,6,4,0
4,1,1,4,2.5,5,3,0
26,27,26,27,26.5,53,1,25
4,1,1,4,2.5,5,3,0
14,5,5,14,9.5,19,9,3
5,4,4,5,4.5,9,1,0
5,2,2,5,3.5,7,3,0
4,2,2,4,3.0,6,2,1
4,2,2,4,3.0,6,2,0
5,1,1,5,3.0,6,4,0
4,5,4,5,4.5,9,1,2
2,28,2,28,15.0,30,26,1
17,17,17,17,17.0,34,0,15
7,1,1,7,4.0,8,6,0
5,4,4,5,4.5,9,1,3
7,11,7,11,9.0,18,4,6
2,4,2,4,3.0,6,2,1
5,26,5,26,15.5,31,21,0
23,17,17,23,20.0,40,6,14
1,11,1,11,6.0,12,10,0
9,13,9,13,11.0,22,4,6
6,1,1,6,3.5,7,5,0
10,10,10,10,10.0,20,0,9
1,9,1,9,5.0,10,8,0
6,1,1,6,3.5,7,5,0
13,1,1,13,7.0,14,12,0
8,4,4,8,6.0,12,4,3
1,4,1,4,2.5,5,3,0
26,5,5,26,15.5,31,21,2
1,4,1,4,2.5,5,3,0
2,4,2,4,3.0,6,2,0
5,4,4,5,4.5,9,1,3
1,17,1,17,9.0,18,16,0
3,4,3,4,3.5,7,1,0
5,6,5,6,5.5,11,1,3
6,5,5,6,5.5,11,1,3
22,22,22,22,22.0,44,0,20
1,7,1,7,4.0,8,6,0
4,2,2,4,3.0,6,2,0
15,13,13,15,14.0,28,2,12
5,1,1,5,3.0,6,4,0
8,14,8,14,11.0,22,6,5
4,2,2,4,3.0,6,2,0
4,5,4,5,4.5,9,1,3
10,6,6,10,8.0,16,4,5
3,5,3,5,4.0,8,2,2
16,2,2,16,9.0,18,14,1
22,1,1,22,11.5,23,21,0
1,5,1,5,3.0,6,4,0
32,24,24,32,28.0,56,8,13
8,9,8,9,8.5,17,1,7
12,13,12,13,12.5,25,1,7
1,4,1,4,2.5,5,3,0
1,8,1,8,4.5,9,7,0
15,12,12,15,13.5,27,3,11
7,9,7,9,8.0,16,2,6
1,7,1,7,4.0,8,6,0
5,1,1,5,3.0,6,4,0
7,7,7,7,7.0,14,0,6
8,1,1,8,4.5,9,7,0
27,24,24,27,25.5,51,3,22
25,27,25,27,26.0,52,2,15
1,12,1,12,6.5,13,11,0
8,7,7,8,7.5,15,1,6
20,18,18,20,19.0,38,2,17
21,19,19,21,20.0,40,2,17
5,1,1,5,3.0,6,4,0
1,5,1,5,3.0,6,4,0
24,17,17,24,20.5,41,7,15
1,5,1,5,3.0,6,4,0
5,4,4,5,4.5,9,1,2
5,3,3,5,4.0,8,2,2
13,2,2,13,7.5,15,11,0
9,7,7,9,8.0,16,2,5
1,75,1,75,38.0,76,74,0
6,107,6,107,56.5,113,101,0
1,4,1,4,2.5,5,3,0
4,3,3,4,3.5,7,1,2
10,11,10,11,10.5,21,1,6
8,7,7,8,7.5,15,1,3
4,1,1,4,2.5,5,3,0
12,12,12,12,12.0,24,0,11
1,12,1,12,6.5,13,11,0
12,15,12,15,13.5,27,3,11
1,4,1,4,2.5,5,3,0
1,4,1,4,2.5,5,3,0
4,1,1,4,2.5,5,3,0
25,33,25,33,29.0,58,8,23
1,13,1,13,7.0,14,12,0
2,4,2,4,3.0,6,2,1
8,13,8,13,10.5,21,5,4
19,38,19,38,28.5,57,19,17
6,1,1,6,3.5,7,5,0
4,5,4,5,4.5,9,1,3
10,11,10,11,10.5,21,1,8
1,7,1,7,4.0,8,6,0
8,2,2,8,5.0,10,6,1
3,13,3,13,8.0,16,10,1
13,8,8,13,10.5,21,5,6
1,20,1,20,10.5,21,19,0
6,8,6,8,7.0,14,2,4
7,8,7,8,7.5,15,1,5
14,7,7,14,10.5,21,7,6
4,1,1,4,2.5,5,3,0
6,1,1,6,3.5,7,5,0
5,1,1,5,3.0,6,4,0
2,5,2,5,3.5,7,3,0
5,1,1,5,3.0,6,4,0
11,1,1,11,6.0,12,10,0
13,1,1,13,7.0,14,12,0
21,35,21,35,28.0,56,14,15
2,4,2,4,3.0,6,2,1
12,9,9,12,10.5,21,3,7
6,7,6,7,6.5,13,1,5
1,4,1,4,2.5,5,3,0
12,12,12,12,12.0,24,0,11
5,4,4,5,4.5,9,1,3
1,5,1,5,3.0,6,4,0
19,23,19,23,21.0,42,4,18
17,9,9,17,13.0,26,8,5
5,1,1,5,3.0,6,4,0
13,12,12,13,12.5,25,1,11
9,10,9,10,9.5,19,1,7
20,1,1,20,10.5,21,19,0
4,4,4,4,4.0,8,0,3
13,15,13,15,14.0,28,2,12
4,14,4,14,9.0,18,10,0
1,4,1,4,2.5,5,3,0
3,5,3,5,4.0,8,2,2
6,8,6,8,7.0,14,2,5
2,4,2,4,3.0,6,2,0
39,24,24,39,31.5,63,15,19
2,4,2,4,3.0,6,2,1
10,10,10,10,10.0,20,0,9
16,16,16,16,16.0,32,0,12
4,5,4,5,4.5,9,1,0
1,5,1,5,3.0,6,4,0
5,1,1,5,3.0,6,4,0
1,4,1,4,2.5,5,3,0
18,16,16,18,17.0,34,2,15
2,6,2,6,4.0,8,4,1
4,6,4,6,5.0,10,2,3
7,5,5,7,6.0,12,2,4
7,6,6,7,6.5,13,1,5
11,12,11,12,11.5,23,1,10
1,5,1,5,3.0,6,4,0
2,5,2,5,3.5,7,3,0
12,11,11,12,11.5,23,1,5
9,13,9,13,11.0,22,4,8
6,5,5,6,5.5,11,1,4
1,4,1,4,2.5,5,3,0
13,6,6,13,9.5,19,7,2
2,20,2,20,11.0,22,18,1
1,10,1,10,5.5,11,9,0
8,1,1,8,4.5,9,7,0
27,25,25,27,26.0,52,2,24
5,1,1,5,3.0,6,4,0
9,1,1,9,5.0,10,8,0
12,1,1,12,6.5,13,11,0
1,5,1,5,3.0,6,4,0
26,27,26,27,26.5,53,1,25
4,4,4,4,4.0,8,0,3
2,4,2,4,3.0,6,2,1
1,40,1,40,20.5,41,39,0
2,5,2,5,3.5,7,3,1
18,22,18,22,20.0,40,4,16
12,1,1,12,6.5,13,11,0
22,107,22,107,64.5,129,85,18
6,5,5,6,5.5,11,1,2
33,34,33,34,33.5,67,1,32
1,7,1,7,4.0,8,6,0
1,4,1,4,2.5,5,3,0
17,17,17,17,17.0,34,0,16
12,12,12,12,12.0,24,0,9
1,17,1,17,9.0,18,16,0
1,35,1,35,18.0,36,34,0
4,1,1,4,2.5,5,3,0
1,5,1,5,3.0,6,4,0
16,5,5,16,10.5,21,11,2
2,7,2,7,4.5,9,5,1
5,6,5,6,5.5,11,1,4
6,4,4,6,5.0,10,2,3
14,16,14,16,15.0,30,2,13
1,5,1,5,3.0,6,4,0
1,26,1,26,13.5,27,25,0
1,5,1,5,3.0,6,4,0
4,18,4,18,11.0,22,14,2
2,5,2,5,3.5,7,3,1
1,9,1,9,5.0,10,8,0
10,13,10,13,11.5,23,3,7
5,1,1,5,3.0,6,4,0
1,4,1,4,2.5,5,3,0
13,12,12,13,12.5,25,1,10
3,6,3,6,4.5,9,3,2
9,1,1,9,5.0,10,8,0
14,4,4,14,9.0,18,10,3
5,1,1,5,3.0,6,4,0
5,1,1,5,3.0,6,4,0
8,11,8,11,9.5,19,3,6
4,2,2,4,3.0,6,2,1
4,1,1,4,2.5,5,3,0
16,16,16,16,16.0,32,0,15
32,31,31,32,31.5,63,1,29
4,3,3,4,3.5,7,1,2
5,1,1,5,3.0,6,4,0
1,5,1,5,3.0,6,4,0
5,6,5,6,5.5,11,1,4
1,15,1,15,8.0,16,14,0
4,4,4,4,4.0,8,0,1
26,27,26,27,26.5,53,1,25
12,4,4,12,8.0,16,8,1
2,4,2,4,3.0,6,2,1
5,6,5,6,5.5,11,1,2
4,1,1,4,2.5,5,3,0
6,7,6,7,6.5,13,1,5
1,5,1,5,3.0,6,4,0
1,4,1,4,2.5,5,3,0
13,15,13,15,14.0,28,2,12
1,5,1,5,3.0,6,4,0
1,6,1,6,3.5,7,5,0
1,16,1,16,8.5,17,15,0
33,33,33,33,33.0,66,0,32
18,18,18,18,18.0,36,0,17
4,4,4,4,4.0,8,0,3
6,1,1,6,3.5,7,5,0
1,77,1,77,39.0,78,76,0
12,11,11,12,11.5,23,1,10
8,11,8,11,9.5,19,3,5
9,9,9,9,9.0,18,0,8
32,30,30,32,31.0,62,2,23
20,24,20,24,22.0,44,4,19
24,21,21,24,22.5,45,3,14
1,4,1,4,2.5,5,3,0
1,4,1,4,2.5,5,3,0
1,6,1,6,3.5,7,5,0
8,8,8,8,8.0,16,0,7
17,16,16,17,16.5,33,1,9
15,14,14,15,14.5,29,1,13
2,8,2,8,5.0,10,6,1
4,5,4,5,4.5,9,1,3
18,12,12,18,15.0,30,6,9
2,4,2,4,3.0,6,2,0
8,1,1,8,4.5,9,7,0
6,1,1,6,3.5,7,5,0
1,4,1,4,2.5,5,3,0
12,107,12,107,59.5,119,95,9
42,44,42,44,43.0,86,2,40
6,1,1,6,3.5,7,5,0
10,1,1,10,5.5,11,9,0
1,4,1,4,2.5,5,3,0
16,16,16,16,16.0,32,0,12
34,17,17,34,25.5,51,17,16
15,19,15,19,17.0,34,4,14
9,9,9,9,9.0,18,0,8
21,31,21,31,26.0,52,10,18
1,4,1,4,2.5,5,3,0
39,33,33,39,36.0,72,6,18
9,7,7,9,8.0,16,2,4
7,7,7,7,7.0,14,0,6
4,4,4,4,4.0,8,0,0
4,1,1,4,2.5,5,3,0
5,7,5,7,6.0,12,2,4
19,25,19,25,22.0,44,6,18
16,24,16,24,20.0,40,8,15
45,36,36,45,40.5,81,9,32
15,22,15,22,18.5,37,7,13
12,13,12,13,12.5,25,1,10
3,21,3,21,12.0,24,18,0
1,14,1,14,7.5,15,13,0
5,7,5,7,6.0,12,2,3
8,6,6,8,7.0,14,2,1
13,13,13,13,13.0,26,0,12
9,2,2,9,5.5,11,7,1
16,13,13,16,14.5,29,3,10
4,1,1,4,2.5,5,3,0
4,1,1,4,2.5,5,3,0
5,6,5,6,5.5,11,1,0
16,17,16,17,16.5,33,1,11
1,4,1,4,2.5,5,3,0
11,3,3,11,7.0,14,8,0
7,8,7,8,7.5,15,1,5
4,4,4,4,4.0,8,0,3
14,8,8,14,11.0,22,6,5
2,5,2,5,3.5,7,3,1
1,4,1,4,2.5,5,3,0
5,6,5,6,5.5,11,1,4
4,18,4,18,11.0,22,14,2
9,10,9,10,9.5,19,1,7
5,6,5,6,5.5,11,1,2
4,5,4,5,4.5,9,1,3
25,22,22,25,23.5,47,3,20
5,20,5,20,12.5,25,15,0
4,3,3,4,3.5,7,1,2
1,5,1,5,3.0,6,4,0
14,10,10,14,12.0,24,4,9
4,1,1,4,2.5,5,3,0
5,1,1,5,3.0,6,4,0
12,13,12,13,12.5,25,1,11
4,1,1,4,2.5,5,3,0
8,8,8,8,8.0,16,0,6
6,1,1,6,3.5,7,5,0
4,4,4,4,4.0,8,0,2
1,107,1,107,54.0,108,106,0
11,10,10,11,10.5,21,1,9
20,14,14,20,17.0,34,6,12
5,2,2,5,3.5,7,3,1
1,5,1,5,3.0,6,4,0
1,6,1,6,3.5,7,5,0
1,5,1,5,3.0,6,4,0
45,17,17,45,31.0,62,28,16
8,2,2,8,5.0,10,6,1
6,4,4,6,5.0,10,2,3
6,5,5,6,5.5,11,1,3
1,9,1,9,5.0,10,8,0
11,9,9,11,10.0,20,2,5
9,9,9,9,9.0,18,0,7
5,5,5,5,5.0,10,0,4
4,1,1,4,2.5,5,3,0
31,20,20,31,25.5,51,11,17
8,1,1,8,4.5,9,7,0
1,8,1,8,4.5,9,7,0
16,12,12,16,14.0,28,4,9
15,11,11,15,13.0,26,4,10
4,2,2,4,3.0,6,2,1
1,7,1,7,4.0,8,6,0
5,5,5,5,5.0,10,0,4
1,12,1,12,6.5,13,11,0
25,31,25,31,28.0,56,6,19
38,15,15,38,26.5,53,23,14
50,40,40,50,45.0,90,10,19
8,10,8,10,9.0,18,2,5
22,20,20,22,21.0,42,2,18
7,2,2,7,4.5,9,5,0
19,1,1,19,10.0,20,18,0
6,5,5,6,5.5,11,1,0
1,5,1,5,3.0,6,4,0
6,17,6,17,11.5,23,11,4
33,40,33,40,36.5,73,7,16
26,1,1,26,13.5,27,25,0
19,19,19,19,19.0,38,0,17
5,11,5,11,8.0,16,6,2
11,9,9,11,10.0,20,2,6
25,13,13,25,19.0,38,12,12
1,4,1,4,2.5,5,3,0
18,21,18,21,19.5,39,3,17
12,2,2,12,7.0,14,10,0
24,24,24,24,24.0,48,0,21
2,5,2,5,3.5,7,3,1
15,12,12,15,13.5,27,3,11
5,8,5,8,6.5,13,3,4
5,1,1,5,3.0,6,4,0
4,1,1,4,2.5,5,3,0
8,5,5,8,6.5,13,3,4
5,3,3,5,4.0,8,2,1
5,1,1,5,3.0,6,4,0
2,40,2,40,21.0,42,38,0
8,8,8,8,8.0,16,0,7
1,5,1,5,3.0,6,4,0
13,15,13,15,14.0,28,2,8
5,3,3,5,4.0,8,2,1
19,16,16,19,17.5,35,3,11
49,23,23,49,36.0,72,26,19
32,55,32,55,43.5,87,23,22
22,38,22,38,30.0,60,16,20
9,7,7,9,8.0,16,2,6
5,8,5,8,6.5,13,3,1
1,5,1,5,3.0,6,4,0
4,1,1,4,2.5,5,3,0
3,4,3,4,3.5,7,1,2
4,1,1,4,2.5,5,3,0
6,18,6,18,12.0,24,12,2
4,1,1,4,2.5,5,3,0
5,7,5,7,6.0,12,2,3
6,1,1,6,3.5,7,5,0
13,1,1,13,7.0,14,12,0
6,1,1,6,3.5,7,5,0
2,8,2,8,5.0,10,6,0
5,6,5,6,5.5,11,1,3
13,14,13,14,13.5,27,1,12
17,1,1,17,9.0,18,16,0
1,17,1,17,9.0,18,16,0
1,4,1,4,2.5,5,3,0
14,3,3,14,8.5,17,11,2
1,5,1,5,3.0,6,4,0
5,2,2,5,3.5,7,3,0
4,6,4,6,5.0,10,2,3
10,2,2,10,6.0,12,8,1
5,1,1,5,3.0,6,4,0
4,1,1,4,2.5,5,3,0
5,6,5,6,5.5,11,1,4
4,4,4,4,4.0,8,0,3
19,20,19,20,19.5,39,1,18
8,8,8,8,8.0,16,0,7
6,6,6,6,6.0,12,0,0
18,20,18,20,19.0,38,2,17
10,11,10,11,10.5,21,1,8
14,20,14,20,17.0,34,6,11
6,6,6,6,6.0,12,0,4
2,5,2,5,3.5,7,3,1
4,1,1,4,2.5,5,3,0
1,11,1,11,6.0,12,10,0
7,6,6,7,6.5,13,1,5
19,16,16,19,17.5,35,3,15
3,4,3,4,3.5,7,1,2
14,6,6,14,10.0,20,8,4
9,1,1,9,5.0,10,8,0
16,6,6,16,11.0,22,10,3
29,48,29,48,38.5,77,19,21
6,2,2,6,4.0,8,4,1
8,6,6,8,7.0,14,2,4
1,4,1,4,2.5,5,3,0
27,26,26,27,26.5,53,1,25
23,50,23,50,36.5,73,27,19
6,1,1,6,3.5,7,5,0
5,4,4,5,4.5,9,1,0
5,4,4,5,4.5,9,1,3
1,4,1,4,2.5,5,3,0
8,8,8,8,8.0,16,0,7
5,5,5,5,5.0,10,0,3
6,9,6,9,7.5,15,3,1
20,1,1,20,10.5,21,19,0
5,1,1,5,3.0,6,4,0
5,4,4,5,4.5,9,1,2
5,13,5,13,9.0,18,8,4
2,7,2,7,4.5,9,5,1
7,9,7,9,8.0,16,2,6
1,11,1,11,6.0,12,10,0
15,13,13,15,14.0,28,2,7
5,1,1,5,3.0,6,4,0
4,5,4,5,4.5,9,1,3
4,1,1,4,2.5,5,3,0
5,10,5,10,7.5,15,5,3
8,5,5,8,6.5,13,3,4
4,2,2,4,3.0,6,2,1
7,7,7,7,7.0,14,0,6
6,16,6,16,11.0,22,10,3
1,5,1,5,3.0,6,4,0
12,20,12,20,16.0,32,8,11
1,13,1,13,7.0,14,12,0
9,14,9,14,11.5,23,5,8
26,26,26,26,26.0,52,0,25
8,6,6,8,7.0,14,2,3
4,5,4,5,4.5,9,1,3
4,9,4,9,6.5,13,5,0
2,7,2,7,4.5,9,5,1
32,32,32,32,32.0,64,0,30
2,4,2,4,3.0,6,2,0
1,27,1,27,14.0,28,26,0
4,8,4,8,6.0,12,4,3
11,2,2,11,6.5,13,9,1
4,1,1,4,2.5,5,3,0
4,5,4,5,4.5,9,1,3
6,6,6,6,6.0,12,0,5
4,4,4,4,4.0,8,0,2
12,2,2,12,7.0,14,10,1
25,46,25,46,35.5,71,21,21
9,19,9,19,14.0,28,10,4
4,1,1,4,2.5,5,3,0
7,5,5,7,6.0,12,2,1
4,8,4,8,6.0,12,4,2
11,14,11,14,12.5,25,3,10
1,6,1,6,3.5,7,5,0
1,6,1,6,3.5,7,5,0
1,4,1,4,2.5,5,3,0
7,11,7,11,9.0,18,4,1
10,7,7,10,8.5,17,3,0
1,4,1,4,2.5,5,3,0
1,5,1,5,3.0,6,4,0
10,7,7,10,8.5,17,3,1
54,19,19,54,36.5,73,35,10
1,4,1,4,2.5,5,3,0
8,8,8,8,8.0,16,0,7
14,19,14,19,16.5,33,5,11
1,5,1,5,3.0,6,4,0
23,15,15,23,19.0,38,8,12
4,1,1,4,2.5,5,3,0
1,7,1,7,4.0,8,6,0
1,8,1,8,4.5,9,7,0
4,1,1,4,2.5,5,3,0
6,1,1,6,3.5,7,5,0
10,1,1,10,5.5,11,9,0
4,4,4,4,4.0,8,0,3
10,2,2,10,6.0,12,8,1
2,5,2,5,3.5,7,3,1
14,5,5,14,9.5,19,9,0
6,1,1,6,3.5,7,5,0
11,20,11,20,15.5,31,9,4
4,1,1,4,2.5,5,3,0
8,1,1,8,4.5,9,7,0
21,21,21,21,21.0,42,0,19
19,19,19,19,19.0,38,0,18
1,4,1,4,2.5,5,3,0
2,26,2,26,14.0,28,24,0
9,1,1,9,5.0,10,8,0
1,5,1,5,3.0,6,4,0
17,20,17,20,18.5,37,3,16
10,21,10,21,15.5,31,11,3
6,1,1,6,3.5,7,5,0
2,4,2,4,3.0,6,2,0
14,9,9,14,11.5,23,5,7
5,1,1,5,3.0,6,4,0
28,10,10,28,19.0,38,18,8
5,5,5,5,5.0,10,0,4
5,5,5,5,5.0,10,0,4
5,5,5,5,5.0,10,0,4
5,6,5,6,5.5,11,1,4
1,10,1,10,5.5,11,9,0
24,19,19,24,21.5,43,5,18
2,6,2,6,4.0,8,4,1
4,1,1,4,2.5,5,3,0
14,12,12,14,13.0,26,2,11
25,31,25,31,28.0,56,6,24
1,23,1,23,12.0,24,22,0
10,9,9,10,9.5,19,1,8
2,5,2,5,3.5,7,3,1
13,9,9,13,11.0,22,4,7
2,6,2,6,4.0,8,4,1
6,1,1,6,3.5,7,5,0
24,19,19,24,21.5,43,5,16
6,8,6,8,7.0,14,2,4
1,5,1,5,3.0,6,4,0
4,4,4,4,4.0,8,0,1
1,8,1,8,4.5,9,7,0
5,15,5,15,10.0,20,10,3
10,10,10,10,10.0,20,0,9
10,11,10,11,10.5,21,1,9
4,1,1,4,2.5,5,3,0
5,1,1,5,3.0,6,4,0
19,19,19,19,19.0,38,0,18
7,2,2,7,4.5,9,5,1
29,22,22,29,25.5,51,7,18
7,11,7,11,9.0,18,4,6
8,9,8,9,8.5,17,1,7
7,11,7,11,9.0,18,4,6
4,8,4,8,6.0,12,4,3
3,5,3,5,4.0,8,2,2
4,1,1,4,2.5,5,3,0
9,5,5,9,7.0,14,4,4
1,8,1,8,4.5,9,7,0
3,10,3,10,6.5,13,7,0
24,26,24,26,25.0,50,2,23
7,9,7,9,8.0,16,2,6
4,1,1,4,2.5,5,3,0
6,7,6,7,6.5,13,1,5
10,12,10,12,11.0,22,2,9
19,18,18,19,18.5,37,1,17
4,4,4,4,4.0,8,0,3
41,44,41,44,42.5,85,3,40
8,2,2,8,5.0,10,6,1
4,3,3,4,3.5,7,1,1
1,9,1,9,5.0,10,8,0
18,12,12,18,15.0,30,6,9
8,5,5,8,6.5,13,3,3
17,15,15,17,16.0,32,2,13
31,32,31,32,31.5,63,1,29
3,4,3,4,3.5,7,1,2
1,14,1,14,7.5,15,13,0
5,2,2,5,3.5,7,3,1
5,6,5,6,5.5,11,1,2
5,1,1,5,3.0,6,4,0
6,5,5,6,5.5,11,1,3
13,1,1,13,7.0,14,12,0
4,1,1,4,2.5,5,3,0
4,2,2,4,3.0,6,2,1
38,17,17,38,27.5,55,21,15
13,18,13,18,15.5,31,5,12
4,2,2,4,3.0,6,2,1
1,19,1,19,10.0,20,18,0
1,6,1,6,3.5,7,5,0
6,6,6,6,6.0,12,0,4
4,4,4,4,4.0,8,0,3
10,12,10,12,11.0,22,2,7
2,6,2,6,4.0,8,4,0
24,26,24,26,25.0,50,2,22
7,1,1,7,4.0,8,6,0
23,24,23,24,23.5,47,1,22
7,7,7,7,7.0,14,0,4
4,4,4,4,4.0,8,0,2
26,27,26,27,26.5,53,1,25
5,1,1,5,3.0,6,4,0
4,1,1,4,2.5,5,3,0
12,14,12,14,13.0,26,2,11
8,51,8,51,29.5,59,43,6
9,11,9,11,10.0,20,2,7
4,1,1,4,2.5,5,3,0
4,1,1,4,2.5,5,3,0
5,5,5,5,5.0,10,0,4
6,6,6,6,6.0,12,0,3
4,1,1,4,2.5,5,3,0
7,3,3,7,5.0,10,4,2
6,7,6,7,6.5,13,1,5
21,23,21,23,22.0,44,2,20
4,1,1,4,2.5,5,3,0
8,10,8,10,9.0,18,2,6
146,34,34,146,90.0,180,112,31
26,26,26,26,26.0,52,0,25
5,6,5,6,5.5,11,1,3
5,4,4,5,4.5,9,1,3
10,15,10,15,12.5,25,5,7
9,7,7,9,8.0,16,2,6
8,5,5,8,6.5,13,3,0
5,5,5,5,5.0,10,0,0
33,41,33,41,37.0,74,8,27
8,7,7,8,7.5,15,1,6
37,27,27,37,32.0,64,10,25
4,1,1,4,2.5,5,3,0
4,4,4,4,4.0,8,0,1
1,4,1,4,2.5,5,3,0
25,32,25,32,28.5,57,7,21
7,7,7,7,7.0,14,0,5
4,5,4,5,4.5,9,1,3
46,36,36,46,41.0,82,10,33
4,3,3,4,3.5,7,1,2
6,2,2,6,4.0,8,4,0
5,4,4,5,4.5,9,1,3
20,19,19,20,19.5,39,1,17
7,10,7,10,8.5,17,3,0
1,12,1,12,6.5,13,11,0
6,7,6,7,6.5,13,1,5
4,13,4,13,8.5,17,9,0
4,1,1,4,2.5,5,3,0
13,1,1,13,7.0,14,12,0
5,5,5,5,5.0,10,0,2
1,13,1,13,7.0,14,12,0
1,10,1,10,5.5,11,9,0
6,1,1,6,3.5,7,5,0
5,29,5,29,17.0,34,24,1
1,6,1,6,3.5,7,5,0
12,6,6,12,9.0,18,6,4
5,5,5,5,5.0,10,0,3
44,48,44,48,46.0,92,4,43
6,1,1,6,3.5,7,5,0
16,35,16,35,25.5,51,19,11
30,27,27,30,28.5,57,3,23
1,5,1,5,3.0,6,4,0
1,8,1,8,4.5,9,7,0
7,2,2,7,4.5,9,5,1
4,6,4,6,5.0,10,2,3
1,5,1,5,3.0,6,4,0
7,6,6,7,6.5,13,1,4
31,32,31,32,31.5,63,1,30
15,12,12,15,13.5,27,3,10
1,5,1,5,3.0,6,4,0
18,27,18,27,22.5,45,9,14
12,12,12,12,12.0,24,0,11
18,16,16,18,17.0,34,2,14
2,6,2,6,4.0,8,4,1
7,6,6,7,6.5,13,1,5
4,1,1,4,2.5,5,3,0
19,19,19,19,19.0,38,0,18
6,7,6,7,6.5,13,1,5
23,21,21,23,22.0,44,2,15
7,8,7,8,7.5,15,1,4
22,17,17,22,19.5,39,5,15
25,32,25,32,28.5,57,7,23
4,4,4,4,4.0,8,0,3
5,6,5,6,5.5,11,1,3
7,5,5,7,6.0,12,2,3
21,42,21,42,31.5,63,21,18
6,9,6,9,7.5,15,3,5
2,8,2,8,5.0,10,6,1
32,32,32,32,32.0,64,0,30
5,1,1,5,3.0,6,4,0
7,2,2,7,4.5,9,5,1
4,1,1,4,2.5,5,3,0
6,4,4,6,5.0,10,2,3
5,6,5,6,5.5,11,1,4
5,11,5,11,8.0,16,6,4
1,5,1,5,3.0,6,4,0
15,4,4,15,9.5,19,11,3
44,42,42,44,43.0,86,2,31
6,4,4,6,5.0,10,2,3
6,4,4,6,5.0,10,2,3
23,25,23,25,24.0,48,2,20
8,17,8,17,12.5,25,9,4
17,15,15,17,16.0,32,2,14
5,1,1,5,3.0,6,4,0
6,8,6,8,7.0,14,2,5
4,4,4,4,4.0,8,0,3
5,4,4,5,4.5,9,1,3
20,13,13,20,16.5,33,7,11
4,6,4,6,5.0,10,2,3
11,8,8,11,9.5,19,3,7
1,6,1,6,3.5,7,5,0
1,8,1,8,4.5,9,7,0
1,7,1,7,4.0,8,6,0
30,30,30,30,30.0,60,0,20
17,107,17,107,62.0,124,90,0
12,17,12,17,14.5,29,5,7
4,2,2,4,3.0,6,2,1
5,2,2,5,3.5,7,3,0
11,1,1,11,6.0,12,10,0
1,22,1,22,11.5,23,21,0
1,5,1,5,3.0,6,4,0
11,10,10,11,10.5,21,1,9
43,44,43,44,43.5,87,1,32
10,8,8,10,9.0,18,2,4
26,27,26,27,26.5,53,1,25
1,25,1,25,13.0,26,24,0
1,6,1,6,3.5,7,5,0
5,1,1,5,3.0,6,4,0
12,9,9,12,10.5,21,3,8
6,5,5,6,5.5,11,1,3
7,9,7,9,8.0,16,2,6
12,11,11,12,11.5,23,1,10
7,6,6,7,6.5,13,1,5
15,5,5,15,10.0,20,10,3
7,2,2,7,4.5,9,5,1
11,11,11,11,11.0,22,0,5
12,2,2,12,7.0,14,10,0
24,12,12,24,18.0,36,12,10
15,15,15,15,15.0,30,0,9
11,10,10,11,10.5,21,1,9
17,6,6,17,11.5,23,11,4
24,22,22,24,23.0,46,2,19
4,2,2,4,3.0,6,2,1
7,7,7,7,7.0,14,0,6
11,39,11,39,25.0,50,28,6
43,38,38,43,40.5,81,5,33
39,31,31,39,35.0,70,8,27
6,1,1,6,3.5,7,5,0
4,4,4,4,4.0,8,0,3
33,32,32,33,32.5,65,1,31
8,1,1,8,4.5,9,7,0
2,14,2,14,8.0,16,12,0
5,7,5,7,6.0,12,2,1
25,21,21,25,23.0,46,4,19
23,20,20,23,21.5,43,3,18
35,41,35,41,38.0,76,6,27
9,2,2,9,5.5,11,7,1
16,18,16,18,17.0,34,2,15
18,21,18,21,19.5,39,3,17
4,1,1,4,2.5,5,3,0
31,26,26,31,28.5,57,5,19
4,3,3,4,3.5,7,1,2
27,40,27,40,33.5,67,13,26
6,2,2,6,4.0,8,4,1
11,19,11,19,15.0,30,8,8
1,4,1,4,2.5,5,3,0
1,18,1,18,9.5,19,17,0
11,4,4,11,7.5,15,7,0
2,4,2,4,3.0,6,2,0
1,9,1,9,5.0,10,8,0
22,24,22,24,23.0,46,2,18
1,4,1,4,2.5,5,3,0
4,1,1,4,2.5,5,3,0
5,2,2,5,3.5,7,3,1
2,7,2,7,4.5,9,5,1
14,13,13,14,13.5,27,1,5
5,5,5,5,5.0,10,0,2
4,1,1,4,2.5,5,3,0
17,2,2,17,9.5,19,15,1
8,6,6,8,7.0,14,2,5
15,33,15,33,24.0,48,18,14
8,12,8,12,10.0,20,4,7
5,5,5,5,5.0,10,0,3
10,10,10,10,10.0,20,0,8
9,10,9,10,9.5,19,1,6
22,25,22,25,23.5,47,3,6
32,29,29,32,30.5,61,3,27
1,5,1,5,3.0,6,4,0
5,1,1,5,3.0,6,4,0
1,9,1,9,5.0,10,8,0
3,10,3,10,6.5,13,7,1
4,1,1,4,2.5,5,3,0
6,6,6,6,6.0,12,0,5
2,5,2,5,3.5,7,3,0
1,24,1,24,12.5,25,23,0
7,8,7,8,7.5,15,1,6
4,4,4,4,4.0,8,0,2
15,1,1,15,8.0,16,14,0
39,49,39,49,44.0,88,10,33
20,20,20,20,20.0,40,0,19
4,1,1,4,2.5,5,3,0
4,1,1,4,2.5,5,3,0
6,7,6,7,6.5,13,1,5
23,21,21,23,22.0,44,2,19
13,13,13,13,13.0,26,0,8
4,1,1,4,2.5,5,3,0
11,4,4,11,7.5,15,7,3
1,6,1,6,3.5,7,5,0
5,5,5,5,5.0,10,0,3
1,7,1,7,4.0,8,6,0
40,36,36,40,38.0,76,4,32
19,5,5,19,12.0,24,14,3
10,12,10,12,11.0,22,2,8
19,19,19,19,19.0,38,0,18
5,6,5,6,5.5,11,1,4
10,1,1,10,5.5,11,9,0
24,33,24,33,28.5,57,9,19
8,1,1,8,4.5,9,7,0
4,11,4,11,7.5,15,7,1
2,5,2,5,3.5,7,3,1
10,9,9,10,9.5,19,1,6
11,5,5,11,8.0,16,6,2
22,17,17,22,19.5,39,5,16
5,1,1,5,3.0,6,4,0
31,41,31,41,36.0,72,10,27
20,24,20,24,22.0,44,4,18
5,4,4,5,4.5,9,1,1
13,14,13,14,13.5,27,1,12
6,8,6,8,7.0,14,2,2
34,28,28,34,31.0,62,6,19
14,9,9,14,11.5,23,5,7
17,8,8,17,12.5,25,9,7
6,1,1,6,3.5,7,5,0
1,8,1,8,4.5,9,7,0
4,16,4,16,10.0,20,12,1
6,5,5,6,5.5,11,1,4
1,4,1,4,2.5,5,3,0
26,1,1,26,13.5,27,25,0
5,5,5,5,5.0,10,0,4
23,25,23,25,24.0,48,2,21
4,2,2,4,3.0,6,2,1
28,41,28,41,34.5,69,13,25
10,1,1,10,5.5,11,9,0
7,6,6,7,6.5,13,1,5
4,1,1,4,2.5,5,3,0
22,21,21,22,21.5,43,1,17
27,24,24,27,25.5,51,3,22
4,2,2,4,3.0,6,2,1
1,6,1,6,3.5,7,5,0
9,8,8,9,8.5,17,1,5
4,3,3,4,3.5,7,1,2
5,6,5,6,5.5,11,1,4
8,1,1,8,4.5,9,7,0
11,10,10,11,10.5,21,1,9
1,4,1,4,2.5,5,3,0
5,6,5,6,5.5,11,1,0
2,18,2,18,10.0,20,16,1
9,1,1,9,5.0,10,8,0
39,33,33,39,36.0,72,6,31
22,12,12,22,17.0,34,10,10
25,20,20,25,22.5,45,5,12
6,8,6,8,7.0,14,2,5
4,7,4,7,5.5,11,3,3
4,2,2,4,3.0,6,2,1
7,7,7,7,7.0,14,0,6
11,5,5,11,8.0,16,6,3
25,16,16,25,20.5,41,9,13
1,5,1,5,3.0,6,4,0
1,18,1,18,9.5,19,17,0
31,21,21,31,26.0,52,10,19
9,9,9,9,9.0,18,0,6
4,1,1,4,2.5,5,3,0
25,4,4,25,14.5,29,21,3
14,14,14,14,14.0,28,0,6
13,4,4,13,8.5,17,9,0
29,34,29,34,31.5,63,5,24
5,5,5,5,5.0,10,0,4
32,40,32,40,36.0,72,8,23
1,8,1,8,4.5,9,7,0
1,4,1,4,2.5,5,3,0
5,1,1,5,3.0,6,4,0
4,2,2,4,3.0,6,2,1
4,1,1,4,2.5,5,3,0
1,9,1,9,5.0,10,8,0
8,1,1,8,4.5,9,7,0
22,24,22,24,23.0,46,2,1
7,6,6,7,6.5,13,1,3
12,1,1,12,6.5,13,11,0
6,6,6,6,6.0,12,0,3
6,1,1,6,3.5,7,5,0
2,11,2,11,6.5,13,9,0
7,9,7,9,8.0,16,2,6
1,12,1,12,6.5,13,11,0
15,7,7,15,11.0,22,8,2
1,4,1,4,2.5,5,3,0
30,7,7,30,18.5,37,23,4
4,4,4,4,4.0,8,0,3
5,1,1,5,3.0,6,4,0
12,3,3,12,7.5,15,9,0
7,1,1,7,4.0,8,6,0
6,5,5,6,5.5,11,1,4
4,1,1,4,2.5,5,3,0
1,17,1,17,9.0,18,16,0
1,5,1,5,3.0,6,4,0
3,8,3,8,5.5,11,5,1
15,14,14,15,14.5,29,1,5
5,6,5,6,5.5,11,1,4
25,21,21,25,23.0,46,4,19
5,6,5,6,5.5,11,1,4
1,5,1,5,3.0,6,4,0
14,14,14,14,14.0,28,0,13
2,5,2,5,3.5,7,3,1
12,12,12,12,12.0,24,0,11
4,1,1,4,2.5,5,3,0
6,6,6,6,6.0,12,0,5
6,18,6,18,12.0,24,12,0
14,14,14,14,14.0,28,0,5
1,5,1,5,3.0,6,4,0
1,5,1,5,3.0,6,4,0
5,2,2,5,3.5,7,3,0
21,19,19,21,20.0,40,2,11
3,4,3,4,3.5,7,1,2
13,12,12,13,12.5,25,1,9
1,9,1,9,5.0,10,8,0
8,6,6,8,7.0,14,2,4
9,7,7,9,8.0,16,2,6
27,15,15,27,21.0,42,12,14
29,41,29,41,35.0,70,12,21
6,1,1,6,3.5,7,5,0
7,6,6,7,6.5,13,1,5
10,3,3,10,6.5,13,7,2
13,8,8,13,10.5,21,5,3
15,37,15,37,26.0,52,22,14
16,7,7,16,11.5,23,9,3
10,11,10,11,10.5,21,1,9
15,19,15,19,17.0,34,4,10
1,8,1,8,4.5,9,7,0
9,5,5,9,7.0,14,4,4
7,5,5,7,6.0,12,2,3
9,1,1,9,5.0,10,8,0
15,15,15,15,15.0,30,0,13
19,18,18,19,18.5,37,1,17
4,1,1,4,2.5,5,3,0
7,7,7,7,7.0,14,0,5
5,1,1,5,3.0,6,4,0
1,4,1,4,2.5,5,3,0
1,4,1,4,2.5,5,3,0
13,13,13,13,13.0,26,0,11
4,4,4,4,4.0,8,0,3
5,1,1,5,3.0,6,4,0
1,40,1,40,20.5,41,39,0
21,7,7,21,14.0,28,14,4
3,5,3,5,4.0,8,2,1
9,1,1,9,5.0,10,8,0
15,2,2,15,8.5,17,13,1
5,4,4,5,4.5,9,1,3
5,7,5,7,6.0,12,2,4
17,20,17,20,18.5,37,3,16
12,6,6,12,9.0,18,6,0
5,10,5,10,7.5,15,5,4
4,1,1,4,2.5,5,3,0
5,2,2,5,3.5,7,3,1
13,17,13,17,15.0,30,4,11
1,5,1,5,3.0,6,4,0
9,6,6,9,7.5,15,3,4
6,1,1,6,3.5,7,5,0
1,11,1,11,6.0,12,10,0
26,1,1,26,13.5,27,25,0
1,41,1,41,21.0,42,40,0
6,6,6,6,6.0,12,0,5
23,23,23,23,23.0,46,0,14
4,1,1,4,2.5,5,3,0
48,20,20,48,34.0,68,28,13
4,1,1,4,2.5,5,3,0
4,1,1,4,2.5,5,3,0
8,8,8,8,8.0,16,0,6
1,4,1,4,2.5,5,3,0
1,21,1,21,11.0,22,20,0
20,10,10,20,15.0,30,10,9
35,45,35,45,40.0,80,10,28
34,40,34,40,37.0,74,6,27
12,9,9,12,10.5,21,3,8
7,8,7,8,7.5,15,1,6
6,5,5,6,5.5,11,1,0
5,4,4,5,4.5,9,1,2
9,7,7,9,8.0,16,2,4
3,16,3,16,9.5,19,13,2
29,33,29,33,31.0,62,4,22
17,18,17,18,17.5,35,1,14
7,1,1,7,4.0,8,6,0
1,4,1,4,2.5,5,3,0
5,5,5,5,5.0,10,0,4
1,5,1,5,3.0,6,4,0
1,5,1,5,3.0,6,4,0
4,4,4,4,4.0,8,0,3
4,4,4,4,4.0,8,0,3
18,16,16,18,17.0,34,2,12
9,1,1,9,5.0,10,8,0
4,2,2,4,3.0,6,2,1
2,12,2,12,7.0,14,10,1
8,6,6,8,7.0,14,2,5
4,1,1,4,2.5,5,3,0
47,25,25,47,36.0,72,22,24
1,4,1,4,2.5,5,3,0
13,13,13,13,13.0,26,0,11
9,8,8,9,8.5,17,1,6
8,11,8,11,9.5,19,3,2
24,7,7,24,15.5,31,17,5
1,13,1,13,7.0,14,12,0
26,24,24,26,25.0,50,2,9
4,6,4,6,5.0,10,2,3
13,7,7,13,10.0,20,6,4
3,5,3,5,4.0,8,2,2
27,34,27,34,30.5,61,7,23
1,4,1,4,2.5,5,3,0
1,31,1,31,16.0,32,30,0
4,1,1,4,2.5,5,3,0
1,9,1,9,5.0,10,8,0
9,9,9,9,9.0,18,0,2
1,23,1,23,12.0,24,22,0
29,33,29,33,31.0,62,4,20
5,1,1,5,3.0,6,4,0
4,1,1,4,2.5,5,3,0
3,4,3,4,3.5,7,1,1
5,1,1,5,3.0,6,4,0
3,6,3,6,4.5,9,3,2
1,6,1,6,3.5,7,5,0
33,30,30,33,31.5,63,3,27
1,4,1,4,2.5,5,3,0
1,4,1,4,2.5,5,3,0
13,7,7,13,10.0,20,6,6
4,7,4,7,5.5,11,3,3
20,11,11,20,15.5,31,9,9
6,6,6,6,6.0,12,0,5
5,1,1,5,3.0,6,4,0
1,105,1,105,53.0,106,104,0
4,4,4,4,4.0,8,0,3
4,1,1,4,2.5,5,3,0
7,5,5,7,6.0,12,2,4
5,9,5,9,7.0,14,4,1
1,21,1,21,11.0,22,20,0
4,1,1,4,2.5,5,3,0
7,8,7,8,7.5,15,1,6
1,13,1,13,7.0,14,12,0
18,21,18,21,19.5,39,3,10
18,19,18,19,18.5,37,1,16
26,21,21,26,23.5,47,5,18
4,4,4,4,4.0,8,0,2
6,7,6,7,6.5,13,1,5
18,18,18,18,18.0,36,0,16
4,1,1,4,2.5,5,3,0
1,4,1,4,2.5,5,3,0
2,28,2,28,15.0,30,26,1
46,42,42,46,44.0,88,4,31
6,6,6,6,6.0,12,0,4
4,1,1,4,2.5,5,3,0
1,4,1,4,2.5,5,3,0
2,146,2,146,74.0,148,144,0
46,29,29,46,37.5,75,17,20
1,21,1,21,11.0,22,20,0
5,1,1,5,3.0,6,4,0
4,5,4,5,4.5,9,1,3
5,1,1,5,3.0,6,4,0
4,2,2,4,3.0,6,2,1
6,6,6,6,6.0,12,0,5
12,8,8,12,10.0,20,4,7
1,4,1,4,2.5,5,3,0
4,3,3,4,3.5,7,1,2
36,21,21,36,28.5,57,15,20
9,5,5,9,7.0,14,4,4
23,53,23,53,38.0,76,30,13
4,2,2,4,3.0,6,2,1
4,7,4,7,5.5,11,3,1
37,40,37,40,38.5,77,3,28
6,1,1,6,3.5,7,5,0
9,9,9,9,9.0,18,0,8
18,10,10,18,14.0,28,8,7
1,11,1,11,6.0,12,10,0
20,18,18,20,19.0,38,2,17
13,13,13,13,13.0,26,0,12
9,9,9,9,9.0,18,0,7
4,2,2,4,3.0,6,2,1
4,8,4,8,6.0,12,4,0
19,21,19,21,20.0,40,2,17
5,4,4,5,4.5,9,1,3
14,14,14,14,14.0,28,0,13
1,12,1,12,6.5,13,11,0
11,12,11,12,11.5,23,1,9
32,32,32,32,32.0,64,0,30
4,3,3,4,3.5,7,1,0
5,5,5,5,5.0,10,0,4
1,11,1,11,6.0,12,10,0
1,5,1,5,3.0,6,4,0
24,34,24,34,29.0,58,10,17
1,4,1,4,2.5,5,3,0
5,8,5,8,6.5,13,3,3
1,5,1,5,3.0,6,4,0
9,9,9,9,9.0,18,0,8
6,1,1,6,3.5,7,5,0
3,8,3,8,5.5,11,5,1
6,1,1,6,3.5,7,5,0
8,4,4,8,6.0,12,4,3
6,4,4,6,5.0,10,2,3
4,3,3,4,3.5,7,1,2
1,6,1,6,3.5,7,5,0
13,23,13,23,18.0,36,10,9
16,15,15,16,15.5,31,1,13
1,4,1,4,2.5,5,3,0
23,1,1,23,12.0,24,22,0
15,23,15,23,19.0,38,8,12
8,1,1,8,4.5,9,7,0
12,4,4,12,8.0,16,8,1
25,34,25,34,29.5,59,9,18
38,38,38,38,38.0,76,0,30
7,10,7,10,8.5,17,3,5
1,4,1,4,2.5,5,3,0
15,20,15,20,17.5,35,5,13
10,8,8,10,9.0,18,2,7
18,4,4,18,11.0,22,14,2
6,2,2,6,4.0,8,4,0
26,42,26,42,34.0,68,16,20
2,4,2,4,3.0,6,2,1
13,8,8,13,10.5,21,5,7
1,4,1,4,2.5,5,3,0
6,2,2,6,4.0,8,4,1
37,28,28,37,32.5,65,9,20
4,5,4,5,4.5,9,1,3
7,6,6,7,6.5,13,1,4
17,14,14,17,15.5,31,3,12
10,1,1,10,5.5,11,9,0
28,20,20,28,24.0,48,8,15
4,3,3,4,3.5,7,1,2
1,8,1,8,4.5,9,7,0
4,4,4,4,4.0,8,0,3
8,8,8,8,8.0,16,0,7
37,32,32,37,34.5,69,5,27
27,25,25,27,26.0,52,2,23
1,6,1,6,3.5,7,5,0
5,4,4,5,4.5,9,1,3
9,21,9,21,15.0,30,12,8
6,7,6,7,6.5,13,1,4
4,1,1,4,2.5,5,3,0
20,7,7,20,13.5,27,13,3
11,11,11,11,11.0,22,0,1
12,9,9,12,10.5,21,3,8
2,7,2,7,4.5,9,5,0
7,7,7,7,7.0,14,0,5
6,1,1,6,3.5,7,5,0
3,5,3,5,4.0,8,2,2
4,1,1,4,2.5,5,3,0
3,22,3,22,12.5,25,19,0
4,1,1,4,2.5,5,3,0
13,9,9,13,11.0,22,4,8
1,8,1,8,4.5,9,7,0
1,6,1,6,3.5,7,5,0
14,22,14,22,18.0,36,8,9
18,1,1,18,9.5,19,17,0
16,17,16,17,16.5,33,1,11
13,8,8,13,10.5,21,5,3
35,34,34,35,34.5,69,1,24
6,1,1,6,3.5,7,5,0
4,1,1,4,2.5,5,3,0
1,11,1,11,6.0,12,10,0
13,11,11,13,12.0,24,2,5
21,21,21,21,21.0,42,0,14
4,4,4,4,4.0,8,0,3
4,3,3,4,3.5,7,1,2
5,5,5,5,5.0,10,0,3
7,7,7,7,7.0,14,0,6
4,4,4,4,4.0,8,0,3
12,5,5,12,8.5,17,7,1
2,8,2,8,5.0,10,6,1
6,7,6,7,6.5,13,1,4
5,1,1,5,3.0,6,4,0
5,10,5,10,7.5,15,5,1
1,6,1,6,3.5,7,5,0
28,26,26,28,27.0,54,2,15
1,6,1,6,3.5,7,5,0
1,4,1,4,2.5,5,3,0
5,2,2,5,3.5,7,3,1
9,1,1,9,5.0,10,8,0
5,6,5,6,5.5,11,1,4
12,14,12,14,13.0,26,2,11
4,10,4,10,7.0,14,6,3
4,10,4,10,7.0,14,6,3
33,33,33,33,33.0,66,0,24
9,5,5,9,7.0,14,4,4
1,6,1,6,3.5,7,5,0
10,39,10,39,24.5,49,29,6
11,9,9,11,10.0,20,2,7
19,23,19,23,21.0,42,4,7
18,2,2,18,10.0,20,16,0
1,4,1,4,2.5,5,3,0
4,146,4,146,75.0,150,142,0
31,32,31,32,31.5,63,1,29
9,10,9,10,9.5,19,1,6
7,7,7,7,7.0,14,0,2
6,4,4,6,5.0,10,2,3
8,5,5,8,6.5,13,3,4
42,50,42,50,46.0,92,8,39
6,1,1,6,3.5,7,5,0
4,1,1,4,2.5,5,3,0
1,10,1,10,5.5,11,9,0
21,21,21,21,21.0,42,0,19
49,41,41,49,45.0,90,8,24
47,45,45,47,46.0,92,2,34
3,6,3,6,4.5,9,3,2
4,1,1,4,2.5,5,3,0
5,4,4,5,4.5,9,1,2
8,8,8,8,8.0,16,0,7
16,18,16,18,17.0,34,2,10
1,5,1,5,3.0,6,4,0
9,9,9,9,9.0,18,0,7
4,5,4,5,4.5,9,1,2
5,5,5,5,5.0,10,0,2
20,15,15,20,17.5,35,5,6
1,11,1,11,6.0,12,10,0
5,16,5,16,10.5,21,11,4
9,2,2,9,5.5,11,7,0
1,4,1,4,2.5,5,3,0
7,2,2,7,4.5,9,5,1
1,4,1,4,2.5,5,3,0
14,23,14,23,18.5,37,9,1
5,5,5,5,5.0,10,0,4
14,12,12,14,13.0,26,2,7
7,12,7,12,9.5,19,5,4
7,1,1,7,4.0,8,6,0
10,12,10,12,11.0,22,2,4
1,5,1,5,3.0,6,4,0
21,20,20,21,20.5,41,1,15
5,1,1,5,3.0,6,4,0
6,1,1,6,3.5,7,5,0
4,4,4,4,4.0,8,0,3
5,9,5,9,7.0,14,4,4
6,20,6,20,13.0,26,14,5
6,2,2,6,4.0,8,4,1
5,1,1,5,3.0,6,4,0
1,4,1,4,2.5,5,3,0
4,4,4,4,4.0,8,0,2
19,15,15,19,17.0,34,4,14
19,25,19,25,22.0,44,6,17
1,5,1,5,3.0,6,4,0
16,16,16,16,16.0,32,0,15
9,9,9,9,9.0,18,0,6
6,1,1,6,3.5,7,5,0
10,9,9,10,9.5,19,1,8
2,5,2,5,3.5,7,3,1
1,30,1,30,15.5,31,29,0
7,1,1,7,4.0,8,6,0
1,8,1,8,4.5,9,7,0
6,2,2,6,4.0,8,4,1
8,14,8,14,11.0,22,6,7
7,11,7,11,9.0,18,4,4
12,14,12,14,13.0,26,2,10
4,1,1,4,2.5,5,3,0
1,5,1,5,3.0,6,4,0
16,14,14,16,15.0,30,2,10
15,15,15,15,15.0,30,0,7
9,4,4,9,6.5,13,5,3
13,13,13,13,13.0,26,0,12
10,14,10,14,12.0,24,4,7
7,8,7,8,7.5,15,1,5
37,42,37,42,39.5,79,5,28
9,42,9,42,25.5,51,33,2
22,41,22,41,31.5,63,19,18
14,14,14,14,14.0,28,0,12
4,1,1,4,2.5,5,3,0
4,4,4,4,4.0,8,0,3
1,6,1,6,3.5,7,5,0
4,5,4,5,4.5,9,1,3
6,1,1,6,3.5,7,5,0
1,6,1,6,3.5,7,5,0
1,27,1,27,14.0,28,26,0
4,5,4,5,4.5,9,1,3
18,12,12,18,15.0,30,6,11
6,6,6,6,6.0,12,0,5
4,1,1,4,2.5,5,3,0
1,5,1,5,3.0,6,4,0
10,2,2,10,6.0,12,8,1
7,6,6,7,6.5,13,1,5
10,33,10,33,21.5,43,23,8
1,4,1,4,2.5,5,3,0
1,6,1,6,3.5,7,5,0
26,10,10,26,18.0,36,16,0
10,8,8,10,9.0,18,2,7
20,36,20,36,28.0,56,16,18
9,3,3,9,6.0,12,6,2
6,1,1,6,3.5,7,5,0
12,12,12,12,12.0,24,0,11
1,4,1,4,2.5,5,3,0
7,1,1,7,4.0,8,6,0
5,1,1,5,3.0,6,4,0
12,14,12,14,13.0,26,2,10
25,15,15,25,20.0,40,10,12
27,25,25,27,26.0,52,2,24
20,28,20,28,24.0,48,8,19
7,2,2,7,4.5,9,5,1
2,14,2,14,8.0,16,12,1
6,6,6,6,6.0,12,0,5
34,24,24,34,29.0,58,10,17
7,10,7,10,8.5,17,3,6
66,24,24,66,45.0,90,42,18
5,5,5,5,5.0,10,0,4
5,5,5,5,5.0,10,0,3
2,10,2,10,6.0,12,8,0
8,1,1,8,4.5,9,7,0
1,8,1,8,4.5,9,7,0
4,4,4,4,4.0,8,0,3
1,19,1,19,10.0,20,18,0
20,4,4,20,12.0,24,16,0
29,107,29,107,68.0,136,78,25
1,14,1,14,7.5,15,13,0
5,2,2,5,3.5,7,3,1
17,14,14,17,15.5,31,3,10
1,7,1,7,4.0,8,6,0
1,7,1,7,4.0,8,6,0
12,4,4,12,8.0,16,8,3
1,44,1,44,22.5,45,43,0
6,5,5,6,5.5,11,1,3
20,37,20,37,28.5,57,17,16
1,7,1,7,4.0,8,6,0
1,14,1,14,7.5,15,13,0
8,30,8,30,19.0,38,22,6
1,5,1,5,3.0,6,4,0
4,6,4,6,5.0,10,2,3
1,5,1,5,3.0,6,4,0
21,146,21,146,83.5,167,125,4
2,4,2,4,3.0,6,2,1
12,6,6,12,9.0,18,6,5
7,4,4,7,5.5,11,3,3
5,6,5,6,5.5,11,1,4
6,1,1,6,3.5,7,5,0
3,7,3,7,5.0,10,4,2
6,2,2,6,4.0,8,4,1
4,6,4,6,5.0,10,2,3
8,6,6,8,7.0,14,2,2
10,12,10,12,11.0,22,2,8
12,10,10,12,11.0,22,2,7
1,11,1,11,6.0,12,10,0
11,10,10,11,10.5,21,1,9
5,2,2,5,3.5,7,3,1
4,4,4,4,4.0,8,0,3
1,13,1,13,7.0,14,12,0
6,1,1,6,3.5,7,5,0
4,4,4,4,4.0,8,0,1
4,1,1,4,2.5,5,3,0
4,1,1,4,2.5,5,3,0
1,4,1,4,2.5,5,3,0
4,4,4,4,4.0,8,0,3
13,14,13,14,13.5,27,1,8
11,11,11,11,11.0,22,0,10
5,1,1,5,3.0,6,4,0
23,27,23,27,25.0,50,4,21
6,4,4,6,5.0,10,2,0
17,16,16,17,16.5,33,1,15
1,7,1,7,4.0,8,6,0
10,13,10,13,11.5,23,3,7
1,7,1,7,4.0,8,6,0
15,16,15,16,15.5,31,1,13
4,1,1,4,2.5,5,3,0
7,2,2,7,4.5,9,5,1
4,2,2,4,3.0,6,2,1
8,10,8,10,9.0,18,2,5
12,11,11,12,11.5,23,1,9
4,1,1,4,2.5,5,3,0
36,27,27,36,31.5,63,9,25
6,1,1,6,3.5,7,5,0
6,6,6,6,6.0,12,0,5
1,4,1,4,2.5,5,3,0
4,6,4,6,5.0,10,2,1
4,1,1,4,2.5,5,3,0
51,24,24,51,37.5,75,27,23
6,9,6,9,7.5,15,3,5
4,1,1,4,2.5,5,3,0
13,15,13,15,14.0,28,2,7
6,6,6,6,6.0,12,0,5
6,6,6,6,6.0,12,0,5
18,19,18,19,18.5,37,1,17
20,17,17,20,18.5,37,3,14
26,46,26,46,36.0,72,20,21
5,4,4,5,4.5,9,1,3
12,22,12,22,17.0,34,10,11
45,38,38,45,41.5,83,7,34
25,39,25,39,32.0,64,14,16
4,5,4,5,4.5,9,1,3
45,41,41,45,43.0,86,4,32
34,4,4,34,19.0,38,30,2
1,4,1,4,2.5,5,3,0
8,10,8,10,9.0,18,2,2
10,10,10,10,10.0,20,0,6
6,10,6,10,8.0,16,4,4
1,4,1,4,2.5,5,3,0
7,17,7,17,12.0,24,10,4
5,9,5,9,7.0,14,4,4
2,4,2,4,3.0,6,2,0
5,2,2,5,3.5,7,3,1
45,42,42,45,43.5,87,3,33
4,1,1,4,2.5,5,3,0
1,5,1,5,3.0,6,4,0
5,1,1,5,3.0,6,4,0
4,1,1,4,2.5,5,3,0
15,17,15,17,16.0,32,2,14
9,9,9,9,9.0,18,0,7
7,9,7,9,8.0,16,2,1
4,1,1,4,2.5,5,3,0
5,4,4,5,4.5,9,1,3
19,18,18,19,18.5,37,1,6
10,10,10,10,10.0,20,0,9
1,10,1,10,5.5,11,9,0
3,5,3,5,4.0,8,2,2
18,16,16,18,17.0,34,2,11
5,2,2,5,3.5,7,3,1
8,6,6,8,7.0,14,2,4
12,8,8,12,10.0,20,4,6
1,77,1,77,39.0,78,76,0
9,4,4,9,6.5,13,5,3
1,19,1,19,10.0,20,18,0
6,1,1,6,3.5,7,5,0
32,32,32,32,32.0,64,0,30
5,1,1,5,3.0,6,4,0
5,1,1,5,3.0,6,4,0
5,6,5,6,5.5,11,1,4
23,33,23,33,28.0,56,10,20
15,15,15,15,15.0,30,0,1
18,17,17,18,17.5,35,1,15
13,12,12,13,12.5,25,1,11
2,4,2,4,3.0,6,2,1
2,9,2,9,5.5,11,7,0
20,18,18,20,19.0,38,2,17
5,5,5,5,5.0,10,0,3
41,21,21,41,31.0,62,20,18
2,6,2,6,4.0,8,4,0
4,4,4,4,4.0,8,0,3
4,1,1,4,2.5,5,3,0
13,14,13,14,13.5,27,1,12
10,20,10,20,15.0,30,10,9
2,4,2,4,3.0,6,2,1
7,9,7,9,8.0,16,2,5
5,5,5,5,5.0,10,0,4
39,41,39,41,40.0,80,2,34
27,29,27,29,28.0,56,2,23
10,16,10,16,13.0,26,6,7
4,4,4,4,4.0,8,0,0
5,5,5,5,5.0,10,0,3
22,5,5,22,13.5,27,17,2
34,25,25,34,29.5,59,9,19
39,20,20,39,29.5,59,19,19
6,8,6,8,7.0,14,2,4
4,5,4,5,4.5,9,1,2
5,5,5,5,5.0,10,0,4
10,13,10,13,11.5,23,3,7
2,7,2,7,4.5,9,5,0
4,4,4,4,4.0,8,0,3
10,1,1,10,5.5,11,9,0
4,1,1,4,2.5,5,3,0
5,7,5,7,6.0,12,2,4
2,31,2,31,16.5,33,29,0
4,4,4,4,4.0,8,0,3
4,4,4,4,4.0,8,0,3
5,4,4,5,4.5,9,1,3
1,4,1,4,2.5,5,3,0
34,34,34,34,34.0,68,0,29
8,6,6,8,7.0,14,2,4
1,4,1,4,2.5,5,3,0
23,22,22,23,22.5,45,1,21
5,8,5,8,6.5,13,3,4
5,1,1,5,3.0,6,4,0
5,1,1,5,3.0,6,4,0
17,6,6,17,11.5,23,11,0
19,19,19,19,19.0,38,0,16
11,7,7,11,9.0,18,4,5
1,4,1,4,2.5,5,3,0
18,22,18,22,20.0,40,4,12
19,19,19,19,19.0,38,0,18
1,5,1,5,3.0,6,4,0
13,56,13,56,34.5,69,43,1
33,7,7,33,20.0,40,26,3
5,5,5,5,5.0,10,0,2
4,1,1,4,2.5,5,3,0
2,5,2,5,3.5,7,3,1
1,9,1,9,5.0,10,8,0
18,23,18,23,20.5,41,5,16
2,13,2,13,7.5,15,11,1
8,7,7,8,7.5,15,1,3
4,4,4,4,4.0,8,0,3
12,13,12,13,12.5,25,1,11
1,13,1,13,7.0,14,12,0
13,13,13,13,13.0,26,0,11
9,1,1,9,5.0,10,8,0
10,1,1,10,5.5,11,9,0
22,24,22,24,23.0,46,2,21
17,19,17,19,18.0,36,2,14
1,18,1,18,9.5,19,17,0
11,9,9,11,10.0,20,2,6
9,1,1,9,5.0,10,8,0
146,38,38,146,92.0,184,108,36
1,5,1,5,3.0,6,4,0
4,4,4,4,4.0,8,0,2
7,7,7,7,7.0,14,0,6
38,41,38,41,39.5,79,3,31
1,4,1,4,2.5,5,3,0
1,13,1,13,7.0,14,12,0
42,25,25,42,33.5,67,17,23
5,13,5,13,9.0,18,8,4
1,7,1,7,4.0,8,6,0
26,27,26,27,26.5,53,1,23
25,34,25,34,29.5,59,9,24
1,4,1,4,2.5,5,3,0
1,5,1,5,3.0,6,4,0
4,8,4,8,6.0,12,4,3
7,1,1,7,4.0,8,6,0
10,1,1,10,5.5,11,9,0
20,21,20,21,20.5,41,1,15
35,27,27,35,31.0,62,8,10
1,18,1,18,9.5,19,17,0
1,16,1,16,8.5,17,15,0
10,5,5,10,7.5,15,5,4
16,4,4,16,10.0,20,12,1
11,10,10,11,10.5,21,1,3
2,5,2,5,3.5,7,3,0
12,10,10,12,11.0,22,2,5
5,7,5,7,6.0,12,2,4
16,19,16,19,17.5,35,3,14
22,26,22,26,24.0,48,4,18
9,10,9,10,9.5,19,1,2
9,5,5,9,7.0,14,4,4
17,13,13,17,15.0,30,4,12
1,6,1,6,3.5,7,5,0
5,6,5,6,5.5,11,1,4
2,4,2,4,3.0,6,2,0
6,8,6,8,7.0,14,2,4
2,6,2,6,4.0,8,4,1
32,32,32,32,32.0,64,0,31
3,11,3,11,7.0,14,8,0
1,5,1,5,3.0,6,4,0
2,21,2,21,11.5,23,19,0
4,23,4,23,13.5,27,19,3
1,4,1,4,2.5,5,3,0
5,4,4,5,4.5,9,1,3
14,21,14,21,17.5,35,7,10
6,16,6,16,11.0,22,10,5
6,7,6,7,6.5,13,1,5
8,7,7,8,7.5,15,1,1
12,12,12,12,12.0,24,0,11
7,8,7,8,7.5,15,1,6
8,9,8,9,8.5,17,1,5
5,4,4,5,4.5,9,1,0
9,1,1,9,5.0,10,8,0
6,7,6,7,6.5,13,1,0
12,13,12,13,12.5,25,1,7
5,1,1,5,3.0,6,4,0
1,4,1,4,2.5,5,3,0
1,19,1,19,10.0,20,18,0
1,13,1,13,7.0,14,12,0
11,11,11,11,11.0,22,0,8
13,8,8,13,10.5,21,5,1
4,3,3,4,3.5,7,1,2
8,8,8,8,8.0,16,0,7
12,12,12,12,12.0,24,0,10
4,5,4,5,4.5,9,1,3
5,1,1,5,3.0,6,4,0
4,1,1,4,2.5,5,3,0
10,11,10,11,10.5,21,1,7
13,29,13,29,21.0,42,16,6
2,5,2,5,3.5,7,3,0
5,1,1,5,3.0,6,4,0
25,24,24,25,24.5,49,1,23
7,1,1,7,4.0,8,6,0
4,1,1,4,2.5,5,3,0
34,28,28,34,31.0,62,6,10
8,7,7,8,7.5,15,1,6
4,1,1,4,2.5,5,3,0
1,5,1,5,3.0,6,4,0
6,5,5,6,5.5,11,1,2
2,4,2,4,3.0,6,2,1
16,1,1,16,8.5,17,15,0
18,11,11,18,14.5,29,7,9
12,43,12,43,27.5,55,31,10
1,7,1,7,4.0,8,6,0
14,14,14,14,14.0,28,0,13
1,5,1,5,3.0,6,4,0
5,1,1,5,3.0,6,4,0
6,4,4,6,5.0,10,2,3
4,2,2,4,3.0,6,2,1
4,6,4,6,5.0,10,2,3
5,1,1,5,3.0,6,4,0
13,11,11,13,12.0,24,2,10
43,42,42,43,42.5,85,1,40
5,5,5,5,5.0,10,0,4
9,8,8,9,8.5,17,1,7
4,4,4,4,4.0,8,0,3
13,6,6,13,9.5,19,7,4
1,6,1,6,3.5,7,5,0
1,6,1,6,3.5,7,5,0
14,22,14,22,18.0,36,8,11
5,9,5,9,7.0,14,4,4
4,1,1,4,2.5,5,3,0
5,5,5,5,5.0,10,0,2
7,12,7,12,9.5,19,5,2
3,5,3,5,4.0,8,2,2
3,9,3,9,6.0,12,6,2
46,24,24,46,35.0,70,22,17
4,4,4,4,4.0,8,0,3
5,5,5,5,5.0,10,0,3
7,7,7,7,7.0,14,0,5
6,1,1,6,3.5,7,5,0
12,10,10,12,11.0,22,2,8
8,8,8,8,8.0,16,0,7
15,7,7,15,11.0,22,8,5
2,6,2,6,4.0,8,4,0
7,4,4,7,5.5,11,3,3
32,32,32,32,32.0,64,0,30
8,7,7,8,7.5,15,1,6
4,14,4,14,9.0,18,10,0
1,4,1,4,2.5,5,3,0
5,3,3,5,4.0,8,2,2
8,17,8,17,12.5,25,9,7
4,4,4,4,4.0,8,0,3
2,11,2,11,6.5,13,9,0
16,9,9,16,12.5,25,7,6
7,2,2,7,4.5,9,5,1
7,2,2,7,4.5,9,5,1
8,7,7,8,7.5,15,1,2
4,4,4,4,4.0,8,0,3
14,8,8,14,11.0,22,6,5
10,6,6,10,8.0,16,4,5
4,5,4,5,4.5,9,1,1
10,10,10,10,10.0,20,0,8
4,1,1,4,2.5,5,3,0
30,24,24,30,27.0,54,6,23
16,12,12,16,14.0,28,4,11
13,6,6,13,9.5,19,7,4
4,6,4,6,5.0,10,2,1
3,4,3,4,3.5,7,1,2
26,6,6,26,16.0,32,20,4
7,5,5,7,6.0,12,2,3
4,1,1,4,2.5,5,3,0
9,9,9,9,9.0,18,0,8
5,4,4,5,4.5,9,1,3
5,1,1,5,3.0,6,4,0
10,1,1,10,5.5,11,9,0
9,1,1,9,5.0,10,8,0
6,2,2,6,4.0,8,4,1
5,2,2,5,3.5,7,3,1
1,10,1,10,5.5,11,9,0
25,21,21,25,23.0,46,4,19
6,5,5,6,5.5,11,1,2
1,43,1,43,22.0,44,42,0
6,1,1,6,3.5,7,5,0
5,1,1,5,3.0,6,4,0
25,40,25,40,32.5,65,15,22
1,6,1,6,3.5,7,5,0
5,5,5,5,5.0,10,0,3
1,7,1,7,4.0,8,6,0
1,4,1,4,2.5,5,3,0
1,39,1,39,20.0,40,38,0
15,5,5,15,10.0,20,10,2
4,5,4,5,4.5,9,1,3
3,6,3,6,4.5,9,3,2
4,4,4,4,4.0,8,0,2
5,6,5,6,5.5,11,1,4
9,1,1,9,5.0,10,8,0
3,11,3,11,7.0,14,8,2
4,1,1,4,2.5,5,3,0
1,6,1,6,3.5,7,5,0
3,10,3,10,6.5,13,7,0
49,38,38,49,43.5,87,11,31
15,1,1,15,8.0,16,14,0
5,1,1,5,3.0,6,4,0
5,1,1,5,3.0,6,4,0
12,1,1,12,6.5,13,11,0
4,4,4,4,4.0,8,0,2
1,15,1,15,8.0,16,14,0
4,1,1,4,2.5,5,3,0
7,7,7,7,7.0,14,0,6
3,5,3,5,4.0,8,2,1
4,4,4,4,4.0,8,0,1
4,6,4,6,5.0,10,2,0
5,5,5,5,5.0,10,0,4
8,1,1,8,4.5,9,7,0
1,21,1,21,11.0,22,20,0
26,16,16,26,21.0,42,10,12
4,1,1,4,2.5,5,3,0
2,6,2,6,4.0,8,4,1
7,7,7,7,7.0,14,0,6
2,4,2,4,3.0,6,2,0
4,1,1,4,2.5,5,3,0
4,1,1,4,2.5,5,3,0
8,8,8,8,8.0,16,0,6
5,4,4,5,4.5,9,1,3
11,6,6,11,8.5,17,5,5
12,5,5,12,8.5,17,7,0
5,6,5,6,5.5,11,1,2
5,5,5,5,5.0,10,0,4
11,19,11,19,15.0,30,8,4
5,1,1,5,3.0,6,4,0
5,1,1,5,3.0,6,4,0
13,12,12,13,12.5,25,1,10
18,10,10,18,14.0,28,8,8
5,17,5,17,11.0,22,12,0
14,10,10,14,12.0,24,4,8
8,9,8,9,8.5,17,1,7
12,11,11,12,11.5,23,1,10
4,7,4,7,5.5,11,3,0
1,4,1,4,2.5,5,3,0
9,11,9,11,10.0,20,2,0
13,1,1,13,7.0,14,12,0
5,5,5,5,5.0,10,0,4
31,6,6,31,18.5,37,25,5
19,10,10,19,14.5,29,9,8
4,1,1,4,2.5,5,3,0
25,9,9,25,17.0,34,16,8
14,10,10,14,12.0,24,4,9
12,10,10,12,11.0,22,2,4
6,7,6,7,6.5,13,1,4
10,8,8,10,9.0,18,2,6
6,2,2,6,4.0,8,4,1
23,29,23,29,26.0,52,6,22
1,6,1,6,3.5,7,5,0
4,1,1,4,2.5,5,3,0
40,28,28,40,34.0,68,12,26
8,21,8,21,14.5,29,13,4
8,1,1,8,4.5,9,7,0
5,6,5,6,5.5,11,1,3
1,5,1,5,3.0,6,4,0
18,33,18,33,25.5,51,15,13
1,9,1,9,5.0,10,8,0
1,5,1,5,3.0,6,4,0
1,4,1,4,2.5,5,3,0
18,21,18,21,19.5,39,3,11
13,13,13,13,13.0,26,0,10
4,2,2,4,3.0,6,2,1
5,5,5,5,5.0,10,0,4
5,5,5,5,5.0,10,0,2
12,12,12,12,12.0,24,0,10
1,5,1,5,3.0,6,4,0
4,1,1,4,2.5,5,3,0
2,4,2,4,3.0,6,2,1
2,5,2,5,3.5,7,3,1
6,1,1,6,3.5,7,5,0
10,8,8,10,9.0,18,2,6
1,4,1,4,2.5,5,3,0
1,9,1,9,5.0,10,8,0
20,14,14,20,17.0,34,6,8
11,12,11,12,11.5,23,1,7
5,10,5,10,7.5,15,5,4
1,7,1,7,4.0,8,6,0
1,7,1,7,4.0,8,6,0
7,5,5,7,6.0,12,2,3
34,33,33,34,33.5,67,1,27
1,7,1,7,4.0,8,6,0
2,21,2,21,11.5,23,19,1
6,7,6,7,6.5,13,1,4
14,20,14,20,17.0,34,6,10
6,6,6,6,6.0,12,0,5
51,41,41,51,46.0,92,10,24
8,7,7,8,7.5,15,1,6
3,5,3,5,4.0,8,2,1
30,32,30,32,31.0,62,2,27
1,4,1,4,2.5,5,3,0
3,4,3,4,3.5,7,1,2
5,2,2,5,3.5,7,3,1
9,5,5,9,7.0,14,4,3
30,10,10,30,20.0,40,20,8
31,33,31,33,32.0,64,2,30
4,1,1,4,2.5,5,3,0
19,20,19,20,19.5,39,1,17
8,5,5,8,6.5,13,3,4
4,2,2,4,3.0,6,2,1
3,6,3,6,4.5,9,3,0
6,4,4,6,5.0,10,2,3
4,8,4,8,6.0,12,4,0
27,25,25,27,26.0,52,2,23
4,5,4,5,4.5,9,1,3
2,6,2,6,4.0,8,4,0
2,7,2,7,4.5,9,5,0
8,5,5,8,6.5,13,3,3
8,9,8,9,8.5,17,1,7
22,21,21,22,21.5,43,1,19
1,13,1,13,7.0,14,12,0
43,45,43,45,44.0,88,2,32
9,9,9,9,9.0,18,0,8
26,47,26,47,36.5,73,21,24
1,6,1,6,3.5,7,5,0
3,4,3,4,3.5,7,1,2
8,6,6,8,7.0,14,2,1
18,24,18,24,21.0,42,6,16
2,6,2,6,4.0,8,4,1
2,5,2,5,3.5,7,3,1
6,4,4,6,5.0,10,2,2
1,11,1,11,6.0,12,10,0
20,20,20,20,20.0,40,0,16
4,1,1,4,2.5,5,3,0
10,10,10,10,10.0,20,0,9
15,17,15,17,16.0,32,2,14
1,10,1,10,5.5,11,9,0
5,1,1,5,3.0,6,4,0
1,19,1,19,10.0,20,18,0
38,16,16,38,27.0,54,22,11
2,4,2,4,3.0,6,2,1
14,5,5,14,9.5,19,9,3
11,9,9,11,10.0,20,2,8
5,5,5,5,5.0,10,0,4
1,11,1,11,6.0,12,10,0
19,1,1,19,10.0,20,18,0
7,7,7,7,7.0,14,0,5
1,8,1,8,4.5,9,7,0
1,7,1,7,4.0,8,6,0
2,7,2,7,4.5,9,5,1
15,17,15,17,16.0,32,2,13
18,12,12,18,15.0,30,6,11
1,26,1,26,13.5,27,25,0
12,13,12,13,12.5,25,1,11
1,5,1,5,3.0,6,4,0
31,29,29,31,30.0,60,2,27
8,1,1,8,4.5,9,7,0
6,7,6,7,6.5,13,1,5
19,21,19,21,20.0,40,2,15
5,7,5,7,6.0,12,2,3
6,13,6,13,9.5,19,7,4
46,40,40,46,43.0,86,6,31
45,28,28,45,36.5,73,17,20
12,11,11,12,11.5,23,1,10
5,4,4,5,4.5,9,1,3
1,26,1,26,13.5,27,25,0
1,11,1,11,6.0,12,10,0
6,1,1,6,3.5,7,5,0
4,1,1,4,2.5,5,3,0
17,12,12,17,14.5,29,5,9
26,26,26,26,26.0,52,0,25
7,6,6,7,6.5,13,1,1
5,1,1,5,3.0,6,4,0
1,4,1,4,2.5,5,3,0
1,8,1,8,4.5,9,7,0
12,2,2,12,7.0,14,10,1
17,5,5,17,11.0,22,12,3
13,18,13,18,15.5,31,5,12
1,5,1,5,3.0,6,4,0
2,31,2,31,16.5,33,29,0
6,6,6,6,6.0,12,0,4
7,7,7,7,7.0,14,0,6
4,4,4,4,4.0,8,0,3
31,35,31,35,33.0,66,4,25
7,7,7,7,7.0,14,0,3
4,6,4,6,5.0,10,2,2
15,10,10,15,12.5,25,5,9
32,32,32,32,32.0,64,0,26
4,4,4,4,4.0,8,0,0
2,6,2,6,4.0,8,4,0
10,12,10,12,11.0,22,2,7
6,5,5,6,5.5,11,1,4
2,19,2,19,10.5,21,17,1
1,5,1,5,3.0,6,4,0
1,5,1,5,3.0,6,4,0
7,1,1,7,4.0,8,6,0
26,24,24,26,25.0,50,2,20
1,4,1,4,2.5,5,3,0
6,27,6,27,16.5,33,21,2
1,4,1,4,2.5,5,3,0
3,5,3,5,4.0,8,2,2
1,6,1,6,3.5,7,5,0
1,7,1,7,4.0,8,6,0
7,3,3,7,5.0,10,4,2
5,1,1,5,3.0,6,4,0
11,1,1,11,6.0,12,10,0
12,13,12,13,12.5,25,1,11
5,4,4,5,4.5,9,1,3
31,33,31,33,32.0,64,2,30
44,45,44,45,44.5,89,1,40
6,7,6,7,6.5,13,1,5
21,1,1,21,11.0,22,20,0
21,23,21,23,22.0,44,2,18
9,10,9,10,9.5,19,1,0
4,1,1,4,2.5,5,3,0
22,12,12,22,17.0,34,10,7
9,13,9,13,11.0,22,4,8
4,1,1,4,2.5,5,3,0
1,4,1,4,2.5,5,3,0
8,4,4,8,6.0,12,4,2
5,2,2,5,3.5,7,3,1
10,1,1,10,5.5,11,9,0
8,8,8,8,8.0,16,0,7
1,14,1,14,7.5,15,13,0
36,13,13,36,24.5,49,23,8
5,1,1,5,3.0,6,4,0
14,12,12,14,13.0,26,2,10
13,2,2,13,7.5,15,11,1
12,5,5,12,8.5,17,7,4
1,5,1,5,3.0,6,4,0
4,1,1,4,2.5,5,3,0
20,19,19,20,19.5,39,1,16
19,34,19,34,26.5,53,15,11
4,2,2,4,3.0,6,2,1
19,15,15,19,17.0,34,4,11
1,7,1,7,4.0,8,6,0
15,1,1,15,8.0,16,14,0
9,13,9,13,11.0,22,4,8
8,47,8,47,27.5,55,39,6
9,8,8,9,8.5,17,1,6
1,4,1,4,2.5,5,3,0
7,12,7,12,9.5,19,5,5
5,4,4,5,4.5,9,1,3
1,9,1,9,5.0,10,8,0
6,1,1,6,3.5,7,5,0
45,38,38,45,41.5,83,7,37
17,38,17,38,27.5,55,21,9
7,4,4,7,5.5,11,3,3
13,7,7,13,10.0,20,6,6
5,1,1,5,3.0,6,4,0
6,7,6,7,6.5,13,1,4
4,2,2,4,3.0,6,2,1
1,5,1,5,3.0,6,4,0
1,6,1,6,3.5,7,5,0
3,17,3,17,10.0,20,14,2
2,12,2,12,7.0,14,10,1
22,24,22,24,23.0,46,2,18
22,33,22,33,27.5,55,11,19
11,1,1,11,6.0,12,10,0
11,10,10,11,10.5,21,1,7
11,1,1,11,6.0,12,10,0
19,18,18,19,18.5,37,1,17
1,5,1,5,3.0,6,4,0
5,12,5,12,8.5,17,7,3
7,1,1,7,4.0,8,6,0
12,1,1,12,6.5,13,11,0
8,4,4,8,6.0,12,4,2
1,9,1,9,5.0,10,8,0
15,17,15,17,16.0,32,2,13
1,5,1,5,3.0,6,4,0
6,1,1,6,3.5,7,5,0
4,6,4,6,5.0,10,2,3
16,13,13,16,14.5,29,3,12
32,41,32,41,36.5,73,9,23
23,16,16,23,19.5,39,7,12
4,4,4,4,4.0,8,0,3
8,4,4,8,6.0,12,4,3
6,1,1,6,3.5,7,5,0
32,15,15,32,23.5,47,17,14
1,5,1,5,3.0,6,4,0
1,4,1,4,2.5,5,3,0
4,1,1,4,2.5,5,3,0
9,9,9,9,9.0,18,0,8
7,1,1,7,4.0,8,6,0
5,5,5,5,5.0,10,0,4
8,14,8,14,11.0,22,6,5
4,1,1,4,2.5,5,3,0
12,17,12,17,14.5,29,5,9
7,1,1,7,4.0,8,6,0
7,1,1,7,4.0,8,6,0
1,4,1,4,2.5,5,3,0
4,2,2,4,3.0,6,2,1
5,6,5,6,5.5,11,1,3
5,4,4,5,4.5,9,1,2
43,18,18,43,30.5,61,25,13
6,6,6,6,6.0,12,0,5
9,11,9,11,10.0,20,2,8
1,5,1,5,3.0,6,4,0
12,2,2,12,7.0,14,10,0
8,1,1,8,4.5,9,7,0
5,14,5,14,9.5,19,9,4
1,5,1,5,3.0,6,4,0
4,1,1,4,2.5,5,3,0
4,1,1,4,2.5,5,3,0
4,1,1,4,2.5,5,3,0
4,6,4,6,5.0,10,2,3
5,9,5,9,7.0,14,4,1
5,1,1,5,3.0,6,4,0
1,36,1,36,18.5,37,35,0
1,10,1,10,5.5,11,9,0
1,4,1,4,2.5,5,3,0
2,8,2,8,5.0,10,6,1
19,20,19,20,19.5,39,1,18
2,7,2,7,4.5,9,5,0
9,18,9,18,13.5,27,9,4
4,1,1,4,2.5,5,3,0
13,6,6,13,9.5,19,7,5
9,9,9,9,9.0,18,0,8
20,8,8,20,14.0,28,12,5
4,1,1,4,2.5,5,3,0
14,13,13,14,13.5,27,1,5
5,2,2,5,3.5,7,3,0
30,14,14,30,22.0,44,16,11
5,7,5,7,6.0,12,2,4
49,41,41,49,45.0,90,8,40
5,4,4,5,4.5,9,1,2
4,2,2,4,3.0,6,2,0
6,4,4,6,5.0,10,2,3
1,4,1,4,2.5,5,3,0
4,4,4,4,4.0,8,0,2
1,9,1,9,5.0,10,8,0
14,27,14,27,20.5,41,13,2
1,4,1,4,2.5,5,3,0
10,10,10,10,10.0,20,0,4
15,13,13,15,14.0,28,2,12
25,28,25,28,26.5,53,3,20
42,22,22,42,32.0,64,20,18
4,9,4,9,6.5,13,5,3
19,14,14,19,16.5,33,5,13
4,3,3,4,3.5,7,1,1
2,5,2,5,3.5,7,3,0
8,8,8,8,8.0,16,0,7
30,1,1,30,15.5,31,29,0
7,4,4,7,5.5,11,3,3
5,13,5,13,9.0,18,8,4
8,8,8,8,8.0,16,0,7
7,8,7,8,7.5,15,1,0
6,15,6,15,10.5,21,9,5
4,2,2,4,3.0,6,2,1
4,1,1,4,2.5,5,3,0
5,5,5,5,5.0,10,0,4
10,9,9,10,9.5,19,1,8
7,5,5,7,6.0,12,2,4
6,7,6,7,6.5,13,1,5
14,14,14,14,14.0,28,0,13
17,8,8,17,12.5,25,9,6
27,26,26,27,26.5,53,1,25
14,12,12,14,13.0,26,2,11
1,4,1,4,2.5,5,3,0
1,18,1,18,9.5,19,17,0
1,4,1,4,2.5,5,3,0
1,6,1,6,3.5,7,5,0
1,7,1,7,4.0,8,6,0
4,4,4,4,4.0,8,0,3
21,12,12,21,16.5,33,9,9
28,25,25,28,26.5,53,3,21
4,5,4,5,4.5,9,1,3
26,1,1,26,13.5,27,25,0
27,26,26,27,26.5,53,1,25
14,17,14,17,15.5,31,3,6
26,9,9,26,17.5,35,17,8
6,5,5,6,5.5,11,1,4
1,5,1,5,3.0,6,4,0
6,1,1,6,3.5,7,5,0
6,1,1,6,3.5,7,5,0
1,5,1,5,3.0,6,4,0
21,33,21,33,27.0,54,12,15
4,2,2,4,3.0,6,2,1
6,6,6,6,6.0,12,0,5
9,5,5,9,7.0,14,4,2
4,1,1,4,2.5,5,3,0
4,1,1,4,2.5,5,3,0
5,5,5,5,5.0,10,0,4
7,7,7,7,7.0,14,0,6
9,11,9,11,10.0,20,2,5
4,1,1,4,2.5,5,3,0
5,4,4,5,4.5,9,1,3
6,7,6,7,6.5,13,1,5
5,1,1,5,3.0,6,4,0
14,14,14,14,14.0,28,0,13
1,5,1,5,3.0,6,4,0
1,7,1,7,4.0,8,6,0
4,9,4,9,6.5,13,5,1
6,12,6,12,9.0,18,6,0
4,1,1,4,2.5,5,3,0
1,14,1,14,7.5,15,13,0
45,49,45,49,47.0,94,4,38
47,48,47,48,47.5,95,1,46
1,7,1,7,4.0,8,6,0
21,27,21,27,24.0,48,6,15
5,3,3,5,4.0,8,2,0
15,21,15,21,18.0,36,6,13
4,4,4,4,4.0,8,0,3
5,1,1,5,3.0,6,4,0
12,13,12,13,12.5,25,1,10
4,6,4,6,5.0,10,2,3
17,8,8,17,12.5,25,9,7
21,4,4,21,12.5,25,17,0
4,4,4,4,4.0,8,0,3
26,44,26,44,35.0,70,18,24
1,4,1,4,2.5,5,3,0
14,24,14,24,19.0,38,10,12
11,1,1,11,6.0,12,10,0
5,5,5,5,5.0,10,0,4
12,1,1,12,6.5,13,11,0
5,1,1,5,3.0,6,4,0
18,13,13,18,15.5,31,5,9
11,9,9,11,10.0,20,2,6
4,7,4,7,5.5,11,3,2
4,1,1,4,2.5,5,3,0
18,8,8,18,13.0,26,10,3
8,1,1,8,4.5,9,7,0
4,1,1,4,2.5,5,3,0
4,5,4,5,4.5,9,1,3
4,4,4,4,4.0,8,0,3
1,5,1,5,3.0,6,4,0
6,5,5,6,5.5,11,1,0
5,8,5,8,6.5,13,3,4
5,6,5,6,5.5,11,1,4
8,8,8,8,8.0,16,0,7
4,1,1,4,2.5,5,3,0
9,9,9,9,9.0,18,0,8
6,6,6,6,6.0,12,0,3
11,1,1,11,6.0,12,10,0
5,8,5,8,6.5,13,3,2
4,1,1,4,2.5,5,3,0
2,5,2,5,3.5,7,3,1
17,10,10,17,13.5,27,7,6
5,6,5,6,5.5,11,1,4
7,7,7,7,7.0,14,0,4
19,15,15,19,17.0,34,4,13
4,1,1,4,2.5,5,3,0
6,5,5,6,5.5,11,1,4
16,18,16,18,17.0,34,2,13
22,16,16,22,19.0,38,6,15
2,7,2,7,4.5,9,5,1
7,1,1,7,4.0,8,6,0
1,5,1,5,3.0,6,4,0
6,5,5,6,5.5,11,1,4
2,5,2,5,3.5,7,3,1
7,7,7,7,7.0,14,0,6
2,9,2,9,5.5,11,7,0
16,10,10,16,13.0,26,6,4
16,12,12,16,14.0,28,4,4
2,4,2,4,3.0,6,2,1
25,34,25,34,29.5,59,9,18
11,11,11,11,11.0,22,0,10
1,23,1,23,12.0,24,22,0
1,4,1,4,2.5,5,3,0
2,10,2,10,6.0,12,8,1
42,41,41,42,41.5,83,1,39
17,1,1,17,9.0,18,16,0
1,15,1,15,8.0,16,14,0
5,1,1,5,3.0,6,4,0
5,1,1,5,3.0,6,4,0
23,18,18,23,20.5,41,5,17
8,12,8,12,10.0,20,4,7
4,4,4,4,4.0,8,0,3
6,1,1,6,3.5,7,5,0
1,4,1,4,2.5,5,3,0
24,23,23,24,23.5,47,1,11
5,1,1,5,3.0,6,4,0
2,5,2,5,3.5,7,3,0
5,1,1,5,3.0,6,4,0
6,6,6,6,6.0,12,0,5
4,2,2,4,3.0,6,2,1
25,17,17,25,21.0,42,8,9
4,4,4,4,4.0,8,0,3
1,5,1,5,3.0,6,4,0
5,16,5,16,10.5,21,11,0
5,5,5,5,5.0,10,0,3
7,1,1,7,4.0,8,6,0
5,5,5,5,5.0,10,0,4
7,1,1,7,4.0,8,6,0
37,20,20,37,28.5,57,17,18
4,1,1,4,2.5,5,3,0
1,8,1,8,4.5,9,7,0
4,1,1,4,2.5,5,3,0
4,1,1,4,2.5,5,3,0
5,6,5,6,5.5,11,1,0
4,1,1,4,2.5,5,3,0
4,1,1,4,2.5,5,3,0
1,18,1,18,9.5,19,17,0
17,1,1,17,9.0,18,16,0
4,4,4,4,4.0,8,0,3
2,7,2,7,4.5,9,5,0
11,11,11,11,11.0,22,0,7
6,4,4,6,5.0,10,2,2
7,4,4,7,5.5,11,3,3
11,12,11,12,11.5,23,1,6
5,1,1,5,3.0,6,4,0
5,1,1,5,3.0,6,4,0
27,21,21,27,24.0,48,6,18
4,6,4,6,5.0,10,2,3
4,1,1,4,2.5,5,3,0
18,13,13,18,15.5,31,5,11
4,1,1,4,2.5,5,3,0
19,11,11,19,15.0,30,8,7
5,6,5,6,5.5,11,1,4
6,8,6,8,7.0,14,2,5
9,7,7,9,8.0,16,2,2
9,12,9,12,10.5,21,3,7
10,2,2,10,6.0,12,8,0
7,1,1,7,4.0,8,6,0
13,21,13,21,17.0,34,8,11
1,5,1,5,3.0,6,4,0
1,9,1,9,5.0,10,8,0
22,1,1,22,11.5,23,21,0
22,6,6,22,14.0,28,16,5
4,1,1,4,2.5,5,3,0
6,6,6,6,6.0,12,0,4
8,4,4,8,6.0,12,4,0
1,4,1,4,2.5,5,3,0
6,3,3,6,4.5,9,3,2
4,1,1,4,2.5,5,3,0
17,21,17,21,19.0,38,4,15
2,5,2,5,3.5,7,3,1
13,9,9,13,11.0,22,4,8
11,1,1,11,6.0,12,10,0
2,8,2,8,5.0,10,6,1
7,1,1,7,4.0,8,6,0
42,33,33,42,37.5,75,9,18
7,9,7,9,8.0,16,2,0
15,15,15,15,15.0,30,0,11
1,7,1,7,4.0,8,6,0
7,4,4,7,5.5,11,3,3
1,13,1,13,7.0,14,12,0
2,5,2,5,3.5,7,3,1
5,5,5,5,5.0,10,0,4
1,5,1,5,3.0,6,4,0
17,14,14,17,15.5,31,3,13
30,22,22,30,26.0,52,8,19
40,36,36,40,38.0,76,4,31
4,1,1,4,2.5,5,3,0
4,3,3,4,3.5,7,1,2
4,1,1,4,2.5,5,3,0
2,4,2,4,3.0,6,2,0
10,11,10,11,10.5,21,1,9
13,1,1,13,7.0,14,12,0
2,5,2,5,3.5,7,3,1
5,1,1,5,3.0,6,4,0
15,9,9,15,12.0,24,6,7
1,5,1,5,3.0,6,4,0
2,16,2,16,9.0,18,14,0
1,7,1,7,4.0,8,6,0
10,5,5,10,7.5,15,5,0
7,5,5,7,6.0,12,2,4
9,8,8,9,8.5,17,1,7
8,1,1,8,4.5,9,7,0
6,1,1,6,3.5,7,5,0
1,8,1,8,4.5,9,7,0
8,13,8,13,10.5,21,5,0
13,13,13,13,13.0,26,0,12
1,4,1,4,2.5,5,3,0
5,1,1,5,3.0,6,4,0
5,5,5,5,5.0,10,0,4
1,4,1,4,2.5,5,3,0
4,9,4,9,6.5,13,5,3
22,23,22,23,22.5,45,1,18
5,1,1,5,3.0,6,4,0
2,4,2,4,3.0,6,2,0
3,5,3,5,4.0,8,2,1
5,5,5,5,5.0,10,0,4
4,3,3,4,3.5,7,1,2
4,1,1,4,2.5,5,3,0
5,5,5,5,5.0,10,0,3
8,8,8,8,8.0,16,0,6
26,15,15,26,20.5,41,11,13
1,19,1,19,10.0,20,18,0
22,13,13,22,17.5,35,9,12
16,26,16,26,21.0,42,10,15
2,9,2,9,5.5,11,7,0
15,9,9,15,12.0,24,6,6
13,15,13,15,14.0,28,2,11
8,1,1,8,4.5,9,7,0
1,5,1,5,3.0,6,4,0
8,1,1,8,4.5,9,7,0
1,30,1,30,15.5,31,29,0
6,1,1,6,3.5,7,5,0
5,1,1,5,3.0,6,4,0
4,4,4,4,4.0,8,0,3
16,12,12,16,14.0,28,4,11
5,6,5,6,5.5,11,1,3
4,1,1,4,2.5,5,3,0
2,4,2,4,3.0,6,2,1
4,1,1,4,2.5,5,3,0
7,1,1,7,4.0,8,6,0
6,8,6,8,7.0,14,2,5
14,21,14,21,17.5,35,7,5
2,19,2,19,10.5,21,17,1
8,9,8,9,8.5,17,1,7
6,7,6,7,6.5,13,1,3
17,1,1,17,9.0,18,16,0
1,4,1,4,2.5,5,3,0
20,27,20,27,23.5,47,7,12
19,19,19,19,19.0,38,0,16
4,4,4,4,4.0,8,0,3
9,9,9,9,9.0,18,0,8
8,8,8,8,8.0,16,0,7
8,6,6,8,7.0,14,2,4
20,1,1,20,10.5,21,19,0
6,12,6,12,9.0,18,6,5
4,4,4,4,4.0,8,0,3
1,4,1,4,2.5,5,3,0
4,5,4,5,4.5,9,1,2
32,32,32,32,32.0,64,0,29
4,4,4,4,4.0,8,0,3
14,10,10,14,12.0,24,4,9
1,11,1,11,6.0,12,10,0
4,1,1,4,2.5,5,3,0
29,20,20,29,24.5,49,9,17
7,1,1,7,4.0,8,6,0
4,1,1,4,2.5,5,3,0
1,5,1,5,3.0,6,4,0
6,2,2,6,4.0,8,4,1
4,1,1,4,2.5,5,3,0
11,12,11,12,11.5,23,1,9
34,16,16,34,25.0,50,18,6
8,6,6,8,7.0,14,2,4
13,28,13,28,20.5,41,15,11
6,7,6,7,6.5,13,1,5
32,42,32,42,37.0,74,10,25
2,9,2,9,5.5,11,7,1
1,5,1,5,3.0,6,4,0
5,1,1,5,3.0,6,4,0
44,5,5,44,24.5,49,39,0
5,10,5,10,7.5,15,5,4
16,23,16,23,19.5,39,7,13
6,10,6,10,8.0,16,4,4
19,21,19,21,20.0,40,2,17
1,5,1,5,3.0,6,4,0
3,9,3,9,6.0,12,6,1
5,1,1,5,3.0,6,4,0
5,35,5,35,20.0,40,30,4
7,8,7,8,7.5,15,1,6
1,27,1,27,14.0,28,26,0
2,4,2,4,3.0,6,2,1
12,12,12,12,12.0,24,0,11
20,20,20,20,20.0,40,0,17
7,4,4,7,5.5,11,3,1
35,21,21,35,28.0,56,14,18
1,30,1,30,15.5,31,29,0
1,5,1,5,3.0,6,4,0
9,1,1,9,5.0,10,8,0
12,9,9,12,10.5,21,3,7
12,12,12,12,12.0,24,0,10
14,14,14,14,14.0,28,0,13
1,19,1,19,10.0,20,18,0
7,1,1,7,4.0,8,6,0
4,1,1,4,2.5,5,3,0
5,1,1,5,3.0,6,4,0
21,18,18,21,19.5,39,3,14
1,4,1,4,2.5,5,3,0
5,4,4,5,4.5,9,1,2
4,1,1,4,2.5,5,3,0
6,5,5,6,5.5,11,1,4
17,56,17,56,36.5,73,39,9
1,9,1,9,5.0,10,8,0
4,1,1,4,2.5,5,3,0
7,4,4,7,5.5,11,3,3
1,4,1,4,2.5,5,3,0
1,12,1,12,6.5,13,11,0
4,1,1,4,2.5,5,3,0
13,14,13,14,13.5,27,1,12
4,1,1,4,2.5,5,3,0
7,10,7,10,8.5,17,3,6
2,4,2,4,3.0,6,2,1
7,6,6,7,6.5,13,1,4
5,5,5,5,5.0,10,0,0
7,5,5,7,6.0,12,2,4
10,8,8,10,9.0,18,2,7
4,3,3,4,3.5,7,1,2
7,2,2,7,4.5,9,5,1
46,41,41,46,43.5,87,5,40
4,1,1,4,2.5,5,3,0
9,8,8,9,8.5,17,1,7
4,1,1,4,2.5,5,3,0
27,24,24,27,25.5,51,3,22
11,7,7,11,9.0,18,4,1
19,21,19,21,20.0,40,2,17
29,29,29,29,29.0,58,0,22
7,6,6,7,6.5,13,1,4
5,6,5,6,5.5,11,1,4
1,4,1,4,2.5,5,3,0
14,7,7,14,10.5,21,7,6
13,2,2,13,7.5,15,11,0
5,6,5,6,5.5,11,1,4
1,4,1,4,2.5,5,3,0
13,7,7,13,10.0,20,6,5
14,11,11,14,12.5,25,3,6
15,10,10,15,12.5,25,5,7
6,5,5,6,5.5,11,1,2
9,8,8,9,8.5,17,1,7
1,5,1,5,3.0,6,4,0
19,14,14,19,16.5,33,5,13
6,9,6,9,7.5,15,3,3
1,4,1,4,2.5,5,3,0
1,22,1,22,11.5,23,21,0
26,1,1,26,13.5,27,25,0
3,11,3,11,7.0,14,8,0
4,4,4,4,4.0,8,0,1
8,6,6,8,7.0,14,2,4
5,6,5,6,5.5,11,1,4
6,1,1,6,3.5,7,5,0
5,1,1,5,3.0,6,4,0
6,7,6,7,6.5,13,1,5
9,17,9,17,13.0,26,8,7
22,23,22,23,22.5,45,1,20
12,12,12,12,12.0,24,0,11
13,15,13,15,14.0,28,2,9
4,8,4,8,6.0,12,4,3
1,5,1,5,3.0,6,4,0
3,5,3,5,4.0,8,2,2
3,7,3,7,5.0,10,4,1
5,7,5,7,6.0,12,2,3
28,1,1,28,14.5,29,27,0
7,4,4,7,5.5,11,3,3
4,1,1,4,2.5,5,3,0
7,8,7,8,7.5,15,1,6
1,4,1,4,2.5,5,3,0
7,11,7,11,9.0,18,4,2
13,6,6,13,9.5,19,7,0
1,6,1,6,3.5,7,5,0
4,5,4,5,4.5,9,1,0
28,10,10,28,19.0,38,18,9
37,48,37,48,42.5,85,11,34
6,1,1,6,3.5,7,5,0
1,5,1,5,3.0,6,4,0
1,26,1,26,13.5,27,25,0
2,9,2,9,5.5,11,7,1
39,40,39,40,39.5,79,1,30
42,21,21,42,31.5,63,21,17
6,8,6,8,7.0,14,2,5
1,5,1,5,3.0,6,4,0
3,6,3,6,4.5,9,3,2
17,17,17,17,17.0,34,0,14
1,8,1,8,4.5,9,7,0
5,5,5,5,5.0,10,0,2
5,1,1,5,3.0,6,4,0
1,8,1,8,4.5,9,7,0
4,1,1,4,2.5,5,3,0
6,5,5,6,5.5,11,1,0
11,11,11,11,11.0,22,0,10
8,5,5,8,6.5,13,3,4
10,8,8,10,9.0,18,2,7
5,5,5,5,5.0,10,0,4
4,6,4,6,5.0,10,2,3
2,4,2,4,3.0,6,2,1
33,29,29,33,31.0,62,4,10
9,8,8,9,8.5,17,1,5
23,27,23,27,25.0,50,4,16
1,4,1,4,2.5,5,3,0
5,5,5,5,5.0,10,0,3
7,6,6,7,6.5,13,1,5
13,1,1,13,7.0,14,12,0
5,1,1,5,3.0,6,4,0
1,4,1,4,2.5,5,3,0
4,6,4,6,5.0,10,2,3
20,32,20,32,26.0,52,12,16
8,1,1,8,4.5,9,7,0
31,29,29,31,30.0,60,2,23
11,1,1,11,6.0,12,10,0
20,15,15,20,17.5,35,5,11
5,6,5,6,5.5,11,1,4
4,2,2,4,3.0,6,2,1
2,5,2,5,3.5,7,3,0
4,4,4,4,4.0,8,0,3
1,19,1,19,10.0,20,18,0
7,4,4,7,5.5,11,3,0
21,23,21,23,22.0,44,2,16
12,10,10,12,11.0,22,2,8
10,15,10,15,12.5,25,5,2
4,1,1,4,2.5,5,3,0
4,6,4,6,5.0,10,2,0
4,10,4,10,7.0,14,6,3
4,2,2,4,3.0,6,2,0
7,23,7,23,15.0,30,16,5
1,6,1,6,3.5,7,5,0
15,19,15,19,17.0,34,4,14
9,6,6,9,7.5,15,3,5
11,14,11,14,12.5,25,3,10
4,2,2,4,3.0,6,2,1
7,5,5,7,6.0,12,2,4
1,4,1,4,2.5,5,3,0
23,7,7,23,15.0,30,16,3
14,15,14,15,14.5,29,1,11
9,9,9,9,9.0,18,0,7
19,23,19,23,21.0,42,4,14
4,1,1,4,2.5,5,3,0
4,4,4,4,4.0,8,0,3
6,14,6,14,10.0,20,8,0
2,4,2,4,3.0,6,2,1
1,5,1,5,3.0,6,4,0
13,16,13,16,14.5,29,3,12
1,4,1,4,2.5,5,3,0
4,1,1,4,2.5,5,3,0
34,45,34,45,39.5,79,11,27
19,20,19,20,19.5,39,1,18
5,1,1,5,3.0,6,4,0
17,13,13,17,15.0,30,4,11
2,14,2,14,8.0,16,12,1
11,11,11,11,11.0,22,0,10
6,8,6,8,7.0,14,2,5
1,10,1,10,5.5,11,9,0
7,7,7,7,7.0,14,0,5
13,10,10,13,11.5,23,3,9
13,9,9,13,11.0,22,4,6
12,9,9,12,10.5,21,3,4
3,20,3,20,11.5,23,17,1
21,22,21,22,21.5,43,1,17
5,7,5,7,6.0,12,2,4
5,6,5,6,5.5,11,1,2
4,1,1,4,2.5,5,3,0
1,17,1,17,9.0,18,16,0
3,7,3,7,5.0,10,4,2
16,2,2,16,9.0,18,14,1
1,4,1,4,2.5,5,3,0
21,22,21,22,21.5,43,1,20
5,2,2,5,3.5,7,3,1
11,1,1,11,6.0,12,10,0
4,1,1,4,2.5,5,3,0
8,7,7,8,7.5,15,1,6
17,1,1,17,9.0,18,16,0
17,15,15,17,16.0,32,2,12
5,9,5,9,7.0,14,4,4
9,9,9,9,9.0,18,0,8
11,1,1,11,6.0,12,10,0
4,1,1,4,2.5,5,3,0
10,16,10,16,13.0,26,6,7
26,38,26,38,32.0,64,12,24
19,8,8,19,13.5,27,11,6
9,3,3,9,6.0,12,6,2
10,11,10,11,10.5,21,1,7
1,4,1,4,2.5,5,3,0
4,1,1,4,2.5,5,3,0
4,1,1,4,2.5,5,3,0
3,4,3,4,3.5,7,1,2
43,45,43,45,44.0,88,2,40
4,1,1,4,2.5,5,3,0
3,11,3,11,7.0,14,8,2
3,12,3,12,7.5,15,9,2
14,11,11,14,12.5,25,3,9
4,1,1,4,2.5,5,3,0
1,4,1,4,2.5,5,3,0
6,4,4,6,5.0,10,2,3
5,1,1,5,3.0,6,4,0
2,5,2,5,3.5,7,3,1
14,14,14,14,14.0,28,0,13
3,8,3,8,5.5,11,5,2
16,10,10,16,13.0,26,6,6
4,1,1,4,2.5,5,3,0
22,11,11,22,16.5,33,11,6
16,16,16,16,16.0,32,0,15
4,2,2,4,3.0,6,2,1
5,7,5,7,6.0,12,2,0
7,9,7,9,8.0,16,2,6
4,4,4,4,4.0,8,0,3
14,14,14,14,14.0,28,0,12
4,2,2,4,3.0,6,2,1
6,5,5,6,5.5,11,1,0
4,2,2,4,3.0,6,2,0
41,41,41,41,41.0,82,0,40
14,4,4,14,9.0,18,10,3
5,4,4,5,4.5,9,1,2
51,12,12,51,31.5,63,39,11
3,4,3,4,3.5,7,1,1
26,12,12,26,19.0,38,14,8
4,1,1,4,2.5,5,3,0
6,1,1,6,3.5,7,5,0
1,8,1,8,4.5,9,7,0
18,10,10,18,14.0,28,8,1
4,3,3,4,3.5,7,1,2
6,1,1,6,3.5,7,5,0
6,6,6,6,6.0,12,0,5
5,4,4,5,4.5,9,1,3
9,16,9,16,12.5,25,7,8
6,19,6,19,12.5,25,13,5
3,4,3,4,3.5,7,1,2
1,14,1,14,7.5,15,13,0
12,1,1,12,6.5,13,11,0
1,5,1,5,3.0,6,4,0
4,1,1,4,2.5,5,3,0
5,6,5,6,5.5,11,1,4
5,1,1,5,3.0,6,4,0
4,4,4,4,4.0,8,0,3
1,6,1,6,3.5,7,5,0
1,9,1,9,5.0,10,8,0
1,4,1,4,2.5,5,3,0
5,1,1,5,3.0,6,4,0
7,1,1,7,4.0,8,6,0
4,1,1,4,2.5,5,3,0
13,16,13,16,14.5,29,3,11
4,5,4,5,4.5,9,1,3
4,1,1,4,2.5,5,3,0
8,11,8,11,9.5,19,3,7
17,14,14,17,15.5,31,3,12
23,17,17,23,20.0,40,6,14
22,19,19,22,20.5,41,3,15
17,36,17,36,26.5,53,19,13
8,6,6,8,7.0,14,2,2
38,20,20,38,29.0,58,18,18
4,4,4,4,4.0,8,0,3
7,7,7,7,7.0,14,0,6
1,27,1,27,14.0,28,26,0
27,23,23,27,25.0,50,4,22
1,88,1,88,44.5,89,87,0
8,9,8,9,8.5,17,1,3
1,5,1,5,3.0,6,4,0
4,4,4,4,4.0,8,0,3
4,4,4,4,4.0,8,0,3
26,1,1,26,13.5,27,25,0
1,4,1,4,2.5,5,3,0
8,8,8,8,8.0,16,0,5
5,7,5,7,6.0,12,2,4
7,8,7,8,7.5,15,1,5
4,4,4,4,4.0,8,0,3
24,44,24,44,34.0,68,20,21
5,7,5,7,6.0,12,2,4
9,19,9,19,14.0,28,10,7
16,16,16,16,16.0,32,0,12
12,16,12,16,14.0,28,4,11
2,4,2,4,3.0,6,2,1
7,1,1,7,4.0,8,6,0
1,10,1,10,5.5,11,9,0
6,5,5,6,5.5,11,1,4
6,7,6,7,6.5,13,1,5
11,7,7,11,9.0,18,4,5
5,1,1,5,3.0,6,4,0
4,2,2,4,3.0,6,2,1
17,18,17,18,17.5,35,1,15
10,10,10,10,10.0,20,0,7
5,9,5,9,7.0,14,4,2
2,4,2,4,3.0,6,2,1
28,7,7,28,17.5,35,21,4
1,9,1,9,5.0,10,8,0
49,23,23,49,36.0,72,26,21
4,1,1,4,2.5,5,3,0
3,5,3,5,4.0,8,2,2
32,48,32,48,40.0,80,16,30
5,5,5,5,5.0,10,0,4
17,20,17,20,18.5,37,3,13
4,5,4,5,4.5,9,1,3
6,5,5,6,5.5,11,1,1
1,9,1,9,5.0,10,8,0
4,4,4,4,4.0,8,0,3
9,8,8,9,8.5,17,1,6
5,2,2,5,3.5,7,3,1
1,5,1,5,3.0,6,4,0
2,8,2,8,5.0,10,6,0
10,7,7,10,8.5,17,3,6
4,2,2,4,3.0,6,2,0
4,1,1,4,2.5,5,3,0
4,1,1,4,2.5,5,3,0
10,9,9,10,9.5,19,1,7
8,8,8,8,8.0,16,0,7
8,1,1,8,4.5,9,7,0
18,20,18,20,19.0,38,2,16
9,1,1,9,5.0,10,8,0
7,29,7,29,18.0,36,22,5
27,26,26,27,26.5,53,1,25
4,1,1,4,2.5,5,3,0
23,10,10,23,16.5,33,13,9
10,7,7,10,8.5,17,3,6
11,13,11,13,12.0,24,2,9
6,7,6,7,6.5,13,1,5
6,2,2,6,4.0,8,4,1
10,11,10,11,10.5,21,1,7
4,1,1,4,2.5,5,3,0
1,12,1,12,6.5,13,11,0
2,5,2,5,3.5,7,3,0
2,6,2,6,4.0,8,4,0
3,8,3,8,5.5,11,5,2
1,4,1,4,2.5,5,3,0
21,2,2,21,11.5,23,19,1
1,6,1,6,3.5,7,5,0
7,2,2,7,4.5,9,5,1
9,9,9,9,9.0,18,0,4
7,7,7,7,7.0,14,0,6
20,20,20,20,20.0,40,0,17
11,12,11,12,11.5,23,1,10
3,5,3,5,4.0,8,2,2
10,12,10,12,11.0,22,2,9
4,1,1,4,2.5,5,3,0
5,1,1,5,3.0,6,4,0
13,11,11,13,12.0,24,2,8
11,7,7,11,9.0,18,4,6
12,8,8,12,10.0,20,4,4
5,12,5,12,8.5,17,7,0
17,17,17,17,17.0,34,0,9
8,8,8,8,8.0,16,0,7
1,9,1,9,5.0,10,8,0
25,25,25,25,25.0,50,0,18
4,4,4,4,4.0,8,0,3
5,1,1,5,3.0,6,4,0
42,32,32,42,37.0,74,10,25
13,17,13,17,15.0,30,4,9
9,1,1,9,5.0,10,8,0
10,8,8,10,9.0,18,2,7
1,4,1,4,2.5,5,3,0
5,5,5,5,5.0,10,0,4
7,9,7,9,8.0,16,2,6
9,10,9,10,9.5,19,1,8
1,5,1,5,3.0,6,4,0
4,4,4,4,4.0,8,0,3
7,8,7,8,7.5,15,1,6
15,11,11,15,13.0,26,4,7
6,1,1,6,3.5,7,5,0
1,11,1,11,6.0,12,10,0
14,13,13,14,13.5,27,1,9
4,2,2,4,3.0,6,2,0
4,1,1,4,2.5,5,3,0
12,20,12,20,16.0,32,8,8
1,4,1,4,2.5,5,3,0
44,1,1,44,22.5,45,43,0
22,1,1,22,11.5,23,21,0
6,5,5,6,5.5,11,1,4
4,1,1,4,2.5,5,3,0
1,8,1,8,4.5,9,7,0
1,6,1,6,3.5,7,5,0
17,18,17,18,17.5,35,1,15
1,5,1,5,3.0,6,4,0
6,6,6,6,6.0,12,0,5
33,33,33,33,33.0,66,0,32
1,5,1,5,3.0,6,4,0
1,6,1,6,3.5,7,5,0
37,40,37,40,38.5,77,3,33
5,18,5,18,11.5,23,13,0
6,9,6,9,7.5,15,3,0
1,44,1,44,22.5,45,43,0
16,1,1,16,8.5,17,15,0
1,5,1,5,3.0,6,4,0
8,8,8,8,8.0,16,0,7
9,9,9,9,9.0,18,0,8
2,13,2,13,7.5,15,11,1
1,4,1,4,2.5,5,3,0
13,14,13,14,13.5,27,1,12
4,1,1,4,2.5,5,3,0
1,146,1,146,73.5,147,145,0
8,12,8,12,10.0,20,4,7
4,6,4,6,5.0,10,2,0
5,4,4,5,4.5,9,1,3
5,2,2,5,3.5,7,3,1
5,2,2,5,3.5,7,3,1
4,4,4,4,4.0,8,0,3
6,2,2,6,4.0,8,4,1
20,21,20,21,20.5,41,1,17
4,1,1,4,2.5,5,3,0
1,8,1,8,4.5,9,7,0
5,8,5,8,6.5,13,3,3
11,8,8,11,9.5,19,3,1
8,1,1,8,4.5,9,7,0
7,7,7,7,7.0,14,0,6
19,20,19,20,19.5,39,1,17
5,32,5,32,18.5,37,27,1
2,9,2,9,5.5,11,7,1
1,4,1,4,2.5,5,3,0
3,7,3,7,5.0,10,4,0
24,21,21,24,22.5,45,3,17
1,4,1,4,2.5,5,3,0
8,5,5,8,6.5,13,3,3
11,11,11,11,11.0,22,0,7
4,5,4,5,4.5,9,1,3
10,7,7,10,8.5,17,3,6
4,5,4,5,4.5,9,1,3
1,6,1,6,3.5,7,5,0
7,1,1,7,4.0,8,6,0
5,1,1,5,3.0,6,4,0
7,4,4,7,5.5,11,3,3
1,105,1,105,53.0,106,104,0
41,18,18,41,29.5,59,23,17
6,5,5,6,5.5,11,1,4
8,7,7,8,7.5,15,1,6
7,9,7,9,8.0,16,2,5
27,26,26,27,26.5,53,1,25
1,7,1,7,4.0,8,6,0
16,17,16,17,16.5,33,1,15
6,7,6,7,6.5,13,1,4
6,6,6,6,6.0,12,0,4
23,30,23,30,26.5,53,7,20
1,12,1,12,6.5,13,11,0
7,6,6,7,6.5,13,1,1
5,6,5,6,5.5,11,1,2
49,40,40,49,44.5,89,9,33
1,20,1,20,10.5,21,19,0
8,3,3,8,5.5,11,5,0
4,4,4,4,4.0,8,0,3
15,9,9,15,12.0,24,6,7
1,5,1,5,3.0,6,4,0
5,1,1,5,3.0,6,4,0
1,5,1,5,3.0,6,4,0
2,21,2,21,11.5,23,19,0
12,5,5,12,8.5,17,7,3
1,4,1,4,2.5,5,3,0
2,7,2,7,4.5,9,5,0
12,3,3,12,7.5,15,9,1
7,9,7,9,8.0,16,2,6
4,6,4,6,5.0,10,2,3
1,4,1,4,2.5,5,3,0
16,19,16,19,17.5,35,3,14
4,5,4,5,4.5,9,1,2
24,14,14,24,19.0,38,10,8
14,14,14,14,14.0,28,0,13
9,1,1,9,5.0,10,8,0
12,6,6,12,9.0,18,6,0
1,11,1,11,6.0,12,10,0
1,8,1,8,4.5,9,7,0
1,15,1,15,8.0,16,14,0
1,6,1,6,3.5,7,5,0
16,1,1,16,8.5,17,15,0
11,37,11,37,24.0,48,26,10
8,5,5,8,6.5,13,3,4
6,7,6,7,6.5,13,1,4
4,5,4,5,4.5,9,1,1
5,6,5,6,5.5,11,1,4
6,1,1,6,3.5,7,5,0
7,1,1,7,4.0,8,6,0
15,5,5,15,10.0,20,10,3
5,10,5,10,7.5,15,5,0
1,4,1,4,2.5,5,3,0
15,15,15,15,15.0,30,0,10
9,14,9,14,11.5,23,5,7
28,30,28,30,29.0,58,2,23
21,20,20,21,20.5,41,1,19
1,6,1,6,3.5,7,5,0
1,4,1,4,2.5,5,3,0
3,6,3,6,4.5,9,3,2
5,6,5,6,5.5,11,1,3
14,11,11,14,12.5,25,3,10
47,42,42,47,44.5,89,5,40
1,5,1,5,3.0,6,4,0
5,1,1,5,3.0,6,4,0
4,1,1,4,2.5,5,3,0
7,9,7,9,8.0,16,2,6
19,19,19,19,19.0,38,0,18
9,6,6,9,7.5,15,3,2
2,9,2,9,5.5,11,7,1
13,24,13,24,18.5,37,11,12
17,4,4,17,10.5,21,13,0
4,1,1,4,2.5,5,3,0
4,5,4,5,4.5,9,1,2
19,7,7,19,13.0,26,12,6
17,25,17,25,21.0,42,8,12
1,4,1,4,2.5,5,3,0
4,4,4,4,4.0,8,0,3
1,4,1,4,2.5,5,3,0
2,26,2,26,14.0,28,24,0
6,8,6,8,7.0,14,2,5
43,41,41,43,42.0,84,2,40
6,7,6,7,6.5,13,1,5
7,6,6,7,6.5,13,1,3
26,24,24,26,25.0,50,2,23
1,4,1,4,2.5,5,3,0
2,4,2,4,3.0,6,2,1
11,5,5,11,8.0,16,6,4
6,1,1,6,3.5,7,5,0
13,17,13,17,15.0,30,4,12
18,4,4,18,11.0,22,14,3
13,17,13,17,15.0,30,4,11
11,18,11,18,14.5,29,7,9
4,3,3,4,3.5,7,1,2
21,1,1,21,11.0,22,20,0
5,1,1,5,3.0,6,4,0
10,1,1,10,5.5,11,9,0
4,1,1,4,2.5,5,3,0
4,1,1,4,2.5,5,3,0
3,9,3,9,6.0,12,6,1
4,1,1,4,2.5,5,3,0
8,3,3,8,5.5,11,5,0
1,6,1,6,3.5,7,5,0
16,24,16,24,20.0,40,8,5
10,13,10,13,11.5,23,3,9
27,33,27,33,30.0,60,6,18
47,12,12,47,29.5,59,35,8
10,10,10,10,10.0,20,0,5
2,4,2,4,3.0,6,2,1
4,3,3,4,3.5,7,1,2
9,1,1,9,5.0,10,8,0
1,4,1,4,2.5,5,3,0
11,7,7,11,9.0,18,4,6
5,2,2,5,3.5,7,3,0
31,33,31,33,32.0,64,2,30
10,1,1,10,5.5,11,9,0
4,1,1,4,2.5,5,3,0
10,1,1,10,5.5,11,9,0
34,12,12,34,23.0,46,22,10
1,10,1,10,5.5,11,9,0
4,1,1,4,2.5,5,3,0
12,1,1,12,6.5,13,11,0
5,6,5,6,5.5,11,1,3
4,3,3,4,3.5,7,1,1
8,8,8,8,8.0,16,0,7
26,23,23,26,24.5,49,3,13
1,4,1,4,2.5,5,3,0
7,1,1,7,4.0,8,6,0
32,146,32,146,89.0,178,114,4
7,7,7,7,7.0,14,0,6
7,6,6,7,6.5,13,1,4
4,1,1,4,2.5,5,3,0
40,24,24,40,32.0,64,16,18
1,7,1,7,4.0,8,6,0
1,5,1,5,3.0,6,4,0
5,1,1,5,3.0,6,4,0
1,14,1,14,7.5,15,13,0
8,6,6,8,7.0,14,2,5
1,4,1,4,2.5,5,3,0
1,5,1,5,3.0,6,4,0
1,26,1,26,13.5,27,25,0
1,12,1,12,6.5,13,11,0
1,4,1,4,2.5,5,3,0
2,20,2,20,11.0,22,18,0
8,1,1,8,4.5,9,7,0
12,12,12,12,12.0,24,0,11
7,5,5,7,6.0,12,2,4
1,9,1,9,5.0,10,8,0
5,1,1,5,3.0,6,4,0
6,18,6,18,12.0,24,12,5
1,8,1,8,4.5,9,7,0
31,33,31,33,32.0,64,2,30
2,5,2,5,3.5,7,3,1
1,7,1,7,4.0,8,6,0
6,1,1,6,3.5,7,5,0
7,1,1,7,4.0,8,6,0
8,10,8,10,9.0,18,2,5
1,4,1,4,2.5,5,3,0
7,12,7,12,9.5,19,5,4
13,12,12,13,12.5,25,1,11
1,5,1,5,3.0,6,4,0
13,16,13,16,14.5,29,3,10
12,17,12,17,14.5,29,5,6
5,8,5,8,6.5,13,3,3
6,3,3,6,4.5,9,3,2
4,1,1,4,2.5,5,3,0
5,1,1,5,3.0,6,4,0
26,27,26,27,26.5,53,1,25
5,1,1,5,3.0,6,4,0
1,8,1,8,4.5,9,7,0
31,25,25,31,28.0,56,6,19
6,5,5,6,5.5,11,1,0
7,7,7,7,7.0,14,0,6
8,1,1,8,4.5,9,7,0
19,9,9,19,14.0,28,10,4
7,6,6,7,6.5,13,1,4
10,7,7,10,8.5,17,3,6
9,5,5,9,7.0,14,4,4
5,4,4,5,4.5,9,1,1
1,4,1,4,2.5,5,3,0
4,1,1,4,2.5,5,3,0
13,6,6,13,9.5,19,7,1
5,6,5,6,5.5,11,1,4
1,11,1,11,6.0,12,10,0
1,14,1,14,7.5,15,13,0
14,11,11,14,12.5,25,3,8
5,5,5,5,5.0,10,0,3
11,13,11,13,12.0,24,2,3
6,12,6,12,9.0,18,6,5
13,11,11,13,12.0,24,2,10
35,38,35,38,36.5,73,3,28
15,1,1,15,8.0,16,14,0
1,4,1,4,2.5,5,3,0
43,34,34,43,38.5,77,9,27
1,22,1,22,11.5,23,21,0
4,4,4,4,4.0,8,0,0
6,1,1,6,3.5,7,5,0
13,17,13,17,15.0,30,4,8
4,2,2,4,3.0,6,2,1
7,5,5,7,6.0,12,2,3
8,8,8,8,8.0,16,0,7
5,1,1,5,3.0,6,4,0
5,2,2,5,3.5,7,3,1
41,41,41,41,41.0,82,0,39
45,26,26,45,35.5,71,19,22
5,1,1,5,3.0,6,4,0
1,5,1,5,3.0,6,4,0
14,9,9,14,11.5,23,5,8
13,12,12,13,12.5,25,1,8
2,4,2,4,3.0,6,2,1
6,1,1,6,3.5,7,5,0
9,11,9,11,10.0,20,2,6
4,1,1,4,2.5,5,3,0
6,1,1,6,3.5,7,5,0
6,6,6,6,6.0,12,0,5
4,7,4,7,5.5,11,3,3
1,4,1,4,2.5,5,3,0
1,11,1,11,6.0,12,10,0
1,7,1,7,4.0,8,6,0
1,26,1,26,13.5,27,25,0
15,12,12,15,13.5,27,3,11
45,25,25,45,35.0,70,20,21
3,4,3,4,3.5,7,1,2
7,1,1,7,4.0,8,6,0
15,21,15,21,18.0,36,6,7
27,15,15,27,21.0,42,12,14
5,2,2,5,3.5,7,3,1
21,15,15,21,18.0,36,6,11
1,4,1,4,2.5,5,3,0
6,6,6,6,6.0,12,0,5
3,4,3,4,3.5,7,1,2
8,13,8,13,10.5,21,5,6
38,50,38,50,44.0,88,12,19
1,22,1,22,11.5,23,21,0
13,15,13,15,14.0,28,2,10
1,4,1,4,2.5,5,3,0
4,7,4,7,5.5,11,3,3
9,6,6,9,7.5,15,3,0
33,46,33,46,39.5,79,13,27
11,12,11,12,11.5,23,1,9
12,6,6,12,9.0,18,6,4
1,5,1,5,3.0,6,4,0
1,5,1,5,3.0,6,4,0
1,4,1,4,2.5,5,3,0
4,5,4,5,4.5,9,1,3
4,15,4,15,9.5,19,11,3
7,5,5,7,6.0,12,2,4
17,7,7,17,12.0,24,10,6
2,7,2,7,4.5,9,5,0
1,10,1,10,5.5,11,9,0
10,1,1,10,5.5,11,9,0
32,32,32,32,32.0,64,0,30
1,5,1,5,3.0,6,4,0
38,23,23,38,30.5,61,15,19
6,1,1,6,3.5,7,5,0
18,15,15,18,16.5,33,3,12
4,5,4,5,4.5,9,1,1
7,6,6,7,6.5,13,1,5
4,8,4,8,6.0,12,4,0
2,6,2,6,4.0,8,4,1
5,6,5,6,5.5,11,1,0
1,5,1,5,3.0,6,4,0
7,7,7,7,7.0,14,0,6
49,14,14,49,31.5,63,35,13
5,6,5,6,5.5,11,1,4
10,7,7,10,8.5,17,3,1
2,5,2,5,3.5,7,3,1
7,5,5,7,6.0,12,2,4
6,5,5,6,5.5,11,1,3
7,6,6,7,6.5,13,1,5
40,28,28,40,34.0,68,12,22
17,24,17,24,20.5,41,7,12
32,13,13,32,22.5,45,19,5
6,6,6,6,6.0,12,0,5
4,1,1,4,2.5,5,3,0
4,1,1,4,2.5,5,3,0
17,9,9,17,13.0,26,8,7
19,18,18,19,18.5,37,1,14
1,4,1,4,2.5,5,3,0
4,5,4,5,4.5,9,1,3
9,5,5,9,7.0,14,4,1
1,4,1,4,2.5,5,3,0
6,6,6,6,6.0,12,0,4
5,5,5,5,5.0,10,0,0
7,7,7,7,7.0,14,0,6
8,10,8,10,9.0,18,2,4
6,1,1,6,3.5,7,5,0
1,9,1,9,5.0,10,8,0
1,13,1,13,7.0,14,12,0
4,1,1,4,2.5,5,3,0
12,21,12,21,16.5,33,9,8
16,10,10,16,13.0,26,6,9
2,8,2,8,5.0,10,6,1
6,2,2,6,4.0,8,4,0
18,7,7,18,12.5,25,11,5
7,12,7,12,9.5,19,5,6
13,8,8,13,10.5,21,5,7
5,5,5,5,5.0,10,0,4
1,5,1,5,3.0,6,4,0
2,18,2,18,10.0,20,16,0
7,7,7,7,7.0,14,0,5
5,1,1,5,3.0,6,4,0
8,1,1,8,4.5,9,7,0
4,1,1,4,2.5,5,3,0
16,11,11,16,13.5,27,5,10
33,25,25,33,29.0,58,8,24
10,6,6,10,8.0,16,4,4
5,1,1,5,3.0,6,4,0
4,1,1,4,2.5,5,3,0
14,16,14,16,15.0,30,2,9
5,5,5,5,5.0,10,0,4
9,8,8,9,8.5,17,1,7
33,24,24,33,28.5,57,9,19
5,2,2,5,3.5,7,3,0
41,45,41,45,43.0,86,4,40
7,23,7,23,15.0,30,16,4
5,3,3,5,4.0,8,2,2
11,7,7,11,9.0,18,4,6
5,6,5,6,5.5,11,1,4
12,2,2,12,7.0,14,10,0
5,1,1,5,3.0,6,4,0
8,10,8,10,9.0,18,2,7
2,9,2,9,5.5,11,7,1
13,13,13,13,13.0,26,0,8
1,4,1,4,2.5,5,3,0
7,1,1,7,4.0,8,6,0
5,5,5,5,5.0,10,0,4
4,1,1,4,2.5,5,3,0
1,4,1,4,2.5,5,3,0
1,9,1,9,5.0,10,8,0
2,12,2,12,7.0,14,10,1
14,32,14,32,23.0,46,18,11
11,6,6,11,8.5,17,5,5
5,4,4,5,4.5,9,1,0
1,4,1,4,2.5,5,3,0
17,24,17,24,20.5,41,7,14
38,25,25,38,31.5,63,13,20
35,25,25,35,30.0,60,10,21
6,1,1,6,3.5,7,5,0
4,1,1,4,2.5,5,3,0
15,23,15,23,19.0,38,8,12
9,11,9,11,10.0,20,2,6
5,1,1,5,3.0,6,4,0
3,4,3,4,3.5,7,1,2
17,6,6,17,11.5,23,11,5
1,4,1,4,2.5,5,3,0
27,24,24,27,25.5,51,3,22
1,14,1,14,7.5,15,13,0
1,4,1,4,2.5,5,3,0
1,5,1,5,3.0,6,4,0
4,1,1,4,2.5,5,3,0
1,4,1,4,2.5,5,3,0
12,12,12,12,12.0,24,0,11
5,7,5,7,6.0,12,2,4
26,26,26,26,26.0,52,0,25
7,2,2,7,4.5,9,5,0
4,1,1,4,2.5,5,3,0
7,1,1,7,4.0,8,6,0
7,9,7,9,8.0,16,2,6
6,18,6,18,12.0,24,12,5
5,7,5,7,6.0,12,2,4
1,5,1,5,3.0,6,4,0
6,1,1,6,3.5,7,5,0
1,6,1,6,3.5,7,5,0
14,3,3,14,8.5,17,11,2
10,22,10,22,16.0,32,12,6
2,6,2,6,4.0,8,4,0
5,4,4,5,4.5,9,1,3
5,1,1,5,3.0,6,4,0
13,11,11,13,12.0,24,2,10
1,77,1,77,39.0,78,76,0
9,8,8,9,8.5,17,1,7
7,6,6,7,6.5,13,1,5
4,2,2,4,3.0,6,2,1
23,16,16,23,19.5,39,7,11
10,8,8,10,9.0,18,2,6
8,8,8,8,8.0,16,0,6
7,7,7,7,7.0,14,0,6
4,3,3,4,3.5,7,1,2
22,15,15,22,18.5,37,7,14
13,13,13,13,13.0,26,0,12
4,7,4,7,5.5,11,3,3
1,4,1,4,2.5,5,3,0
10,1,1,10,5.5,11,9,0
5,1,1,5,3.0,6,4,0
2,5,2,5,3.5,7,3,0
1,31,1,31,16.0,32,30,0
6,6,6,6,6.0,12,0,2
14,26,14,26,20.0,40,12,9
4,1,1,4,2.5,5,3,0
4,1,1,4,2.5,5,3,0
4,1,1,4,2.5,5,3,0
13,13,13,13,13.0,26,0,10
18,16,16,18,17.0,34,2,14
7,7,7,7,7.0,14,0,6
1,34,1,34,17.5,35,33,0
6,4,4,6,5.0,10,2,2
4,3,3,4,3.5,7,1,2
8,8,8,8,8.0,16,0,6
4,1,1,4,2.5,5,3,0
4,1,1,4,2.5,5,3,0
1,6,1,6,3.5,7,5,0
13,15,13,15,14.0,28,2,11
5,1,1,5,3.0,6,4,0
17,1,1,17,9.0,18,16,0
8,26,8,26,17.0,34,18,0
44,35,35,44,39.5,79,9,21
6,1,1,6,3.5,7,5,0
8,6,6,8,7.0,14,2,3
17,7,7,17,12.0,24,10,5
6,1,1,6,3.5,7,5,0
28,42,28,42,35.0,70,14,16
15,18,15,18,16.5,33,3,8
1,35,1,35,18.0,36,34,0
4,1,1,4,2.5,5,3,0
11,6,6,11,8.5,17,5,2
4,5,4,5,4.5,9,1,2
5,13,5,13,9.0,18,8,2
18,18,18,18,18.0,36,0,16
8,3,3,8,5.5,11,5,1
1,4,1,4,2.5,5,3,0
4,1,1,4,2.5,5,3,0
2,5,2,5,3.5,7,3,1
13,35,13,35,24.0,48,22,8
35,44,35,44,39.5,79,9,27
1,5,1,5,3.0,6,4,0
27,28,27,28,27.5,55,1,26
2,10,2,10,6.0,12,8,1
6,6,6,6,6.0,12,0,5
2,4,2,4,3.0,6,2,1
9,4,4,9,6.5,13,5,3
6,6,6,6,6.0,12,0,5
8,12,8,12,10.0,20,4,6
7,6,6,7,6.5,13,1,0
5,1,1,5,3.0,6,4,0
1,22,1,22,11.5,23,21,0
7,8,7,8,7.5,15,1,6
1,4,1,4,2.5,5,3,0
4,1,1,4,2.5,5,3,0
1,4,1,4,2.5,5,3,0
1,6,1,6,3.5,7,5,0
6,7,6,7,6.5,13,1,5
6,5,5,6,5.5,11,1,0
21,13,13,21,17.0,34,8,9
7,7,7,7,7.0,14,0,5
39,40,39,40,39.5,79,1,30
21,19,19,21,20.0,40,2,18
8,14,8,14,11.0,22,6,6
1,5,1,5,3.0,6,4,0
10,5,5,10,7.5,15,5,1
8,15,8,15,11.5,23,7,7
5,2,2,5,3.5,7,3,1
15,22,15,22,18.5,37,7,14
19,15,15,19,17.0,34,4,14
6,3,3,6,4.5,9,3,2
1,4,1,4,2.5,5,3,0
11,11,11,11,11.0,22,0,10
4,5,4,5,4.5,9,1,3
15,32,15,32,23.5,47,17,10
2,4,2,4,3.0,6,2,1
1,4,1,4,2.5,5,3,0
19,1,1,19,10.0,20,18,0
11,1,1,11,6.0,12,10,0
15,9,9,15,12.0,24,6,6
5,4,4,5,4.5,9,1,3
1,5,1,5,3.0,6,4,0
6,1,1,6,3.5,7,5,0
1,4,1,4,2.5,5,3,0
6,4,4,6,5.0,10,2,3
4,2,2,4,3.0,6,2,1
2,8,2,8,5.0,10,6,1
2,10,2,10,6.0,12,8,1
7,6,6,7,6.5,13,1,5
19,14,14,19,16.5,33,5,13
40,43,40,43,41.5,83,3,38
8,6,6,8,7.0,14,2,4
32,21,21,32,26.5,53,11,18
1,14,1,14,7.5,15,13,0
7,10,7,10,8.5,17,3,6
9,11,9,11,10.0,20,2,8
7,6,6,7,6.5,13,1,5
1,4,1,4,2.5,5,3,0
5,5,5,5,5.0,10,0,3
4,1,1,4,2.5,5,3,0
41,28,28,41,34.5,69,13,25
4,4,4,4,4.0,8,0,1
41,41,41,41,41.0,82,0,40
9,1,1,9,5.0,10,8,0
10,11,10,11,10.5,21,1,9
5,5,5,5,5.0,10,0,4
2,6,2,6,4.0,8,4,0
5,4,4,5,4.5,9,1,3
5,1,1,5,3.0,6,4,0
38,55,38,55,46.5,93,17,31
4,5,4,5,4.5,9,1,3
6,6,6,6,6.0,12,0,5
4,1,1,4,2.5,5,3,0
4,1,1,4,2.5,5,3,0
5,1,1,5,3.0,6,4,0
4,2,2,4,3.0,6,2,0
6,6,6,6,6.0,12,0,5
4,2,2,4,3.0,6,2,0
4,4,4,4,4.0,8,0,1
29,15,15,29,22.0,44,14,12
1,10,1,10,5.5,11,9,0
5,1,1,5,3.0,6,4,0
5,1,1,5,3.0,6,4,0
2,4,2,4,3.0,6,2,1
5,1,1,5,3.0,6,4,0
22,13,13,22,17.5,35,9,12
4,4,4,4,4.0,8,0,3
4,8,4,8,6.0,12,4,1
25,31,25,31,28.0,56,6,11
19,24,19,24,21.5,43,5,16
12,15,12,15,13.5,27,3,11
49,29,29,49,39.0,78,20,19
17,12,12,17,14.5,29,5,10
4,12,4,12,8.0,16,8,3
1,19,1,19,10.0,20,18,0
4,6,4,6,5.0,10,2,3
4,2,2,4,3.0,6,2,0
10,11,10,11,10.5,21,1,8
31,25,25,31,28.0,56,6,20
10,10,10,10,10.0,20,0,9
4,1,1,4,2.5,5,3,0
12,1,1,12,6.5,13,11,0
7,7,7,7,7.0,14,0,6
14,13,13,14,13.5,27,1,10
26,27,26,27,26.5,53,1,25
9,10,9,10,9.5,19,1,8
4,5,4,5,4.5,9,1,3
2,7,2,7,4.5,9,5,0
8,2,2,8,5.0,10,6,0
9,10,9,10,9.5,19,1,8
19,15,15,19,17.0,34,4,14
9,1,1,9,5.0,10,8,0
24,15,15,24,19.5,39,9,13
21,20,20,21,20.5,41,1,16
14,12,12,14,13.0,26,2,11
2,4,2,4,3.0,6,2,0
8,1,1,8,4.5,9,7,0
1,8,1,8,4.5,9,7,0
2,4,2,4,3.0,6,2,1
4,9,4,9,6.5,13,5,3
8,2,2,8,5.0,10,6,0
31,11,11,31,21.0,42,20,9
9,10,9,10,9.5,19,1,8
6,6,6,6,6.0,12,0,5
4,6,4,6,5.0,10,2,2
4,1,1,4,2.5,5,3,0
26,35,26,35,30.5,61,9,19
4,1,1,4,2.5,5,3,0
1,4,1,4,2.5,5,3,0
2,4,2,4,3.0,6,2,0
24,20,20,24,22.0,44,4,17
4,5,4,5,4.5,9,1,3
2,14,2,14,8.0,16,12,0
5,7,5,7,6.0,12,2,4
2,5,2,5,3.5,7,3,1
7,2,2,7,4.5,9,5,1
5,11,5,11,8.0,16,6,2
1,4,1,4,2.5,5,3,0
7,1,1,7,4.0,8,6,0
6,7,6,7,6.5,13,1,5
2,9,2,9,5.5,11,7,0
8,7,7,8,7.5,15,1,6
13,13,13,13,13.0,26,0,12
13,11,11,13,12.0,24,2,9
1,23,1,23,12.0,24,22,0
8,5,5,8,6.5,13,3,3
5,5,5,5,5.0,10,0,4
13,1,1,13,7.0,14,12,0
24,27,24,27,25.5,51,3,23
11,2,2,11,6.5,13,9,0
6,12,6,12,9.0,18,6,4
5,4,4,5,4.5,9,1,2
1,5,1,5,3.0,6,4,0
1,6,1,6,3.5,7,5,0
17,23,17,23,20.0,40,6,15
46,28,28,46,37.0,74,18,20
7,9,7,9,8.0,16,2,6
14,14,14,14,14.0,28,0,11
1,5,1,5,3.0,6,4,0
10,11,10,11,10.5,21,1,9
31,13,13,31,22.0,44,18,10
5,7,5,7,6.0,12,2,4
8,10,8,10,9.0,18,2,7
18,23,18,23,20.5,41,5,14
2,9,2,9,5.5,11,7,0
6,8,6,8,7.0,14,2,5
6,6,6,6,6.0,12,0,5
9,12,9,12,10.5,21,3,7
1,5,1,5,3.0,6,4,0
6,1,1,6,3.5,7,5,0
4,1,1,4,2.5,5,3,0
13,19,13,19,16.0,32,6,11
18,22,18,22,20.0,40,4,16
4,7,4,7,5.5,11,3,0
13,17,13,17,15.0,30,4,11
19,19,19,19,19.0,38,0,17
7,9,7,9,8.0,16,2,6
6,1,1,6,3.5,7,5,0
10,14,10,14,12.0,24,4,9
5,5,5,5,5.0,10,0,4
7,7,7,7,7.0,14,0,6
6,1,1,6,3.5,7,5,0
6,4,4,6,5.0,10,2,0
6,2,2,6,4.0,8,4,1
7,12,7,12,9.5,19,5,5
41,44,41,44,42.5,85,3,39
2,4,2,4,3.0,6,2,0
27,12,12,27,19.5,39,15,10
24,23,23,24,23.5,47,1,12
2,5,2,5,3.5,7,3,0
1,6,1,6,3.5,7,5,0
18,28,18,28,23.0,46,10,14
4,4,4,4,4.0,8,0,3
23,1,1,23,12.0,24,22,0
28,49,28,49,38.5,77,21,27
3,19,3,19,11.0,22,16,0
15,10,10,15,12.5,25,5,9
49,22,22,49,35.5,71,27,19
2,7,2,7,4.5,9,5,1
8,7,7,8,7.5,15,1,2
4,1,1,4,2.5,5,3,0
1,11,1,11,6.0,12,10,0
1,39,1,39,20.0,40,38,0
5,1,1,5,3.0,6,4,0
23,25,23,25,24.0,48,2,19
5,1,1,5,3.0,6,4,0
5,1,1,5,3.0,6,4,0
7,7,7,7,7.0,14,0,6
16,6,6,16,11.0,22,10,3
8,1,1,8,4.5,9,7,0
14,5,5,14,9.5,19,9,3
6,1,1,6,3.5,7,5,0
6,1,1,6,3.5,7,5,0
40,14,14,40,27.0,54,26,9
23,23,23,23,23.0,46,0,19
3,6,3,6,4.5,9,3,2
16,15,15,16,15.5,31,1,13
34,13,13,34,23.5,47,21,8
13,12,12,13,12.5,25,1,7
1,4,1,4,2.5,5,3,0
5,4,4,5,4.5,9,1,3
1,5,1,5,3.0,6,4,0
2,4,2,4,3.0,6,2,1
37,28,28,37,32.5,65,9,21
6,7,6,7,6.5,13,1,4
24,38,24,38,31.0,62,14,18
9,18,9,18,13.5,27,9,8
10,8,8,10,9.0,18,2,6
11,11,11,11,11.0,22,0,10
13,9,9,13,11.0,22,4,5
5,7,5,7,6.0,12,2,4
5,3,3,5,4.0,8,2,2
6,5,5,6,5.5,11,1,2
31,31,31,31,31.0,62,0,29
8,25,8,25,16.5,33,17,0
4,1,1,4,2.5,5,3,0
19,24,19,24,21.5,43,5,9
22,21,21,22,21.5,43,1,20
16,20,16,20,18.0,36,4,14
12,4,4,12,8.0,16,8,2
40,46,40,46,43.0,86,6,33
6,9,6,9,7.5,15,3,5
2,5,2,5,3.5,7,3,0
5,5,5,5,5.0,10,0,3
14,12,12,14,13.0,26,2,11
1,20,1,20,10.5,21,19,0
6,9,6,9,7.5,15,3,4
2,5,2,5,3.5,7,3,1
1,4,1,4,2.5,5,3,0
4,1,1,4,2.5,5,3,0
4,2,2,4,3.0,6,2,1
6,3,3,6,4.5,9,3,2
5,6,5,6,5.5,11,1,4
5,1,1,5,3.0,6,4,0
15,18,15,18,16.5,33,3,9
14,17,14,17,15.5,31,3,11
7,5,5,7,6.0,12,2,4
4,1,1,4,2.5,5,3,0
2,6,2,6,4.0,8,4,0
1,146,1,146,73.5,147,145,0
4,4,4,4,4.0,8,0,3
8,1,1,8,4.5,9,7,0
1,10,1,10,5.5,11,9,0
8,8,8,8,8.0,16,0,5
18,4,4,18,11.0,22,14,2
1,4,1,4,2.5,5,3,0
5,1,1,5,3.0,6,4,0
11,9,9,11,10.0,20,2,6
4,8,4,8,6.0,12,4,0
1,7,1,7,4.0,8,6,0
4,1,1,4,2.5,5,3,0
1,6,1,6,3.5,7,5,0
1,8,1,8,4.5,9,7,0
5,6,5,6,5.5,11,1,0
1,6,1,6,3.5,7,5,0
8,7,7,8,7.5,15,1,5
12,10,10,12,11.0,22,2,8
1,15,1,15,8.0,16,14,0
8,1,1,8,4.5,9,7,0
6,6,6,6,6.0,12,0,1
1,4,1,4,2.5,5,3,0
11,17,11,17,14.0,28,6,8
11,1,1,11,6.0,12,10,0
4,3,3,4,3.5,7,1,2
5,1,1,5,3.0,6,4,0
2,4,2,4,3.0,6,2,1
5,5,5,5,5.0,10,0,4
7,7,7,7,7.0,14,0,5
4,11,4,11,7.5,15,7,2
17,20,17,20,18.5,37,3,15
9,13,9,13,11.0,22,4,6
2,5,2,5,3.5,7,3,1
7,9,7,9,8.0,16,2,5
21,6,6,21,13.5,27,15,3
1,5,1,5,3.0,6,4,0
4,5,4,5,4.5,9,1,3
24,39,24,39,31.5,63,15,15
4,1,1,4,2.5,5,3,0
7,2,2,7,4.5,9,5,0
1,24,1,24,12.5,25,23,0
15,23,15,23,19.0,38,8,11
23,13,13,23,18.0,36,10,9
9,11,9,11,10.0,20,2,8
4,4,4,4,4.0,8,0,3
1,5,1,5,3.0,6,4,0
8,5,5,8,6.5,13,3,4
19,12,12,19,15.5,31,7,11
6,7,6,7,6.5,13,1,2
14,12,12,14,13.0,26,2,11
14,17,14,17,15.5,31,3,9
1,4,1,4,2.5,5,3,0
20,15,15,20,17.5,35,5,12
16,15,15,16,15.5,31,1,13
16,11,11,16,13.5,27,5,8
4,1,1,4,2.5,5,3,0
11,1,1,11,6.0,12,10,0
1,16,1,16,8.5,17,15,0
20,9,9,20,14.5,29,11,8
2,5,2,5,3.5,7,3,0
11,12,11,12,11.5,23,1,9
7,3,3,7,5.0,10,4,1
1,4,1,4,2.5,5,3,0
10,1,1,10,5.5,11,9,0
1,7,1,7,4.0,8,6,0
8,7,7,8,7.5,15,1,5
10,1,1,10,5.5,11,9,0
1,5,1,5,3.0,6,4,0
4,3,3,4,3.5,7,1,2
32,23,23,32,27.5,55,9,14
51,41,41,51,46.0,92,10,24
6,6,6,6,6.0,12,0,0
6,2,2,6,4.0,8,4,1
4,1,1,4,2.5,5,3,0
5,1,1,5,3.0,6,4,0
2,4,2,4,3.0,6,2,0
10,14,10,14,12.0,24,4,2
11,7,7,11,9.0,18,4,6
38,17,17,38,27.5,55,21,14
29,44,29,44,36.5,73,15,22
7,1,1,7,4.0,8,6,0
5,2,2,5,3.5,7,3,0
1,10,1,10,5.5,11,9,0
1,4,1,4,2.5,5,3,0
4,1,1,4,2.5,5,3,0
29,15,15,29,22.0,44,14,13
15,15,15,15,15.0,30,0,11
1,4,1,4,2.5,5,3,0
1,4,1,4,2.5,5,3,0
14,18,14,18,16.0,32,4,9
5,1,1,5,3.0,6,4,0
8,1,1,8,4.5,9,7,0
2,4,2,4,3.0,6,2,1
4,4,4,4,4.0,8,0,2
1,6,1,6,3.5,7,5,0
9,1,1,9,5.0,10,8,0
12,7,7,12,9.5,19,5,1
17,12,12,17,14.5,29,5,6
2,5,2,5,3.5,7,3,1
1,10,1,10,5.5,11,9,0
1,4,1,4,2.5,5,3,0
14,10,10,14,12.0,24,4,8
11,12,11,12,11.5,23,1,10
12,15,12,15,13.5,27,3,11
37,33,33,37,35.0,70,4,29
23,23,23,23,23.0,46,0,13
31,32,31,32,31.5,63,1,29
15,10,10,15,12.5,25,5,7
13,13,13,13,13.0,26,0,12
1,8,1,8,4.5,9,7,0
1,5,1,5,3.0,6,4,0
6,6,6,6,6.0,12,0,5
10,9,9,10,9.5,19,1,7
5,1,1,5,3.0,6,4,0
5,5,5,5,5.0,10,0,3
5,2,2,5,3.5,7,3,1
10,1,1,10,5.5,11,9,0
6,9,6,9,7.5,15,3,4
27,28,27,28,27.5,55,1,19
2,28,2,28,15.0,30,26,0
4,1,1,4,2.5,5,3,0
9,10,9,10,9.5,19,1,6
9,5,5,9,7.0,14,4,4
10,11,10,11,10.5,21,1,9
4,1,1,4,2.5,5,3,0
19,15,15,19,17.0,34,4,14
5,1,1,5,3.0,6,4,0
4,4,4,4,4.0,8,0,3
5,1,1,5,3.0,6,4,0
23,27,23,27,25.0,50,4,18
5,5,5,5,5.0,10,0,4
20,35,20,35,27.5,55,15,19
11,6,6,11,8.5,17,5,4
24,25,24,25,24.5,49,1,23
6,1,1,6,3.5,7,5,0
1,4,1,4,2.5,5,3,0
1,19,1,19,10.0,20,18,0
1,35,1,35,18.0,36,34,0
1,4,1,4,2.5,5,3,0
5,5,5,5,5.0,10,0,4
34,31,31,34,32.5,65,3,24
7,1,1,7,4.0,8,6,0
23,38,23,38,30.5,61,15,19
10,8,8,10,9.0,18,2,4
4,5,4,5,4.5,9,1,3
6,5,5,6,5.5,11,1,4
5,2,2,5,3.5,7,3,0
9,8,8,9,8.5,17,1,5
4,1,1,4,2.5,5,3,0
1,4,1,4,2.5,5,3,0
7,11,7,11,9.0,18,4,6
6,1,1,6,3.5,7,5,0
18,12,12,18,15.0,30,6,11
9,8,8,9,8.5,17,1,7
8,8,8,8,8.0,16,0,7
18,14,14,18,16.0,32,4,13
14,13,13,14,13.5,27,1,12
1,13,1,13,7.0,14,12,0
5,1,1,5,3.0,6,4,0
13,15,13,15,14.0,28,2,11
11,8,8,11,9.5,19,3,6
16,6,6,16,11.0,22,10,4
18,10,10,18,14.0,28,8,8
9,11,9,11,10.0,20,2,8
9,9,9,9,9.0,18,0,6
31,33,31,33,32.0,64,2,30
6,8,6,8,7.0,14,2,5
4,1,1,4,2.5,5,3,0
10,10,10,10,10.0,20,0,3
14,12,12,14,13.0,26,2,6
5,5,5,5,5.0,10,0,4
4,1,1,4,2.5,5,3,0
6,5,5,6,5.5,11,1,4
1,4,1,4,2.5,5,3,0
10,11,10,11,10.5,21,1,9
37,24,24,37,30.5,61,13,22
8,5,5,8,6.5,13,3,4
29,29,29,29,29.0,58,0,15
1,23,1,23,12.0,24,22,0
13,11,11,13,12.0,24,2,10
24,26,24,26,25.0,50,2,22
5,4,4,5,4.5,9,1,2
4,1,1,4,2.5,5,3,0
4,2,2,4,3.0,6,2,1
5,1,1,5,3.0,6,4,0
7,2,2,7,4.5,9,5,1
5,2,2,5,3.5,7,3,1
4,3,3,4,3.5,7,1,2
7,3,3,7,5.0,10,4,2
1,4,1,4,2.5,5,3,0
1,4,1,4,2.5,5,3,0
16,12,12,16,14.0,28,4,11
4,1,1,4,2.5,5,3,0
1,6,1,6,3.5,7,5,0
1,11,1,11,6.0,12,10,0
1,8,1,8,4.5,9,7,0
15,32,15,32,23.5,47,17,3
4,2,2,4,3.0,6,2,1
5,10,5,10,7.5,15,5,0
3,7,3,7,5.0,10,4,2
1,4,1,4,2.5,5,3,0
4,1,1,4,2.5,5,3,0
4,1,1,4,2.5,5,3,0
16,21,16,21,18.5,37,5,13
1,18,1,18,9.5,19,17,0
18,17,17,18,17.5,35,1,15
4,5,4,5,4.5,9,1,2
4,2,2,4,3.0,6,2,1
1,9,1,9,5.0,10,8,0
1,10,1,10,5.5,11,9,0
4,2,2,4,3.0,6,2,1
19,8,8,19,13.5,27,11,2
11,6,6,11,8.5,17,5,0
15,11,11,15,13.0,26,4,10
7,7,7,7,7.0,14,0,5
1,6,1,6,3.5,7,5,0
38,17,17,38,27.5,55,21,16
1,12,1,12,6.5,13,11,0
9,7,7,9,8.0,16,2,6
6,5,5,6,5.5,11,1,4
20,12,12,20,16.0,32,8,10
13,1,1,13,7.0,14,12,0
1,7,1,7,4.0,8,6,0
6,17,6,17,11.5,23,11,5
7,7,7,7,7.0,14,0,5
16,10,10,16,13.0,26,6,3
5,4,4,5,4.5,9,1,3
5,1,1,5,3.0,6,4,0
1,6,1,6,3.5,7,5,0
2,17,2,17,9.5,19,15,0
5,5,5,5,5.0,10,0,2
2,7,2,7,4.5,9,5,1
1,5,1,5,3.0,6,4,0
4,4,4,4,4.0,8,0,3
3,6,3,6,4.5,9,3,0
2,12,2,12,7.0,14,10,1
10,13,10,13,11.5,23,3,9
5,1,1,5,3.0,6,4,0
4,3,3,4,3.5,7,1,2
22,20,20,22,21.0,42,2,16
26,27,26,27,26.5,53,1,25
3,4,3,4,3.5,7,1,2
1,12,1,12,6.5,13,11,0
6,6,6,6,6.0,12,0,4
75,1,1,75,38.0,76,74,0
5,2,2,5,3.5,7,3,0
19,19,19,19,19.0,38,0,17
1,8,1,8,4.5,9,7,0
1,5,1,5,3.0,6,4,0
6,1,1,6,3.5,7,5,0
19,31,19,31,25.0,50,12,14
23,16,16,23,19.5,39,7,12
5,14,5,14,9.5,19,9,4
5,5,5,5,5.0,10,0,4
1,6,1,6,3.5,7,5,0
5,5,5,5,5.0,10,0,4
10,11,10,11,10.5,21,1,9
40,31,31,40,35.5,71,9,29
8,10,8,10,9.0,18,2,4
1,4,1,4,2.5,5,3,0
18,19,18,19,18.5,37,1,17
7,6,6,7,6.5,13,1,5
9,21,9,21,15.0,30,12,8
1,4,1,4,2.5,5,3,0
10,8,8,10,9.0,18,2,5
1,9,1,9,5.0,10,8,0
4,2,2,4,3.0,6,2,1
14,15,14,15,14.5,29,1,13
11,12,11,12,11.5,23,1,9
1,4,1,4,2.5,5,3,0
13,7,7,13,10.0,20,6,0
4,1,1,4,2.5,5,3,0
1,10,1,10,5.5,11,9,0
11,11,11,11,11.0,22,0,10
1,5,1,5,3.0,6,4,0
1,9,1,9,5.0,10,8,0
26,26,26,26,26.0,52,0,25
10,5,5,10,7.5,15,5,4
6,7,6,7,6.5,13,1,5
2,15,2,15,8.5,17,13,1
13,9,9,13,11.0,22,4,6
48,12,12,48,30.0,60,36,10
1,4,1,4,2.5,5,3,0
44,39,39,44,41.5,83,5,35
1,6,1,6,3.5,7,5,0
16,18,16,18,17.0,34,2,10
4,4,4,4,4.0,8,0,3
8,1,1,8,4.5,9,7,0
5,4,4,5,4.5,9,1,2
88,47,47,88,67.5,135,41,31
19,16,16,19,17.5,35,3,15
1,22,1,22,11.5,23,21,0
9,8,8,9,8.5,17,1,7
4,1,1,4,2.5,5,3,0
26,27,26,27,26.5,53,1,25
1,15,1,15,8.0,16,14,0
4,2,2,4,3.0,6,2,1
14,31,14,31,22.5,45,17,5
5,5,5,5,5.0,10,0,4
6,6,6,6,6.0,12,0,5
2,8,2,8,5.0,10,6,1
5,1,1,5,3.0,6,4,0
4,1,1,4,2.5,5,3,0
13,13,13,13,13.0,26,0,12
11,10,10,11,10.5,21,1,9
1,6,1,6,3.5,7,5,0
9,12,9,12,10.5,21,3,7
1,5,1,5,3.0,6,4,0
10,9,9,10,9.5,19,1,8
4,1,1,4,2.5,5,3,0
2,4,2,4,3.0,6,2,0
9,8,8,9,8.5,17,1,7
14,14,14,14,14.0,28,0,13
4,1,1,4,2.5,5,3,0
17,1,1,17,9.0,18,16,0
5,4,4,5,4.5,9,1,3
5,5,5,5,5.0,10,0,4
5,1,1,5,3.0,6,4,0
6,7,6,7,6.5,13,1,0
5,2,2,5,3.5,7,3,0
20,19,19,20,19.5,39,1,18
1,8,1,8,4.5,9,7,0
10,20,10,20,15.0,30,10,9
21,1,1,21,11.0,22,20,0
1,7,1,7,4.0,8,6,0
19,18,18,19,18.5,37,1,16
1,4,1,4,2.5,5,3,0
2,7,2,7,4.5,9,5,1
7,12,7,12,9.5,19,5,6
18,35,18,35,26.5,53,17,16
4,6,4,6,5.0,10,2,3
1,4,1,4,2.5,5,3,0
7,1,1,7,4.0,8,6,0
20,1,1,20,10.5,21,19,0
42,36,36,42,39.0,78,6,31
2,4,2,4,3.0,6,2,1
16,15,15,16,15.5,31,1,12
27,22,22,27,24.5,49,5,20
1,5,1,5,3.0,6,4,0
7,10,7,10,8.5,17,3,6
5,1,1,5,3.0,6,4,0
3,6,3,6,4.5,9,3,2
1,9,1,9,5.0,10,8,0
5,4,4,5,4.5,9,1,3
6,1,1,6,3.5,7,5,0
41,45,41,45,43.0,86,4,39
1,7,1,7,4.0,8,6,0
6,1,1,6,3.5,7,5,0
10,10,10,10,10.0,20,0,9
7,22,7,22,14.5,29,15,6
75,1,1,75,38.0,76,74,0
4,2,2,4,3.0,6,2,1
8,1,1,8,4.5,9,7,0
1,55,1,55,28.0,56,54,0
14,14,14,14,14.0,28,0,13
29,50,29,50,39.5,79,21,27
6,5,5,6,5.5,11,1,4
15,5,5,15,10.0,20,10,4
21,44,21,44,32.5,65,23,19
4,3,3,4,3.5,7,1,2
6,2,2,6,4.0,8,4,1
5,2,2,5,3.5,7,3,1
9,7,7,9,8.0,16,2,1
6,7,6,7,6.5,13,1,5
1,4,1,4,2.5,5,3,0
49,49,49,49,49.0,98,0,48
2,9,2,9,5.5,11,7,0
26,27,26,27,26.5,53,1,25
4,1,1,4,2.5,5,3,0
6,1,1,6,3.5,7,5,0
1,5,1,5,3.0,6,4,0
2,11,2,11,6.5,13,9,1
4,5,4,5,4.5,9,1,0
44,33,33,44,38.5,77,11,31
4,4,4,4,4.0,8,0,3
15,8,8,15,11.5,23,7,7
9,10,9,10,9.5,19,1,2
44,47,44,47,45.5,91,3,43
14,11,11,14,12.5,25,3,10
5,4,4,5,4.5,9,1,3
16,15,15,16,15.5,31,1,7
20,13,13,20,16.5,33,7,9
4,1,1,4,2.5,5,3,0
8,25,8,25,16.5,33,17,0
11,9,9,11,10.0,20,2,6
9,4,4,9,6.5,13,5,3
12,13,12,13,12.5,25,1,11
18,54,18,54,36.0,72,36,16
8,5,5,8,6.5,13,3,3
4,1,1,4,2.5,5,3,0
7,9,7,9,8.0,16,2,5
6,1,1,6,3.5,7,5,0
12,13,12,13,12.5,25,1,11
13,16,13,16,14.5,29,3,10
6,1,1,6,3.5,7,5,0
1,5,1,5,3.0,6,4,0
1,5,1,5,3.0,6,4,0
4,1,1,4,2.5,5,3,0
1,16,1,16,8.5,17,15,0
10,13,10,13,11.5,23,3,9
5,2,2,5,3.5,7,3,1
4,1,1,4,2.5,5,3,0
6,7,6,7,6.5,13,1,5
18,20,18,20,19.0,38,2,14
1,8,1,8,4.5,9,7,0
43,88,43,88,65.5,131,45,37
8,7,7,8,7.5,15,1,5
6,3,3,6,4.5,9,3,1
1,6,1,6,3.5,7,5,0
3,6,3,6,4.5,9,3,0
6,7,6,7,6.5,13,1,5
6,7,6,7,6.5,13,1,5
5,6,5,6,5.5,11,1,4
1,5,1,5,3.0,6,4,0
22,20,20,22,21.0,42,2,19
6,8,6,8,7.0,14,2,5
1,14,1,14,7.5,15,13,0
8,8,8,8,8.0,16,0,7
42,37,37,42,39.5,79,5,32
5,4,4,5,4.5,9,1,2
5,1,1,5,3.0,6,4,0
5,5,5,5,5.0,10,0,3
6,7,6,7,6.5,13,1,0
5,1,1,5,3.0,6,4,0
5,7,5,7,6.0,12,2,4
9,1,1,9,5.0,10,8,0
23,15,15,23,19.0,38,8,14
12,1,1,12,6.5,13,11,0
7,7,7,7,7.0,14,0,6
1,4,1,4,2.5,5,3,0
6,10,6,10,8.0,16,4,5
17,14,14,17,15.5,31,3,10
4,1,1,4,2.5,5,3,0
4,5,4,5,4.5,9,1,3
1,6,1,6,3.5,7,5,0
2,10,2,10,6.0,12,8,0
5,22,5,22,13.5,27,17,4
5,5,5,5,5.0,10,0,4
5,7,5,7,6.0,12,2,3
4,1,1,4,2.5,5,3,0
26,22,22,26,24.0,48,4,20
23,25,23,25,24.0,48,2,20
2,14,2,14,8.0,16,12,0
1,10,1,10,5.5,11,9,0
5,2,2,5,3.5,7,3,0
1,7,1,7,4.0,8,6,0
10,10,10,10,10.0,20,0,9
22,1,1,22,11.5,23,21,0
13,13,13,13,13.0,26,0,11
8,4,4,8,6.0,12,4,3
5,1,1,5,3.0,6,4,0
1,6,1,6,3.5,7,5,0
5,1,1,5,3.0,6,4,0
40,47,40,47,43.5,87,7,36
1,7,1,7,4.0,8,6,0
5,1,1,5,3.0,6,4,0
2,29,2,29,15.5,31,27,0
4,7,4,7,5.5,11,3,2
5,2,2,5,3.5,7,3,1
5,4,4,5,4.5,9,1,3
7,4,4,7,5.5,11,3,3
1,8,1,8,4.5,9,7,0
4,17,4,17,10.5,21,13,0
36,14,14,36,25.0,50,22,12
5,5,5,5,5.0,10,0,3
8,9,8,9,8.5,17,1,5
19,19,19,19,19.0,38,0,18
13,13,13,13,13.0,26,0,12
14,13,13,14,13.5,27,1,10
27,12,12,27,19.5,39,15,10
2,22,2,22,12.0,24,20,0
4,6,4,6,5.0,10,2,3
1,11,1,11,6.0,12,10,0
2,6,2,6,4.0,8,4,0
1,13,1,13,7.0,14,12,0
19,13,13,19,16.0,32,6,11
5,2,2,5,3.5,7,3,1
18,1,1,18,9.5,19,17,0
37,25,25,37,31.0,62,12,23
10,20,10,20,15.0,30,10,8
1,5,1,5,3.0,6,4,0
5,9,5,9,7.0,14,4,4
4,1,1,4,2.5,5,3,0
1,18,1,18,9.5,19,17,0
18,19,18,19,18.5,37,1,16
9,5,5,9,7.0,14,4,4
10,10,10,10,10.0,20,0,9
11,10,10,11,10.5,21,1,8
14,13,13,14,13.5,27,1,12
5,3,3,5,4.0,8,2,1
6,1,1,6,3.5,7,5,0
11,10,10,11,10.5,21,1,7
4,1,1,4,2.5,5,3,0
16,18,16,18,17.0,34,2,8
8,9,8,9,8.5,17,1,7
1,13,1,13,7.0,14,12,0
17,19,17,19,18.0,36,2,16
8,5,5,8,6.5,13,3,3
50,29,29,50,39.5,79,21,19
21,24,21,24,22.5,45,3,18
13,12,12,13,12.5,25,1,11
28,30,28,30,29.0,58,2,27
6,2,2,6,4.0,8,4,1
5,6,5,6,5.5,11,1,2
6,2,2,6,4.0,8,4,1
18,16,16,18,17.0,34,2,11
15,6,6,15,10.5,21,9,5
9,8,8,9,8.5,17,1,7
12,12,12,12,12.0,24,0,11
5,4,4,5,4.5,9,1,0
20,2,2,20,11.0,22,18,1
5,8,5,8,6.5,13,3,3
4,1,1,4,2.5,5,3,0
7,4,4,7,5.5,11,3,3
23,16,16,23,19.5,39,7,13
10,6,6,10,8.0,16,4,2
16,12,12,16,14.0,28,4,5
8,6,6,8,7.0,14,2,5
13,13,13,13,13.0,26,0,12
1,13,1,13,7.0,14,12,0
18,18,18,18,18.0,36,0,17
1,5,1,5,3.0,6,4,0
16,22,16,22,19.0,38,6,15
32,32,32,32,32.0,64,0,26
4,5,4,5,4.5,9,1,3
3,6,3,6,4.5,9,3,1
13,28,13,28,20.5,41,15,10
5,1,1,5,3.0,6,4,0
27,23,23,27,25.0,50,4,22
20,10,10,20,15.0,30,10,9
16,13,13,16,14.5,29,3,12
10,19,10,19,14.5,29,9,6
4,5,4,5,4.5,9,1,3
17,17,17,17,17.0,34,0,9
38,39,38,39,38.5,77,1,33
4,3,3,4,3.5,7,1,0
5,1,1,5,3.0,6,4,0
13,11,11,13,12.0,24,2,10
1,8,1,8,4.5,9,7,0
8,9,8,9,8.5,17,1,6
18,16,16,18,17.0,34,2,13
4,1,1,4,2.5,5,3,0
2,4,2,4,3.0,6,2,0
3,4,3,4,3.5,7,1,2
4,7,4,7,5.5,11,3,3
5,8,5,8,6.5,13,3,1
5,12,5,12,8.5,17,7,4
1,4,1,4,2.5,5,3,0
4,7,4,7,5.5,11,3,3
20,16,16,20,18.0,36,4,15
9,10,9,10,9.5,19,1,8
17,17,17,17,17.0,34,0,13
5,2,2,5,3.5,7,3,1
2,17,2,17,9.5,19,15,1
2,4,2,4,3.0,6,2,1
7,5,5,7,6.0,12,2,4
24,26,24,26,25.0,50,2,23
8,8,8,8,8.0,16,0,7
1,5,1,5,3.0,6,4,0
1,5,1,5,3.0,6,4,0
9,9,9,9,9.0,18,0,8
10,15,10,15,12.5,25,5,9
22,24,22,24,23.0,46,2,18
10,15,10,15,12.5,25,5,7
5,1,1,5,3.0,6,4,0
1,9,1,9,5.0,10,8,0
2,10,2,10,6.0,12,8,0
12,9,9,12,10.5,21,3,7
14,10,10,14,12.0,24,4,8
2,8,2,8,5.0,10,6,0
54,41,41,54,47.5,95,13,38
25,20,20,25,22.5,45,5,18
14,6,6,14,10.0,20,8,0
21,19,19,21,20.0,40,2,18
23,7,7,23,15.0,30,16,0
11,12,11,12,11.5,23,1,10
10,1,1,10,5.5,11,9,0
2,5,2,5,3.5,7,3,1
7,7,7,7,7.0,14,0,6
3,5,3,5,4.0,8,2,2
1,5,1,5,3.0,6,4,0
1,7,1,7,4.0,8,6,0
2,6,2,6,4.0,8,4,0
4,4,4,4,4.0,8,0,3
1,31,1,31,16.0,32,30,0
5,8,5,8,6.5,13,3,4
19,20,19,20,19.5,39,1,17
1,5,1,5,3.0,6,4,0
11,14,11,14,12.5,25,3,10
13,12,12,13,12.5,25,1,9
4,1,1,4,2.5,5,3,0
4,1,1,4,2.5,5,3,0
4,4,4,4,4.0,8,0,3
8,11,8,11,9.5,19,3,5
7,1,1,7,4.0,8,6,0
1,19,1,19,10.0,20,18,0
20,21,20,21,20.5,41,1,19
1,5,1,5,3.0,6,4,0
5,2,2,5,3.5,7,3,1
1,4,1,4,2.5,5,3,0
2,4,2,4,3.0,6,2,0
7,15,7,15,11.0,22,8,4
1,6,1,6,3.5,7,5,0
24,22,22,24,23.0,46,2,1
15,9,9,15,12.0,24,6,7
6,6,6,6,6.0,12,0,4
32,32,32,32,32.0,64,0,30
2,5,2,5,3.5,7,3,0
18,21,18,21,19.5,39,3,11
12,6,6,12,9.0,18,6,0
4,6,4,6,5.0,10,2,3
20,23,20,23,21.5,43,3,18
4,1,1,4,2.5,5,3,0
6,1,1,6,3.5,7,5,0
11,12,11,12,11.5,23,1,7
4,4,4,4,4.0,8,0,3
4,5,4,5,4.5,9,1,3
27,28,27,28,27.5,55,1,26
9,7,7,9,8.0,16,2,6
5,1,1,5,3.0,6,4,0
1,8,1,8,4.5,9,7,0
2,6,2,6,4.0,8,4,1
49,25,25,49,37.0,74,24,18
4,4,4,4,4.0,8,0,3
20,4,4,20,12.0,24,16,0
31,13,13,31,22.0,44,18,5
2,4,2,4,3.0,6,2,0
13,17,13,17,15.0,30,4,12
18,9,9,18,13.5,27,9,8
14,3,3,14,8.5,17,11,0
5,1,1,5,3.0,6,4,0
4,1,1,4,2.5,5,3,0
1,15,1,15,8.0,16,14,0
13,16,13,16,14.5,29,3,11
8,5,5,8,6.5,13,3,4
13,12,12,13,12.5,25,1,10
26,8,8,26,17.0,34,18,5
7,5,5,7,6.0,12,2,2
5,4,4,5,4.5,9,1,3
6,4,4,6,5.0,10,2,3
8,6,6,8,7.0,14,2,5
4,1,1,4,2.5,5,3,0
2,8,2,8,5.0,10,6,0
1,4,1,4,2.5,5,3,0
41,47,41,47,44.0,88,6,40
28,49,28,49,38.5,77,21,24
4,3,3,4,3.5,7,1,1
51,25,25,51,38.0,76,26,24
1,6,1,6,3.5,7,5,0
54,55,54,55,54.5,109,1,53
6,10,6,10,8.0,16,4,5
1,4,1,4,2.5,5,3,0
9,1,1,9,5.0,10,8,0
7,1,1,7,4.0,8,6,0
8,11,8,11,9.5,19,3,7
1,105,1,105,53.0,106,104,0
1,4,1,4,2.5,5,3,0
2,5,2,5,3.5,7,3,1
3,5,3,5,4.0,8,2,2
1,4,1,4,2.5,5,3,0
25,24,24,25,24.5,49,1,12
15,15,15,15,15.0,30,0,9
20,18,18,20,19.0,38,2,17
27,26,26,27,26.5,53,1,25
11,9,9,11,10.0,20,2,8
4,6,4,6,5.0,10,2,3
11,10,10,11,10.5,21,1,9
10,11,10,11,10.5,21,1,9
20,48,20,48,34.0,68,28,12
21,17,17,21,19.0,38,4,16
3,4,3,4,3.5,7,1,2
5,6,5,6,5.5,11,1,0
10,7,7,10,8.5,17,3,6
1,5,1,5,3.0,6,4,0
7,11,7,11,9.0,18,4,6
7,4,4,7,5.5,11,3,3
16,16,16,16,16.0,32,0,15
15,10,10,15,12.5,25,5,7
6,1,1,6,3.5,7,5,0
10,7,7,10,8.5,17,3,5
34,35,34,35,34.5,69,1,29
20,21,20,21,20.5,41,1,19
14,9,9,14,11.5,23,5,8
5,6,5,6,5.5,11,1,3
1,9,1,9,5.0,10,8,0
4,1,1,4,2.5,5,3,0
7,11,7,11,9.0,18,4,5
7,10,7,10,8.5,17,3,6
35,20,20,35,27.5,55,15,13
3,9,3,9,6.0,12,6,2
10,12,10,12,11.0,22,2,9
5,1,1,5,3.0,6,4,0
1,7,1,7,4.0,8,6,0
30,53,30,53,41.5,83,23,21
1,77,1,77,39.0,78,76,0
13,14,13,14,13.5,27,1,10
1,4,1,4,2.5,5,3,0
15,5,5,15,10.0,20,10,4
19,9,9,19,14.0,28,10,6
13,17,13,17,15.0,30,4,12
4,2,2,4,3.0,6,2,1
1,4,1,4,2.5,5,3,0
6,5,5,6,5.5,11,1,1
8,15,8,15,11.5,23,7,7
39,21,21,39,30.0,60,18,18
1,4,1,4,2.5,5,3,0
1,16,1,16,8.5,17,15,0
5,1,1,5,3.0,6,4,0
1,7,1,7,4.0,8,6,0
5,1,1,5,3.0,6,4,0
8,3,3,8,5.5,11,5,2
23,35,23,35,29.0,58,12,17
5,8,5,8,6.5,13,3,4
6,7,6,7,6.5,13,1,4
13,18,13,18,15.5,31,5,11
3,5,3,5,4.0,8,2,2
28,23,23,28,25.5,51,5,21
4,2,2,4,3.0,6,2,1
5,1,1,5,3.0,6,4,0
10,1,1,10,5.5,11,9,0
12,14,12,14,13.0,26,2,11
1,4,1,4,2.5,5,3,0
39,49,39,49,44.0,88,10,35
16,8,8,16,12.0,24,8,7
5,5,5,5,5.0,10,0,0
2,5,2,5,3.5,7,3,0
12,35,12,35,23.5,47,23,6
12,11,11,12,11.5,23,1,8
36,34,34,36,35.0,70,2,33
23,40,23,40,31.5,63,17,21
27,26,26,27,26.5,53,1,25
1,5,1,5,3.0,6,4,0
6,1,1,6,3.5,7,5,0
3,5,3,5,4.0,8,2,2
5,9,5,9,7.0,14,4,4
8,4,4,8,6.0,12,4,3
1,6,1,6,3.5,7,5,0
7,1,1,7,4.0,8,6,0
4,1,1,4,2.5,5,3,0
2,5,2,5,3.5,7,3,0
37,25,25,37,31.0,62,12,23
4,1,1,4,2.5,5,3,0
2,6,2,6,4.0,8,4,1
39,48,39,48,43.5,87,9,31
5,4,4,5,4.5,9,1,1
12,11,11,12,11.5,23,1,10
7,7,7,7,7.0,14,0,4
1,12,1,12,6.5,13,11,0
11,6,6,11,8.5,17,5,5
4,1,1,4,2.5,5,3,0
19,15,15,19,17.0,34,4,11
16,16,16,16,16.0,32,0,12
7,34,7,34,20.5,41,27,3
15,19,15,19,17.0,34,4,13
1,5,1,5,3.0,6,4,0
5,2,2,5,3.5,7,3,1
22,15,15,22,18.5,37,7,12
28,44,28,44,36.0,72,16,23
11,14,11,14,12.5,25,3,9
9,5,5,9,7.0,14,4,4
5,6,5,6,5.5,11,1,4
4,2,2,4,3.0,6,2,0
6,1,1,6,3.5,7,5,0
1,4,1,4,2.5,5,3,0
21,20,20,21,20.5,41,1,19
20,20,20,20,20.0,40,0,19
8,1,1,8,4.5,9,7,0
5,5,5,5,5.0,10,0,3
10,4,4,10,7.0,14,6,3
1,7,1,7,4.0,8,6,0
5,6,5,6,5.5,11,1,4
25,40,25,40,32.5,65,15,11
1,5,1,5,3.0,6,4,0
12,17,12,17,14.5,29,5,7
32,33,32,33,32.5,65,1,31
4,4,4,4,4.0,8,0,3
1,4,1,4,2.5,5,3,0
23,32,23,32,27.5,55,9,20
21,16,16,21,18.5,37,5,9
8,10,8,10,9.0,18,2,7
4,5,4,5,4.5,9,1,1
4,1,1,4,2.5,5,3,0
4,11,4,11,7.5,15,7,3
15,12,12,15,13.5,27,3,8
4,5,4,5,4.5,9,1,3
31,20,20,31,25.5,51,11,15
10,13,10,13,11.5,23,3,6
1,23,1,23,12.0,24,22,0
1,17,1,17,9.0,18,16,0
8,8,8,8,8.0,16,0,7
18,19,18,19,18.5,37,1,17
13,16,13,16,14.5,29,3,11
19,10,10,19,14.5,29,9,7
4,4,4,4,4.0,8,0,3
27,26,26,27,26.5,53,1,25
12,6,6,12,9.0,18,6,4
4,4,4,4,4.0,8,0,3
31,18,18,31,24.5,49,13,13
1,4,1,4,2.5,5,3,0
4,3,3,4,3.5,7,1,2
1,10,1,10,5.5,11,9,0
16,3,3,16,9.5,19,13,2
1,7,1,7,4.0,8,6,0
13,14,13,14,13.5,27,1,12
5,1,1,5,3.0,6,4,0
18,19,18,19,18.5,37,1,12
4,1,1,4,2.5,5,3,0
17,17,17,17,17.0,34,0,14
4,1,1,4,2.5,5,3,0
14,12,12,14,13.0,26,2,10
19,27,19,27,23.0,46,8,12
13,19,13,19,16.0,32,6,11
2,5,2,5,3.5,7,3,1
4,4,4,4,4.0,8,0,3
1,4,1,4,2.5,5,3,0
1,5,1,5,3.0,6,4,0
5,2,2,5,3.5,7,3,1
10,5,5,10,7.5,15,5,4
24,25,24,25,24.5,49,1,23
8,51,8,51,29.5,59,43,6
6,6,6,6,6.0,12,0,1
36,11,11,36,23.5,47,25,6
1,4,1,4,2.5,5,3,0
16,15,15,16,15.5,31,1,12
13,1,1,13,7.0,14,12,0
5,2,2,5,3.5,7,3,1
10,9,9,10,9.5,19,1,7
8,8,8,8,8.0,16,0,7
1,4,1,4,2.5,5,3,0
12,12,12,12,12.0,24,0,11
1,7,1,7,4.0,8,6,0
9,11,9,11,10.0,20,2,7
13,25,13,25,19.0,38,12,11
9,4,4,9,6.5,13,5,3
16,16,16,16,16.0,32,0,8
13,1,1,13,7.0,14,12,0
2,11,2,11,6.5,13,9,0
4,5,4,5,4.5,9,1,3
2,4,2,4,3.0,6,2,1
6,2,2,6,4.0,8,4,1
7,3,3,7,5.0,10,4,0
4,3,3,4,3.5,7,1,2
4,1,1,4,2.5,5,3,0
1,7,1,7,4.0,8,6,0
7,7,7,7,7.0,14,0,6
2,5,2,5,3.5,7,3,1
14,14,14,14,14.0,28,0,13
7,1,1,7,4.0,8,6,0
6,7,6,7,6.5,13,1,4
3,4,3,4,3.5,7,1,0
1,4,1,4,2.5,5,3,0
11,1,1,11,6.0,12,10,0
16,1,1,16,8.5,17,15,0
1,19,1,19,10.0,20,18,0
24,20,20,24,22.0,44,4,17
7,1,1,7,4.0,8,6,0
2,12,2,12,7.0,14,10,1
30,28,28,30,29.0,58,2,25
12,1,1,12,6.5,13,11,0
4,2,2,4,3.0,6,2,1
10,10,10,10,10.0,20,0,9
6,3,3,6,4.5,9,3,2
5,4,4,5,4.5,9,1,3
7,2,2,7,4.5,9,5,1
4,1,1,4,2.5,5,3,0
1,6,1,6,3.5,7,5,0
44,36,36,44,40.0,80,8,33
2,4,2,4,3.0,6,2,1
4,5,4,5,4.5,9,1,3
1,6,1,6,3.5,7,5,0
5,5,5,5,5.0,10,0,4
2,5,2,5,3.5,7,3,0
9,31,9,31,20.0,40,22,7
6,1,1,6,3.5,7,5,0
1,4,1,4,2.5,5,3,0
5,1,1,5,3.0,6,4,0
16,21,16,21,18.5,37,5,4
1,4,1,4,2.5,5,3,0
15,12,12,15,13.5,27,3,11
11,9,9,11,10.0,20,2,6
1,7,1,7,4.0,8,6,0
9,7,7,9,8.0,16,2,5
16,10,10,16,13.0,26,6,6
5,6,5,6,5.5,11,1,4
4,5,4,5,4.5,9,1,3
26,1,1,26,13.5,27,25,0
4,5,4,5,4.5,9,1,3
1,5,1,5,3.0,6,4,0
13,12,12,13,12.5,25,1,11
5,1,1,5,3.0,6,4,0
4,1,1,4,2.5,5,3,0
10,8,8,10,9.0,18,2,7
13,13,13,13,13.0,26,0,10
17,24,17,24,20.5,41,7,15
9,6,6,9,7.5,15,3,5
4,6,4,6,5.0,10,2,3
36,47,36,47,41.5,83,11,34
10,6,6,10,8.0,16,4,2
7,2,2,7,4.5,9,5,0
5,2,2,5,3.5,7,3,0
13,15,13,15,14.0,28,2,10
6,1,1,6,3.5,7,5,0
29,28,28,29,28.5,57,1,25
10,8,8,10,9.0,18,2,5
1,5,1,5,3.0,6,4,0
4,1,1,4,2.5,5,3,0
1,9,1,9,5.0,10,8,0
4,4,4,4,4.0,8,0,2
39,36,36,39,37.5,75,3,27
4,5,4,5,4.5,9,1,3
16,15,15,16,15.5,31,1,14
1,10,1,10,5.5,11,9,0
5,3,3,5,4.0,8,2,2
19,11,11,19,15.0,30,8,4
9,6,6,9,7.5,15,3,4
31,23,23,31,27.0,54,8,21
49,42,42,49,45.5,91,7,40
19,24,19,24,21.5,43,5,16
9,8,8,9,8.5,17,1,5
1,5,1,5,3.0,6,4,0
13,12,12,13,12.5,25,1,11
15,13,13,15,14.0,28,2,10
5,1,1,5,3.0,6,4,0
27,9,9,27,18.0,36,18,8
45,47,45,47,46.0,92,2,34
12,24,12,24,18.0,36,12,7
49,17,17,49,33.0,66,32,14
8,10,8,10,9.0,18,2,3
18,18,18,18,18.0,36,0,16
21,19,19,21,20.0,40,2,13
4,5,4,5,4.5,9,1,2
4,3,3,4,3.5,7,1,2
7,7,7,7,7.0,14,0,0
17,8,8,17,12.5,25,9,6
17,13,13,17,15.0,30,4,11
9,15,9,15,12.0,24,6,7
47,41,41,47,44.0,88,6,32
5,1,1,5,3.0,6,4,0
10,18,10,18,14.0,28,8,6
31,41,31,41,36.0,72,10,25
4,4,4,4,4.0,8,0,3
8,1,1,8,4.5,9,7,0
6,1,1,6,3.5,7,5,0
1,6,1,6,3.5,7,5,0
26,27,26,27,26.5,53,1,25
4,5,4,5,4.5,9,1,3
12,11,11,12,11.5,23,1,8
4,1,1,4,2.5,5,3,0
5,4,4,5,4.5,9,1,3
4,2,2,4,3.0,6,2,1
5,6,5,6,5.5,11,1,0
17,17,17,17,17.0,34,0,16
15,23,15,23,19.0,38,8,14
4,1,1,4,2.5,5,3,0
9,7,7,9,8.0,16,2,6
24,39,24,39,31.5,63,15,19
14,9,9,14,11.5,23,5,7
6,7,6,7,6.5,13,1,5
11,23,11,23,17.0,34,12,5
9,10,9,10,9.5,19,1,6
12,12,12,12,12.0,24,0,11
14,14,14,14,14.0,28,0,13
4,5,4,5,4.5,9,1,3
6,1,1,6,3.5,7,5,0
3,5,3,5,4.0,8,2,2
1,65,1,65,33.0,66,64,0
8,8,8,8,8.0,16,0,7
14,17,14,17,15.5,31,3,13
21,20,20,21,20.5,41,1,17
10,12,10,12,11.0,22,2,9
11,12,11,12,11.5,23,1,8
8,8,8,8,8.0,16,0,5
14,13,13,14,13.5,27,1,6
7,2,2,7,4.5,9,5,1
7,1,1,7,4.0,8,6,0
20,21,20,21,20.5,41,1,15
12,6,6,12,9.0,18,6,5
1,5,1,5,3.0,6,4,0
18,28,18,28,23.0,46,10,14
9,7,7,9,8.0,16,2,6
4,10,4,10,7.0,14,6,0
17,26,17,26,21.5,43,9,10
5,7,5,7,6.0,12,2,4
20,23,20,23,21.5,43,3,18
1,5,1,5,3.0,6,4,0
10,7,7,10,8.5,17,3,5
4,4,4,4,4.0,8,0,3
4,5,4,5,4.5,9,1,3
8,11,8,11,9.5,19,3,7
21,23,21,23,22.0,44,2,20
3,10,3,10,6.5,13,7,0
12,11,11,12,11.5,23,1,10
4,2,2,4,3.0,6,2,0
23,24,23,24,23.5,47,1,14
1,5,1,5,3.0,6,4,0
1,4,1,4,2.5,5,3,0
30,41,30,41,35.5,71,11,29
16,10,10,16,13.0,26,6,6
11,13,11,13,12.0,24,2,8
5,4,4,5,4.5,9,1,3
5,4,4,5,4.5,9,1,1
12,5,5,12,8.5,17,7,4
49,31,31,49,40.0,80,18,28
3,10,3,10,6.5,13,7,2
5,1,1,5,3.0,6,4,0
13,9,9,13,11.0,22,4,8
7,1,1,7,4.0,8,6,0
17,21,17,21,19.0,38,4,15
1,8,1,8,4.5,9,7,0
45,46,45,46,45.5,91,1,44
1,4,1,4,2.5,5,3,0
8,22,8,22,15.0,30,14,6
2,5,2,5,3.5,7,3,0
1,4,1,4,2.5,5,3,0
9,8,8,9,8.5,17,1,6
27,29,27,29,28.0,56,2,23
6,4,4,6,5.0,10,2,3
5,4,4,5,4.5,9,1,3
15,10,10,15,12.5,25,5,1
1,4,1,4,2.5,5,3,0
1,4,1,4,2.5,5,3,0
4,5,4,5,4.5,9,1,2
1,7,1,7,4.0,8,6,0
23,33,23,33,28.0,56,10,15
1,4,1,4,2.5,5,3,0
1,17,1,17,9.0,18,16,0
4,6,4,6,5.0,10,2,1
21,23,21,23,22.0,44,2,15
19,23,19,23,21.0,42,4,17
34,25,25,34,29.5,59,9,18
1,4,1,4,2.5,5,3,0
1,5,1,5,3.0,6,4,0
12,12,12,12,12.0,24,0,10
16,9,9,16,12.5,25,7,8
1,4,1,4,2.5,5,3,0
5,1,1,5,3.0,6,4,0
9,6,6,9,7.5,15,3,2
1,4,1,4,2.5,5,3,0
11,9,9,11,10.0,20,2,8
4,1,1,4,2.5,5,3,0
4,4,4,4,4.0,8,0,2
1,6,1,6,3.5,7,5,0
8,9,8,9,8.5,17,1,7
20,19,19,20,19.5,39,1,18
5,1,1,5,3.0,6,4,0
31,39,31,39,35.0,70,8,29
18,19,18,19,18.5,37,1,15
8,12,8,12,10.0,20,4,7
41,36,36,41,38.5,77,5,28
43,9,9,43,26.0,52,34,0
36,33,33,36,34.5,69,3,29
10,12,10,12,11.0,22,2,8
1,4,1,4,2.5,5,3,0
8,6,6,8,7.0,14,2,5
1,4,1,4,2.5,5,3,0
4,1,1,4,2.5,5,3,0
8,38,8,38,23.0,46,30,3
6,2,2,6,4.0,8,4,1
9,11,9,11,10.0,20,2,8
5,1,1,5,3.0,6,4,0
7,1,1,7,4.0,8,6,0
5,4,4,5,4.5,9,1,3
53,25,25,53,39.0,78,28,13
1,77,1,77,39.0,78,76,0
9,8,8,9,8.5,17,1,4
14,15,14,15,14.5,29,1,12
17,5,5,17,11.0,22,12,1
1,4,1,4,2.5,5,3,0
25,18,18,25,21.5,43,7,15
37,32,32,37,34.5,69,5,28
1,6,1,6,3.5,7,5,0
24,22,22,24,23.0,46,2,20
5,8,5,8,6.5,13,3,4
1,5,1,5,3.0,6,4,0
13,26,13,26,19.5,39,13,11
10,11,10,11,10.5,21,1,9
12,15,12,15,13.5,27,3,11
18,16,16,18,17.0,34,2,11
3,4,3,4,3.5,7,1,2
12,12,12,12,12.0,24,0,11
9,10,9,10,9.5,19,1,6
5,1,1,5,3.0,6,4,0
4,10,4,10,7.0,14,6,3
35,41,35,41,38.0,76,6,21
1,8,1,8,4.5,9,7,0
21,22,21,22,21.5,43,1,10
1,7,1,7,4.0,8,6,0
4,1,1,4,2.5,5,3,0
12,1,1,12,6.5,13,11,0
14,2,2,14,8.0,16,12,1
27,27,27,27,27.0,54,0,26
1,10,1,10,5.5,11,9,0
9,15,9,15,12.0,24,6,5
6,9,6,9,7.5,15,3,4
7,15,7,15,11.0,22,8,0
8,7,7,8,7.5,15,1,0
4,3,3,4,3.5,7,1,0
40,88,40,88,64.0,128,48,29
12,8,8,12,10.0,20,4,7
11,12,11,12,11.5,23,1,9
6,5,5,6,5.5,11,1,4
15,16,15,16,15.5,31,1,12
7,5,5,7,6.0,12,2,3
9,9,9,9,9.0,18,0,6
5,3,3,5,4.0,8,2,2
11,1,1,11,6.0,12,10,0
8,11,8,11,9.5,19,3,7
19,19,19,19,19.0,38,0,18
8,5,5,8,6.5,13,3,4
20,1,1,20,10.5,21,19,0
16,22,16,22,19.0,38,6,5
7,8,7,8,7.5,15,1,5
1,4,1,4,2.5,5,3,0
8,14,8,14,11.0,22,6,7
31,38,31,38,34.5,69,7,24
4,3,3,4,3.5,7,1,2
13,13,13,13,13.0,26,0,12
11,12,11,12,11.5,23,1,10
12,15,12,15,13.5,27,3,10
2,34,2,34,18.0,36,32,0
4,1,1,4,2.5,5,3,0
7,9,7,9,8.0,16,2,5
2,4,2,4,3.0,6,2,1
3,17,3,17,10.0,20,14,2
18,27,18,27,22.5,45,9,17
32,32,32,32,32.0,64,0,30
6,8,6,8,7.0,14,2,4
4,1,1,4,2.5,5,3,0
18,19,18,19,18.5,37,1,14
4,5,4,5,4.5,9,1,2
10,5,5,10,7.5,15,5,3
10,9,9,10,9.5,19,1,7
6,6,6,6,6.0,12,0,5
1,6,1,6,3.5,7,5,0
7,9,7,9,8.0,16,2,4
6,8,6,8,7.0,14,2,4
4,1,1,4,2.5,5,3,0
1,7,1,7,4.0,8,6,0
6,13,6,13,9.5,19,7,4
42,47,42,47,44.5,89,5,33
12,13,12,13,12.5,25,1,10
14,1,1,14,7.5,15,13,0
15,17,15,17,16.0,32,2,12
1,7,1,7,4.0,8,6,0
6,3,3,6,4.5,9,3,1
15,22,15,22,18.5,37,7,14
1,10,1,10,5.5,11,9,0
4,1,1,4,2.5,5,3,0
2,6,2,6,4.0,8,4,0
7,8,7,8,7.5,15,1,2
6,10,6,10,8.0,16,4,4
5,4,4,5,4.5,9,1,3
22,43,22,43,32.5,65,21,1
11,9,9,11,10.0,20,2,8
33,29,29,33,31.0,62,4,19
42,34,34,42,38.0,76,8,21
6,4,4,6,5.0,10,2,3
1,4,1,4,2.5,5,3,0
12,10,10,12,11.0,22,2,8
4,4,4,4,4.0,8,0,3
7,7,7,7,7.0,14,0,6
21,19,19,21,20.0,40,2,18
4,30,4,30,17.0,34,26,0
4,1,1,4,2.5,5,3,0
19,13,13,19,16.0,32,6,11
3,8,3,8,5.5,11,5,0
4,6,4,6,5.0,10,2,3
16,14,14,16,15.0,30,2,10
1,4,1,4,2.5,5,3,0
5,6,5,6,5.5,11,1,4
6,3,3,6,4.5,9,3,2
1,6,1,6,3.5,7,5,0
18,17,17,18,17.5,35,1,13
1,4,1,4,2.5,5,3,0
5,2,2,5,3.5,7,3,1
11,11,11,11,11.0,22,0,10
10,10,10,10,10.0,20,0,9
7,7,7,7,7.0,14,0,6
5,5,5,5,5.0,10,0,4
16,22,16,22,19.0,38,6,14
1,20,1,20,10.5,21,19,0
6,3,3,6,4.5,9,3,2
7,7,7,7,7.0,14,0,6
8,11,8,11,9.5,19,3,7
3,7,3,7,5.0,10,4,1
1,6,1,6,3.5,7,5,0
1,7,1,7,4.0,8,6,0
8,1,1,8,4.5,9,7,0
5,2,2,5,3.5,7,3,1
12,15,12,15,13.5,27,3,6
7,1,1,7,4.0,8,6,0
4,2,2,4,3.0,6,2,0
6,5,5,6,5.5,11,1,4
1,4,1,4,2.5,5,3,0
12,11,11,12,11.5,23,1,8
5,5,5,5,5.0,10,0,3
3,4,3,4,3.5,7,1,1
1,10,1,10,5.5,11,9,0
1,19,1,19,10.0,20,18,0
15,10,10,15,12.5,25,5,9
53,20,20,53,36.5,73,33,11
1,4,1,4,2.5,5,3,0
5,1,1,5,3.0,6,4,0
5,1,1,5,3.0,6,4,0
14,1,1,14,7.5,15,13,0
1,6,1,6,3.5,7,5,0
21,22,21,22,21.5,43,1,17
8,5,5,8,6.5,13,3,3
4,1,1,4,2.5,5,3,0
4,1,1,4,2.5,5,3,0
18,22,18,22,20.0,40,4,17
2,5,2,5,3.5,7,3,1
18,27,18,27,22.5,45,9,16
4,4,4,4,4.0,8,0,3
8,8,8,8,8.0,16,0,7
2,6,2,6,4.0,8,4,1
29,32,29,32,30.5,61,3,24
8,8,8,8,8.0,16,0,7
12,1,1,12,6.5,13,11,0
22,19,19,22,20.5,41,3,17
14,11,11,14,12.5,25,3,10
10,7,7,10,8.5,17,3,6
4,4,4,4,4.0,8,0,3
7,5,5,7,6.0,12,2,4
9,7,7,9,8.0,16,2,6
5,5,5,5,5.0,10,0,4
1,9,1,9,5.0,10,8,0
1,4,1,4,2.5,5,3,0
2,4,2,4,3.0,6,2,1
6,1,1,6,3.5,7,5,0
1,8,1,8,4.5,9,7,0
1,10,1,10,5.5,11,9,0
11,6,6,11,8.5,17,5,2
2,14,2,14,8.0,16,12,0
5,1,1,5,3.0,6,4,0
2,5,2,5,3.5,7,3,1
1,5,1,5,3.0,6,4,0
4,5,4,5,4.5,9,1,2
9,5,5,9,7.0,14,4,3
4,2,2,4,3.0,6,2,1
4,1,1,4,2.5,5,3,0
4,18,4,18,11.0,22,14,0
4,1,1,4,2.5,5,3,0
8,11,8,11,9.5,19,3,0
5,1,1,5,3.0,6,4,0
28,17,17,28,22.5,45,11,10
4,2,2,4,3.0,6,2,1
21,23,21,23,22.0,44,2,20
6,6,6,6,6.0,12,0,4
5,5,5,5,5.0,10,0,4
20,35,20,35,27.5,55,15,17
18,17,17,18,17.5,35,1,11
4,6,4,6,5.0,10,2,3
21,35,21,35,28.0,56,14,18
7,3,3,7,5.0,10,4,2
1,9,1,9,5.0,10,8,0
1,14,1,14,7.5,15,13,0
20,19,19,20,19.5,39,1,18
4,3,3,4,3.5,7,1,2
1,6,1,6,3.5,7,5,0
20,40,20,40,30.0,60,20,15
7,5,5,7,6.0,12,2,4
2,4,2,4,3.0,6,2,1
6,1,1,6,3.5,7,5,0
5,1,1,5,3.0,6,4,0
41,49,41,49,45.0,90,8,33
1,4,1,4,2.5,5,3,0
1,5,1,5,3.0,6,4,0
10,10,10,10,10.0,20,0,9
5,5,5,5,5.0,10,0,4
24,19,19,24,21.5,43,5,8
6,3,3,6,4.5,9,3,0
5,5,5,5,5.0,10,0,0
2,33,2,33,17.5,35,31,1
6,2,2,6,4.0,8,4,1
6,4,4,6,5.0,10,2,2
5,3,3,5,4.0,8,2,0
4,5,4,5,4.5,9,1,3
1,10,1,10,5.5,11,9,0
5,1,1,5,3.0,6,4,0
4,4,4,4,4.0,8,0,3
5,1,1,5,3.0,6,4,0
7,8,7,8,7.5,15,1,6
5,7,5,7,6.0,12,2,3
6,6,6,6,6.0,12,0,3
4,2,2,4,3.0,6,2,1
1,22,1,22,11.5,23,21,0
5,5,5,5,5.0,10,0,4
24,11,11,24,17.5,35,13,9
7,7,7,7,7.0,14,0,6
1,4,1,4,2.5,5,3,0
4,4,4,4,4.0,8,0,3
1,43,1,43,22.0,44,42,0
4,7,4,7,5.5,11,3,3
50,51,50,51,50.5,101,1,48
32,31,31,32,31.5,63,1,30
9,1,1,9,5.0,10,8,0
1,5,1,5,3.0,6,4,0
1,12,1,12,6.5,13,11,0
5,6,5,6,5.5,11,1,2
26,20,20,26,23.0,46,6,18
9,1,1,9,5.0,10,8,0
5,3,3,5,4.0,8,2,2
4,12,4,12,8.0,16,8,3
5,1,1,5,3.0,6,4,0
1,7,1,7,4.0,8,6,0
1,13,1,13,7.0,14,12,0
2,9,2,9,5.5,11,7,0
10,1,1,10,5.5,11,9,0
1,6,1,6,3.5,7,5,0
7,7,7,7,7.0,14,0,6
6,1,1,6,3.5,7,5,0
4,1,1,4,2.5,5,3,0
4,5,4,5,4.5,9,1,1
2,5,2,5,3.5,7,3,0
6,4,4,6,5.0,10,2,3
4,8,4,8,6.0,12,4,3
5,1,1,5,3.0,6,4,0
28,49,28,49,38.5,77,21,20
2,4,2,4,3.0,6,2,1
1,4,1,4,2.5,5,3,0
4,1,1,4,2.5,5,3,0
6,15,6,15,10.5,21,9,5
15,17,15,17,16.0,32,2,14
47,36,36,47,41.5,83,11,28
4,4,4,4,4.0,8,0,3
14,18,14,18,16.0,32,4,13
4,3,3,4,3.5,7,1,2
1,7,1,7,4.0,8,6,0
18,12,12,18,15.0,30,6,10
9,1,1,9,5.0,10,8,0
19,2,2,19,10.5,21,17,1
5,8,5,8,6.5,13,3,0
1,8,1,8,4.5,9,7,0
4,1,1,4,2.5,5,3,0
2,8,2,8,5.0,10,6,0
5,6,5,6,5.5,11,1,4
6,3,3,6,4.5,9,3,1
18,26,18,26,22.0,44,8,13
12,12,12,12,12.0,24,0,8
26,1,1,26,13.5,27,25,0
5,1,1,5,3.0,6,4,0
9,13,9,13,11.0,22,4,5
12,37,12,37,24.5,49,25,10
18,20,18,20,19.0,38,2,17
8,7,7,8,7.5,15,1,6
3,17,3,17,10.0,20,14,1
19,16,16,19,17.5,35,3,14
3,5,3,5,4.0,8,2,0
4,5,4,5,4.5,9,1,3
1,4,1,4,2.5,5,3,0
3,6,3,6,4.5,9,3,1
7,1,1,7,4.0,8,6,0
32,31,31,32,31.5,63,1,24
9,7,7,9,8.0,16,2,6
8,4,4,8,6.0,12,4,3
7,9,7,9,8.0,16,2,5
4,5,4,5,4.5,9,1,3
5,4,4,5,4.5,9,1,1
6,5,5,6,5.5,11,1,4
5,1,1,5,3.0,6,4,0
1,4,1,4,2.5,5,3,0
1,4,1,4,2.5,5,3,0
28,51,28,51,39.5,79,23,27
31,27,27,31,29.0,58,4,26
8,11,8,11,9.5,19,3,7
17,23,17,23,20.0,40,6,16
11,19,11,19,15.0,30,8,8
4,7,4,7,5.5,11,3,3
9,9,9,9,9.0,18,0,8
19,16,16,19,17.5,35,3,15
12,7,7,12,9.5,19,5,6
1,4,1,4,2.5,5,3,0
10,4,4,10,7.0,14,6,2
7,6,6,7,6.5,13,1,5
11,3,3,11,7.0,14,8,2
9,9,9,9,9.0,18,0,6
6,6,6,6,6.0,12,0,5
1,4,1,4,2.5,5,3,0
6,1,1,6,3.5,7,5,0
1,8,1,8,4.5,9,7,0
6,5,5,6,5.5,11,1,4
10,1,1,10,5.5,11,9,0
12,12,12,12,12.0,24,0,10
36,24,24,36,30.0,60,12,17
29,33,29,33,31.0,62,4,14
6,1,1,6,3.5,7,5,0
1,23,1,23,12.0,24,22,0
14,13,13,14,13.5,27,1,10
9,26,9,26,17.5,35,17,6
10,20,10,20,15.0,30,10,9
1,17,1,17,9.0,18,16,0
2,7,2,7,4.5,9,5,0
1,7,1,7,4.0,8,6,0
1,6,1,6,3.5,7,5,0
5,1,1,5,3.0,6,4,0
7,1,1,7,4.0,8,6,0
9,1,1,9,5.0,10,8,0
1,6,1,6,3.5,7,5,0
10,8,8,10,9.0,18,2,6
10,7,7,10,8.5,17,3,4
17,20,17,20,18.5,37,3,16
8,13,8,13,10.5,21,5,0
1,4,1,4,2.5,5,3,0
1,7,1,7,4.0,8,6,0
8,8,8,8,8.0,16,0,6
8,12,8,12,10.0,20,4,6
5,1,1,5,3.0,6,4,0
16,11,11,16,13.5,27,5,8
25,48,25,48,36.5,73,23,18
5,5,5,5,5.0,10,0,4
5,1,1,5,3.0,6,4,0
11,10,10,11,10.5,21,1,9
26,18,18,26,22.0,44,8,17
8,8,8,8,8.0,16,0,5
26,26,26,26,26.0,52,0,24
2,5,2,5,3.5,7,3,0
21,20,20,21,20.5,41,1,18
2,29,2,29,15.5,31,27,0
1,4,1,4,2.5,5,3,0
4,5,4,5,4.5,9,1,1
20,21,20,21,20.5,41,1,17
12,26,12,26,19.0,38,14,10
20,19,19,20,19.5,39,1,16
4,4,4,4,4.0,8,0,0
1,8,1,8,4.5,9,7,0
1,5,1,5,3.0,6,4,0
1,6,1,6,3.5,7,5,0
1,10,1,10,5.5,11,9,0
6,9,6,9,7.5,15,3,0
5,4,4,5,4.5,9,1,2
9,4,4,9,6.5,13,5,0
24,11,11,24,17.5,35,13,5
5,1,1,5,3.0,6,4,0
9,5,5,9,7.0,14,4,1
9,8,8,9,8.5,17,1,7
20,18,18,20,19.0,38,2,16
7,5,5,7,6.0,12,2,4
1,4,1,4,2.5,5,3,0
16,11,11,16,13.5,27,5,9
4,1,1,4,2.5,5,3,0
11,7,7,11,9.0,18,4,5
4,1,1,4,2.5,5,3,0
13,9,9,13,11.0,22,4,2
6,7,6,7,6.5,13,1,1
21,23,21,23,22.0,44,2,20
1,4,1,4,2.5,5,3,0
4,11,4,11,7.5,15,7,2
4,1,1,4,2.5,5,3,0
5,4,4,5,4.5,9,1,3
4,1,1,4,2.5,5,3,0
4,1,1,4,2.5,5,3,0
4,1,1,4,2.5,5,3,0
5,6,5,6,5.5,11,1,4
4,5,4,5,4.5,9,1,2
13,8,8,13,10.5,21,5,7
2,6,2,6,4.0,8,4,1
1,17,1,17,9.0,18,16,0
1,4,1,4,2.5,5,3,0
1,7,1,7,4.0,8,6,0
1,18,1,18,9.5,19,17,0
5,1,1,5,3.0,6,4,0
1,6,1,6,3.5,7,5,0
13,13,13,13,13.0,26,0,12
3,4,3,4,3.5,7,1,2
6,1,1,6,3.5,7,5,0
5,1,1,5,3.0,6,4,0
4,4,4,4,4.0,8,0,3
1,31,1,31,16.0,32,30,0
11,20,11,20,15.5,31,9,8
1,4,1,4,2.5,5,3,0
13,9,9,13,11.0,22,4,8
4,1,1,4,2.5,5,3,0
9,1,1,9,5.0,10,8,0
2,9,2,9,5.5,11,7,1
4,1,1,4,2.5,5,3,0
7,4,4,7,5.5,11,3,3
13,6,6,13,9.5,19,7,5
7,18,7,18,12.5,25,11,6
4,4,4,4,4.0,8,0,0
5,2,2,5,3.5,7,3,1
5,6,5,6,5.5,11,1,4
9,10,9,10,9.5,19,1,8
1,8,1,8,4.5,9,7,0
14,14,14,14,14.0,28,0,13
1,6,1,6,3.5,7,5,0
37,27,27,37,32.0,64,10,2
5,3,3,5,4.0,8,2,2
6,10,6,10,8.0,16,4,1
4,1,1,4,2.5,5,3,0
9,4,4,9,6.5,13,5,2
6,5,5,6,5.5,11,1,3
1,8,1,8,4.5,9,7,0
2,14,2,14,8.0,16,12,0
9,2,2,9,5.5,11,7,1
8,1,1,8,4.5,9,7,0
1,7,1,7,4.0,8,6,0
32,33,32,33,32.5,65,1,31
17,18,17,18,17.5,35,1,16
7,1,1,7,4.0,8,6,0
12,11,11,12,11.5,23,1,10
8,8,8,8,8.0,16,0,6
1,38,1,38,19.5,39,37,0
6,5,5,6,5.5,11,1,4
13,14,13,14,13.5,27,1,9
1,19,1,19,10.0,20,18,0
5,1,1,5,3.0,6,4,0
7,7,7,7,7.0,14,0,6
13,15,13,15,14.0,28,2,10
26,24,24,26,25.0,50,2,19
4,1,1,4,2.5,5,3,0
8,5,5,8,6.5,13,3,4
19,19,19,19,19.0,38,0,18
3,4,3,4,3.5,7,1,2
12,10,10,12,11.0,22,2,9
7,15,7,15,11.0,22,8,5
1,5,1,5,3.0,6,4,0
6,1,1,6,3.5,7,5,0
10,7,7,10,8.5,17,3,6
1,6,1,6,3.5,7,5,0
1,65,1,65,33.0,66,64,0
1,5,1,5,3.0,6,4,0
1,19,1,19,10.0,20,18,0
1,12,1,12,6.5,13,11,0
9,27,9,27,18.0,36,18,8
4,2,2,4,3.0,6,2,1
1,6,1,6,3.5,7,5,0
30,44,30,44,37.0,74,14,26
21,20,20,21,20.5,41,1,18
5,7,5,7,6.0,12,2,4
1,4,1,4,2.5,5,3,0
1,7,1,7,4.0,8,6,0
10,13,10,13,11.5,23,3,9
10,1,1,10,5.5,11,9,0
15,18,15,18,16.5,33,3,9
5,1,1,5,3.0,6,4,0
10,8,8,10,9.0,18,2,6
8,1,1,8,4.5,9,7,0
31,32,31,32,31.5,63,1,29
11,1,1,11,6.0,12,10,0
1,13,1,13,7.0,14,12,0
5,2,2,5,3.5,7,3,1
4,5,4,5,4.5,9,1,3
7,14,7,14,10.5,21,7,3
1,10,1,10,5.5,11,9,0
7,9,7,9,8.0,16,2,6
10,1,1,10,5.5,11,9,0
11,11,11,11,11.0,22,0,9
11,11,11,11,11.0,22,0,9
5,9,5,9,7.0,14,4,3
1,19,1,19,10.0,20,18,0
9,1,1,9,5.0,10,8,0
7,2,2,7,4.5,9,5,1
19,17,17,19,18.0,36,2,12
6,4,4,6,5.0,10,2,3
10,9,9,10,9.5,19,1,6
4,2,2,4,3.0,6,2,1
7,7,7,7,7.0,14,0,6
5,12,5,12,8.5,17,7,1
12,20,12,20,16.0,32,8,11
5,6,5,6,5.5,11,1,4
5,5,5,5,5.0,10,0,0
4,1,1,4,2.5,5,3,0
10,32,10,32,21.0,42,22,2
7,9,7,9,8.0,16,2,4
4,2,2,4,3.0,6,2,1
3,4,3,4,3.5,7,1,2
13,9,9,13,11.0,22,4,8
2,4,2,4,3.0,6,2,1
1,5,1,5,3.0,6,4,0
6,1,1,6,3.5,7,5,0
31,5,5,31,18.0,36,26,3
6,2,2,6,4.0,8,4,1
6,4,4,6,5.0,10,2,2
2,4,2,4,3.0,6,2,0
1,4,1,4,2.5,5,3,0
25,26,25,26,25.5,51,1,24
5,4,4,5,4.5,9,1,3
6,1,1,6,3.5,7,5,0
8,10,8,10,9.0,18,2,3
5,1,1,5,3.0,6,4,0
17,10,10,17,13.5,27,7,8
3,20,3,20,11.5,23,17,1
15,20,15,20,17.5,35,5,12
11,12,11,12,11.5,23,1,9
5,5,5,5,5.0,10,0,4
5,18,5,18,11.5,23,13,1
5,5,5,5,5.0,10,0,0
11,9,9,11,10.0,20,2,8
7,12,7,12,9.5,19,5,6
1,66,1,66,33.5,67,65,0
17,17,17,17,17.0,34,0,16
32,13,13,32,22.5,45,19,11
11,5,5,11,8.0,16,6,3
9,6,6,9,7.5,15,3,5
4,2,2,4,3.0,6,2,1
1,12,1,12,6.5,13,11,0
4,2,2,4,3.0,6,2,1
2,12,2,12,7.0,14,10,1
22,17,17,22,19.5,39,5,15
1,25,1,25,13.0,26,24,0
13,26,13,26,19.5,39,13,11
1,6,1,6,3.5,7,5,0
16,17,16,17,16.5,33,1,13
2,12,2,12,7.0,14,10,0
1,6,1,6,3.5,7,5,0
5,2,2,5,3.5,7,3,1
7,7,7,7,7.0,14,0,6
1,7,1,7,4.0,8,6,0
27,36,27,36,31.5,63,9,17
2,6,2,6,4.0,8,4,0
22,22,22,22,22.0,44,0,17
19,13,13,19,16.0,32,6,9
11,3,3,11,7.0,14,8,2
3,6,3,6,4.5,9,3,2
10,11,10,11,10.5,21,1,3
9,7,7,9,8.0,16,2,6
1,26,1,26,13.5,27,25,0
8,8,8,8,8.0,16,0,3
3,8,3,8,5.5,11,5,1
6,5,5,6,5.5,11,1,4
4,1,1,4,2.5,5,3,0
8,2,2,8,5.0,10,6,0
4,1,1,4,2.5,5,3,0
6,4,4,6,5.0,10,2,3
5,1,1,5,3.0,6,4,0
1,16,1,16,8.5,17,15,0
49,28,28,49,38.5,77,21,20
6,7,6,7,6.5,13,1,5
7,7,7,7,7.0,14,0,4
7,7,7,7,7.0,14,0,6
2,5,2,5,3.5,7,3,1
1,5,1,5,3.0,6,4,0
3,4,3,4,3.5,7,1,2
4,8,4,8,6.0,12,4,1
5,6,5,6,5.5,11,1,2
41,33,33,41,37.0,74,8,27
4,10,4,10,7.0,14,6,3
6,9,6,9,7.5,15,3,4
5,2,2,5,3.5,7,3,1
30,17,17,30,23.5,47,13,16
14,14,14,14,14.0,28,0,13
49,31,31,49,40.0,80,18,30
2,5,2,5,3.5,7,3,1
4,1,1,4,2.5,5,3,0
11,4,4,11,7.5,15,7,3
31,33,31,33,32.0,64,2,30
5,6,5,6,5.5,11,1,4
1,36,1,36,18.5,37,35,0
4,5,4,5,4.5,9,1,3
11,11,11,11,11.0,22,0,7
7,6,6,7,6.5,13,1,1
9,14,9,14,11.5,23,5,8
26,13,13,26,19.5,39,13,10
1,22,1,22,11.5,23,21,0
1,4,1,4,2.5,5,3,0
1,13,1,13,7.0,14,12,0
13,4,4,13,8.5,17,9,2
26,24,24,26,25.0,50,2,23
1,5,1,5,3.0,6,4,0
31,32,31,32,31.5,63,1,29
8,7,7,8,7.5,15,1,6
1,8,1,8,4.5,9,7,0
6,6,6,6,6.0,12,0,5
1,14,1,14,7.5,15,13,0
13,9,9,13,11.0,22,4,8
10,39,10,39,24.5,49,29,4
5,1,1,5,3.0,6,4,0
1,4,1,4,2.5,5,3,0
2,6,2,6,4.0,8,4,0
45,48,45,48,46.5,93,3,43
1,8,1,8,4.5,9,7,0
1,4,1,4,2.5,5,3,0
7,8,7,8,7.5,15,1,5
9,9,9,9,9.0,18,0,4
9,9,9,9,9.0,18,0,8
11,10,10,11,10.5,21,1,4
1,26,1,26,13.5,27,25,0
1,4,1,4,2.5,5,3,0
9,15,9,15,12.0,24,6,8
11,2,2,11,6.5,13,9,1
7,1,1,7,4.0,8,6,0
6,9,6,9,7.5,15,3,5
13,15,13,15,14.0,28,2,12
20,7,7,20,13.5,27,13,6
13,14,13,14,13.5,27,1,12
21,20,20,21,20.5,41,1,18
1,5,1,5,3.0,6,4,0
21,1,1,21,11.0,22,20,0
19,20,19,20,19.5,39,1,16
1,7,1,7,4.0,8,6,0
10,2,2,10,6.0,12,8,1
4,1,1,4,2.5,5,3,0
14,19,14,19,16.5,33,5,13
4,1,1,4,2.5,5,3,0
12,1,1,12,6.5,13,11,0
5,1,1,5,3.0,6,4,0
5,4,4,5,4.5,9,1,0
8,6,6,8,7.0,14,2,5
21,10,10,21,15.5,31,11,5
14,17,14,17,15.5,31,3,13
33,27,27,33,30.0,60,6,21
9,20,9,20,14.5,29,11,6
8,15,8,15,11.5,23,7,4
21,54,21,54,37.5,75,33,13
4,1,1,4,2.5,5,3,0
37,43,37,43,40.0,80,6,29
6,9,6,9,7.5,15,3,4
4,4,4,4,4.0,8,0,3
6,1,1,6,3.5,7,5,0
4,4,4,4,4.0,8,0,3
5,5,5,5,5.0,10,0,4
50,49,49,50,49.5,99,1,48
5,5,5,5,5.0,10,0,4
2,6,2,6,4.0,8,4,0
24,16,16,24,20.0,40,8,13
45,27,27,45,36.0,72,18,20
51,43,43,51,47.0,94,8,25
4,2,2,4,3.0,6,2,0
6,9,6,9,7.5,15,3,5
5,2,2,5,3.5,7,3,1
2,4,2,4,3.0,6,2,1
2,4,2,4,3.0,6,2,1
9,1,1,9,5.0,10,8,0
4,2,2,4,3.0,6,2,1
4,1,1,4,2.5,5,3,0
1,4,1,4,2.5,5,3,0
6,5,5,6,5.5,11,1,4
8,1,1,8,4.5,9,7,0
4,2,2,4,3.0,6,2,1
8,6,6,8,7.0,14,2,4
2,5,2,5,3.5,7,3,1
1,5,1,5,3.0,6,4,0
49,40,40,49,44.5,89,9,35
28,51,28,51,39.5,79,23,27
22,20,20,22,21.0,42,2,17
1,6,1,6,3.5,7,5,0
4,3,3,4,3.5,7,1,2
7,4,4,7,5.5,11,3,2
14,1,1,14,7.5,15,13,0
2,4,2,4,3.0,6,2,1
4,4,4,4,4.0,8,0,2
1,5,1,5,3.0,6,4,0
12,3,3,12,7.5,15,9,0
21,15,15,21,18.0,36,6,13
4,3,3,4,3.5,7,1,2
25,45,25,45,35.0,70,20,21
1,5,1,5,3.0,6,4,0
1,10,1,10,5.5,11,9,0
20,18,18,20,19.0,38,2,15
5,6,5,6,5.5,11,1,3
4,3,3,4,3.5,7,1,2
1,4,1,4,2.5,5,3,0
11,13,11,13,12.0,24,2,10
1,4,1,4,2.5,5,3,0
6,2,2,6,4.0,8,4,1
4,2,2,4,3.0,6,2,0
6,14,6,14,10.0,20,8,4
4,1,1,4,2.5,5,3,0
1,5,1,5,3.0,6,4,0
4,1,1,4,2.5,5,3,0
1,7,1,7,4.0,8,6,0
5,4,4,5,4.5,9,1,3
5,2,2,5,3.5,7,3,1
1,6,1,6,3.5,7,5,0
4,6,4,6,5.0,10,2,3
11,9,9,11,10.0,20,2,8
16,27,16,27,21.5,43,11,6
24,23,23,24,23.5,47,1,22
1,4,1,4,2.5,5,3,0
11,1,1,11,6.0,12,10,0
5,1,1,5,3.0,6,4,0
4,4,4,4,4.0,8,0,3
7,1,1,7,4.0,8,6,0
1,4,1,4,2.5,5,3,0
4,3,3,4,3.5,7,1,2
12,10,10,12,11.0,22,2,9
6,5,5,6,5.5,11,1,4
9,13,9,13,11.0,22,4,8
8,10,8,10,9.0,18,2,7
15,15,15,15,15.0,30,0,13
6,1,1,6,3.5,7,5,0
4,2,2,4,3.0,6,2,1
4,1,1,4,2.5,5,3,0
11,9,9,11,10.0,20,2,8
2,5,2,5,3.5,7,3,1
9,7,7,9,8.0,16,2,3
9,1,1,9,5.0,10,8,0
5,1,1,5,3.0,6,4,0
1,23,1,23,12.0,24,22,0
8,4,4,8,6.0,12,4,3
34,32,32,34,33.0,66,2,24
1,4,1,4,2.5,5,3,0
4,23,4,23,13.5,27,19,0
11,12,11,12,11.5,23,1,10
9,9,9,9,9.0,18,0,8
8,10,8,10,9.0,18,2,5
26,23,23,26,24.5,49,3,21
3,5,3,5,4.0,8,2,0
6,5,5,6,5.5,11,1,4
13,15,13,15,14.0,28,2,12
19,21,19,21,20.0,40,2,18
52,2,2,52,27.0,54,50,0
14,13,13,14,13.5,27,1,9
4,6,4,6,5.0,10,2,3
31,33,31,33,32.0,64,2,30
1,43,1,43,22.0,44,42,0
4,1,1,4,2.5,5,3,0
7,8,7,8,7.5,15,1,5
4,12,4,12,8.0,16,8,0
6,5,5,6,5.5,11,1,3
3,5,3,5,4.0,8,2,1
7,7,7,7,7.0,14,0,5
15,1,1,15,8.0,16,14,0
10,11,10,11,10.5,21,1,9
6,1,1,6,3.5,7,5,0
5,1,1,5,3.0,6,4,0
13,11,11,13,12.0,24,2,10
4,1,1,4,2.5,5,3,0
3,6,3,6,4.5,9,3,2
43,36,36,43,39.5,79,7,30
5,2,2,5,3.5,7,3,0
1,40,1,40,20.5,41,39,0
14,8,8,14,11.0,22,6,7
6,1,1,6,3.5,7,5,0
43,45,43,45,44.0,88,2,40
6,1,1,6,3.5,7,5,0
1,5,1,5,3.0,6,4,0
1,4,1,4,2.5,5,3,0
1,7,1,7,4.0,8,6,0
16,14,14,16,15.0,30,2,8
20,21,20,21,20.5,41,1,15
5,9,5,9,7.0,14,4,2
5,4,4,5,4.5,9,1,2
5,1,1,5,3.0,6,4,0
3,10,3,10,6.5,13,7,2
6,1,1,6,3.5,7,5,0
16,14,14,16,15.0,30,2,13
1,28,1,28,14.5,29,27,0
50,49,49,50,49.5,99,1,30
7,7,7,7,7.0,14,0,6
15,9,9,15,12.0,24,6,7
5,4,4,5,4.5,9,1,3
4,1,1,4,2.5,5,3,0
4,13,4,13,8.5,17,9,3
1,4,1,4,2.5,5,3,0
8,8,8,8,8.0,16,0,4
49,38,38,49,43.5,87,11,34
13,12,12,13,12.5,25,1,10
4,1,1,4,2.5,5,3,0
2,19,2,19,10.5,21,17,1
1,15,1,15,8.0,16,14,0
5,4,4,5,4.5,9,1,3
1,8,1,8,4.5,9,7,0
20,19,19,20,19.5,39,1,18
4,9,4,9,6.5,13,5,2
2,20,2,20,11.0,22,18,0
15,18,15,18,16.5,33,3,11
8,8,8,8,8.0,16,0,7
5,3,3,5,4.0,8,2,1
5,5,5,5,5.0,10,0,3
1,10,1,10,5.5,11,9,0
20,17,17,20,18.5,37,3,14
4,4,4,4,4.0,8,0,2
9,9,9,9,9.0,18,0,7
7,12,7,12,9.5,19,5,5
39,8,8,39,23.5,47,31,4
5,1,1,5,3.0,6,4,0
5,6,5,6,5.5,11,1,3
6,2,2,6,4.0,8,4,1
5,5,5,5,5.0,10,0,4
2,8,2,8,5.0,10,6,1
18,15,15,18,16.5,33,3,11
13,6,6,13,9.5,19,7,5
4,1,1,4,2.5,5,3,0
1,9,1,9,5.0,10,8,0
5,4,4,5,4.5,9,1,3
6,4,4,6,5.0,10,2,2
7,7,7,7,7.0,14,0,5
1,4,1,4,2.5,5,3,0
1,4,1,4,2.5,5,3,0
5,1,1,5,3.0,6,4,0
6,1,1,6,3.5,7,5,0
17,19,17,19,18.0,36,2,16
4,1,1,4,2.5,5,3,0
4,5,4,5,4.5,9,1,3
5,5,5,5,5.0,10,0,4
1,5,1,5,3.0,6,4,0
2,4,2,4,3.0,6,2,1
20,19,19,20,19.5,39,1,16
10,6,6,10,8.0,16,4,4
4,5,4,5,4.5,9,1,3
5,1,1,5,3.0,6,4,0
36,36,36,36,36.0,72,0,32
31,41,31,41,36.0,72,10,21
5,1,1,5,3.0,6,4,0
7,7,7,7,7.0,14,0,5
11,1,1,11,6.0,12,10,0
1,5,1,5,3.0,6,4,0
26,27,26,27,26.5,53,1,25
9,7,7,9,8.0,16,2,6
4,3,3,4,3.5,7,1,2
17,33,17,33,25.0,50,16,16
14,14,14,14,14.0,28,0,12
35,28,28,35,31.5,63,7,16
7,2,2,7,4.5,9,5,0
17,14,14,17,15.5,31,3,12
10,5,5,10,7.5,15,5,4
51,49,49,51,50.0,100,2,30
9,9,9,9,9.0,18,0,8
6,1,1,6,3.5,7,5,0
13,6,6,13,9.5,19,7,1
7,8,7,8,7.5,15,1,5
1,4,1,4,2.5,5,3,0
28,28,28,28,28.0,56,0,26
7,2,2,7,4.5,9,5,1
29,26,26,29,27.5,55,3,24
1,10,1,10,5.5,11,9,0
1,6,1,6,3.5,7,5,0
4,1,1,4,2.5,5,3,0
33,29,29,33,31.0,62,4,19
1,4,1,4,2.5,5,3,0
5,5,5,5,5.0,10,0,3
2,4,2,4,3.0,6,2,1
11,15,11,15,13.0,26,4,10
4,1,1,4,2.5,5,3,0
9,8,8,9,8.5,17,1,6
1,4,1,4,2.5,5,3,0
8,4,4,8,6.0,12,4,3
14,26,14,26,20.0,40,12,8
1,6,1,6,3.5,7,5,0
1,5,1,5,3.0,6,4,0
11,2,2,11,6.5,13,9,1
10,40,10,40,25.0,50,30,9
16,17,16,17,16.5,33,1,11
2,5,2,5,3.5,7,3,1
8,4,4,8,6.0,12,4,1
7,9,7,9,8.0,16,2,5
1,5,1,5,3.0,6,4,0
32,39,32,39,35.5,71,7,29
20,10,10,20,15.0,30,10,9
2,5,2,5,3.5,7,3,1
5,2,2,5,3.5,7,3,1
1,5,1,5,3.0,6,4,0
11,11,11,11,11.0,22,0,2
12,14,12,14,13.0,26,2,11
1,8,1,8,4.5,9,7,0
3,7,3,7,5.0,10,4,2
12,12,12,12,12.0,24,0,11
10,8,8,10,9.0,18,2,6
27,26,26,27,26.5,53,1,25
11,5,5,11,8.0,16,6,4
1,4,1,4,2.5,5,3,0
6,4,4,6,5.0,10,2,1
7,6,6,7,6.5,13,1,3
2,13,2,13,7.5,15,11,1
4,2,2,4,3.0,6,2,1
1,5,1,5,3.0,6,4,0
1,9,1,9,5.0,10,8,0
13,7,7,13,10.0,20,6,4
7,6,6,7,6.5,13,1,5
1,5,1,5,3.0,6,4,0
2,5,2,5,3.5,7,3,1
1,4,1,4,2.5,5,3,0
5,1,1,5,3.0,6,4,0
1,21,1,21,11.0,22,20,0
1,8,1,8,4.5,9,7,0
8,7,7,8,7.5,15,1,6
37,35,35,37,36.0,72,2,23
10,3,3,10,6.5,13,7,2
1,10,1,10,5.5,11,9,0
1,7,1,7,4.0,8,6,0
32,33,32,33,32.5,65,1,31
30,27,27,30,28.5,57,3,20
9,2,2,9,5.5,11,7,0
7,5,5,7,6.0,12,2,4
7,1,1,7,4.0,8,6,0
25,15,15,25,20.0,40,10,14
4,1,1,4,2.5,5,3,0
12,1,1,12,6.5,13,11,0
5,1,1,5,3.0,6,4,0
5,6,5,6,5.5,11,1,4
16,17,16,17,16.5,33,1,11
5,1,1,5,3.0,6,4,0
27,26,26,27,26.5,53,1,25
6,1,1,6,3.5,7,5,0
6,1,1,6,3.5,7,5,0
1,6,1,6,3.5,7,5,0
4,6,4,6,5.0,10,2,3
6,8,6,8,7.0,14,2,4
6,6,6,6,6.0,12,0,5
26,25,25,26,25.5,51,1,23
40,8,8,40,24.0,48,32,7
30,29,29,30,29.5,59,1,22
5,5,5,5,5.0,10,0,4
13,14,13,14,13.5,27,1,11
4,1,1,4,2.5,5,3,0
7,5,5,7,6.0,12,2,4
12,1,1,12,6.5,13,11,0
5,4,4,5,4.5,9,1,3
15,9,9,15,12.0,24,6,7
8,5,5,8,6.5,13,3,4
6,6,6,6,6.0,12,0,5
10,12,10,12,11.0,22,2,8
9,1,1,9,5.0,10,8,0
9,1,1,9,5.0,10,8,0
3,12,3,12,7.5,15,9,0
10,9,9,10,9.5,19,1,8
24,13,13,24,18.5,37,11,10
5,5,5,5,5.0,10,0,4
1,4,1,4,2.5,5,3,0
4,4,4,4,4.0,8,0,3
20,21,20,21,20.5,41,1,17
4,1,1,4,2.5,5,3,0
1,8,1,8,4.5,9,7,0
5,5,5,5,5.0,10,0,4
4,4,4,4,4.0,8,0,3
1,9,1,9,5.0,10,8,0
5,5,5,5,5.0,10,0,4
1,4,1,4,2.5,5,3,0
4,1,1,4,2.5,5,3,0
17,20,17,20,18.5,37,3,16
5,7,5,7,6.0,12,2,4
7,4,4,7,5.5,11,3,3
5,10,5,10,7.5,15,5,4
22,28,22,28,25.0,50,6,2
1,4,1,4,2.5,5,3,0
1,8,1,8,4.5,9,7,0
1,31,1,31,16.0,32,30,0
5,4,4,5,4.5,9,1,2
4,1,1,4,2.5,5,3,0
5,6,5,6,5.5,11,1,2
4,2,2,4,3.0,6,2,1
8,8,8,8,8.0,16,0,7
5,5,5,5,5.0,10,0,4
5,6,5,6,5.5,11,1,0
4,5,4,5,4.5,9,1,2
6,11,6,11,8.5,17,5,4
1,5,1,5,3.0,6,4,0
50,1,1,50,25.5,51,49,0
6,9,6,9,7.5,15,3,5
8,8,8,8,8.0,16,0,7
9,7,7,9,8.0,16,2,5
11,21,11,21,16.0,32,10,9
4,2,2,4,3.0,6,2,0
7,3,3,7,5.0,10,4,2
1,4,1,4,2.5,5,3,0
9,10,9,10,9.5,19,1,4
4,5,4,5,4.5,9,1,3
5,5,5,5,5.0,10,0,3
38,23,23,38,30.5,61,15,19
1,5,1,5,3.0,6,4,0
4,1,1,4,2.5,5,3,0
6,7,6,7,6.5,13,1,5
11,6,6,11,8.5,17,5,5
4,1,1,4,2.5,5,3,0
11,5,5,11,8.0,16,6,1
8,1,1,8,4.5,9,7,0
4,1,1,4,2.5,5,3,0
10,12,10,12,11.0,22,2,6
4,1,1,4,2.5,5,3,0
4,8,4,8,6.0,12,4,3
4,1,1,4,2.5,5,3,0
48,12,12,48,30.0,60,36,9
5,25,5,25,15.0,30,20,0
10,2,2,10,6.0,12,8,1
1,8,1,8,4.5,9,7,0
5,1,1,5,3.0,6,4,0
1,21,1,21,11.0,22,20,0
7,6,6,7,6.5,13,1,2
5,5,5,5,5.0,10,0,4
4,6,4,6,5.0,10,2,2
4,1,1,4,2.5,5,3,0
2,6,2,6,4.0,8,4,1
1,5,1,5,3.0,6,4,0
11,17,11,17,14.0,28,6,9
3,5,3,5,4.0,8,2,2
1,5,1,5,3.0,6,4,0
6,13,6,13,9.5,19,7,2
5,1,1,5,3.0,6,4,0
23,8,8,23,15.5,31,15,5
4,2,2,4,3.0,6,2,0
1,8,1,8,4.5,9,7,0
36,44,36,44,40.0,80,8,33
1,17,1,17,9.0,18,16,0
4,2,2,4,3.0,6,2,0
6,6,6,6,6.0,12,0,3
2,5,2,5,3.5,7,3,1
5,3,3,5,4.0,8,2,0
14,14,14,14,14.0,28,0,12
7,6,6,7,6.5,13,1,5
7,6,6,7,6.5,13,1,5
4,4,4,4,4.0,8,0,3
5,6,5,6,5.5,11,1,4
32,14,14,32,23.0,46,18,10
5,4,4,5,4.5,9,1,3
10,5,5,10,7.5,15,5,2
1,7,1,7,4.0,8,6,0
4,1,1,4,2.5,5,3,0
6,4,4,6,5.0,10,2,3
38,15,15,38,26.5,53,23,13
20,24,20,24,22.0,44,4,15
4,1,1,4,2.5,5,3,0
32,48,32,48,40.0,80,16,24
21,24,21,24,22.5,45,3,17
5,9,5,9,7.0,14,4,4
5,1,1,5,3.0,6,4,0
13,12,12,13,12.5,25,1,7
6,1,1,6,3.5,7,5,0
4,3,3,4,3.5,7,1,0
18,20,18,20,19.0,38,2,16
5,5,5,5,5.0,10,0,4
5,5,5,5,5.0,10,0,4
1,9,1,9,5.0,10,8,0
7,1,1,7,4.0,8,6,0
4,4,4,4,4.0,8,0,3
1,4,1,4,2.5,5,3,0
34,15,15,34,24.5,49,19,12
4,4,4,4,4.0,8,0,3
3,5,3,5,4.0,8,2,2
2,4,2,4,3.0,6,2,1
1,5,1,5,3.0,6,4,0
10,75,10,75,42.5,85,65,0
5,1,1,5,3.0,6,4,0
1,12,1,12,6.5,13,11,0
15,9,9,15,12.0,24,6,7
9,18,9,18,13.5,27,9,8
16,13,13,16,14.5,29,3,10
5,1,1,5,3.0,6,4,0
5,2,2,5,3.5,7,3,1
4,4,4,4,4.0,8,0,2
5,1,1,5,3.0,6,4,0
4,2,2,4,3.0,6,2,1
28,41,28,41,34.5,69,13,25
10,6,6,10,8.0,16,4,5
16,26,16,26,21.0,42,10,15
26,26,26,26,26.0,52,0,25
2,9,2,9,5.5,11,7,0
12,12,12,12,12.0,24,0,5
15,15,15,15,15.0,30,0,7
6,3,3,6,4.5,9,3,2
5,6,5,6,5.5,11,1,4
6,6,6,6,6.0,12,0,4
5,4,4,5,4.5,9,1,2
4,1,1,4,2.5,5,3,0
6,1,1,6,3.5,7,5,0
2,8,2,8,5.0,10,6,1
1,4,1,4,2.5,5,3,0
1,10,1,10,5.5,11,9,0
5,1,1,5,3.0,6,4,0
20,20,20,20,20.0,40,0,18
16,22,16,22,19.0,38,6,8
2,4,2,4,3.0,6,2,1
1,6,1,6,3.5,7,5,0
3,14,3,14,8.5,17,11,0
9,6,6,9,7.5,15,3,5
7,2,2,7,4.5,9,5,1
23,21,21,23,22.0,44,2,18
5,9,5,9,7.0,14,4,4
1,4,1,4,2.5,5,3,0
2,4,2,4,3.0,6,2,1
1,4,1,4,2.5,5,3,0
5,4,4,5,4.5,9,1,0
5,5,5,5,5.0,10,0,4
13,15,13,15,14.0,28,2,11
14,8,8,14,11.0,22,6,7
6,6,6,6,6.0,12,0,5
27,19,19,27,23.0,46,8,13
1,5,1,5,3.0,6,4,0
4,1,1,4,2.5,5,3,0
12,12,12,12,12.0,24,0,11
7,2,2,7,4.5,9,5,1
13,16,13,16,14.5,29,3,9
10,2,2,10,6.0,12,8,1
8,5,5,8,6.5,13,3,4
3,4,3,4,3.5,7,1,2
6,1,1,6,3.5,7,5,0
5,5,5,5,5.0,10,0,3
22,24,22,24,23.0,46,2,21
17,17,17,17,17.0,34,0,9
1,11,1,11,6.0,12,10,0
5,1,1,5,3.0,6,4,0
2,5,2,5,3.5,7,3,0
1,13,1,13,7.0,14,12,0
5,5,5,5,5.0,10,0,3
7,1,1,7,4.0,8,6,0
1,6,1,6,3.5,7,5,0
30,29,29,30,29.5,59,1,18
12,7,7,12,9.5,19,5,0
5,9,5,9,7.0,14,4,4
4,1,1,4,2.5,5,3,0
19,19,19,19,19.0,38,0,18
1,6,1,6,3.5,7,5,0
27,13,13,27,20.0,40,14,10
1,4,1,4,2.5,5,3,0
13,6,6,13,9.5,19,7,3
27,41,27,41,34.0,68,14,26
21,31,21,31,26.0,52,10,20
11,14,11,14,12.5,25,3,9
14,15,14,15,14.5,29,1,12
7,8,7,8,7.5,15,1,6
14,7,7,14,10.5,21,7,5
7,7,7,7,7.0,14,0,6
1,4,1,4,2.5,5,3,0
13,13,13,13,13.0,26,0,12
13,14,13,14,13.5,27,1,10
5,3,3,5,4.0,8,2,2
1,4,1,4,2.5,5,3,0
11,1,1,11,6.0,12,10,0
43,41,41,43,42.0,84,2,39
13,12,12,13,12.5,25,1,11
1,27,1,27,14.0,28,26,0
20,2,2,20,11.0,22,18,0
6,5,5,6,5.5,11,1,4
22,25,22,25,23.5,47,3,16
4,4,4,4,4.0,8,0,3
17,8,8,17,12.5,25,9,5
1,15,1,15,8.0,16,14,0
1,4,1,4,2.5,5,3,0
29,25,25,29,27.0,54,4,23
14,22,14,22,18.0,36,8,4
31,9,9,31,20.0,40,22,8
9,3,3,9,6.0,12,6,1
36,27,27,36,31.5,63,9,25
10,1,1,10,5.5,11,9,0
20,24,20,24,22.0,44,4,17
12,18,12,18,15.0,30,6,11
10,20,10,20,15.0,30,10,9
10,6,6,10,8.0,16,4,1
5,10,5,10,7.5,15,5,4
1,4,1,4,2.5,5,3,0
1,88,1,88,44.5,89,87,0
26,29,26,29,27.5,55,3,22
1,6,1,6,3.5,7,5,0
4,105,4,105,54.5,109,101,0
50,28,28,50,39.0,78,22,27
1,4,1,4,2.5,5,3,0
8,8,8,8,8.0,16,0,5
4,2,2,4,3.0,6,2,1
15,8,8,15,11.5,23,7,7
1,5,1,5,3.0,6,4,0
6,6,6,6,6.0,12,0,5
4,4,4,4,4.0,8,0,3
1,20,1,20,10.5,21,19,0
16,7,7,16,11.5,23,9,5
39,22,22,39,30.5,61,17,15
6,1,1,6,3.5,7,5,0
3,7,3,7,5.0,10,4,2
1,7,1,7,4.0,8,6,0
12,12,12,12,12.0,24,0,10
1,5,1,5,3.0,6,4,0
1,12,1,12,6.5,13,11,0
26,2,2,26,14.0,28,24,0
1,4,1,4,2.5,5,3,0
5,1,1,5,3.0,6,4,0
11,9,9,11,10.0,20,2,7
4,18,4,18,11.0,22,14,0
4,1,1,4,2.5,5,3,0
4,2,2,4,3.0,6,2,1
32,25,25,32,28.5,57,7,24
29,43,29,43,36.0,72,14,25
26,27,26,27,26.5,53,1,25
2,4,2,4,3.0,6,2,1
2,5,2,5,3.5,7,3,0
4,1,1,4,2.5,5,3,0
5,1,1,5,3.0,6,4,0
3,5,3,5,4.0,8,2,0
8,8,8,8,8.0,16,0,7
15,10,10,15,12.5,25,5,9
1,5,1,5,3.0,6,4,0
5,1,1,5,3.0,6,4,0
7,7,7,7,7.0,14,0,6
8,1,1,8,4.5,9,7,0
6,4,4,6,5.0,10,2,3
7,4,4,7,5.5,11,3,3
4,4,4,4,4.0,8,0,1
8,16,8,16,12.0,24,8,5
5,1,1,5,3.0,6,4,0
10,17,10,17,13.5,27,7,4
5,7,5,7,6.0,12,2,4
30,51,30,51,40.5,81,21,25
20,19,19,20,19.5,39,1,17
6,6,6,6,6.0,12,0,5
1,16,1,16,8.5,17,15,0
1,4,1,4,2.5,5,3,0
1,4,1,4,2.5,5,3,0
40,41,40,41,40.5,81,1,27
6,6,6,6,6.0,12,0,2
6,7,6,7,6.5,13,1,0
1,22,1,22,11.5,23,21,0
40,29,29,40,34.5,69,11,24
8,10,8,10,9.0,18,2,6
1,7,1,7,4.0,8,6,0
23,51,23,51,37.0,74,28,19
15,28,15,28,21.5,43,13,14
6,1,1,6,3.5,7,5,0
25,48,25,48,36.5,73,23,18
1,12,1,12,6.5,13,11,0
1,5,1,5,3.0,6,4,0
2,12,2,12,7.0,14,10,1
12,10,10,12,11.0,22,2,9
5,1,1,5,3.0,6,4,0
28,34,28,34,31.0,62,6,10
1,4,1,4,2.5,5,3,0
7,5,5,7,6.0,12,2,4
6,5,5,6,5.5,11,1,4
1,10,1,10,5.5,11,9,0
5,4,4,5,4.5,9,1,2
8,7,7,8,7.5,15,1,6
4,3,3,4,3.5,7,1,2
3,4,3,4,3.5,7,1,1
24,21,21,24,22.5,45,3,20
7,8,7,8,7.5,15,1,5
4,1,1,4,2.5,5,3,0
17,11,11,17,14.0,28,6,9
3,21,3,21,12.0,24,18,0
9,9,9,9,9.0,18,0,8
13,11,11,13,12.0,24,2,10
7,8,7,8,7.5,15,1,4
10,9,9,10,9.5,19,1,8
46,29,29,46,37.5,75,17,20
4,2,2,4,3.0,6,2,1
1,6,1,6,3.5,7,5,0
8,1,1,8,4.5,9,7,0
1,6,1,6,3.5,7,5,0
5,1,1,5,3.0,6,4,0
12,6,6,12,9.0,18,6,3
1,4,1,4,2.5,5,3,0
6,5,5,6,5.5,11,1,4
32,32,32,32,32.0,64,0,29
5,5,5,5,5.0,10,0,4
11,43,11,43,27.0,54,32,9
10,5,5,10,7.5,15,5,3
1,4,1,4,2.5,5,3,0
18,17,17,18,17.5,35,1,13
13,20,13,20,16.5,33,7,12
2,5,2,5,3.5,7,3,0
2,40,2,40,21.0,42,38,0
17,4,4,17,10.5,21,13,0
5,1,1,5,3.0,6,4,0
13,10,10,13,11.5,23,3,9
1,4,1,4,2.5,5,3,0
4,1,1,4,2.5,5,3,0
2,4,2,4,3.0,6,2,1
1,146,1,146,73.5,147,145,0
18,19,18,19,18.5,37,1,17
1,4,1,4,2.5,5,3,0
5,9,5,9,7.0,14,4,3
24,20,20,24,22.0,44,4,14
6,1,1,6,3.5,7,5,0
37,28,28,37,32.5,65,9,18
13,6,6,13,9.5,19,7,3
2,18,2,18,10.0,20,16,0
11,10,10,11,10.5,21,1,7
5,1,1,5,3.0,6,4,0
5,1,1,5,3.0,6,4,0
14,14,14,14,14.0,28,0,13
5,2,2,5,3.5,7,3,1
29,27,27,29,28.0,56,2,26
1,5,1,5,3.0,6,4,0
7,1,1,7,4.0,8,6,0
3,17,3,17,10.0,20,14,1
30,24,24,30,27.0,54,6,23
33,25,25,33,29.0,58,8,24
8,1,1,8,4.5,9,7,0
4,23,4,23,13.5,27,19,3
4,1,1,4,2.5,5,3,0
4,5,4,5,4.5,9,1,3
13,20,13,20,16.5,33,7,11
3,13,3,13,8.0,16,10,1
6,5,5,6,5.5,11,1,4
5,5,5,5,5.0,10,0,4
13,15,13,15,14.0,28,2,11
9,8,8,9,8.5,17,1,5
4,3,3,4,3.5,7,1,2
8,146,8,146,77.0,154,138,0
4,1,1,4,2.5,5,3,0
16,14,14,16,15.0,30,2,10
41,44,41,44,42.5,85,3,39
1,4,1,4,2.5,5,3,0
10,11,10,11,10.5,21,1,8
1,30,1,30,15.5,31,29,0
8,6,6,8,7.0,14,2,4
8,8,8,8,8.0,16,0,3
12,19,12,19,15.5,31,7,10
1,6,1,6,3.5,7,5,0
5,1,1,5,3.0,6,4,0
1,4,1,4,2.5,5,3,0
3,5,3,5,4.0,8,2,2
4,6,4,6,5.0,10,2,2
1,9,1,9,5.0,10,8,0
4,1,1,4,2.5,5,3,0
6,8,6,8,7.0,14,2,5
34,29,29,34,31.5,63,5,25
13,1,1,13,7.0,14,12,0
11,15,11,15,13.0,26,4,9
1,5,1,5,3.0,6,4,0
11,13,11,13,12.0,24,2,10
4,6,4,6,5.0,10,2,2
31,32,31,32,31.5,63,1,29
6,1,1,6,3.5,7,5,0
5,3,3,5,4.0,8,2,2
6,5,5,6,5.5,11,1,4
4,2,2,4,3.0,6,2,1
4,1,1,4,2.5,5,3,0
5,1,1,5,3.0,6,4,0
7,7,7,7,7.0,14,0,6
8,15,8,15,11.5,23,7,5
5,7,5,7,6.0,12,2,4
8,13,8,13,10.5,21,5,7
9,8,8,9,8.5,17,1,7
11,11,11,11,11.0,22,0,10
1,14,1,14,7.5,15,13,0
5,6,5,6,5.5,11,1,4
10,5,5,10,7.5,15,5,4
10,10,10,10,10.0,20,0,6
4,1,1,4,2.5,5,3,0
7,8,7,8,7.5,15,1,5
6,6,6,6,6.0,12,0,0
1,4,1,4,2.5,5,3,0
1,4,1,4,2.5,5,3,0
6,4,4,6,5.0,10,2,0
4,5,4,5,4.5,9,1,0
7,1,1,7,4.0,8,6,0
1,6,1,6,3.5,7,5,0
9,9,9,9,9.0,18,0,8
12,9,9,12,10.5,21,3,8
37,24,24,37,30.5,61,13,18
1,4,1,4,2.5,5,3,0
1,4,1,4,2.5,5,3,0
2,5,2,5,3.5,7,3,1
1,5,1,5,3.0,6,4,0
4,3,3,4,3.5,7,1,2
14,8,8,14,11.0,22,6,7
1,7,1,7,4.0,8,6,0
8,12,8,12,10.0,20,4,7
1,19,1,19,10.0,20,18,0
5,3,3,5,4.0,8,2,2
27,27,27,27,27.0,54,0,26
20,15,15,20,17.5,35,5,9
2,5,2,5,3.5,7,3,0
16,16,16,16,16.0,32,0,12
22,23,22,23,22.5,45,1,21
6,4,4,6,5.0,10,2,2
20,22,20,22,21.0,42,2,17
6,6,6,6,6.0,12,0,5
8,1,1,8,4.5,9,7,0
4,1,1,4,2.5,5,3,0
16,14,14,16,15.0,30,2,13
5,4,4,5,4.5,9,1,3
4,2,2,4,3.0,6,2,1
38,32,32,38,35.0,70,6,20
1,5,1,5,3.0,6,4,0
24,28,24,28,26.0,52,4,20
19,12,12,19,15.5,31,7,9
45,29,29,45,37.0,74,16,20
1,4,1,4,2.5,5,3,0
1,6,1,6,3.5,7,5,0
1,30,1,30,15.5,31,29,0
4,1,1,4,2.5,5,3,0
1,22,1,22,11.5,23,21,0
5,6,5,6,5.5,11,1,4
31,25,25,31,28.0,56,6,24
9,1,1,9,5.0,10,8,0
6,3,3,6,4.5,9,3,1
9,1,1,9,5.0,10,8,0
15,4,4,15,9.5,19,11,0
7,5,5,7,6.0,12,2,4
2,44,2,44,23.0,46,42,1
15,13,13,15,14.0,28,2,11
6,7,6,7,6.5,13,1,5
4,1,1,4,2.5,5,3,0
5,6,5,6,5.5,11,1,4
10,5,5,10,7.5,15,5,4
21,8,8,21,14.5,29,13,5
9,9,9,9,9.0,18,0,7
30,35,30,35,32.5,65,5,29
24,29,24,29,26.5,53,5,15
6,10,6,10,8.0,16,4,3
10,4,4,10,7.0,14,6,3
8,1,1,8,4.5,9,7,0
4,8,4,8,6.0,12,4,3
1,4,1,4,2.5,5,3,0
15,16,15,16,15.5,31,1,11
21,33,21,33,27.0,54,12,19
13,10,10,13,11.5,23,3,5
5,1,1,5,3.0,6,4,0
4,1,1,4,2.5,5,3,0
28,26,26,28,27.0,54,2,24
13,12,12,13,12.5,25,1,11
4,1,1,4,2.5,5,3,0
1,7,1,7,4.0,8,6,0
4,1,1,4,2.5,5,3,0
3,4,3,4,3.5,7,1,2
11,11,11,11,11.0,22,0,10
7,1,1,7,4.0,8,6,0
2,5,2,5,3.5,7,3,0
1,4,1,4,2.5,5,3,0
1,75,1,75,38.0,76,74,0
1,5,1,5,3.0,6,4,0
6,2,2,6,4.0,8,4,0
8,1,1,8,4.5,9,7,0
7,5,5,7,6.0,12,2,2
1,6,1,6,3.5,7,5,0
26,39,26,39,32.5,65,13,23
9,11,9,11,10.0,20,2,7
16,4,4,16,10.0,20,12,3
9,5,5,9,7.0,14,4,3
1,5,1,5,3.0,6,4,0
19,2,2,19,10.5,21,17,0
16,24,16,24,20.0,40,8,14
6,5,5,6,5.5,11,1,3
12,1,1,12,6.5,13,11,0
32,11,11,32,21.5,43,21,10
1,6,1,6,3.5,7,5,0
4,4,4,4,4.0,8,0,0
41,46,41,46,43.5,87,5,31
1,21,1,21,11.0,22,20,0
8,5,5,8,6.5,13,3,1
1,40,1,40,20.5,41,39,0
5,5,5,5,5.0,10,0,4
15,14,14,15,14.5,29,1,12
5,3,3,5,4.0,8,2,2
1,19,1,19,10.0,20,18,0
6,15,6,15,10.5,21,9,5
2,4,2,4,3.0,6,2,0
7,20,7,20,13.5,27,13,5
5,1,1,5,3.0,6,4,0
1,7,1,7,4.0,8,6,0
1,4,1,4,2.5,5,3,0
1,8,1,8,4.5,9,7,0
5,5,5,5,5.0,10,0,4
21,8,8,21,14.5,29,13,5
1,5,1,5,3.0,6,4,0
8,7,7,8,7.5,15,1,2
5,1,1,5,3.0,6,4,0
20,28,20,28,24.0,48,8,19
29,47,29,47,38.0,76,18,21
17,1,1,17,9.0,18,16,0
12,11,11,12,11.5,23,1,10
5,1,1,5,3.0,6,4,0
36,31,31,36,33.5,67,5,22
5,8,5,8,6.5,13,3,3
13,13,13,13,13.0,26,0,12
4,1,1,4,2.5,5,3,0
14,7,7,14,10.5,21,7,6
2,4,2,4,3.0,6,2,0
6,1,1,6,3.5,7,5,0
26,40,26,40,33.0,66,14,24
17,42,17,42,29.5,59,25,15
1,5,1,5,3.0,6,4,0
9,2,2,9,5.5,11,7,1
5,4,4,5,4.5,9,1,3
1,56,1,56,28.5,57,55,0
24,26,24,26,25.0,50,2,23
4,1,1,4,2.5,5,3,0
11,11,11,11,11.0,22,0,6
7,6,6,7,6.5,13,1,0
4,6,4,6,5.0,10,2,3
17,19,17,19,18.0,36,2,16
5,1,1,5,3.0,6,4,0
4,5,4,5,4.5,9,1,3
8,9,8,9,8.5,17,1,7
4,1,1,4,2.5,5,3,0
25,27,25,27,26.0,52,2,21
4,1,1,4,2.5,5,3,0
27,37,27,37,32.0,64,10,23
5,1,1,5,3.0,6,4,0
10,11,10,11,10.5,21,1,9
3,9,3,9,6.0,12,6,2
1,14,1,14,7.5,15,13,0
4,3,3,4,3.5,7,1,1
4,8,4,8,6.0,12,4,3
23,24,23,24,23.5,47,1,22
5,11,5,11,8.0,16,6,3
7,7,7,7,7.0,14,0,6
5,5,5,5,5.0,10,0,4
6,12,6,12,9.0,18,6,3
23,19,19,23,21.0,42,4,17
10,11,10,11,10.5,21,1,9
10,14,10,14,12.0,24,4,3
5,1,1,5,3.0,6,4,0
5,4,4,5,4.5,9,1,1
4,1,1,4,2.5,5,3,0
4,6,4,6,5.0,10,2,0
9,21,9,21,15.0,30,12,8
9,9,9,9,9.0,18,0,8
3,4,3,4,3.5,7,1,2
1,25,1,25,13.0,26,24,0
4,5,4,5,4.5,9,1,3
12,2,2,12,7.0,14,10,0
9,8,8,9,8.5,17,1,6
6,6,6,6,6.0,12,0,5
2,4,2,4,3.0,6,2,1
1,6,1,6,3.5,7,5,0
9,9,9,9,9.0,18,0,7
1,18,1,18,9.5,19,17,0
23,11,11,23,17.0,34,12,5
5,4,4,5,4.5,9,1,3
1,5,1,5,3.0,6,4,0
24,21,21,24,22.5,45,3,20
34,17,17,34,25.5,51,17,16
5,6,5,6,5.5,11,1,1
1,5,1,5,3.0,6,4,0
12,16,12,16,14.0,28,4,6
8,5,5,8,6.5,13,3,3
6,5,5,6,5.5,11,1,1
13,13,13,13,13.0,26,0,12
39,39,39,39,39.0,78,0,36
25,21,21,25,23.0,46,4,16
8,6,6,8,7.0,14,2,5
1,4,1,4,2.5,5,3,0
13,13,13,13,13.0,26,0,12
14,30,14,30,22.0,44,16,10
4,4,4,4,4.0,8,0,3
5,7,5,7,6.0,12,2,3
34,24,24,34,29.0,58,10,23
12,1,1,12,6.5,13,11,0
21,21,21,21,21.0,42,0,20
12,12,12,12,12.0,24,0,11
4,1,1,4,2.5,5,3,0
5,1,1,5,3.0,6,4,0
31,23,23,31,27.0,54,8,19
4,4,4,4,4.0,8,0,3
4,15,4,15,9.5,19,11,0
4,12,4,12,8.0,16,8,0
1,5,1,5,3.0,6,4,0
17,6,6,17,11.5,23,11,5
7,1,1,7,4.0,8,6,0
1,4,1,4,2.5,5,3,0
25,24,24,25,24.5,49,1,22
31,15,15,31,23.0,46,16,12
9,24,9,24,16.5,33,15,8
1,5,1,5,3.0,6,4,0
3,16,3,16,9.5,19,13,0
9,2,2,9,5.5,11,7,0
4,1,1,4,2.5,5,3,0
21,19,19,21,20.0,40,2,17
1,4,1,4,2.5,5,3,0
7,5,5,7,6.0,12,2,3
1,8,1,8,4.5,9,7,0
6,5,5,6,5.5,11,1,4
10,7,7,10,8.5,17,3,6
9,14,9,14,11.5,23,5,8
7,1,1,7,4.0,8,6,0
1,4,1,4,2.5,5,3,0
2,4,2,4,3.0,6,2,0
5,1,1,5,3.0,6,4,0
8,21,8,21,14.5,29,13,7
8,6,6,8,7.0,14,2,5
14,10,10,14,12.0,24,4,9
5,2,2,5,3.5,7,3,0
7,1,1,7,4.0,8,6,0
8,7,7,8,7.5,15,1,6
4,2,2,4,3.0,6,2,1
6,5,5,6,5.5,11,1,4
5,9,5,9,7.0,14,4,4
15,14,14,15,14.5,29,1,11
16,18,16,18,17.0,34,2,14
3,5,3,5,4.0,8,2,1
4,4,4,4,4.0,8,0,3
6,6,6,6,6.0,12,0,5
10,10,10,10,10.0,20,0,9
8,11,8,11,9.5,19,3,6
6,8,6,8,7.0,14,2,3
5,5,5,5,5.0,10,0,4
13,13,13,13,13.0,26,0,7
2,6,2,6,4.0,8,4,1
5,1,1,5,3.0,6,4,0
5,7,5,7,6.0,12,2,0
11,9,9,11,10.0,20,2,8
10,1,1,10,5.5,11,9,0
1,5,1,5,3.0,6,4,0
4,4,4,4,4.0,8,0,3
6,7,6,7,6.5,13,1,5
6,1,1,6,3.5,7,5,0
1,33,1,33,17.0,34,32,0
1,31,1,31,16.0,32,30,0
1,4,1,4,2.5,5,3,0
4,9,4,9,6.5,13,5,0
1,4,1,4,2.5,5,3,0
32,33,32,33,32.5,65,1,26
10,13,10,13,11.5,23,3,9
4,5,4,5,4.5,9,1,3
6,8,6,8,7.0,14,2,3
5,8,5,8,6.5,13,3,4
1,4,1,4,2.5,5,3,0
4,5,4,5,4.5,9,1,3
16,13,13,16,14.5,29,3,11
19,50,19,50,34.5,69,31,15
24,15,15,24,19.5,39,9,12
4,1,1,4,2.5,5,3,0
1,10,1,10,5.5,11,9,0
5,5,5,5,5.0,10,0,4
4,1,1,4,2.5,5,3,0
13,22,13,22,17.5,35,9,11
11,1,1,11,6.0,12,10,0
1,4,1,4,2.5,5,3,0
1,4,1,4,2.5,5,3,0
12,17,12,17,14.5,29,5,7
9,8,8,9,8.5,17,1,5
3,7,3,7,5.0,10,4,2
4,5,4,5,4.5,9,1,3
42,36,36,42,39.0,78,6,33
14,11,11,14,12.5,25,3,0
2,10,2,10,6.0,12,8,1
88,1,1,88,44.5,89,87,0
1,14,1,14,7.5,15,13,0
1,5,1,5,3.0,6,4,0
3,5,3,5,4.0,8,2,2
21,22,21,22,21.5,43,1,20
4,1,1,4,2.5,5,3,0
1,5,1,5,3.0,6,4,0
8,15,8,15,11.5,23,7,5
9,11,9,11,10.0,20,2,5
9,12,9,12,10.5,21,3,8
8,24,8,24,16.0,32,16,5
11,22,11,22,16.5,33,11,10
10,6,6,10,8.0,16,4,5
5,5,5,5,5.0,10,0,4
7,10,7,10,8.5,17,3,6
11,12,11,12,11.5,23,1,10
4,1,1,4,2.5,5,3,0
6,4,4,6,5.0,10,2,3
4,3,3,4,3.5,7,1,2
28,31,28,31,29.5,59,3,19
1,6,1,6,3.5,7,5,0
4,4,4,4,4.0,8,0,2
9,9,9,9,9.0,18,0,8
6,8,6,8,7.0,14,2,5
4,7,4,7,5.5,11,3,2
5,1,1,5,3.0,6,4,0
1,4,1,4,2.5,5,3,0
12,16,12,16,14.0,28,4,11
8,23,8,23,15.5,31,15,1
27,25,25,27,26.0,52,2,23
2,6,2,6,4.0,8,4,1
4,5,4,5,4.5,9,1,3
9,5,5,9,7.0,14,4,4
10,12,10,12,11.0,22,2,9
9,7,7,9,8.0,16,2,6
1,9,1,9,5.0,10,8,0
17,17,17,17,17.0,34,0,16
9,9,9,9,9.0,18,0,8
21,22,21,22,21.5,43,1,19
4,2,2,4,3.0,6,2,1
1,4,1,4,2.5,5,3,0
11,12,11,12,11.5,23,1,8
7,49,7,49,28.0,56,42,4
17,13,13,17,15.0,30,4,12
10,8,8,10,9.0,18,2,7
4,33,4,33,18.5,37,29,0
4,4,4,4,4.0,8,0,3
4,4,4,4,4.0,8,0,3
15,1,1,15,8.0,16,14,0
16,26,16,26,21.0,42,10,12
13,13,13,13,13.0,26,0,8
31,27,27,31,29.0,58,4,26
24,15,15,24,19.5,39,9,8
5,1,1,5,3.0,6,4,0
5,1,1,5,3.0,6,4,0
1,5,1,5,3.0,6,4,0
1,10,1,10,5.5,11,9,0
14,14,14,14,14.0,28,0,8
4,1,1,4,2.5,5,3,0
26,26,26,26,26.0,52,0,25
2,14,2,14,8.0,16,12,0
21,22,21,22,21.5,43,1,18
12,5,5,12,8.5,17,7,4
1,4,1,4,2.5,5,3,0
4,5,4,5,4.5,9,1,1
6,7,6,7,6.5,13,1,5
13,2,2,13,7.5,15,11,0
1,13,1,13,7.0,14,12,0
9,7,7,9,8.0,16,2,2
11,1,1,11,6.0,12,10,0
1,7,1,7,4.0,8,6,0
5,5,5,5,5.0,10,0,2
5,4,4,5,4.5,9,1,3
9,9,9,9,9.0,18,0,7
6,6,6,6,6.0,12,0,5
1,5,1,5,3.0,6,4,0
5,6,5,6,5.5,11,1,4
9,9,9,9,9.0,18,0,8
33,37,33,37,35.0,70,4,32
1,4,1,4,2.5,5,3,0
21,1,1,21,11.0,22,20,0
15,12,12,15,13.5,27,3,11
12,9,9,12,10.5,21,3,8
17,3,3,17,10.0,20,14,1
1,5,1,5,3.0,6,4,0
8,8,8,8,8.0,16,0,6
50,24,24,50,37.0,74,26,23
18,2,2,18,10.0,20,16,0
5,5,5,5,5.0,10,0,4
4,1,1,4,2.5,5,3,0
5,1,1,5,3.0,6,4,0
1,7,1,7,4.0,8,6,0
5,1,1,5,3.0,6,4,0
1,5,1,5,3.0,6,4,0
5,6,5,6,5.5,11,1,4
4,4,4,4,4.0,8,0,3
4,1,1,4,2.5,5,3,0
7,7,7,7,7.0,14,0,5
4,1,1,4,2.5,5,3,0
8,7,7,8,7.5,15,1,5
6,1,1,6,3.5,7,5,0
5,6,5,6,5.5,11,1,4
13,5,5,13,9.0,18,8,0
28,29,28,29,28.5,57,1,26
7,5,5,7,6.0,12,2,0
1,6,1,6,3.5,7,5,0
12,8,8,12,10.0,20,4,6
22,30,22,30,26.0,52,8,21
10,10,10,10,10.0,20,0,9
17,15,15,17,16.0,32,2,13
3,5,3,5,4.0,8,2,0
3,4,3,4,3.5,7,1,2
21,23,21,23,22.0,44,2,18
8,10,8,10,9.0,18,2,5
5,1,1,5,3.0,6,4,0
5,28,5,28,16.5,33,23,1
6,17,6,17,11.5,23,11,4
13,20,13,20,16.5,33,7,8
1,4,1,4,2.5,5,3,0
17,43,17,43,30.0,60,26,16
6,13,6,13,9.5,19,7,4
1,5,1,5,3.0,6,4,0
1,6,1,6,3.5,7,5,0
21,17,17,21,19.0,38,4,16
9,4,4,9,6.5,13,5,0
7,8,7,8,7.5,15,1,5
5,5,5,5,5.0,10,0,4
1,5,1,5,3.0,6,4,0
2,6,2,6,4.0,8,4,0
18,18,18,18,18.0,36,0,17
4,2,2,4,3.0,6,2,1
5,5,5,5,5.0,10,0,3
4,1,1,4,2.5,5,3,0
24,24,24,24,24.0,48,0,23
25,29,25,29,27.0,54,4,17
40,43,40,43,41.5,83,3,31
11,10,10,11,10.5,21,1,7
4,4,4,4,4.0,8,0,3
42,30,30,42,36.0,72,12,26
4,1,1,4,2.5,5,3,0
13,19,13,19,16.0,32,6,11
2,4,2,4,3.0,6,2,1
7,2,2,7,4.5,9,5,1
42,34,34,42,38.0,76,8,27
7,5,5,7,6.0,12,2,4
11,10,10,11,10.5,21,1,9
7,1,1,7,4.0,8,6,0
11,1,1,11,6.0,12,10,0
3,4,3,4,3.5,7,1,2
2,5,2,5,3.5,7,3,1
6,11,6,11,8.5,17,5,5
6,8,6,8,7.0,14,2,4
1,4,1,4,2.5,5,3,0
7,4,4,7,5.5,11,3,3
46,45,45,46,45.5,91,1,44
7,1,1,7,4.0,8,6,0
1,5,1,5,3.0,6,4,0
4,4,4,4,4.0,8,0,3
5,4,4,5,4.5,9,1,3
1,30,1,30,15.5,31,29,0
1,107,1,107,54.0,108,106,0
4,4,4,4,4.0,8,0,3
12,11,11,12,11.5,23,1,10
13,12,12,13,12.5,25,1,10
27,29,27,29,28.0,56,2,26
4,2,2,4,3.0,6,2,1
1,5,1,5,3.0,6,4,0
9,10,9,10,9.5,19,1,8
1,22,1,22,11.5,23,21,0
46,44,44,46,45.0,90,2,33
1,29,1,29,15.0,30,28,0
13,10,10,13,11.5,23,3,8
9,5,5,9,7.0,14,4,3
7,1,1,7,4.0,8,6,0
5,1,1,5,3.0,6,4,0
12,8,8,12,10.0,20,4,6
15,17,15,17,16.0,32,2,14
6,5,5,6,5.5,11,1,4
4,1,1,4,2.5,5,3,0
5,1,1,5,3.0,6,4,0
24,14,14,24,19.0,38,10,12
22,22,22,22,22.0,44,0,20
18,14,14,18,16.0,32,4,13
6,1,1,6,3.5,7,5,0
8,1,1,8,4.5,9,7,0
1,6,1,6,3.5,7,5,0
17,22,17,22,19.5,39,5,11
27,29,27,29,28.0,56,2,23
14,27,14,27,20.5,41,13,13
4,10,4,10,7.0,14,6,1
32,33,32,33,32.5,65,1,31
10,50,10,50,30.0,60,40,9
7,1,1,7,4.0,8,6,0
10,12,10,12,11.0,22,2,1
5,2,2,5,3.5,7,3,1
4,1,1,4,2.5,5,3,0
3,5,3,5,4.0,8,2,1
15,4,4,15,9.5,19,11,2
4,4,4,4,4.0,8,0,3
4,10,4,10,7.0,14,6,3
4,1,1,4,2.5,5,3,0
3,11,3,11,7.0,14,8,2
16,12,12,16,14.0,28,4,10
22,1,1,22,11.5,23,21,0
6,6,6,6,6.0,12,0,5
11,14,11,14,12.5,25,3,8
9,12,9,12,10.5,21,3,8
1,107,1,107,54.0,108,106,0
4,4,4,4,4.0,8,0,3
27,27,27,27,27.0,54,0,26
10,10,10,10,10.0,20,0,8
5,4,4,5,4.5,9,1,2
7,6,6,7,6.5,13,1,5
1,6,1,6,3.5,7,5,0
1,23,1,23,12.0,24,22,0
7,7,7,7,7.0,14,0,6
8,1,1,8,4.5,9,7,0
4,5,4,5,4.5,9,1,2
7,7,7,7,7.0,14,0,5
6,6,6,6,6.0,12,0,5
2,5,2,5,3.5,7,3,1
1,5,1,5,3.0,6,4,0
5,4,4,5,4.5,9,1,3
44,23,23,44,33.5,67,21,22
5,1,1,5,3.0,6,4,0
1,12,1,12,6.5,13,11,0
47,35,35,47,41.0,82,12,34
6,1,1,6,3.5,7,5,0
6,5,5,6,5.5,11,1,4
22,10,10,22,16.0,32,12,8
2,12,2,12,7.0,14,10,1
10,1,1,10,5.5,11,9,0
5,3,3,5,4.0,8,2,2
1,4,1,4,2.5,5,3,0
5,6,5,6,5.5,11,1,4
11,11,11,11,11.0,22,0,10
6,1,1,6,3.5,7,5,0
1,4,1,4,2.5,5,3,0
6,1,1,6,3.5,7,5,0
3,7,3,7,5.0,10,4,2
2,16,2,16,9.0,18,14,0
7,6,6,7,6.5,13,1,5
14,14,14,14,14.0,28,0,9
24,22,22,24,23.0,46,2,21
9,3,3,9,6.0,12,6,0
1,6,1,6,3.5,7,5,0
1,7,1,7,4.0,8,6,0
27,26,26,27,26.5,53,1,25
4,4,4,4,4.0,8,0,2
146,28,28,146,87.0,174,118,25
21,24,21,24,22.5,45,3,20
6,5,5,6,5.5,11,1,4
1,7,1,7,4.0,8,6,0
15,7,7,15,11.0,22,8,5
6,8,6,8,7.0,14,2,5
16,1,1,16,8.5,17,15,0
4,1,1,4,2.5,5,3,0
13,11,11,13,12.0,24,2,7
5,1,1,5,3.0,6,4,0
31,28,28,31,29.5,59,3,21
18,21,18,21,19.5,39,3,16
1,5,1,5,3.0,6,4,0
13,21,13,21,17.0,34,8,7
2,4,2,4,3.0,6,2,1
9,33,9,33,21.0,42,24,8
8,1,1,8,4.5,9,7,0
12,6,6,12,9.0,18,6,5
9,11,9,11,10.0,20,2,8
1,4,1,4,2.5,5,3,0
1,4,1,4,2.5,5,3,0
8,11,8,11,9.5,19,3,5
9,8,8,9,8.5,17,1,7
2,5,2,5,3.5,7,3,0
13,13,13,13,13.0,26,0,12
6,2,2,6,4.0,8,4,1
7,4,4,7,5.5,11,3,3
1,5,1,5,3.0,6,4,0
7,5,5,7,6.0,12,2,4
6,9,6,9,7.5,15,3,5
45,45,45,45,45.0,90,0,33
4,4,4,4,4.0,8,0,3
5,5,5,5,5.0,10,0,0
6,1,1,6,3.5,7,5,0
6,7,6,7,6.5,13,1,5
10,10,10,10,10.0,20,0,2
7,41,7,41,24.0,48,34,1
4,11,4,11,7.5,15,7,2
26,26,26,26,26.0,52,0,25
1,6,1,6,3.5,7,5,0
1,6,1,6,3.5,7,5,0
16,4,4,16,10.0,20,12,3
14,27,14,27,20.5,41,13,8
5,8,5,8,6.5,13,3,0
16,12,12,16,14.0,28,4,9
9,1,1,9,5.0,10,8,0
13,12,12,13,12.5,25,1,11
8,1,1,8,4.5,9,7,0
7,12,7,12,9.5,19,5,6
16,16,16,16,16.0,32,0,14
4,1,1,4,2.5,5,3,0
41,48,41,48,44.5,89,7,34
27,24,24,27,25.5,51,3,23
16,17,16,17,16.5,33,1,12
21,20,20,21,20.5,41,1,18
6,16,6,16,11.0,22,10,0
3,5,3,5,4.0,8,2,2
6,6,6,6,6.0,12,0,5
1,5,1,5,3.0,6,4,0
14,1,1,14,7.5,15,13,0
4,2,2,4,3.0,6,2,1
14,2,2,14,8.0,16,12,1
9,18,9,18,13.5,27,9,0
2,4,2,4,3.0,6,2,1
1,4,1,4,2.5,5,3,0
6,9,6,9,7.5,15,3,5
15,11,11,15,13.0,26,4,10
1,105,1,105,53.0,106,104,0
6,1,1,6,3.5,7,5,0
1,4,1,4,2.5,5,3,0
3,8,3,8,5.5,11,5,0
8,8,8,8,8.0,16,0,6
1,13,1,13,7.0,14,12,0
1,5,1,5,3.0,6,4,0
4,1,1,4,2.5,5,3,0
5,5,5,5,5.0,10,0,4
5,1,1,5,3.0,6,4,0
1,5,1,5,3.0,6,4,0
8,2,2,8,5.0,10,6,0
11,12,11,12,11.5,23,1,8
15,17,15,17,16.0,32,2,13
8,1,1,8,4.5,9,7,0
6,6,6,6,6.0,12,0,0
41,32,32,41,36.5,73,9,22
1,7,1,7,4.0,8,6,0
37,41,37,41,39.0,78,4,35
4,1,1,4,2.5,5,3,0
23,20,20,23,21.5,43,3,15
6,2,2,6,4.0,8,4,0
11,13,11,13,12.0,24,2,9
14,11,11,14,12.5,25,3,8
10,12,10,12,11.0,22,2,9
5,6,5,6,5.5,11,1,4
15,1,1,15,8.0,16,14,0
41,19,19,41,30.0,60,22,8
11,9,9,11,10.0,20,2,8
6,1,1,6,3.5,7,5,0
5,1,1,5,3.0,6,4,0
1,5,1,5,3.0,6,4,0
15,11,11,15,13.0,26,4,10
1,5,1,5,3.0,6,4,0
4,1,1,4,2.5,5,3,0
1,5,1,5,3.0,6,4,0
5,5,5,5,5.0,10,0,4
12,9,9,12,10.5,21,3,5
42,107,42,107,74.5,149,65,4
26,27,26,27,26.5,53,1,25
11,10,10,11,10.5,21,1,8
1,4,1,4,2.5,5,3,0
4,5,4,5,4.5,9,1,3
3,4,3,4,3.5,7,1,2
4,5,4,5,4.5,9,1,3
12,14,12,14,13.0,26,2,9
2,5,2,5,3.5,7,3,1
4,1,1,4,2.5,5,3,0
7,5,5,7,6.0,12,2,4
2,4,2,4,3.0,6,2,0
1,12,1,12,6.5,13,11,0
5,4,4,5,4.5,9,1,3
8,6,6,8,7.0,14,2,5
2,33,2,33,17.5,35,31,1
11,11,11,11,11.0,22,0,10
20,17,17,20,18.5,37,3,14
7,1,1,7,4.0,8,6,0
7,2,2,7,4.5,9,5,0
4,1,1,4,2.5,5,3,0
8,1,1,8,4.5,9,7,0
4,2,2,4,3.0,6,2,1
1,5,1,5,3.0,6,4,0
1,7,1,7,4.0,8,6,0
5,1,1,5,3.0,6,4,0
39,24,24,39,31.5,63,15,20
2,4,2,4,3.0,6,2,0
43,34,34,43,38.5,77,9,27
4,1,1,4,2.5,5,3,0
1,8,1,8,4.5,9,7,0
12,11,11,12,11.5,23,1,10
5,4,4,5,4.5,9,1,3
5,1,1,5,3.0,6,4,0
9,10,9,10,9.5,19,1,7
1,14,1,14,7.5,15,13,0
4,2,2,4,3.0,6,2,1
4,6,4,6,5.0,10,2,0
21,44,21,44,32.5,65,23,14
7,9,7,9,8.0,16,2,5
5,1,1,5,3.0,6,4,0
10,1,1,10,5.5,11,9,0
29,34,29,34,31.5,63,5,25
2,9,2,9,5.5,11,7,0
9,10,9,10,9.5,19,1,8
6,4,4,6,5.0,10,2,3
4,4,4,4,4.0,8,0,3
9,9,9,9,9.0,18,0,7
1,26,1,26,13.5,27,25,0
4,2,2,4,3.0,6,2,1
10,12,10,12,11.0,22,2,9
5,6,5,6,5.5,11,1,3
7,1,1,7,4.0,8,6,0
27,26,26,27,26.5,53,1,24
11,1,1,11,6.0,12,10,0
5,6,5,6,5.5,11,1,3
7,12,7,12,9.5,19,5,6
1,5,1,5,3.0,6,4,0
16,1,1,16,8.5,17,15,0
5,5,5,5,5.0,10,0,3
5,15,5,15,10.0,20,10,1
40,41,40,41,40.5,81,1,31
13,10,10,13,11.5,23,3,7
4,2,2,4,3.0,6,2,1
1,7,1,7,4.0,8,6,0
4,14,4,14,9.0,18,10,3
5,5,5,5,5.0,10,0,3
1,7,1,7,4.0,8,6,0
1,11,1,11,6.0,12,10,0
21,7,7,21,14.0,28,14,6
15,15,15,15,15.0,30,0,13
1,4,1,4,2.5,5,3,0
6,1,1,6,3.5,7,5,0
6,8,6,8,7.0,14,2,5
5,5,5,5,5.0,10,0,4
2,5,2,5,3.5,7,3,1
17,16,16,17,16.5,33,1,15
1,5,1,5,3.0,6,4,0
1,5,1,5,3.0,6,4,0
5,5,5,5,5.0,10,0,3
3,4,3,4,3.5,7,1,2
8,7,7,8,7.5,15,1,6
2,9,2,9,5.5,11,7,1
8,1,1,8,4.5,9,7,0
5,6,5,6,5.5,11,1,4
5,6,5,6,5.5,11,1,1
13,11,11,13,12.0,24,2,10
9,9,9,9,9.0,18,0,7
6,1,1,6,3.5,7,5,0
7,3,3,7,5.0,10,4,2
5,5,5,5,5.0,10,0,2
8,17,8,17,12.5,25,9,0
2,11,2,11,6.5,13,9,1
1,20,1,20,10.5,21,19,0
4,6,4,6,5.0,10,2,3
5,2,2,5,3.5,7,3,0
10,10,10,10,10.0,20,0,9
36,16,16,36,26.0,52,20,11
9,6,6,9,7.5,15,3,3
8,10,8,10,9.0,18,2,7
12,8,8,12,10.0,20,4,7
6,3,3,6,4.5,9,3,2
1,4,1,4,2.5,5,3,0
6,6,6,6,6.0,12,0,5
2,6,2,6,4.0,8,4,1
9,9,9,9,9.0,18,0,5
7,49,7,49,28.0,56,42,6
8,8,8,8,8.0,16,0,7
1,26,1,26,13.5,27,25,0
4,1,1,4,2.5,5,3,0
9,18,9,18,13.5,27,9,6
4,1,1,4,2.5,5,3,0
10,7,7,10,8.5,17,3,5
6,7,6,7,6.5,13,1,5
1,15,1,15,8.0,16,14,0
1,28,1,28,14.5,29,27,0
15,15,15,15,15.0,30,0,13
25,9,9,25,17.0,34,16,8
23,29,23,29,26.0,52,6,16
2,5,2,5,3.5,7,3,0
1,4,1,4,2.5,5,3,0
8,8,8,8,8.0,16,0,7
12,26,12,26,19.0,38,14,10
9,3,3,9,6.0,12,6,2
4,1,1,4,2.5,5,3,0
5,1,1,5,3.0,6,4,0
6,7,6,7,6.5,13,1,4
5,6,5,6,5.5,11,1,4
6,6,6,6,6.0,12,0,4
5,2,2,5,3.5,7,3,1
1,4,1,4,2.5,5,3,0
4,1,1,4,2.5,5,3,0
1,4,1,4,2.5,5,3,0
1,9,1,9,5.0,10,8,0
1,19,1,19,10.0,20,18,0
13,12,12,13,12.5,25,1,11
1,4,1,4,2.5,5,3,0
4,3,3,4,3.5,7,1,2
4,4,4,4,4.0,8,0,3
1,55,1,55,28.0,56,54,0
2,4,2,4,3.0,6,2,1
2,4,2,4,3.0,6,2,1
13,12,12,13,12.5,25,1,11
4,1,1,4,2.5,5,3,0
8,36,8,36,22.0,44,28,6
6,1,1,6,3.5,7,5,0
8,8,8,8,8.0,16,0,7
4,18,4,18,11.0,22,14,3
13,1,1,13,7.0,14,12,0
11,6,6,11,8.5,17,5,4
4,2,2,4,3.0,6,2,1
10,13,10,13,11.5,23,3,9
14,14,14,14,14.0,28,0,13
5,6,5,6,5.5,11,1,1
11,20,11,20,15.5,31,9,9
6,1,1,6,3.5,7,5,0
11,10,10,11,10.5,21,1,9
10,1,1,10,5.5,11,9,0
1,7,1,7,4.0,8,6,0
9,2,2,9,5.5,11,7,1
75,16,16,75,45.5,91,59,6
1,4,1,4,2.5,5,3,0
6,6,6,6,6.0,12,0,4
1,4,1,4,2.5,5,3,0
2,4,2,4,3.0,6,2,1
13,14,13,14,13.5,27,1,12
18,20,18,20,19.0,38,2,16
20,27,20,27,23.5,47,7,15
4,1,1,4,2.5,5,3,0
5,1,1,5,3.0,6,4,0
8,11,8,11,9.5,19,3,6
1,9,1,9,5.0,10,8,0
4,6,4,6,5.0,10,2,3
16,9,9,16,12.5,25,7,6
1,6,1,6,3.5,7,5,0
43,48,43,48,45.5,91,5,35
16,11,11,16,13.5,27,5,5
4,1,1,4,2.5,5,3,0
4,4,4,4,4.0,8,0,3
16,15,15,16,15.5,31,1,11
5,7,5,7,6.0,12,2,0
10,12,10,12,11.0,22,2,8
5,1,1,5,3.0,6,4,0
9,10,9,10,9.5,19,1,8
12,11,11,12,11.5,23,1,7
33,53,33,53,43.0,86,20,21
28,30,28,30,29.0,58,2,26
3,4,3,4,3.5,7,1,2
6,4,4,6,5.0,10,2,0
4,1,1,4,2.5,5,3,0
5,8,5,8,6.5,13,3,4
13,11,11,13,12.0,24,2,9
1,5,1,5,3.0,6,4,0
18,7,7,18,12.5,25,11,4
8,1,1,8,4.5,9,7,0
1,10,1,10,5.5,11,9,0
5,1,1,5,3.0,6,4,0
4,8,4,8,6.0,12,4,3
7,4,4,7,5.5,11,3,3
4,2,2,4,3.0,6,2,0
2,16,2,16,9.0,18,14,0
5,5,5,5,5.0,10,0,4
27,26,26,27,26.5,53,1,25
1,8,1,8,4.5,9,7,0
5,4,4,5,4.5,9,1,2
16,20,16,20,18.0,36,4,12
6,7,6,7,6.5,13,1,5
4,6,4,6,5.0,10,2,3
2,10,2,10,6.0,12,8,0
1,5,1,5,3.0,6,4,0
15,7,7,15,11.0,22,8,5
6,5,5,6,5.5,11,1,3
4,5,4,5,4.5,9,1,3
6,1,1,6,3.5,7,5,0
1,4,1,4,2.5,5,3,0
7,5,5,7,6.0,12,2,4
2,13,2,13,7.5,15,11,0
1,4,1,4,2.5,5,3,0
5,1,1,5,3.0,6,4,0
9,3,3,9,6.0,12,6,1
5,1,1,5,3.0,6,4,0
2,4,2,4,3.0,6,2,0
16,17,16,17,16.5,33,1,13
6,1,1,6,3.5,7,5,0
6,1,1,6,3.5,7,5,0
5,1,1,5,3.0,6,4,0
6,1,1,6,3.5,7,5,0
4,2,2,4,3.0,6,2,0
4,3,3,4,3.5,7,1,2
9,1,1,9,5.0,10,8,0
1,4,1,4,2.5,5,3,0
16,24,16,24,20.0,40,8,7
11,1,1,11,6.0,12,10,0
21,9,9,21,15.0,30,12,0
5,1,1,5,3.0,6,4,0
5,1,1,5,3.0,6,4,0
15,14,14,15,14.5,29,1,12
6,4,4,6,5.0,10,2,2
5,1,1,5,3.0,6,4,0
1,14,1,14,7.5,15,13,0
1,8,1,8,4.5,9,7,0
4,3,3,4,3.5,7,1,2
8,7,7,8,7.5,15,1,6
7,8,7,8,7.5,15,1,6
4,2,2,4,3.0,6,2,0
5,21,5,21,13.0,26,16,4
10,11,10,11,10.5,21,1,7
1,4,1,4,2.5,5,3,0
4,1,1,4,2.5,5,3,0
19,19,19,19,19.0,38,0,18
8,8,8,8,8.0,16,0,7
3,4,3,4,3.5,7,1,2
1,7,1,7,4.0,8,6,0
2,4,2,4,3.0,6,2,1
4,28,4,28,16.0,32,24,3
28,36,28,36,32.0,64,8,18
4,1,1,4,2.5,5,3,0
9,19,9,19,14.0,28,10,8
7,5,5,7,6.0,12,2,4
6,6,6,6,6.0,12,0,5
4,1,1,4,2.5,5,3,0
4,1,1,4,2.5,5,3,0
1,5,1,5,3.0,6,4,0
1,15,1,15,8.0,16,14,0
8,12,8,12,10.0,20,4,7
1,5,1,5,3.0,6,4,0
14,14,14,14,14.0,28,0,7
6,6,6,6,6.0,12,0,5
12,1,1,12,6.5,13,11,0
2,4,2,4,3.0,6,2,1
37,26,26,37,31.5,63,11,17
4,4,4,4,4.0,8,0,2
1,5,1,5,3.0,6,4,0
15,9,9,15,12.0,24,6,7
19,5,5,19,12.0,24,14,4
1,9,1,9,5.0,10,8,0
33,42,33,42,37.5,75,9,27
8,10,8,10,9.0,18,2,6
1,26,1,26,13.5,27,25,0
16,10,10,16,13.0,26,6,9
1,5,1,5,3.0,6,4,0
6,23,6,23,14.5,29,17,4
12,6,6,12,9.0,18,6,4
1,4,1,4,2.5,5,3,0
1,4,1,4,2.5,5,3,0
4,5,4,5,4.5,9,1,3
5,11,5,11,8.0,16,6,1
5,2,2,5,3.5,7,3,1
12,16,12,16,14.0,28,4,10
1,5,1,5,3.0,6,4,0
1,4,1,4,2.5,5,3,0
25,29,25,29,27.0,54,4,21
1,4,1,4,2.5,5,3,0
16,1,1,16,8.5,17,15,0
4,1,1,4,2.5,5,3,0
1,7,1,7,4.0,8,6,0
4,1,1,4,2.5,5,3,0
8,7,7,8,7.5,15,1,5
5,5,5,5,5.0,10,0,4
3,10,3,10,6.5,13,7,1
20,19,19,20,19.5,39,1,15
4,3,3,4,3.5,7,1,2
25,24,24,25,24.5,49,1,23
13,14,13,14,13.5,27,1,12
2,12,2,12,7.0,14,10,0
19,31,19,31,25.0,50,12,17
6,6,6,6,6.0,12,0,5
32,31,31,32,31.5,63,1,30
7,5,5,7,6.0,12,2,4
5,5,5,5,5.0,10,0,3
12,10,10,12,11.0,22,2,8
7,11,7,11,9.0,18,4,6
11,1,1,11,6.0,12,10,0
4,4,4,4,4.0,8,0,3
9,3,3,9,6.0,12,6,1
1,6,1,6,3.5,7,5,0
9,31,9,31,20.0,40,22,8
6,5,5,6,5.5,11,1,4
44,23,23,44,33.5,67,21,0
56,1,1,56,28.5,57,55,0
2,6,2,6,4.0,8,4,1
8,5,5,8,6.5,13,3,4
5,1,1,5,3.0,6,4,0
6,15,6,15,10.5,21,9,4
6,8,6,8,7.0,14,2,5
11,8,8,11,9.5,19,3,5
26,27,26,27,26.5,53,1,25
5,5,5,5,5.0,10,0,4
9,9,9,9,9.0,18,0,6
16,16,16,16,16.0,32,0,15
7,16,7,16,11.5,23,9,5
6,1,1,6,3.5,7,5,0
1,5,1,5,3.0,6,4,0
6,1,1,6,3.5,7,5,0
29,24,24,29,26.5,53,5,22
4,1,1,4,2.5,5,3,0
7,7,7,7,7.0,14,0,5
24,34,24,34,29.0,58,10,15
1,12,1,12,6.5,13,11,0
1,4,1,4,2.5,5,3,0
4,1,1,4,2.5,5,3,0
4,1,1,4,2.5,5,3,0
13,8,8,13,10.5,21,5,7
23,33,23,33,28.0,56,10,22
12,10,10,12,11.0,22,2,9
5,5,5,5,5.0,10,0,4
49,35,35,49,42.0,84,14,34
11,1,1,11,6.0,12,10,0
9,24,9,24,16.5,33,15,7
1,9,1,9,5.0,10,8,0
4,7,4,7,5.5,11,3,3
25,26,25,26,25.5,51,1,24
18,9,9,18,13.5,27,9,5
7,21,7,21,14.0,28,14,4
3,6,3,6,4.5,9,3,1
8,8,8,8,8.0,16,0,7
15,11,11,15,13.0,26,4,9
5,1,1,5,3.0,6,4,0
1,14,1,14,7.5,15,13,0
4,4,4,4,4.0,8,0,3
5,1,1,5,3.0,6,4,0
6,1,1,6,3.5,7,5,0
15,20,15,20,17.5,35,5,13
2,6,2,6,4.0,8,4,0
43,35,35,43,39.0,78,8,30
7,9,7,9,8.0,16,2,6
2,5,2,5,3.5,7,3,1
1,5,1,5,3.0,6,4,0
4,5,4,5,4.5,9,1,3
7,9,7,9,8.0,16,2,6
1,4,1,4,2.5,5,3,0
1,4,1,4,2.5,5,3,0
19,23,19,23,21.0,42,4,17
13,14,13,14,13.5,27,1,10
4,1,1,4,2.5,5,3,0
2,5,2,5,3.5,7,3,0
5,1,1,5,3.0,6,4,0
5,13,5,13,9.0,18,8,1
13,12,12,13,12.5,25,1,11
8,11,8,11,9.5,19,3,4
1,8,1,8,4.5,9,7,0
24,48,24,48,36.0,72,24,23
5,1,1,5,3.0,6,4,0
3,4,3,4,3.5,7,1,2
12,9,9,12,10.5,21,3,8
1,5,1,5,3.0,6,4,0
4,1,1,4,2.5,5,3,0
3,5,3,5,4.0,8,2,2
5,1,1,5,3.0,6,4,0
14,15,14,15,14.5,29,1,8
12,11,11,12,11.5,23,1,10
4,1,1,4,2.5,5,3,0
11,25,11,25,18.0,36,14,8
16,16,16,16,16.0,32,0,10
15,26,15,26,20.5,41,11,11
9,9,9,9,9.0,18,0,8
7,14,7,14,10.5,21,7,6
25,27,25,27,26.0,52,2,18
4,5,4,5,4.5,9,1,2
5,7,5,7,6.0,12,2,4
2,4,2,4,3.0,6,2,1
8,1,1,8,4.5,9,7,0
10,13,10,13,11.5,23,3,5
6,5,5,6,5.5,11,1,4
1,4,1,4,2.5,5,3,0
23,38,23,38,30.5,61,15,22
4,4,4,4,4.0,8,0,3
15,8,8,15,11.5,23,7,5
6,6,6,6,6.0,12,0,4
4,1,1,4,2.5,5,3,0
5,1,1,5,3.0,6,4,0
5,5,5,5,5.0,10,0,4
5,7,5,7,6.0,12,2,0
2,4,2,4,3.0,6,2,1
1,8,1,8,4.5,9,7,0
4,4,4,4,4.0,8,0,3
1,8,1,8,4.5,9,7,0
1,11,1,11,6.0,12,10,0
33,41,33,41,37.0,74,8,31
15,16,15,16,15.5,31,1,13
2,4,2,4,3.0,6,2,1
1,10,1,10,5.5,11,9,0
5,1,1,5,3.0,6,4,0
6,1,1,6,3.5,7,5,0
29,12,12,29,20.5,41,17,5
6,1,1,6,3.5,7,5,0
1,7,1,7,4.0,8,6,0
21,1,1,21,11.0,22,20,0
1,5,1,5,3.0,6,4,0
2,26,2,26,14.0,28,24,1
10,12,10,12,11.0,22,2,6
1,8,1,8,4.5,9,7,0
5,1,1,5,3.0,6,4,0
5,6,5,6,5.5,11,1,4
7,1,1,7,4.0,8,6,0
2,5,2,5,3.5,7,3,1
11,10,10,11,10.5,21,1,8
8,6,6,8,7.0,14,2,3
5,2,2,5,3.5,7,3,0
24,23,23,24,23.5,47,1,22
36,18,18,36,27.0,54,18,16
10,2,2,10,6.0,12,8,1
1,5,1,5,3.0,6,4,0
4,1,1,4,2.5,5,3,0
11,1,1,11,6.0,12,10,0
6,13,6,13,9.5,19,7,3
4,4,4,4,4.0,8,0,3
10,7,7,10,8.5,17,3,6
1,6,1,6,3.5,7,5,0
13,1,1,13,7.0,14,12,0
1,9,1,9,5.0,10,8,0
14,14,14,14,14.0,28,0,13
31,9,9,31,20.0,40,22,8
10,10,10,10,10.0,20,0,9
4,4,4,4,4.0,8,0,3
7,5,5,7,6.0,12,2,4
13,11,11,13,12.0,24,2,9
6,7,6,7,6.5,13,1,5
17,20,17,20,18.5,37,3,14
16,26,16,26,21.0,42,10,12
1,4,1,4,2.5,5,3,0
13,16,13,16,14.5,29,3,6
8,16,8,16,12.0,24,8,7
5,2,2,5,3.5,7,3,0
26,24,24,26,25.0,50,2,22
5,4,4,5,4.5,9,1,3
23,29,23,29,26.0,52,6,21
8,5,5,8,6.5,13,3,2
8,6,6,8,7.0,14,2,2
8,11,8,11,9.5,19,3,7
4,4,4,4,4.0,8,0,3
1,4,1,4,2.5,5,3,0
1,4,1,4,2.5,5,3,0
1,31,1,31,16.0,32,30,0
5,6,5,6,5.5,11,1,3
1,19,1,19,10.0,20,18,0
5,6,5,6,5.5,11,1,4
11,8,8,11,9.5,19,3,7
3,5,3,5,4.0,8,2,2
8,7,7,8,7.5,15,1,6
19,20,19,20,19.5,39,1,13
2,6,2,6,4.0,8,4,1
1,7,1,7,4.0,8,6,0
5,1,1,5,3.0,6,4,0
6,8,6,8,7.0,14,2,5
1,4,1,4,2.5,5,3,0
5,5,5,5,5.0,10,0,4
20,17,17,20,18.5,37,3,14
1,4,1,4,2.5,5,3,0
5,2,2,5,3.5,7,3,1
1,9,1,9,5.0,10,8,0
12,11,11,12,11.5,23,1,10
21,16,16,21,18.5,37,5,13
4,4,4,4,4.0,8,0,3
2,30,2,30,16.0,32,28,0
11,10,10,11,10.5,21,1,8
6,3,3,6,4.5,9,3,2
8,9,8,9,8.5,17,1,2
9,10,9,10,9.5,19,1,6
19,30,19,30,24.5,49,11,10
5,2,2,5,3.5,7,3,0
7,5,5,7,6.0,12,2,3
2,19,2,19,10.5,21,17,0
8,14,8,14,11.0,22,6,6
10,1,1,10,5.5,11,9,0
1,7,1,7,4.0,8,6,0
16,4,4,16,10.0,20,12,3
21,13,13,21,17.0,34,8,9
1,6,1,6,3.5,7,5,0
1,22,1,22,11.5,23,21,0
12,12,12,12,12.0,24,0,11
7,1,1,7,4.0,8,6,0
1,4,1,4,2.5,5,3,0
1,10,1,10,5.5,11,9,0
9,1,1,9,5.0,10,8,0
3,10,3,10,6.5,13,7,2
4,6,4,6,5.0,10,2,0
24,20,20,24,22.0,44,4,11
9,1,1,9,5.0,10,8,0
5,1,1,5,3.0,6,4,0
9,8,8,9,8.5,17,1,7
28,49,28,49,38.5,77,21,18
2,6,2,6,4.0,8,4,0
4,1,1,4,2.5,5,3,0
7,7,7,7,7.0,14,0,6
12,13,12,13,12.5,25,1,11
2,5,2,5,3.5,7,3,0
8,10,8,10,9.0,18,2,7
8,1,1,8,4.5,9,7,0
11,5,5,11,8.0,16,6,3
3,5,3,5,4.0,8,2,1
8,8,8,8,8.0,16,0,7
1,5,1,5,3.0,6,4,0
4,6,4,6,5.0,10,2,3
24,22,22,24,23.0,46,2,18
1,9,1,9,5.0,10,8,0
6,1,1,6,3.5,7,5,0
15,20,15,20,17.5,35,5,12
1,13,1,13,7.0,14,12,0
11,17,11,17,14.0,28,6,8
7,1,1,7,4.0,8,6,0
49,21,21,49,35.0,70,28,20
4,7,4,7,5.5,11,3,3
9,1,1,9,5.0,10,8,0
9,52,9,52,30.5,61,43,3
18,14,14,18,16.0,32,4,9
4,1,1,4,2.5,5,3,0
7,1,1,7,4.0,8,6,0
13,13,13,13,13.0,26,0,11
8,8,8,8,8.0,16,0,6
8,3,3,8,5.5,11,5,2
11,1,1,11,6.0,12,10,0
16,17,16,17,16.5,33,1,15
1,11,1,11,6.0,12,10,0
4,5,4,5,4.5,9,1,1
5,7,5,7,6.0,12,2,4
2,4,2,4,3.0,6,2,1
2,4,2,4,3.0,6,2,1
7,6,6,7,6.5,13,1,5
20,32,20,32,26.0,52,12,17
4,4,4,4,4.0,8,0,3
38,40,38,40,39.0,78,2,16
12,2,2,12,7.0,14,10,0
55,12,12,55,33.5,67,43,8
6,6,6,6,6.0,12,0,5
5,3,3,5,4.0,8,2,2
21,22,21,22,21.5,43,1,18
34,38,34,38,36.0,72,4,27
1,13,1,13,7.0,14,12,0
4,1,1,4,2.5,5,3,0
5,1,1,5,3.0,6,4,0
1,4,1,4,2.5,5,3,0
1,15,1,15,8.0,16,14,0
8,18,8,18,13.0,26,10,6
4,2,2,4,3.0,6,2,1
23,34,23,34,28.5,57,11,14
1,6,1,6,3.5,7,5,0
7,8,7,8,7.5,15,1,6
4,1,1,4,2.5,5,3,0
13,14,13,14,13.5,27,1,10
1,4,1,4,2.5,5,3,0
13,13,13,13,13.0,26,0,12
18,20,18,20,19.0,38,2,17
17,19,17,19,18.0,36,2,4
9,5,5,9,7.0,14,4,4
6,6,6,6,6.0,12,0,5
7,1,1,7,4.0,8,6,0
23,5,5,23,14.0,28,18,0
8,7,7,8,7.5,15,1,6
4,25,4,25,14.5,29,21,0
5,1,1,5,3.0,6,4,0
6,5,5,6,5.5,11,1,1
4,1,1,4,2.5,5,3,0
10,5,5,10,7.5,15,5,4
1,5,1,5,3.0,6,4,0
7,8,7,8,7.5,15,1,5
5,5,5,5,5.0,10,0,4
6,6,6,6,6.0,12,0,5
1,5,1,5,3.0,6,4,0
28,15,15,28,21.5,43,13,8
9,6,6,9,7.5,15,3,4
15,8,8,15,11.5,23,7,4
11,10,10,11,10.5,21,1,8
10,4,4,10,7.0,14,6,2
1,4,1,4,2.5,5,3,0
25,20,20,25,22.5,45,5,18
2,5,2,5,3.5,7,3,0
1,12,1,12,6.5,13,11,0
2,4,2,4,3.0,6,2,0
16,1,1,16,8.5,17,15,0
7,7,7,7,7.0,14,0,5
5,6,5,6,5.5,11,1,3
4,1,1,4,2.5,5,3,0
4,1,1,4,2.5,5,3,0
37,39,37,39,38.0,76,2,34
3,8,3,8,5.5,11,5,2
5,4,4,5,4.5,9,1,0
2,12,2,12,7.0,14,10,1
12,17,12,17,14.5,29,5,5
32,33,32,33,32.5,65,1,25
6,7,6,7,6.5,13,1,5
11,9,9,11,10.0,20,2,8
24,5,5,24,14.5,29,19,0
1,5,1,5,3.0,6,4,0
27,21,21,27,24.0,48,6,18
13,13,13,13,13.0,26,0,12
1,5,1,5,3.0,6,4,0
15,11,11,15,13.0,26,4,10
6,1,1,6,3.5,7,5,0
9,6,6,9,7.5,15,3,5
4,1,1,4,2.5,5,3,0
5,1,1,5,3.0,6,4,0
6,6,6,6,6.0,12,0,3
35,34,34,35,34.5,69,1,33
1,7,1,7,4.0,8,6,0
9,6,6,9,7.5,15,3,3
4,2,2,4,3.0,6,2,1
5,1,1,5,3.0,6,4,0
1,5,1,5,3.0,6,4,0
4,1,1,4,2.5,5,3,0
5,5,5,5,5.0,10,0,0
5,1,1,5,3.0,6,4,0
3,30,3,30,16.5,33,27,1
4,4,4,4,4.0,8,0,1
4,1,1,4,2.5,5,3,0
2,5,2,5,3.5,7,3,1
12,5,5,12,8.5,17,7,0
7,1,1,7,4.0,8,6,0
7,6,6,7,6.5,13,1,4
49,18,18,49,33.5,67,31,11
5,1,1,5,3.0,6,4,0
6,1,1,6,3.5,7,5,0
44,1,1,44,22.5,45,43,0
5,1,1,5,3.0,6,4,0
5,7,5,7,6.0,12,2,3
7,11,7,11,9.0,18,4,4
11,11,11,11,11.0,22,0,10
7,6,6,7,6.5,13,1,5
21,5,5,21,13.0,26,16,4
1,6,1,6,3.5,7,5,0
8,6,6,8,7.0,14,2,1
1,9,1,9,5.0,10,8,0
1,6,1,6,3.5,7,5,0
13,10,10,13,11.5,23,3,8
8,1,1,8,4.5,9,7,0
2,43,2,43,22.5,45,41,0
8,11,8,11,9.5,19,3,7
9,1,1,9,5.0,10,8,0
11,6,6,11,8.5,17,5,3
5,4,4,5,4.5,9,1,3
5,6,5,6,5.5,11,1,0
21,15,15,21,18.0,36,6,13
21,13,13,21,17.0,34,8,9
21,21,21,21,21.0,42,0,16
5,4,4,5,4.5,9,1,3
4,1,1,4,2.5,5,3,0
6,6,6,6,6.0,12,0,5
4,1,1,4,2.5,5,3,0
1,4,1,4,2.5,5,3,0
7,8,7,8,7.5,15,1,6
4,1,1,4,2.5,5,3,0
10,7,7,10,8.5,17,3,5
11,15,11,15,13.0,26,4,10
6,11,6,11,8.5,17,5,5
11,1,1,11,6.0,12,10,0
5,1,1,5,3.0,6,4,0
4,6,4,6,5.0,10,2,3
28,50,28,50,39.0,78,22,27
6,6,6,6,6.0,12,0,4
7,9,7,9,8.0,16,2,6
21,20,20,21,20.5,41,1,18
1,8,1,8,4.5,9,7,0
4,1,1,4,2.5,5,3,0
11,20,11,20,15.5,31,9,10
6,6,6,6,6.0,12,0,4
25,19,19,25,22.0,44,6,17
4,1,1,4,2.5,5,3,0
1,4,1,4,2.5,5,3,0
18,18,18,18,18.0,36,0,16
12,4,4,12,8.0,16,8,0
10,15,10,15,12.5,25,5,6
1,5,1,5,3.0,6,4,0
7,6,6,7,6.5,13,1,4
1,5,1,5,3.0,6,4,0
18,6,6,18,12.0,24,12,5
4,1,1,4,2.5,5,3,0
4,1,1,4,2.5,5,3,0
6,10,6,10,8.0,16,4,5
17,15,15,17,16.0,32,2,14
7,11,7,11,9.0,18,4,3
9,1,1,9,5.0,10,8,0
1,4,1,4,2.5,5,3,0
7,7,7,7,7.0,14,0,6
6,20,6,20,13.0,26,14,5
2,6,2,6,4.0,8,4,1
29,1,1,29,15.0,30,28,0
32,32,32,32,32.0,64,0,31
10,10,10,10,10.0,20,0,5
5,4,4,5,4.5,9,1,3
10,2,2,10,6.0,12,8,0
5,2,2,5,3.5,7,3,1
4,4,4,4,4.0,8,0,3
15,8,8,15,11.5,23,7,7
5,5,5,5,5.0,10,0,4
1,7,1,7,4.0,8,6,0
2,7,2,7,4.5,9,5,0
1,5,1,5,3.0,6,4,0
8,9,8,9,8.5,17,1,7
8,9,8,9,8.5,17,1,6
5,4,4,5,4.5,9,1,3
5,4,4,5,4.5,9,1,1
1,4,1,4,2.5,5,3,0
9,5,5,9,7.0,14,4,0
6,7,6,7,6.5,13,1,5
4,1,1,4,2.5,5,3,0
5,6,5,6,5.5,11,1,4
1,8,1,8,4.5,9,7,0
20,37,20,37,28.5,57,17,19
13,13,13,13,13.0,26,0,12
11,1,1,11,6.0,12,10,0
5,1,1,5,3.0,6,4,0
44,5,5,44,24.5,49,39,1
6,2,2,6,4.0,8,4,0
7,7,7,7,7.0,14,0,5
12,16,12,16,14.0,28,4,9
1,14,1,14,7.5,15,13,0
2,4,2,4,3.0,6,2,0
6,5,5,6,5.5,11,1,4
48,24,24,48,36.0,72,24,17
1,4,1,4,2.5,5,3,0
4,7,4,7,5.5,11,3,3
4,1,1,4,2.5,5,3,0
10,10,10,10,10.0,20,0,8
7,1,1,7,4.0,8,6,0
1,9,1,9,5.0,10,8,0
34,20,20,34,27.0,54,14,18
16,1,1,16,8.5,17,15,0
5,6,5,6,5.5,11,1,0
27,27,27,27,27.0,54,0,25
1,25,1,25,13.0,26,24,0
5,5,5,5,5.0,10,0,3
5,7,5,7,6.0,12,2,2
1,13,1,13,7.0,14,12,0
1,6,1,6,3.5,7,5,0
4,1,1,4,2.5,5,3,0
4,1,1,4,2.5,5,3,0
4,3,3,4,3.5,7,1,2
4,3,3,4,3.5,7,1,2
23,65,23,65,44.0,88,42,21
5,4,4,5,4.5,9,1,3
5,3,3,5,4.0,8,2,2
2,4,2,4,3.0,6,2,0
2,7,2,7,4.5,9,5,0
2,5,2,5,3.5,7,3,1
6,4,4,6,5.0,10,2,1
20,20,20,20,20.0,40,0,18
33,31,31,33,32.0,64,2,30
12,11,11,12,11.5,23,1,10
1,5,1,5,3.0,6,4,0
22,14,14,22,18.0,36,8,10
1,6,1,6,3.5,7,5,0
4,5,4,5,4.5,9,1,3
7,4,4,7,5.5,11,3,3
4,1,1,4,2.5,5,3,0
16,6,6,16,11.0,22,10,4
46,88,46,88,67.0,134,42,38
4,5,4,5,4.5,9,1,3
8,13,8,13,10.5,21,5,5
13,10,10,13,11.5,23,3,5
5,5,5,5,5.0,10,0,4
6,5,5,6,5.5,11,1,3
2,7,2,7,4.5,9,5,1
12,10,10,12,11.0,22,2,8
5,5,5,5,5.0,10,0,4
11,9,9,11,10.0,20,2,8
12,12,12,12,12.0,24,0,11
11,1,1,11,6.0,12,10,0
4,1,1,4,2.5,5,3,0
20,21,20,21,20.5,41,1,17
7,10,7,10,8.5,17,3,6
9,7,7,9,8.0,16,2,5
12,12,12,12,12.0,24,0,7
17,9,9,17,13.0,26,8,8
1,5,1,5,3.0,6,4,0
5,1,1,5,3.0,6,4,0
8,8,8,8,8.0,16,0,6
4,6,4,6,5.0,10,2,3
17,9,9,17,13.0,26,8,8
4,2,2,4,3.0,6,2,1
1,10,1,10,5.5,11,9,0
1,24,1,24,12.5,25,23,0
5,5,5,5,5.0,10,0,4
14,14,14,14,14.0,28,0,13
5,4,4,5,4.5,9,1,3
9,10,9,10,9.5,19,1,8
13,15,13,15,14.0,28,2,11
14,14,14,14,14.0,28,0,13
5,7,5,7,6.0,12,2,4
4,4,4,4,4.0,8,0,2
1,7,1,7,4.0,8,6,0
25,24,24,25,24.5,49,1,17
6,4,4,6,5.0,10,2,3
12,7,7,12,9.5,19,5,5
15,9,9,15,12.0,24,6,6
1,4,1,4,2.5,5,3,0
25,9,9,25,17.0,34,16,5
6,13,6,13,9.5,19,7,4
5,1,1,5,3.0,6,4,0
1,43,1,43,22.0,44,42,0
7,13,7,13,10.0,20,6,5
7,8,7,8,7.5,15,1,4
12,24,12,24,18.0,36,12,9
17,17,17,17,17.0,34,0,16
22,43,22,43,32.5,65,21,19
10,1,1,10,5.5,11,9,0
2,4,2,4,3.0,6,2,0
32,7,7,32,19.5,39,25,5
4,1,1,4,2.5,5,3,0
27,27,27,27,27.0,54,0,26
4,7,4,7,5.5,11,3,3
1,8,1,8,4.5,9,7,0
2,5,2,5,3.5,7,3,0
1,7,1,7,4.0,8,6,0
6,5,5,6,5.5,11,1,4
1,4,1,4,2.5,5,3,0
4,4,4,4,4.0,8,0,3
1,9,1,9,5.0,10,8,0
6,9,6,9,7.5,15,3,4
18,12,12,18,15.0,30,6,11
6,5,5,6,5.5,11,1,1
19,25,19,25,22.0,44,6,16
6,12,6,12,9.0,18,6,3
8,1,1,8,4.5,9,7,0
1,11,1,11,6.0,12,10,0
30,32,30,32,31.0,62,2,29
15,18,15,18,16.5,33,3,14
8,18,8,18,13.0,26,10,6
1,22,1,22,11.5,23,21,0
4,1,1,4,2.5,5,3,0
5,6,5,6,5.5,11,1,1
7,1,1,7,4.0,8,6,0
8,8,8,8,8.0,16,0,7
2,4,2,4,3.0,6,2,1
1,4,1,4,2.5,5,3,0
44,29,29,44,36.5,73,15,26
17,16,16,17,16.5,33,1,9
5,1,1,5,3.0,6,4,0
4,6,4,6,5.0,10,2,3
4,21,4,21,12.5,25,17,1
22,2,2,22,12.0,24,20,1
15,29,15,29,22.0,44,14,10
4,2,2,4,3.0,6,2,1
22,24,22,24,23.0,46,2,21
9,12,9,12,10.5,21,3,7
9,9,9,9,9.0,18,0,8
18,22,18,22,20.0,40,4,16
14,2,2,14,8.0,16,12,1
20,15,15,20,17.5,35,5,11
1,4,1,4,2.5,5,3,0
4,10,4,10,7.0,14,6,3
5,5,5,5,5.0,10,0,3
4,1,1,4,2.5,5,3,0
6,5,5,6,5.5,11,1,4
1,11,1,11,6.0,12,10,0
5,1,1,5,3.0,6,4,0
12,13,12,13,12.5,25,1,11
11,10,10,11,10.5,21,1,6
39,25,25,39,32.0,64,14,22
6,13,6,13,9.5,19,7,5
1,7,1,7,4.0,8,6,0
7,4,4,7,5.5,11,3,2
12,8,8,12,10.0,20,4,6
4,1,1,4,2.5,5,3,0
8,6,6,8,7.0,14,2,3
4,1,1,4,2.5,5,3,0
11,1,1,11,6.0,12,10,0
45,41,41,45,43.0,86,4,32
1,4,1,4,2.5,5,3,0
38,50,38,50,44.0,88,12,36
1,6,1,6,3.5,7,5,0
5,5,5,5,5.0,10,0,4
5,1,1,5,3.0,6,4,0
5,2,2,5,3.5,7,3,1
1,4,1,4,2.5,5,3,0
3,5,3,5,4.0,8,2,2
1,5,1,5,3.0,6,4,0
13,13,13,13,13.0,26,0,12
31,32,31,32,31.5,63,1,29
4,4,4,4,4.0,8,0,3
1,52,1,52,26.5,53,51,0
4,14,4,14,9.0,18,10,3
1,6,1,6,3.5,7,5,0
1,12,1,12,6.5,13,11,0
9,5,5,9,7.0,14,4,4
4,2,2,4,3.0,6,2,1
17,23,17,23,20.0,40,6,15
25,4,4,25,14.5,29,21,0
1,4,1,4,2.5,5,3,0
7,1,1,7,4.0,8,6,0
5,5,5,5,5.0,10,0,0
6,6,6,6,6.0,12,0,4
16,43,16,43,29.5,59,27,14
5,7,5,7,6.0,12,2,1
4,1,1,4,2.5,5,3,0
7,9,7,9,8.0,16,2,6
14,21,14,21,17.5,35,7,13
25,29,25,29,27.0,54,4,20
4,1,1,4,2.5,5,3,0
45,35,35,45,40.0,80,10,32
7,1,1,7,4.0,8,6,0
4,1,1,4,2.5,5,3,0
1,7,1,7,4.0,8,6,0
1,6,1,6,3.5,7,5,0
1,6,1,6,3.5,7,5,0
4,2,2,4,3.0,6,2,1
8,5,5,8,6.5,13,3,4
14,2,2,14,8.0,16,12,0
27,27,27,27,27.0,54,0,26
8,6,6,8,7.0,14,2,2
5,1,1,5,3.0,6,4,0
16,17,16,17,16.5,33,1,13
5,12,5,12,8.5,17,7,3
7,5,5,7,6.0,12,2,4
9,8,8,9,8.5,17,1,2
5,8,5,8,6.5,13,3,4
8,1,1,8,4.5,9,7,0
20,19,19,20,19.5,39,1,18
7,2,2,7,4.5,9,5,0
25,21,21,25,23.0,46,4,17
12,29,12,29,20.5,41,17,0
4,1,1,4,2.5,5,3,0
23,7,7,23,15.0,30,16,1
5,4,4,5,4.5,9,1,3
4,1,1,4,2.5,5,3,0
6,6,6,6,6.0,12,0,5
8,5,5,8,6.5,13,3,0
7,14,7,14,10.5,21,7,5
1,6,1,6,3.5,7,5,0
12,15,12,15,13.5,27,3,11
1,6,1,6,3.5,7,5,0
12,1,1,12,6.5,13,11,0
7,6,6,7,6.5,13,1,5
15,17,15,17,16.0,32,2,14
29,25,25,29,27.0,54,4,19
1,4,1,4,2.5,5,3,0
13,11,11,13,12.0,24,2,10
30,25,25,30,27.5,55,5,0
29,30,29,30,29.5,59,1,22
4,1,1,4,2.5,5,3,0
5,4,4,5,4.5,9,1,3
5,1,1,5,3.0,6,4,0
5,1,1,5,3.0,6,4,0
7,7,7,7,7.0,14,0,6
1,4,1,4,2.5,5,3,0
1,5,1,5,3.0,6,4,0
1,5,1,5,3.0,6,4,0
1,4,1,4,2.5,5,3,0
6,6,6,6,6.0,12,0,5
5,1,1,5,3.0,6,4,0
4,3,3,4,3.5,7,1,1
1,7,1,7,4.0,8,6,0
5,7,5,7,6.0,12,2,0
1,5,1,5,3.0,6,4,0
8,5,5,8,6.5,13,3,4
8,8,8,8,8.0,16,0,7
32,32,32,32,32.0,64,0,25
3,8,3,8,5.5,11,5,1
1,6,1,6,3.5,7,5,0
42,42,42,42,42.0,84,0,33
8,17,8,17,12.5,25,9,6
5,1,1,5,3.0,6,4,0
17,40,17,40,28.5,57,23,16
7,1,1,7,4.0,8,6,0
1,5,1,5,3.0,6,4,0
5,7,5,7,6.0,12,2,4
4,1,1,4,2.5,5,3,0
5,4,4,5,4.5,9,1,3
6,17,6,17,11.5,23,11,0
1,4,1,4,2.5,5,3,0
1,18,1,18,9.5,19,17,0
6,7,6,7,6.5,13,1,4
15,29,15,29,22.0,44,14,10
13,9,9,13,11.0,22,4,8
2,18,2,18,10.0,20,16,1
1,4,1,4,2.5,5,3,0
5,15,5,15,10.0,20,10,4
2,17,2,17,9.5,19,15,0
5,5,5,5,5.0,10,0,2
15,9,9,15,12.0,24,6,0
14,16,14,16,15.0,30,2,13
7,12,7,12,9.5,19,5,4
2,4,2,4,3.0,6,2,1
10,1,1,10,5.5,11,9,0
1,4,1,4,2.5,5,3,0
1,4,1,4,2.5,5,3,0
7,8,7,8,7.5,15,1,6
9,1,1,9,5.0,10,8,0
1,6,1,6,3.5,7,5,0
4,1,1,4,2.5,5,3,0
52,18,18,52,35.0,70,34,12
10,2,2,10,6.0,12,8,1
6,1,1,6,3.5,7,5,0
1,6,1,6,3.5,7,5,0
13,12,12,13,12.5,25,1,11
14,12,12,14,13.0,26,2,10
12,12,12,12,12.0,24,0,11
5,1,1,5,3.0,6,4,0
6,1,1,6,3.5,7,5,0
2,4,2,4,3.0,6,2,1
5,2,2,5,3.5,7,3,1
10,9,9,10,9.5,19,1,8
15,2,2,15,8.5,17,13,0
6,6,6,6,6.0,12,0,4
11,13,11,13,12.0,24,2,10
7,1,1,7,4.0,8,6,0
1,8,1,8,4.5,9,7,0
1,10,1,10,5.5,11,9,0
4,5,4,5,4.5,9,1,3
5,1,1,5,3.0,6,4,0
7,6,6,7,6.5,13,1,5
8,7,7,8,7.5,15,1,4
1,6,1,6,3.5,7,5,0
9,6,6,9,7.5,15,3,1
18,50,18,50,34.0,68,32,17
5,4,4,5,4.5,9,1,0
5,4,4,5,4.5,9,1,3
1,8,1,8,4.5,9,7,0
12,12,12,12,12.0,24,0,11
6,6,6,6,6.0,12,0,4
16,13,13,16,14.5,29,3,11
8,1,1,8,4.5,9,7,0
5,13,5,13,9.0,18,8,1
15,12,12,15,13.5,27,3,11
6,1,1,6,3.5,7,5,0
4,1,1,4,2.5,5,3,0
6,5,5,6,5.5,11,1,2
8,2,2,8,5.0,10,6,0
1,8,1,8,4.5,9,7,0
25,35,25,35,30.0,60,10,22
31,31,31,31,31.0,62,0,30
38,38,38,38,38.0,76,0,31
13,7,7,13,10.0,20,6,3
10,11,10,11,10.5,21,1,7
20,45,20,45,32.5,65,25,19
7,1,1,7,4.0,8,6,0
7,16,7,16,11.5,23,9,5
16,25,16,25,20.5,41,9,11
12,10,10,12,11.0,22,2,9
45,38,38,45,41.5,83,7,36
42,16,16,42,29.0,58,26,10
9,10,9,10,9.5,19,1,4
5,1,1,5,3.0,6,4,0
10,13,10,13,11.5,23,3,9
8,6,6,8,7.0,14,2,0
1,4,1,4,2.5,5,3,0
13,31,13,31,22.0,44,18,9
16,13,13,16,14.5,29,3,12
14,10,10,14,12.0,24,4,7
23,23,23,23,23.0,46,0,22
1,18,1,18,9.5,19,17,0
1,8,1,8,4.5,9,7,0
4,3,3,4,3.5,7,1,1
18,27,18,27,22.5,45,9,16
1,4,1,4,2.5,5,3,0
7,1,1,7,4.0,8,6,0
10,9,9,10,9.5,19,1,8
7,12,7,12,9.5,19,5,0
12,16,12,16,14.0,28,4,10
1,5,1,5,3.0,6,4,0
16,26,16,26,21.0,42,10,12
1,4,1,4,2.5,5,3,0
7,1,1,7,4.0,8,6,0
1,6,1,6,3.5,7,5,0
1,4,1,4,2.5,5,3,0
1,6,1,6,3.5,7,5,0
40,17,17,40,28.5,57,23,14
5,7,5,7,6.0,12,2,4
5,4,4,5,4.5,9,1,3
4,3,3,4,3.5,7,1,2
22,23,22,23,22.5,45,1,21
7,1,1,7,4.0,8,6,0
5,1,1,5,3.0,6,4,0
12,15,12,15,13.5,27,3,8
1,11,1,11,6.0,12,10,0
4,4,4,4,4.0,8,0,2
1,5,1,5,3.0,6,4,0
4,15,4,15,9.5,19,11,0
10,10,10,10,10.0,20,0,9
4,1,1,4,2.5,5,3,0
12,2,2,12,7.0,14,10,0
19,20,19,20,19.5,39,1,17
1,5,1,5,3.0,6,4,0
1,4,1,4,2.5,5,3,0
4,1,1,4,2.5,5,3,0
12,6,6,12,9.0,18,6,3
18,17,17,18,17.5,35,1,10
10,6,6,10,8.0,16,4,5
24,18,18,24,21.0,42,6,16
1,9,1,9,5.0,10,8,0
13,33,13,33,23.0,46,20,11
27,16,16,27,21.5,43,11,15
1,48,1,48,24.5,49,47,0
19,18,18,19,18.5,37,1,14
10,1,1,10,5.5,11,9,0
1,22,1,22,11.5,23,21,0
3,9,3,9,6.0,12,6,1
27,16,16,27,21.5,43,11,13
42,45,42,45,43.5,87,3,41
5,15,5,15,10.0,20,10,0
8,4,4,8,6.0,12,4,3
11,1,1,11,6.0,12,10,0
13,15,13,15,14.0,28,2,10
25,33,25,33,29.0,58,8,24
8,8,8,8,8.0,16,0,7
1,6,1,6,3.5,7,5,0
21,21,21,21,21.0,42,0,19
5,1,1,5,3.0,6,4,0
22,4,4,22,13.0,26,18,2
9,9,9,9,9.0,18,0,8
8,5,5,8,6.5,13,3,4
1,6,1,6,3.5,7,5,0
12,12,12,12,12.0,24,0,9
14,12,12,14,13.0,26,2,11
1,30,1,30,15.5,31,29,0
20,15,15,20,17.5,35,5,13
18,1,1,18,9.5,19,17,0
1,6,1,6,3.5,7,5,0
5,2,2,5,3.5,7,3,1
3,6,3,6,4.5,9,3,2
13,13,13,13,13.0,26,0,10
13,6,6,13,9.5,19,7,5
13,1,1,13,7.0,14,12,0
6,8,6,8,7.0,14,2,5
6,5,5,6,5.5,11,1,2
5,5,5,5,5.0,10,0,2
11,12,11,12,11.5,23,1,10
1,18,1,18,9.5,19,17,0
4,7,4,7,5.5,11,3,0
6,5,5,6,5.5,11,1,4
5,2,2,5,3.5,7,3,1
4,5,4,5,4.5,9,1,3
107,22,22,107,64.5,129,85,17
5,3,3,5,4.0,8,2,2
5,5,5,5,5.0,10,0,4
34,39,34,39,36.5,73,5,17
6,7,6,7,6.5,13,1,5
1,4,1,4,2.5,5,3,0
16,10,10,16,13.0,26,6,8
2,14,2,14,8.0,16,12,1
17,20,17,20,18.5,37,3,11
4,1,1,4,2.5,5,3,0
15,4,4,15,9.5,19,11,3
2,4,2,4,3.0,6,2,1
7,20,7,20,13.5,27,13,0
6,8,6,8,7.0,14,2,3
7,9,7,9,8.0,16,2,4
4,1,1,4,2.5,5,3,0
2,4,2,4,3.0,6,2,0
1,5,1,5,3.0,6,4,0
19,32,19,32,25.5,51,13,18
6,1,1,6,3.5,7,5,0
6,6,6,6,6.0,12,0,5
10,15,10,15,12.5,25,5,8
6,8,6,8,7.0,14,2,5
34,26,26,34,30.0,60,8,22
3,7,3,7,5.0,10,4,0
4,5,4,5,4.5,9,1,2
4,2,2,4,3.0,6,2,1
42,49,42,49,45.5,91,7,25
20,19,19,20,19.5,39,1,18
29,34,29,34,31.5,63,5,10
39,44,39,44,41.5,83,5,38
8,4,4,8,6.0,12,4,2
1,5,1,5,3.0,6,4,0
2,9,2,9,5.5,11,7,0
8,9,8,9,8.5,17,1,7
22,23,22,23,22.5,45,1,11
4,1,1,4,2.5,5,3,0
14,18,14,18,16.0,32,4,9
4,1,1,4,2.5,5,3,0
1,4,1,4,2.5,5,3,0
14,14,14,14,14.0,28,0,13
1,10,1,10,5.5,11,9,0
1,22,1,22,11.5,23,21,0
20,19,19,20,19.5,39,1,18
9,8,8,9,8.5,17,1,7
1,4,1,4,2.5,5,3,0
5,1,1,5,3.0,6,4,0
23,18,18,23,20.5,41,5,16
1,5,1,5,3.0,6,4,0
6,3,3,6,4.5,9,3,2
11,11,11,11,11.0,22,0,10
5,7,5,7,6.0,12,2,4
10,10,10,10,10.0,20,0,9
36,34,34,36,35.0,70,2,30
2,10,2,10,6.0,12,8,1
7,1,1,7,4.0,8,6,0
10,9,9,10,9.5,19,1,5
11,1,1,11,6.0,12,10,0
6,1,1,6,3.5,7,5,0
2,4,2,4,3.0,6,2,0
7,8,7,8,7.5,15,1,6
1,6,1,6,3.5,7,5,0
2,7,2,7,4.5,9,5,1
7,1,1,7,4.0,8,6,0
15,10,10,15,12.5,25,5,9
14,16,14,16,15.0,30,2,5
10,1,1,10,5.5,11,9,0
27,32,27,32,29.5,59,5,21
1,9,1,9,5.0,10,8,0
4,2,2,4,3.0,6,2,0
1,30,1,30,15.5,31,29,0
1,5,1,5,3.0,6,4,0
18,22,18,22,20.0,40,4,16
4,6,4,6,5.0,10,2,2
14,11,11,14,12.5,25,3,10
4,1,1,4,2.5,5,3,0
25,15,15,25,20.0,40,10,13
5,2,2,5,3.5,7,3,0
4,1,1,4,2.5,5,3,0
6,40,6,40,23.0,46,34,0
4,1,1,4,2.5,5,3,0
3,30,3,30,16.5,33,27,1
5,8,5,8,6.5,13,3,3
7,7,7,7,7.0,14,0,2
4,5,4,5,4.5,9,1,3
8,6,6,8,7.0,14,2,3
11,3,3,11,7.0,14,8,2
5,9,5,9,7.0,14,4,1
17,12,12,17,14.5,29,5,11
6,6,6,6,6.0,12,0,5
16,6,6,16,11.0,22,10,2
5,4,4,5,4.5,9,1,3
1,4,1,4,2.5,5,3,0
5,1,1,5,3.0,6,4,0
18,16,16,18,17.0,34,2,15
2,5,2,5,3.5,7,3,1
11,6,6,11,8.5,17,5,4
4,2,2,4,3.0,6,2,1
6,1,1,6,3.5,7,5,0
16,6,6,16,11.0,22,10,4
8,8,8,8,8.0,16,0,7
13,11,11,13,12.0,24,2,9
1,5,1,5,3.0,6,4,0
4,1,1,4,2.5,5,3,0
9,7,7,9,8.0,16,2,6
8,4,4,8,6.0,12,4,3
31,24,24,31,27.5,55,7,20
5,36,5,36,20.5,41,31,3
6,18,6,18,12.0,24,12,3
5,4,4,5,4.5,9,1,3
7,10,7,10,8.5,17,3,6
3,10,3,10,6.5,13,7,1
12,15,12,15,13.5,27,3,10
1,6,1,6,3.5,7,5,0
7,5,5,7,6.0,12,2,4
5,1,1,5,3.0,6,4,0
2,5,2,5,3.5,7,3,1
1,107,1,107,54.0,108,106,0
4,5,4,5,4.5,9,1,3
12,22,12,22,17.0,34,10,11
1,5,1,5,3.0,6,4,0
15,7,7,15,11.0,22,8,5
1,8,1,8,4.5,9,7,0
5,4,4,5,4.5,9,1,0
1,4,1,4,2.5,5,3,0
13,14,13,14,13.5,27,1,12
7,1,1,7,4.0,8,6,0
2,15,2,15,8.5,17,13,0
9,16,9,16,12.5,25,7,8
9,9,9,9,9.0,18,0,7
24,26,24,26,25.0,50,2,23
4,1,1,4,2.5,5,3,0
8,6,6,8,7.0,14,2,4
14,13,13,14,13.5,27,1,11
1,20,1,20,10.5,21,19,0
4,1,1,4,2.5,5,3,0
9,7,7,9,8.0,16,2,6
5,5,5,5,5.0,10,0,3
4,1,1,4,2.5,5,3,0
3,5,3,5,4.0,8,2,2
8,11,8,11,9.5,19,3,5
14,19,14,19,16.5,33,5,13
33,107,33,107,70.0,140,74,3
8,6,6,8,7.0,14,2,5
18,14,14,18,16.0,32,4,13
11,2,2,11,6.5,13,9,1
8,8,8,8,8.0,16,0,7
8,7,7,8,7.5,15,1,4
2,13,2,13,7.5,15,11,0
4,1,1,4,2.5,5,3,0
4,4,4,4,4.0,8,0,3
6,3,3,6,4.5,9,3,1
1,8,1,8,4.5,9,7,0
8,6,6,8,7.0,14,2,2
19,17,17,19,18.0,36,2,14
7,12,7,12,9.5,19,5,5
4,10,4,10,7.0,14,6,3
8,2,2,8,5.0,10,6,0
14,15,14,15,14.5,29,1,10
10,10,10,10,10.0,20,0,9
38,25,25,38,31.5,63,13,21
4,3,3,4,3.5,7,1,2
1,5,1,5,3.0,6,4,0
6,10,6,10,8.0,16,4,0
11,13,11,13,12.0,24,2,9
12,25,12,25,18.5,37,13,8
7,6,6,7,6.5,13,1,5
5,4,4,5,4.5,9,1,3
5,1,1,5,3.0,6,4,0
4,4,4,4,4.0,8,0,3
2,5,2,5,3.5,7,3,0
1,29,1,29,15.0,30,28,0
1,52,1,52,26.5,53,51,0
1,6,1,6,3.5,7,5,0
6,1,1,6,3.5,7,5,0
66,17,17,66,41.5,83,49,14
7,7,7,7,7.0,14,0,6
6,11,6,11,8.5,17,5,5
11,1,1,11,6.0,12,10,0
1,4,1,4,2.5,5,3,0
7,6,6,7,6.5,13,1,4
1,4,1,4,2.5,5,3,0
4,5,4,5,4.5,9,1,3
4,1,1,4,2.5,5,3,0
10,5,5,10,7.5,15,5,0
49,38,38,49,43.5,87,11,19
7,1,1,7,4.0,8,6,0
26,26,26,26,26.0,52,0,25
10,10,10,10,10.0,20,0,9
15,16,15,16,15.5,31,1,10
18,16,16,18,17.0,34,2,13
12,12,12,12,12.0,24,0,9
1,5,1,5,3.0,6,4,0
18,17,17,18,17.5,35,1,15
4,2,2,4,3.0,6,2,1
12,10,10,12,11.0,22,2,7
4,1,1,4,2.5,5,3,0
9,13,9,13,11.0,22,4,8
1,4,1,4,2.5,5,3,0
10,9,9,10,9.5,19,1,7
4,1,1,4,2.5,5,3,0
6,7,6,7,6.5,13,1,5
3,4,3,4,3.5,7,1,1
14,13,13,14,13.5,27,1,9
13,9,9,13,11.0,22,4,8
12,12,12,12,12.0,24,0,10
5,2,2,5,3.5,7,3,1
4,1,1,4,2.5,5,3,0
7,1,1,7,4.0,8,6,0
16,11,11,16,13.5,27,5,10
5,5,5,5,5.0,10,0,4
5,5,5,5,5.0,10,0,4
1,6,1,6,3.5,7,5,0
11,11,11,11,11.0,22,0,8
8,1,1,8,4.5,9,7,0
7,5,5,7,6.0,12,2,3
24,22,22,24,23.0,46,2,20
1,7,1,7,4.0,8,6,0
2,18,2,18,10.0,20,16,1
7,7,7,7,7.0,14,0,6
9,6,6,9,7.5,15,3,5
5,1,1,5,3.0,6,4,0
4,1,1,4,2.5,5,3,0
27,7,7,27,17.0,34,20,3
4,4,4,4,4.0,8,0,3
5,6,5,6,5.5,11,1,3
12,9,9,12,10.5,21,3,2
4,4,4,4,4.0,8,0,3
1,19,1,19,10.0,20,18,0
4,1,1,4,2.5,5,3,0
3,5,3,5,4.0,8,2,0
1,5,1,5,3.0,6,4,0
8,7,7,8,7.5,15,1,6
4,18,4,18,11.0,22,14,2
8,1,1,8,4.5,9,7,0
13,18,13,18,15.5,31,5,11
9,2,2,9,5.5,11,7,0
6,3,3,6,4.5,9,3,2
18,10,10,18,14.0,28,8,9
16,17,16,17,16.5,33,1,12
42,26,26,42,34.0,68,16,23
1,5,1,5,3.0,6,4,0
6,7,6,7,6.5,13,1,5
15,10,10,15,12.5,25,5,9
1,12,1,12,6.5,13,11,0
20,24,20,24,22.0,44,4,19
9,7,7,9,8.0,16,2,6
7,7,7,7,7.0,14,0,6
5,1,1,5,3.0,6,4,0
19,20,19,20,19.5,39,1,18
1,4,1,4,2.5,5,3,0
2,20,2,20,11.0,22,18,0
1,5,1,5,3.0,6,4,0
4,1,1,4,2.5,5,3,0
6,1,1,6,3.5,7,5,0
6,3,3,6,4.5,9,3,2
13,13,13,13,13.0,26,0,12
5,22,5,22,13.5,27,17,4
5,5,5,5,5.0,10,0,4
8,15,8,15,11.5,23,7,1
27,29,27,29,28.0,56,2,25
5,5,5,5,5.0,10,0,4
3,4,3,4,3.5,7,1,2
4,5,4,5,4.5,9,1,1
6,4,4,6,5.0,10,2,3
20,23,20,23,21.5,43,3,18
1,5,1,5,3.0,6,4,0
1,5,1,5,3.0,6,4,0
3,7,3,7,5.0,10,4,2
16,8,8,16,12.0,24,8,6
4,5,4,5,4.5,9,1,3
4,2,2,4,3.0,6,2,1
12,6,6,12,9.0,18,6,5
6,5,5,6,5.5,11,1,4
13,13,13,13,13.0,26,0,12
11,11,11,11,11.0,22,0,10
15,11,11,15,13.0,26,4,10
1,26,1,26,13.5,27,25,0
1,13,1,13,7.0,14,12,0
25,16,16,25,20.5,41,9,15
10,13,10,13,11.5,23,3,8
1,22,1,22,11.5,23,21,0
37,34,34,37,35.5,71,3,32
19,20,19,20,19.5,39,1,17
17,22,17,22,19.5,39,5,12
11,12,11,12,11.5,23,1,10
8,7,7,8,7.5,15,1,6
2,4,2,4,3.0,6,2,1
4,20,4,20,12.0,24,16,0
6,7,6,7,6.5,13,1,5
32,15,15,32,23.5,47,17,12
14,15,14,15,14.5,29,1,12
2,6,2,6,4.0,8,4,1
1,77,1,77,39.0,78,76,0
2,4,2,4,3.0,6,2,1
2,5,2,5,3.5,7,3,1
6,7,6,7,6.5,13,1,4
17,9,9,17,13.0,26,8,7
11,17,11,17,14.0,28,6,10
9,8,8,9,8.5,17,1,5
5,6,5,6,5.5,11,1,4
3,19,3,19,11.0,22,16,0
4,33,4,33,18.5,37,29,3
14,7,7,14,10.5,21,7,3
16,16,16,16,16.0,32,0,15
10,13,10,13,11.5,23,3,8
19,21,19,21,20.0,40,2,16
1,4,1,4,2.5,5,3,0
10,12,10,12,11.0,22,2,6
15,17,15,17,16.0,32,2,10
1,4,1,4,2.5,5,3,0
17,15,15,17,16.0,32,2,12
1,4,1,4,2.5,5,3,0
5,1,1,5,3.0,6,4,0
7,7,7,7,7.0,14,0,6
5,1,1,5,3.0,6,4,0
17,16,16,17,16.5,33,1,10
1,7,1,7,4.0,8,6,0
4,1,1,4,2.5,5,3,0
6,1,1,6,3.5,7,5,0
15,4,4,15,9.5,19,11,3
1,36,1,36,18.5,37,35,0
3,8,3,8,5.5,11,5,1
23,17,17,23,20.0,40,6,7
1,4,1,4,2.5,5,3,0
18,12,12,18,15.0,30,6,11
20,19,19,20,19.5,39,1,18
6,11,6,11,8.5,17,5,3
3,6,3,6,4.5,9,3,2
18,24,18,24,21.0,42,6,14
4,1,1,4,2.5,5,3,0
14,13,13,14,13.5,27,1,12
1,9,1,9,5.0,10,8,0
4,3,3,4,3.5,7,1,2
22,33,22,33,27.5,55,11,21
2,5,2,5,3.5,7,3,1
4,4,4,4,4.0,8,0,3
1,8,1,8,4.5,9,7,0
4,1,1,4,2.5,5,3,0
3,11,3,11,7.0,14,8,2
2,5,2,5,3.5,7,3,1
12,14,12,14,13.0,26,2,11
13,12,12,13,12.5,25,1,11
4,4,4,4,4.0,8,0,3
1,4,1,4,2.5,5,3,0
1,5,1,5,3.0,6,4,0
2,8,2,8,5.0,10,6,1
15,49,15,49,32.0,64,34,10
1,39,1,39,20.0,40,38,0
10,1,1,10,5.5,11,9,0
5,4,4,5,4.5,9,1,3
4,1,1,4,2.5,5,3,0
39,45,39,45,42.0,84,6,38
1,7,1,7,4.0,8,6,0
19,21,19,21,20.0,40,2,18
9,9,9,9,9.0,18,0,8
7,2,2,7,4.5,9,5,1
4,5,4,5,4.5,9,1,3
6,6,6,6,6.0,12,0,5
20,14,14,20,17.0,34,6,13
3,4,3,4,3.5,7,1,2
2,33,2,33,17.5,35,31,0
18,14,14,18,16.0,32,4,0
16,11,11,16,13.5,27,5,10
9,2,2,9,5.5,11,7,1
18,20,18,20,19.0,38,2,17
19,19,19,19,19.0,38,0,0
7,5,5,7,6.0,12,2,3
1,36,1,36,18.5,37,35,0
1,6,1,6,3.5,7,5,0
4,9,4,9,6.5,13,5,0
7,2,2,7,4.5,9,5,0
6,6,6,6,6.0,12,0,5
5,4,4,5,4.5,9,1,3
4,2,2,4,3.0,6,2,1
5,1,1,5,3.0,6,4,0
5,4,4,5,4.5,9,1,3
12,12,12,12,12.0,24,0,11
13,13,13,13,13.0,26,0,12
1,5,1,5,3.0,6,4,0
4,5,4,5,4.5,9,1,3
10,3,3,10,6.5,13,7,2
3,8,3,8,5.5,11,5,2
5,6,5,6,5.5,11,1,4
1,6,1,6,3.5,7,5,0
6,6,6,6,6.0,12,0,5
9,2,2,9,5.5,11,7,0
1,5,1,5,3.0,6,4,0
21,50,21,50,35.5,71,29,16
18,1,1,18,9.5,19,17,0
16,16,16,16,16.0,32,0,12
8,8,8,8,8.0,16,0,5
3,4,3,4,3.5,7,1,2
4,11,4,11,7.5,15,7,3
1,4,1,4,2.5,5,3,0
15,10,10,15,12.5,25,5,8
12,1,1,12,6.5,13,11,0
10,10,10,10,10.0,20,0,6
19,19,19,19,19.0,38,0,17
5,1,1,5,3.0,6,4,0
11,1,1,11,6.0,12,10,0
5,3,3,5,4.0,8,2,2
11,11,11,11,11.0,22,0,10
5,5,5,5,5.0,10,0,1
1,4,1,4,2.5,5,3,0
9,9,9,9,9.0,18,0,8
5,6,5,6,5.5,11,1,4
18,1,1,18,9.5,19,17,0
20,24,20,24,22.0,44,4,17
6,1,1,6,3.5,7,5,0
1,5,1,5,3.0,6,4,0
9,10,9,10,9.5,19,1,8
28,21,21,28,24.5,49,7,1
1,4,1,4,2.5,5,3,0
1,4,1,4,2.5,5,3,0
7,8,7,8,7.5,15,1,6
6,3,3,6,4.5,9,3,1
9,9,9,9,9.0,18,0,8
6,2,2,6,4.0,8,4,0
6,13,6,13,9.5,19,7,1
1,6,1,6,3.5,7,5,0
4,5,4,5,4.5,9,1,3
18,2,2,18,10.0,20,16,0
13,10,10,13,11.5,23,3,5
14,13,13,14,13.5,27,1,12
14,13,13,14,13.5,27,1,12
8,8,8,8,8.0,16,0,4
1,8,1,8,4.5,9,7,0
12,12,12,12,12.0,24,0,10
9,8,8,9,8.5,17,1,7
1,11,1,11,6.0,12,10,0
2,4,2,4,3.0,6,2,1
5,1,1,5,3.0,6,4,0
13,9,9,13,11.0,22,4,7
1,6,1,6,3.5,7,5,0
6,4,4,6,5.0,10,2,3
4,1,1,4,2.5,5,3,0
4,4,4,4,4.0,8,0,3
4,3,3,4,3.5,7,1,2
11,11,11,11,11.0,22,0,10
7,7,7,7,7.0,14,0,6
6,1,1,6,3.5,7,5,0
25,27,25,27,26.0,52,2,23
9,2,2,9,5.5,11,7,1
7,9,7,9,8.0,16,2,5
19,19,19,19,19.0,38,0,15
7,7,7,7,7.0,14,0,6
4,4,4,4,4.0,8,0,3
6,7,6,7,6.5,13,1,5
11,1,1,11,6.0,12,10,0
7,7,7,7,7.0,14,0,6
11,7,7,11,9.0,18,4,6
1,4,1,4,2.5,5,3,0
1,8,1,8,4.5,9,7,0
13,28,13,28,20.5,41,15,9
26,27,26,27,26.5,53,1,15
4,5,4,5,4.5,9,1,3
10,16,10,16,13.0,26,6,8
16,14,14,16,15.0,30,2,13
2,6,2,6,4.0,8,4,0
4,4,4,4,4.0,8,0,3
13,14,13,14,13.5,27,1,10
19,24,19,24,21.5,43,5,18
8,5,5,8,6.5,13,3,4
10,1,1,10,5.5,11,9,0
2,6,2,6,4.0,8,4,0
11,1,1,11,6.0,12,10,0
7,7,7,7,7.0,14,0,5
5,1,1,5,3.0,6,4,0
1,4,1,4,2.5,5,3,0
4,1,1,4,2.5,5,3,0
7,8,7,8,7.5,15,1,6
6,6,6,6,6.0,12,0,0
4,4,4,4,4.0,8,0,3
13,1,1,13,7.0,14,12,0
1,12,1,12,6.5,13,11,0
2,4,2,4,3.0,6,2,1
14,5,5,14,9.5,19,9,4
23,20,20,23,21.5,43,3,19
4,6,4,6,5.0,10,2,3
5,5,5,5,5.0,10,0,4
1,5,1,5,3.0,6,4,0
10,9,9,10,9.5,19,1,8
54,30,30,54,42.0,84,24,27
32,33,32,33,32.5,65,1,26
3,6,3,6,4.5,9,3,2
1,4,1,4,2.5,5,3,0
4,4,4,4,4.0,8,0,2
30,28,28,30,29.0,58,2,19
10,12,10,12,11.0,22,2,9
1,4,1,4,2.5,5,3,0
2,10,2,10,6.0,12,8,0
29,23,23,29,26.0,52,6,12
2,7,2,7,4.5,9,5,0
32,31,31,32,31.5,63,1,30
44,32,32,44,38.0,76,12,23
5,1,1,5,3.0,6,4,0
6,8,6,8,7.0,14,2,0
7,8,7,8,7.5,15,1,3
10,10,10,10,10.0,20,0,7
5,1,1,5,3.0,6,4,0
1,5,1,5,3.0,6,4,0
2,5,2,5,3.5,7,3,1
26,1,1,26,13.5,27,25,0
19,15,15,19,17.0,34,4,12
5,1,1,5,3.0,6,4,0
29,25,25,29,27.0,54,4,24
11,11,11,11,11.0,22,0,9
7,7,7,7,7.0,14,0,5
2,4,2,4,3.0,6,2,1
10,6,6,10,8.0,16,4,0
8,8,8,8,8.0,16,0,7
25,13,13,25,19.0,38,12,12
20,21,20,21,20.5,41,1,19
6,2,2,6,4.0,8,4,1
6,9,6,9,7.5,15,3,2
14,14,14,14,14.0,28,0,13
7,8,7,8,7.5,15,1,6
15,11,11,15,13.0,26,4,5
1,5,1,5,3.0,6,4,0
4,6,4,6,5.0,10,2,3
8,1,1,8,4.5,9,7,0
6,5,5,6,5.5,11,1,4
1,4,1,4,2.5,5,3,0
5,1,1,5,3.0,6,4,0
24,2,2,24,13.0,26,22,1
9,8,8,9,8.5,17,1,7
4,1,1,4,2.5,5,3,0
8,13,8,13,10.5,21,5,6
38,54,38,54,46.0,92,16,21
8,6,6,8,7.0,14,2,0
1,5,1,5,3.0,6,4,0
15,21,15,21,18.0,36,6,14
1,5,1,5,3.0,6,4,0
23,33,23,33,28.0,56,10,19
8,7,7,8,7.5,15,1,6
5,1,1,5,3.0,6,4,0
18,2,2,18,10.0,20,16,1
1,8,1,8,4.5,9,7,0
9,16,9,16,12.5,25,7,3
8,8,8,8,8.0,16,0,1
1,4,1,4,2.5,5,3,0
2,6,2,6,4.0,8,4,1
7,2,2,7,4.5,9,5,1
4,6,4,6,5.0,10,2,0
6,1,1,6,3.5,7,5,0
4,23,4,23,13.5,27,19,0
5,5,5,5,5.0,10,0,4
1,5,1,5,3.0,6,4,0
40,43,40,43,41.5,83,3,31
15,13,13,15,14.0,28,2,12
13,13,13,13,13.0,26,0,12
4,4,4,4,4.0,8,0,2
35,22,22,35,28.5,57,13,21
1,4,1,4,2.5,5,3,0
9,3,3,9,6.0,12,6,2
5,10,5,10,7.5,15,5,4
5,2,2,5,3.5,7,3,0
1,4,1,4,2.5,5,3,0
14,13,13,14,13.5,27,1,9
4,1,1,4,2.5,5,3,0
20,28,20,28,24.0,48,8,18
2,5,2,5,3.5,7,3,1
5,6,5,6,5.5,11,1,4
19,16,16,19,17.5,35,3,14
14,11,11,14,12.5,25,3,10
18,18,18,18,18.0,36,0,14
30,22,22,30,26.0,52,8,21
6,5,5,6,5.5,11,1,4
5,4,4,5,4.5,9,1,1
1,4,1,4,2.5,5,3,0
5,2,2,5,3.5,7,3,1
7,5,5,7,6.0,12,2,2
4,3,3,4,3.5,7,1,2
3,5,3,5,4.0,8,2,2
4,4,4,4,4.0,8,0,2
7,1,1,7,4.0,8,6,0
9,11,9,11,10.0,20,2,6
5,7,5,7,6.0,12,2,2
1,4,1,4,2.5,5,3,0
7,22,7,22,14.5,29,15,3
7,7,7,7,7.0,14,0,5
40,39,39,40,39.5,79,1,35
1,14,1,14,7.5,15,13,0
1,12,1,12,6.5,13,11,0
9,1,1,9,5.0,10,8,0
19,20,19,20,19.5,39,1,15
19,24,19,24,21.5,43,5,12
4,1,1,4,2.5,5,3,0
7,12,7,12,9.5,19,5,6
17,17,17,17,17.0,34,0,16
33,32,32,33,32.5,65,1,30
5,1,1,5,3.0,6,4,0
4,4,4,4,4.0,8,0,3
8,17,8,17,12.5,25,9,7
19,20,19,20,19.5,39,1,16
1,11,1,11,6.0,12,10,0
6,6,6,6,6.0,12,0,5
37,26,26,37,31.5,63,11,24
8,9,8,9,8.5,17,1,5
5,1,1,5,3.0,6,4,0
5,1,1,5,3.0,6,4,0
6,6,6,6,6.0,12,0,4
1,4,1,4,2.5,5,3,0
5,10,5,10,7.5,15,5,3
7,4,4,7,5.5,11,3,3
21,19,19,21,20.0,40,2,16
1,105,1,105,53.0,106,104,0
4,3,3,4,3.5,7,1,1
1,19,1,19,10.0,20,18,0
10,12,10,12,11.0,22,2,8
1,7,1,7,4.0,8,6,0
10,10,10,10,10.0,20,0,9
8,10,8,10,9.0,18,2,6
1,7,1,7,4.0,8,6,0
6,2,2,6,4.0,8,4,1
15,18,15,18,16.5,33,3,14
1,4,1,4,2.5,5,3,0
4,1,1,4,2.5,5,3,0
23,19,19,23,21.0,42,4,18
5,6,5,6,5.5,11,1,3
37,9,9,37,23.0,46,28,4
10,12,10,12,11.0,22,2,6
4,1,1,4,2.5,5,3,0
7,9,7,9,8.0,16,2,4
11,15,11,15,13.0,26,4,10
1,4,1,4,2.5,5,3,0
9,11,9,11,10.0,20,2,8
54,31,31,54,42.5,85,23,27
5,1,1,5,3.0,6,4,0
1,5,1,5,3.0,6,4,0
1,7,1,7,4.0,8,6,0
4,8,4,8,6.0,12,4,2
19,20,19,20,19.5,39,1,18
26,5,5,26,15.5,31,21,0
12,11,11,12,11.5,23,1,10
25,9,9,25,17.0,34,16,4
1,6,1,6,3.5,7,5,0
4,1,1,4,2.5,5,3,0
4,5,4,5,4.5,9,1,2
4,1,1,4,2.5,5,3,0
20,22,20,22,21.0,42,2,17
9,8,8,9,8.5,17,1,7
12,1,1,12,6.5,13,11,0
4,4,4,4,4.0,8,0,3
12,10,10,12,11.0,22,2,9
2,5,2,5,3.5,7,3,1
22,13,13,22,17.5,35,9,9
1,8,1,8,4.5,9,7,0
8,7,7,8,7.5,15,1,2
20,23,20,23,21.5,43,3,17
1,31,1,31,16.0,32,30,0
4,1,1,4,2.5,5,3,0
10,12,10,12,11.0,22,2,9
7,6,6,7,6.5,13,1,5
20,13,13,20,16.5,33,7,9
3,8,3,8,5.5,11,5,2
16,7,7,16,11.5,23,9,5
2,48,2,48,25.0,50,46,0
27,28,27,28,27.5,55,1,26
7,7,7,7,7.0,14,0,6
1,5,1,5,3.0,6,4,0
4,5,4,5,4.5,9,1,2
7,8,7,8,7.5,15,1,6
4,1,1,4,2.5,5,3,0
1,4,1,4,2.5,5,3,0
1,22,1,22,11.5,23,21,0
2,5,2,5,3.5,7,3,1
1,4,1,4,2.5,5,3,0
2,4,2,4,3.0,6,2,1
5,5,5,5,5.0,10,0,2
2,22,2,22,12.0,24,20,1
4,1,1,4,2.5,5,3,0
24,22,22,24,23.0,46,2,21
5,5,5,5,5.0,10,0,4
4,1,1,4,2.5,5,3,0
4,1,1,4,2.5,5,3,0
8,1,1,8,4.5,9,7,0
1,4,1,4,2.5,5,3,0
10,10,10,10,10.0,20,0,9
43,36,36,43,39.5,79,7,33
9,9,9,9,9.0,18,0,8
1,6,1,6,3.5,7,5,0
4,5,4,5,4.5,9,1,2
8,19,8,19,13.5,27,11,6
6,3,3,6,4.5,9,3,2
1,5,1,5,3.0,6,4,0
5,5,5,5,5.0,10,0,4
1,4,1,4,2.5,5,3,0
1,6,1,6,3.5,7,5,0
1,9,1,9,5.0,10,8,0
3,14,3,14,8.5,17,11,1
1,9,1,9,5.0,10,8,0
6,13,6,13,9.5,19,7,4
51,18,18,51,34.5,69,33,5
1,4,1,4,2.5,5,3,0
5,2,2,5,3.5,7,3,1
1,11,1,11,6.0,12,10,0
6,4,4,6,5.0,10,2,0
18,21,18,21,19.5,39,3,17
13,5,5,13,9.0,18,8,4
41,43,41,43,42.0,84,2,40
1,13,1,13,7.0,14,12,0
2,4,2,4,3.0,6,2,1
55,12,12,55,33.5,67,43,6
18,19,18,19,18.5,37,1,13
1,4,1,4,2.5,5,3,0
8,11,8,11,9.5,19,3,6
11,13,11,13,12.0,24,2,6
12,8,8,12,10.0,20,4,7
31,21,21,31,26.0,52,10,18
28,25,25,28,26.5,53,3,24
4,7,4,7,5.5,11,3,3
14,11,11,14,12.5,25,3,10
4,6,4,6,5.0,10,2,3
5,5,5,5,5.0,10,0,3
1,5,1,5,3.0,6,4,0
1,4,1,4,2.5,5,3,0
7,7,7,7,7.0,14,0,5
1,4,1,4,2.5,5,3,0
4,1,1,4,2.5,5,3,0
6,1,1,6,3.5,7,5,0
4,1,1,4,2.5,5,3,0
6,2,2,6,4.0,8,4,1
8,4,4,8,6.0,12,4,3
11,1,1,11,6.0,12,10,0
49,33,33,49,41.0,82,16,27
29,29,29,29,29.0,58,0,27
5,1,1,5,3.0,6,4,0
5,5,5,5,5.0,10,0,3
5,1,1,5,3.0,6,4,0
1,5,1,5,3.0,6,4,0
1,4,1,4,2.5,5,3,0
10,16,10,16,13.0,26,6,9
1,7,1,7,4.0,8,6,0
6,1,1,6,3.5,7,5,0
11,15,11,15,13.0,26,4,10
5,4,4,5,4.5,9,1,3
18,20,18,20,19.0,38,2,11
17,15,15,17,16.0,32,2,13
1,5,1,5,3.0,6,4,0
14,10,10,14,12.0,24,4,8
2,18,2,18,10.0,20,16,1
5,5,5,5,5.0,10,0,4
1,8,1,8,4.5,9,7,0
21,21,21,21,21.0,42,0,18
4,1,1,4,2.5,5,3,0
1,7,1,7,4.0,8,6,0
16,20,16,20,18.0,36,4,13
8,8,8,8,8.0,16,0,7
4,4,4,4,4.0,8,0,0
6,6,6,6,6.0,12,0,4
4,9,4,9,6.5,13,5,0
10,11,10,11,10.5,21,1,7
5,4,4,5,4.5,9,1,3
8,14,8,14,11.0,22,6,6
4,2,2,4,3.0,6,2,1
1,4,1,4,2.5,5,3,0
1,4,1,4,2.5,5,3,0
1,5,1,5,3.0,6,4,0
7,9,7,9,8.0,16,2,6
3,5,3,5,4.0,8,2,2
11,15,11,15,13.0,26,4,9
37,36,36,37,36.5,73,1,16
5,5,5,5,5.0,10,0,4
1,6,1,6,3.5,7,5,0
13,15,13,15,14.0,28,2,11
1,11,1,11,6.0,12,10,0
13,13,13,13,13.0,26,0,12
15,14,14,15,14.5,29,1,13
25,34,25,34,29.5,59,9,19
5,5,5,5,5.0,10,0,4
30,29,29,30,29.5,59,1,19
1,4,1,4,2.5,5,3,0
4,1,1,4,2.5,5,3,0
5,6,5,6,5.5,11,1,4
9,10,9,10,9.5,19,1,8
18,18,18,18,18.0,36,0,17
6,6,6,6,6.0,12,0,4
2,5,2,5,3.5,7,3,0
1,16,1,16,8.5,17,15,0
1,16,1,16,8.5,17,15,0
5,1,1,5,3.0,6,4,0
4,4,4,4,4.0,8,0,1
16,15,15,16,15.5,31,1,12
5,10,5,10,7.5,15,5,4
1,9,1,9,5.0,10,8,0
4,10,4,10,7.0,14,6,3
7,10,7,10,8.5,17,3,6
35,22,22,35,28.5,57,13,19
32,22,22,32,27.0,54,10,19
7,10,7,10,8.5,17,3,5
9,10,9,10,9.5,19,1,7
18,20,18,20,19.0,38,2,12
5,7,5,7,6.0,12,2,4
1,14,1,14,7.5,15,13,0
19,21,19,21,20.0,40,2,18
4,3,3,4,3.5,7,1,2
7,7,7,7,7.0,14,0,6
22,24,22,24,23.0,46,2,21
8,7,7,8,7.5,15,1,0
24,23,23,24,23.5,47,1,21
5,5,5,5,5.0,10,0,4
8,10,8,10,9.0,18,2,3
1,4,1,4,2.5,5,3,0
11,13,11,13,12.0,24,2,9
9,1,1,9,5.0,10,8,0
4,10,4,10,7.0,14,6,3
1,13,1,13,7.0,14,12,0
10,4,4,10,7.0,14,6,2
1,7,1,7,4.0,8,6,0
5,1,1,5,3.0,6,4,0
46,1,1,46,23.5,47,45,0
4,2,2,4,3.0,6,2,0
1,4,1,4,2.5,5,3,0
9,10,9,10,9.5,19,1,5
5,4,4,5,4.5,9,1,2
6,7,6,7,6.5,13,1,4
5,1,1,5,3.0,6,4,0
6,1,1,6,3.5,7,5,0
14,11,11,14,12.5,25,3,4
1,9,1,9,5.0,10,8,0
6,2,2,6,4.0,8,4,0
16,12,12,16,14.0,28,4,11
3,5,3,5,4.0,8,2,2
4,9,4,9,6.5,13,5,0
2,5,2,5,3.5,7,3,1
1,16,1,16,8.5,17,15,0
9,9,9,9,9.0,18,0,8
32,21,21,32,26.5,53,11,20
6,1,1,6,3.5,7,5,0
10,13,10,13,11.5,23,3,8
40,15,15,40,27.5,55,25,11
7,6,6,7,6.5,13,1,5
1,5,1,5,3.0,6,4,0
6,1,1,6,3.5,7,5,0
6,4,4,6,5.0,10,2,3
8,8,8,8,8.0,16,0,6
10,18,10,18,14.0,28,8,9
4,1,1,4,2.5,5,3,0
25,25,25,25,25.0,50,0,18
4,1,1,4,2.5,5,3,0
5,1,1,5,3.0,6,4,0
38,33,33,38,35.5,71,5,25
5,2,2,5,3.5,7,3,0
4,5,4,5,4.5,9,1,3
10,4,4,10,7.0,14,6,3
5,4,4,5,4.5,9,1,3
5,6,5,6,5.5,11,1,4
6,1,1,6,3.5,7,5,0
32,14,14,32,23.0,46,18,11
13,12,12,13,12.5,25,1,11
11,10,10,11,10.5,21,1,8
17,18,17,18,17.5,35,1,15
8,2,2,8,5.0,10,6,1
5,5,5,5,5.0,10,0,4
8,3,3,8,5.5,11,5,2
1,6,1,6,3.5,7,5,0
29,2,2,29,15.5,31,27,0
5,4,4,5,4.5,9,1,3
25,26,25,26,25.5,51,1,24
11,5,5,11,8.0,16,6,3
25,29,25,29,27.0,54,4,13
5,4,4,5,4.5,9,1,3
5,4,4,5,4.5,9,1,3
2,7,2,7,4.5,9,5,1
1,4,1,4,2.5,5,3,0
42,28,28,42,35.0,70,14,26
2,14,2,14,8.0,16,12,0
5,1,1,5,3.0,6,4,0
2,4,2,4,3.0,6,2,1
8,8,8,8,8.0,16,0,7
2,4,2,4,3.0,6,2,0
3,4,3,4,3.5,7,1,2
4,4,4,4,4.0,8,0,3
1,5,1,5,3.0,6,4,0
1,9,1,9,5.0,10,8,0
16,24,16,24,20.0,40,8,15
21,13,13,21,17.0,34,8,12
2,19,2,19,10.5,21,17,0
10,11,10,11,10.5,21,1,9
12,12,12,12,12.0,24,0,4
4,1,1,4,2.5,5,3,0
21,19,19,21,20.0,40,2,17
9,12,9,12,10.5,21,3,0
5,4,4,5,4.5,9,1,3
34,50,34,50,42.0,84,16,18
4,5,4,5,4.5,9,1,3
9,1,1,9,5.0,10,8,0
7,1,1,7,4.0,8,6,0
25,10,10,25,17.5,35,15,4
20,35,20,35,27.5,55,15,14
17,25,17,25,21.0,42,8,15
1,6,1,6,3.5,7,5,0
1,4,1,4,2.5,5,3,0
1,4,1,4,2.5,5,3,0
1,8,1,8,4.5,9,7,0
11,10,10,11,10.5,21,1,3
9,27,9,27,18.0,36,18,8
5,5,5,5,5.0,10,0,4
8,1,1,8,4.5,9,7,0
1,6,1,6,3.5,7,5,0
18,15,15,18,16.5,33,3,14
1,17,1,17,9.0,18,16,0
31,30,30,31,30.5,61,1,26
12,16,12,16,14.0,28,4,11
1,5,1,5,3.0,6,4,0
7,4,4,7,5.5,11,3,2
40,9,9,40,24.5,49,31,8
1,4,1,4,2.5,5,3,0
1,31,1,31,16.0,32,30,0
5,1,1,5,3.0,6,4,0
26,21,21,26,23.5,47,5,19
14,12,12,14,13.0,26,2,8
7,1,1,7,4.0,8,6,0
7,1,1,7,4.0,8,6,0
5,5,5,5,5.0,10,0,0
36,33,33,36,34.5,69,3,32
30,32,30,32,31.0,62,2,28
2,7,2,7,4.5,9,5,1
5,1,1,5,3.0,6,4,0
14,13,13,14,13.5,27,1,12
15,5,5,15,10.0,20,10,0
4,2,2,4,3.0,6,2,1
21,32,21,32,26.5,53,11,18
2,32,2,32,17.0,34,30,0
11,11,11,11,11.0,22,0,8
13,5,5,13,9.0,18,8,4
7,2,2,7,4.5,9,5,1
11,11,11,11,11.0,22,0,10
4,1,1,4,2.5,5,3,0
15,9,9,15,12.0,24,6,6
10,1,1,10,5.5,11,9,0
5,6,5,6,5.5,11,1,4
36,37,36,37,36.5,73,1,32
26,27,26,27,26.5,53,1,25
20,12,12,20,16.0,32,8,10
2,4,2,4,3.0,6,2,1
6,5,5,6,5.5,11,1,4
4,1,1,4,2.5,5,3,0
4,2,2,4,3.0,6,2,0
1,9,1,9,5.0,10,8,0
9,11,9,11,10.0,20,2,6
1,11,1,11,6.0,12,10,0
5,1,1,5,3.0,6,4,0
26,27,26,27,26.5,53,1,25
4,2,2,4,3.0,6,2,1
29,32,29,32,30.5,61,3,24
1,30,1,30,15.5,31,29,0
6,1,1,6,3.5,7,5,0
41,36,36,41,38.5,77,5,31
4,14,4,14,9.0,18,10,0
4,7,4,7,5.5,11,3,1
7,3,3,7,5.0,10,4,2
4,3,3,4,3.5,7,1,2
6,6,6,6,6.0,12,0,5
5,1,1,5,3.0,6,4,0
6,8,6,8,7.0,14,2,5
1,9,1,9,5.0,10,8,0
1,7,1,7,4.0,8,6,0
31,32,31,32,31.5,63,1,24
5,5,5,5,5.0,10,0,4
1,6,1,6,3.5,7,5,0
39,44,39,44,41.5,83,5,30
4,1,1,4,2.5,5,3,0
11,11,11,11,11.0,22,0,9
4,3,3,4,3.5,7,1,1
5,4,4,5,4.5,9,1,3
2,8,2,8,5.0,10,6,1
6,6,6,6,6.0,12,0,5
29,40,29,40,34.5,69,11,26
4,1,1,4,2.5,5,3,0
4,2,2,4,3.0,6,2,0
15,7,7,15,11.0,22,8,4
1,8,1,8,4.5,9,7,0
5,6,5,6,5.5,11,1,1
10,3,3,10,6.5,13,7,2
4,4,4,4,4.0,8,0,3
1,4,1,4,2.5,5,3,0
5,1,1,5,3.0,6,4,0
7,1,1,7,4.0,8,6,0
2,5,2,5,3.5,7,3,0
5,1,1,5,3.0,6,4,0
6,23,6,23,14.5,29,17,5
4,6,4,6,5.0,10,2,3
4,2,2,4,3.0,6,2,0
1,5,1,5,3.0,6,4,0
5,5,5,5,5.0,10,0,4
5,3,3,5,4.0,8,2,2
7,6,6,7,6.5,13,1,5
20,12,12,20,16.0,32,8,11
6,1,1,6,3.5,7,5,0
1,5,1,5,3.0,6,4,0
7,8,7,8,7.5,15,1,6
5,9,5,9,7.0,14,4,4
29,35,29,35,32.0,64,6,27
4,4,4,4,4.0,8,0,3
4,5,4,5,4.5,9,1,3
1,11,1,11,6.0,12,10,0
2,4,2,4,3.0,6,2,1
2,5,2,5,3.5,7,3,1
9,8,8,9,8.5,17,1,7
26,27,26,27,26.5,53,1,25
2,15,2,15,8.5,17,13,1
18,14,14,18,16.0,32,4,13
18,19,18,19,18.5,37,1,17
31,24,24,31,27.5,55,7,23
1,4,1,4,2.5,5,3,0
14,15,14,15,14.5,29,1,10
1,7,1,7,4.0,8,6,0
11,10,10,11,10.5,21,1,9
6,8,6,8,7.0,14,2,5
5,4,4,5,4.5,9,1,3
13,5,5,13,9.0,18,8,1
6,4,4,6,5.0,10,2,1
1,14,1,14,7.5,15,13,0
11,8,8,11,9.5,19,3,7
6,1,1,6,3.5,7,5,0
14,26,14,26,20.0,40,12,13
1,5,1,5,3.0,6,4,0
2,5,2,5,3.5,7,3,0
11,12,11,12,11.5,23,1,9
5,4,4,5,4.5,9,1,2
18,15,15,18,16.5,33,3,14
9,6,6,9,7.5,15,3,5
1,4,1,4,2.5,5,3,0
13,20,13,20,16.5,33,7,10
4,2,2,4,3.0,6,2,0
4,1,1,4,2.5,5,3,0
7,6,6,7,6.5,13,1,5
1,5,1,5,3.0,6,4,0
30,53,30,53,41.5,83,23,26
1,4,1,4,2.5,5,3,0
4,4,4,4,4.0,8,0,3
7,1,1,7,4.0,8,6,0
6,26,6,26,16.0,32,20,1
7,11,7,11,9.0,18,4,5
6,13,6,13,9.5,19,7,4
6,7,6,7,6.5,13,1,5
4,1,1,4,2.5,5,3,0
4,1,1,4,2.5,5,3,0
4,3,3,4,3.5,7,1,2
1,10,1,10,5.5,11,9,0
4,8,4,8,6.0,12,4,3
25,17,17,25,21.0,42,8,10
10,7,7,10,8.5,17,3,3
5,5,5,5,5.0,10,0,4
22,24,22,24,23.0,46,2,19
28,49,28,49,38.5,77,21,24
5,4,4,5,4.5,9,1,3
31,15,15,31,23.0,46,16,14
34,23,23,34,28.5,57,11,21
4,1,1,4,2.5,5,3,0
3,4,3,4,3.5,7,1,2
1,4,1,4,2.5,5,3,0
5,4,4,5,4.5,9,1,1
33,33,33,33,33.0,66,0,26
11,1,1,11,6.0,12,10,0
2,5,2,5,3.5,7,3,1
26,26,26,26,26.0,52,0,25
4,1,1,4,2.5,5,3,0
14,15,14,15,14.5,29,1,11
1,4,1,4,2.5,5,3,0
4,1,1,4,2.5,5,3,0
27,27,27,27,27.0,54,0,26
9,6,6,9,7.5,15,3,2
7,3,3,7,5.0,10,4,2
1,5,1,5,3.0,6,4,0
6,1,1,6,3.5,7,5,0
4,1,1,4,2.5,5,3,0
17,18,17,18,17.5,35,1,16
18,19,18,19,18.5,37,1,11
23,30,23,30,26.5,53,7,22
19,11,11,19,15.0,30,8,10
4,11,4,11,7.5,15,7,3
5,1,1,5,3.0,6,4,0
6,36,6,36,21.0,42,30,1
7,10,7,10,8.5,17,3,6
5,5,5,5,5.0,10,0,3
16,16,16,16,16.0,32,0,14
4,1,1,4,2.5,5,3,0
5,4,4,5,4.5,9,1,3
25,39,25,39,32.0,64,14,16
2,4,2,4,3.0,6,2,1
8,1,1,8,4.5,9,7,0
14,10,10,14,12.0,24,4,9
5,5,5,5,5.0,10,0,4
4,1,1,4,2.5,5,3,0
1,6,1,6,3.5,7,5,0
9,9,9,9,9.0,18,0,8
1,5,1,5,3.0,6,4,0
7,6,6,7,6.5,13,1,5
1,15,1,15,8.0,16,14,0
2,4,2,4,3.0,6,2,1
33,28,28,33,30.5,61,5,9
22,44,22,44,33.0,66,22,17
8,6,6,8,7.0,14,2,4
5,6,5,6,5.5,11,1,3
13,15,13,15,14.0,28,2,11
24,8,8,24,16.0,32,16,6
1,5,1,5,3.0,6,4,0
22,20,20,22,21.0,42,2,16
1,5,1,5,3.0,6,4,0
3,4,3,4,3.5,7,1,2
11,15,11,15,13.0,26,4,10
8,6,6,8,7.0,14,2,5
5,1,1,5,3.0,6,4,0
19,17,17,19,18.0,36,2,12
1,8,1,8,4.5,9,7,0
6,5,5,6,5.5,11,1,1
3,8,3,8,5.5,11,5,2
8,7,7,8,7.5,15,1,6
23,46,23,46,34.5,69,23,20
4,1,1,4,2.5,5,3,0
11,10,10,11,10.5,21,1,3
3,6,3,6,4.5,9,3,2
1,5,1,5,3.0,6,4,0
2,4,2,4,3.0,6,2,1
5,1,1,5,3.0,6,4,0
10,9,9,10,9.5,19,1,7
4,4,4,4,4.0,8,0,3
11,11,11,11,11.0,22,0,10
5,1,1,5,3.0,6,4,0
2,4,2,4,3.0,6,2,1
18,13,13,18,15.5,31,5,8
4,1,1,4,2.5,5,3,0
1,5,1,5,3.0,6,4,0
8,1,1,8,4.5,9,7,0
1,4,1,4,2.5,5,3,0
19,15,15,19,17.0,34,4,14
1,10,1,10,5.5,11,9,0
1,5,1,5,3.0,6,4,0
30,14,14,30,22.0,44,16,13
1,6,1,6,3.5,7,5,0
23,1,1,23,12.0,24,22,0
12,10,10,12,11.0,22,2,7
21,18,18,21,19.5,39,3,16
10,7,7,10,8.5,17,3,4
21,6,6,21,13.5,27,15,4
2,7,2,7,4.5,9,5,1
12,12,12,12,12.0,24,0,10
22,21,21,22,21.5,43,1,17
1,6,1,6,3.5,7,5,0
1,10,1,10,5.5,11,9,0
5,7,5,7,6.0,12,2,4
3,4,3,4,3.5,7,1,2
13,4,4,13,8.5,17,9,0
1,6,1,6,3.5,7,5,0
13,19,13,19,16.0,32,6,11
2,6,2,6,4.0,8,4,1
1,4,1,4,2.5,5,3,0
17,11,11,17,14.0,28,6,10
3,5,3,5,4.0,8,2,0
3,10,3,10,6.5,13,7,2
2,4,2,4,3.0,6,2,1
1,12,1,12,6.5,13,11,0
8,13,8,13,10.5,21,5,7
4,2,2,4,3.0,6,2,1
11,1,1,11,6.0,12,10,0
1,7,1,7,4.0,8,6,0
4,1,1,4,2.5,5,3,0
1,4,1,4,2.5,5,3,0
4,1,1,4,2.5,5,3,0
13,34,13,34,23.5,47,21,8
1,6,1,6,3.5,7,5,0
2,8,2,8,5.0,10,6,1
1,4,1,4,2.5,5,3,0
24,22,22,24,23.0,46,2,19
1,12,1,12,6.5,13,11,0
2,10,2,10,6.0,12,8,0
8,4,4,8,6.0,12,4,3
26,16,16,26,21.0,42,10,15
6,1,1,6,3.5,7,5,0
14,1,1,14,7.5,15,13,0
13,13,13,13,13.0,26,0,12
8,9,8,9,8.5,17,1,7
8,1,1,8,4.5,9,7,0
10,14,10,14,12.0,24,4,7
1,15,1,15,8.0,16,14,0
6,11,6,11,8.5,17,5,4
6,10,6,10,8.0,16,4,4
1,5,1,5,3.0,6,4,0
8,2,2,8,5.0,10,6,1
9,28,9,28,18.5,37,19,4
1,12,1,12,6.5,13,11,0
10,1,1,10,5.5,11,9,0
40,7,7,40,23.5,47,33,6
10,19,10,19,14.5,29,9,6
3,4,3,4,3.5,7,1,0
6,6,6,6,6.0,12,0,5
7,13,7,13,10.0,20,6,5
1,4,1,4,2.5,5,3,0
5,2,2,5,3.5,7,3,1
7,11,7,11,9.0,18,4,4
1,7,1,7,4.0,8,6,0
5,8,5,8,6.5,13,3,3
1,10,1,10,5.5,11,9,0
8,1,1,8,4.5,9,7,0
4,15,4,15,9.5,19,11,0
1,15,1,15,8.0,16,14,0
3,4,3,4,3.5,7,1,2
6,8,6,8,7.0,14,2,5
4,1,1,4,2.5,5,3,0
4,1,1,4,2.5,5,3,0
8,11,8,11,9.5,19,3,0
1,11,1,11,6.0,12,10,0
12,16,12,16,14.0,28,4,7
26,25,25,26,25.5,51,1,23
1,7,1,7,4.0,8,6,0
4,1,1,4,2.5,5,3,0
4,1,1,4,2.5,5,3,0
6,2,2,6,4.0,8,4,1
8,1,1,8,4.5,9,7,0
1,5,1,5,3.0,6,4,0
4,1,1,4,2.5,5,3,0
25,31,25,31,28.0,56,6,24
27,27,27,27,27.0,54,0,23
32,33,32,33,32.5,65,1,26
19,12,12,19,15.5,31,7,10
15,2,2,15,8.5,17,13,0
25,26,25,26,25.5,51,1,24
13,12,12,13,12.5,25,1,11
6,8,6,8,7.0,14,2,3
18,17,17,18,17.5,35,1,15
31,36,31,36,33.5,67,5,28
6,7,6,7,6.5,13,1,2
1,43,1,43,22.0,44,42,0
6,1,1,6,3.5,7,5,0
5,5,5,5,5.0,10,0,3
4,5,4,5,4.5,9,1,3
6,2,2,6,4.0,8,4,1
2,5,2,5,3.5,7,3,1
2,4,2,4,3.0,6,2,0
18,36,18,36,27.0,54,18,17
16,4,4,16,10.0,20,12,3
3,5,3,5,4.0,8,2,1
3,5,3,5,4.0,8,2,2
9,10,9,10,9.5,19,1,7
1,6,1,6,3.5,7,5,0
2,6,2,6,4.0,8,4,1
4,1,1,4,2.5,5,3,0
8,2,2,8,5.0,10,6,1
51,44,44,51,47.5,95,7,26
4,1,1,4,2.5,5,3,0
1,40,1,40,20.5,41,39,0
1,5,1,5,3.0,6,4,0
1,9,1,9,5.0,10,8,0
17,17,17,17,17.0,34,0,16
11,11,11,11,11.0,22,0,10
1,8,1,8,4.5,9,7,0
5,1,1,5,3.0,6,4,0
16,16,16,16,16.0,32,0,11
9,9,9,9,9.0,18,0,8
4,1,1,4,2.5,5,3,0
7,7,7,7,7.0,14,0,6
38,22,22,38,30.0,60,16,18
19,22,19,22,20.5,41,3,18
4,6,4,6,5.0,10,2,3
1,4,1,4,2.5,5,3,0
41,44,41,44,42.5,85,3,40
20,17,17,20,18.5,37,3,12
40,49,40,49,44.5,89,9,19
1,5,1,5,3.0,6,4,0
2,43,2,43,22.5,45,41,1
11,13,11,13,12.0,24,2,7
18,23,18,23,20.5,41,5,15
1,17,1,17,9.0,18,16,0
15,3,3,15,9.0,18,12,2
4,6,4,6,5.0,10,2,2
4,1,1,4,2.5,5,3,0
7,4,4,7,5.5,11,3,3
12,11,11,12,11.5,23,1,9
6,5,5,6,5.5,11,1,4
35,30,30,35,32.5,65,5,28
4,2,2,4,3.0,6,2,0
7,5,5,7,6.0,12,2,3
10,1,1,10,5.5,11,9,0
14,32,14,32,23.0,46,18,11
4,2,2,4,3.0,6,2,1
17,16,16,17,16.5,33,1,15
1,4,1,4,2.5,5,3,0
2,5,2,5,3.5,7,3,0
8,4,4,8,6.0,12,4,1
5,2,2,5,3.5,7,3,1
40,33,33,40,36.5,73,7,31
5,1,1,5,3.0,6,4,0
7,5,5,7,6.0,12,2,4
17,18,17,18,17.5,35,1,12
1,4,1,4,2.5,5,3,0
32,33,32,33,32.5,65,1,31
7,1,1,7,4.0,8,6,0
5,5,5,5,5.0,10,0,4
6,7,6,7,6.5,13,1,5
11,10,10,11,10.5,21,1,9
5,1,1,5,3.0,6,4,0
7,12,7,12,9.5,19,5,5
1,5,1,5,3.0,6,4,0
3,5,3,5,4.0,8,2,2
24,36,24,36,30.0,60,12,18
34,107,34,107,70.5,141,73,3
12,12,12,12,12.0,24,0,9
1,4,1,4,2.5,5,3,0
7,6,6,7,6.5,13,1,4
6,5,5,6,5.5,11,1,3
5,1,1,5,3.0,6,4,0
20,18,18,20,19.0,38,2,15
1,15,1,15,8.0,16,14,0
5,1,1,5,3.0,6,4,0
5,2,2,5,3.5,7,3,1
8,9,8,9,8.5,17,1,7
1,5,1,5,3.0,6,4,0
37,11,11,37,24.0,48,26,10
4,1,1,4,2.5,5,3,0
1,4,1,4,2.5,5,3,0
8,2,2,8,5.0,10,6,1
6,11,6,11,8.5,17,5,3
7,7,7,7,7.0,14,0,5
4,1,1,4,2.5,5,3,0
7,1,1,7,4.0,8,6,0
5,4,4,5,4.5,9,1,3
9,20,9,20,14.5,29,11,8
1,4,1,4,2.5,5,3,0
1,8,1,8,4.5,9,7,0
5,4,4,5,4.5,9,1,0
12,2,2,12,7.0,14,10,1
22,48,22,48,35.0,70,26,20
10,1,1,10,5.5,11,9,0
25,30,25,30,27.5,55,5,23
11,11,11,11,11.0,22,0,7
6,5,5,6,5.5,11,1,4
26,15,15,26,20.5,41,11,10
51,28,28,51,39.5,79,23,27
13,33,13,33,23.0,46,20,8
1,5,1,5,3.0,6,4,0
13,4,4,13,8.5,17,9,2
4,5,4,5,4.5,9,1,3
4,6,4,6,5.0,10,2,3
6,5,5,6,5.5,11,1,4
8,11,8,11,9.5,19,3,7
4,1,1,4,2.5,5,3,0
1,9,1,9,5.0,10,8,0
19,19,19,19,19.0,38,0,18
1,5,1,5,3.0,6,4,0
8,7,7,8,7.5,15,1,4
4,1,1,4,2.5,5,3,0
1,4,1,4,2.5,5,3,0
1,4,1,4,2.5,5,3,0
5,1,1,5,3.0,6,4,0
11,11,11,11,11.0,22,0,10
9,19,9,19,14.0,28,10,6
7,1,1,7,4.0,8,6,0
7,6,6,7,6.5,13,1,5
2,17,2,17,9.5,19,15,0
8,1,1,8,4.5,9,7,0
5,5,5,5,5.0,10,0,4
22,15,15,22,18.5,37,7,12
12,2,2,12,7.0,14,10,1
1,34,1,34,17.5,35,33,0
7,10,7,10,8.5,17,3,6
15,24,15,24,19.5,39,9,10
5,7,5,7,6.0,12,2,2
13,9,9,13,11.0,22,4,6
10,10,10,10,10.0,20,0,8
5,1,1,5,3.0,6,4,0
2,17,2,17,9.5,19,15,0
5,9,5,9,7.0,14,4,2
6,2,2,6,4.0,8,4,1
11,10,10,11,10.5,21,1,9
1,5,1,5,3.0,6,4,0
6,6,6,6,6.0,12,0,1
6,4,4,6,5.0,10,2,3
1,7,1,7,4.0,8,6,0
2,6,2,6,4.0,8,4,1
5,1,1,5,3.0,6,4,0
5,1,1,5,3.0,6,4,0
5,5,5,5,5.0,10,0,4
1,7,1,7,4.0,8,6,0
5,10,5,10,7.5,15,5,1
20,20,20,20,20.0,40,0,19
28,34,28,34,31.0,62,6,15
26,26,26,26,26.0,52,0,25
9,7,7,9,8.0,16,2,6
29,18,18,29,23.5,47,11,15
3,6,3,6,4.5,9,3,1
23,23,23,23,23.0,46,0,21
4,16,4,16,10.0,20,12,0
54,17,17,54,35.5,71,37,15
3,4,3,4,3.5,7,1,2
8,2,2,8,5.0,10,6,1
5,1,1,5,3.0,6,4,0
4,1,1,4,2.5,5,3,0
35,23,23,35,29.0,58,12,11
4,8,4,8,6.0,12,4,2
28,24,24,28,26.0,52,4,22
5,1,1,5,3.0,6,4,0
1,4,1,4,2.5,5,3,0
6,7,6,7,6.5,13,1,5
6,7,6,7,6.5,13,1,1
15,16,15,16,15.5,31,1,11
5,3,3,5,4.0,8,2,2
5,4,4,5,4.5,9,1,3
11,1,1,11,6.0,12,10,0
5,5,5,5,5.0,10,0,4
16,24,16,24,20.0,40,8,14
11,11,11,11,11.0,22,0,10
15,1,1,15,8.0,16,14,0
1,4,1,4,2.5,5,3,0
19,19,19,19,19.0,38,0,18
1,6,1,6,3.5,7,5,0
2,17,2,17,9.5,19,15,0
7,9,7,9,8.0,16,2,5
42,88,42,88,65.0,130,46,37
8,9,8,9,8.5,17,1,7
25,18,18,25,21.5,43,7,17
8,1,1,8,4.5,9,7,0
20,19,19,20,19.5,39,1,17
23,19,19,23,21.0,42,4,18
1,4,1,4,2.5,5,3,0
8,17,8,17,12.5,25,9,1
4,1,1,4,2.5,5,3,0
6,1,1,6,3.5,7,5,0
18,18,18,18,18.0,36,0,16
13,10,10,13,11.5,23,3,8
17,8,8,17,12.5,25,9,7
23,1,1,23,12.0,24,22,0
4,1,1,4,2.5,5,3,0
33,27,27,33,30.0,60,6,22
1,40,1,40,20.5,41,39,0
1,5,1,5,3.0,6,4,0
1,4,1,4,2.5,5,3,0
1,5,1,5,3.0,6,4,0
11,7,7,11,9.0,18,4,6
27,21,21,27,24.0,48,6,20
6,12,6,12,9.0,18,6,3
1,5,1,5,3.0,6,4,0
5,8,5,8,6.5,13,3,0
10,1,1,10,5.5,11,9,0
5,5,5,5,5.0,10,0,3
36,45,36,45,40.5,81,9,31
12,13,12,13,12.5,25,1,11
23,22,22,23,22.5,45,1,20
14,20,14,20,17.0,34,6,11
6,6,6,6,6.0,12,0,5
13,12,12,13,12.5,25,1,9
1,5,1,5,3.0,6,4,0
4,2,2,4,3.0,6,2,1
3,6,3,6,4.5,9,3,2
8,6,6,8,7.0,14,2,5
1,8,1,8,4.5,9,7,0
19,23,19,23,21.0,42,4,16
4,7,4,7,5.5,11,3,3
12,15,12,15,13.5,27,3,4
10,9,9,10,9.5,19,1,8
31,23,23,31,27.0,54,8,22
5,1,1,5,3.0,6,4,0
11,1,1,11,6.0,12,10,0
23,17,17,23,20.0,40,6,16
20,21,20,21,20.5,41,1,18
1,13,1,13,7.0,14,12,0
5,1,1,5,3.0,6,4,0
20,53,20,53,36.5,73,33,10
4,5,4,5,4.5,9,1,3
4,6,4,6,5.0,10,2,1
1,4,1,4,2.5,5,3,0
36,27,27,36,31.5,63,9,25
5,5,5,5,5.0,10,0,3
4,1,1,4,2.5,5,3,0
10,8,8,10,9.0,18,2,5
6,2,2,6,4.0,8,4,0
55,16,16,55,35.5,71,39,13
20,25,20,25,22.5,45,5,17
1,4,1,4,2.5,5,3,0
2,11,2,11,6.5,13,9,0
9,5,5,9,7.0,14,4,4
7,6,6,7,6.5,13,1,5
13,10,10,13,11.5,23,3,6
42,51,42,51,46.5,93,9,25
22,11,11,22,16.5,33,11,9
13,11,11,13,12.0,24,2,10
8,10,8,10,9.0,18,2,7
27,27,27,27,27.0,54,0,26
3,13,3,13,8.0,16,10,0
19,9,9,19,14.0,28,10,6
9,3,3,9,6.0,12,6,2
8,1,1,8,4.5,9,7,0
6,6,6,6,6.0,12,0,5
16,13,13,16,14.5,29,3,10
14,13,13,14,13.5,27,1,10
5,5,5,5,5.0,10,0,4
1,9,1,9,5.0,10,8,0
49,40,40,49,44.5,89,9,36
5,1,1,5,3.0,6,4,0
12,1,1,12,6.5,13,11,0
1,5,1,5,3.0,6,4,0
5,4,4,5,4.5,9,1,3
1,4,1,4,2.5,5,3,0
14,18,14,18,16.0,32,4,12
27,30,27,30,28.5,57,3,24
6,7,6,7,6.5,13,1,4
1,21,1,21,11.0,22,20,0
11,1,1,11,6.0,12,10,0
1,4,1,4,2.5,5,3,0
25,30,25,30,27.5,55,5,21
5,3,3,5,4.0,8,2,2
11,10,10,11,10.5,21,1,8
9,7,7,9,8.0,16,2,6
9,9,9,9,9.0,18,0,8
5,6,5,6,5.5,11,1,4
1,4,1,4,2.5,5,3,0
8,8,8,8,8.0,16,0,7
7,1,1,7,4.0,8,6,0
17,8,8,17,12.5,25,9,2
1,4,1,4,2.5,5,3,0
22,25,22,25,23.5,47,3,18
19,14,14,19,16.5,33,5,13
27,39,27,39,33.0,66,12,17
1,14,1,14,7.5,15,13,0
5,2,2,5,3.5,7,3,1
15,28,15,28,21.5,43,13,14
5,6,5,6,5.5,11,1,4
1,4,1,4,2.5,5,3,0
8,12,8,12,10.0,20,4,7
2,5,2,5,3.5,7,3,1
6,5,5,6,5.5,11,1,4
7,6,6,7,6.5,13,1,3
43,26,26,43,34.5,69,17,21
13,15,13,15,14.0,28,2,11
20,18,18,20,19.0,38,2,16
42,53,42,53,47.5,95,11,38
9,7,7,9,8.0,16,2,0
8,5,5,8,6.5,13,3,4
12,19,12,19,15.5,31,7,6
16,14,14,16,15.0,30,2,8
5,8,5,8,6.5,13,3,1
1,7,1,7,4.0,8,6,0
19,19,19,19,19.0,38,0,18
7,7,7,7,7.0,14,0,6
1,43,1,43,22.0,44,42,0
1,4,1,4,2.5,5,3,0
2,11,2,11,6.5,13,9,0
40,28,28,40,34.0,68,12,14
5,1,1,5,3.0,6,4,0
5,55,5,55,30.0,60,50,3
2,6,2,6,4.0,8,4,1
6,1,1,6,3.5,7,5,0
4,4,4,4,4.0,8,0,3
6,1,1,6,3.5,7,5,0
5,1,1,5,3.0,6,4,0
1,4,1,4,2.5,5,3,0
19,15,15,19,17.0,34,4,9
4,1,1,4,2.5,5,3,0
11,19,11,19,15.0,30,8,7
5,2,2,5,3.5,7,3,1
9,8,8,9,8.5,17,1,7
7,2,2,7,4.5,9,5,0
5,4,4,5,4.5,9,1,3
1,5,1,5,3.0,6,4,0
1,4,1,4,2.5,5,3,0
14,4,4,14,9.0,18,10,3
21,1,1,21,11.0,22,20,0
2,6,2,6,4.0,8,4,1
2,4,2,4,3.0,6,2,1
12,13,12,13,12.5,25,1,10
29,28,28,29,28.5,57,1,24
5,4,4,5,4.5,9,1,1
39,33,33,39,36.0,72,6,26
7,1,1,7,4.0,8,6,0
3,4,3,4,3.5,7,1,2
11,6,6,11,8.5,17,5,4
20,17,17,20,18.5,37,3,13
14,16,14,16,15.0,30,2,12
1,6,1,6,3.5,7,5,0
4,4,4,4,4.0,8,0,1
4,4,4,4,4.0,8,0,3
16,11,11,16,13.5,27,5,10
4,1,1,4,2.5,5,3,0
1,4,1,4,2.5,5,3,0
2,16,2,16,9.0,18,14,1
11,10,10,11,10.5,21,1,9
7,7,7,7,7.0,14,0,6
7,5,5,7,6.0,12,2,4
10,8,8,10,9.0,18,2,5
11,10,10,11,10.5,21,1,9
25,21,21,25,23.0,46,4,16
32,31,31,32,31.5,63,1,29
8,5,5,8,6.5,13,3,4
8,4,4,8,6.0,12,4,2
4,1,1,4,2.5,5,3,0
2,10,2,10,6.0,12,8,0
1,5,1,5,3.0,6,4,0
5,1,1,5,3.0,6,4,0
2,4,2,4,3.0,6,2,1
5,4,4,5,4.5,9,1,1
5,1,1,5,3.0,6,4,0
1,4,1,4,2.5,5,3,0
1,6,1,6,3.5,7,5,0
10,1,1,10,5.5,11,9,0
4,1,1,4,2.5,5,3,0
7,11,7,11,9.0,18,4,1
1,4,1,4,2.5,5,3,0
4,1,1,4,2.5,5,3,0
36,36,36,36,36.0,72,0,29
4,1,1,4,2.5,5,3,0
1,4,1,4,2.5,5,3,0
8,9,8,9,8.5,17,1,6
33,33,33,33,33.0,66,0,29
4,2,2,4,3.0,6,2,1
15,11,11,15,13.0,26,4,9
5,5,5,5,5.0,10,0,4
7,6,6,7,6.5,13,1,3
1,4,1,4,2.5,5,3,0
6,66,6,66,36.0,72,60,0
2,4,2,4,3.0,6,2,0
29,24,24,29,26.5,53,5,22
20,51,20,51,35.5,71,31,19
4,1,1,4,2.5,5,3,0
4,6,4,6,5.0,10,2,2
6,6,6,6,6.0,12,0,4
20,16,16,20,18.0,36,4,12
1,4,1,4,2.5,5,3,0
1,4,1,4,2.5,5,3,0
4,2,2,4,3.0,6,2,1
1,15,1,15,8.0,16,14,0
1,5,1,5,3.0,6,4,0
36,45,36,45,40.5,81,9,28
7,21,7,21,14.0,28,14,5
2,61,2,61,31.5,63,59,0
8,5,5,8,6.5,13,3,4
7,6,6,7,6.5,13,1,4
88,1,1,88,44.5,89,87,0
11,4,4,11,7.5,15,7,3
1,18,1,18,9.5,19,17,0
1,5,1,5,3.0,6,4,0
16,15,15,16,15.5,31,1,13
11,15,11,15,13.0,26,4,10
28,24,24,28,26.0,52,4,23
16,6,6,16,11.0,22,10,5
4,21,4,21,12.5,25,17,3
2,11,2,11,6.5,13,9,1
8,8,8,8,8.0,16,0,7
5,5,5,5,5.0,10,0,4
1,36,1,36,18.5,37,35,0
1,11,1,11,6.0,12,10,0
10,1,1,10,5.5,11,9,0
16,14,14,16,15.0,30,2,10
1,5,1,5,3.0,6,4,0
4,1,1,4,2.5,5,3,0
1,4,1,4,2.5,5,3,0
4,1,1,4,2.5,5,3,0
4,1,1,4,2.5,5,3,0
19,13,13,19,16.0,32,6,11
13,6,6,13,9.5,19,7,4
5,1,1,5,3.0,6,4,0
19,22,19,22,20.5,41,3,16
5,4,4,5,4.5,9,1,2
11,8,8,11,9.5,19,3,7
5,8,5,8,6.5,13,3,3
4,1,1,4,2.5,5,3,0
6,9,6,9,7.5,15,3,5
4,6,4,6,5.0,10,2,3
13,20,13,20,16.5,33,7,9
26,1,1,26,13.5,27,25,0
1,4,1,4,2.5,5,3,0
19,24,19,24,21.5,43,5,18
4,1,1,4,2.5,5,3,0
6,6,6,6,6.0,12,0,5
4,1,1,4,2.5,5,3,0
6,15,6,15,10.5,21,9,5
5,1,1,5,3.0,6,4,0
7,1,1,7,4.0,8,6,0
1,9,1,9,5.0,10,8,0
10,9,9,10,9.5,19,1,5
2,6,2,6,4.0,8,4,0
25,22,22,25,23.5,47,3,16
6,6,6,6,6.0,12,0,4
4,1,1,4,2.5,5,3,0
5,4,4,5,4.5,9,1,2
16,24,16,24,20.0,40,8,15
7,7,7,7,7.0,14,0,5
11,20,11,20,15.5,31,9,10
1,4,1,4,2.5,5,3,0
6,4,4,6,5.0,10,2,3
8,8,8,8,8.0,16,0,7
6,1,1,6,3.5,7,5,0
26,24,24,26,25.0,50,2,22
14,15,14,15,14.5,29,1,13
4,1,1,4,2.5,5,3,0
10,1,1,10,5.5,11,9,0
8,10,8,10,9.0,18,2,1
1,10,1,10,5.5,11,9,0
26,26,26,26,26.0,52,0,24
19,15,15,19,17.0,34,4,14
8,9,8,9,8.5,17,1,7
4,8,4,8,6.0,12,4,0
1,9,1,9,5.0,10,8,0
23,1,1,23,12.0,24,22,0
9,8,8,9,8.5,17,1,6
24,28,24,28,26.0,52,4,20
9,28,9,28,18.5,37,19,6
5,9,5,9,7.0,14,4,4
4,4,4,4,4.0,8,0,2
2,33,2,33,17.5,35,31,1
1,25,1,25,13.0,26,24,0
42,23,23,42,32.5,65,19,15
4,1,1,4,2.5,5,3,0
6,8,6,8,7.0,14,2,4
9,10,9,10,9.5,19,1,2
1,35,1,35,18.0,36,34,0
6,7,6,7,6.5,13,1,5
16,4,4,16,10.0,20,12,3
1,4,1,4,2.5,5,3,0
1,5,1,5,3.0,6,4,0
1,6,1,6,3.5,7,5,0
29,24,24,29,26.5,53,5,22
11,23,11,23,17.0,34,12,10
2,5,2,5,3.5,7,3,0
1,10,1,10,5.5,11,9,0
28,51,28,51,39.5,79,23,27
4,1,1,4,2.5,5,3,0
6,1,1,6,3.5,7,5,0
1,5,1,5,3.0,6,4,0
15,14,14,15,14.5,29,1,12
4,4,4,4,4.0,8,0,3
5,23,5,23,14.0,28,18,3
19,18,18,19,18.5,37,1,17
7,1,1,7,4.0,8,6,0
12,13,12,13,12.5,25,1,10
10,7,7,10,8.5,17,3,4
6,4,4,6,5.0,10,2,3
9,1,1,9,5.0,10,8,0
15,16,15,16,15.5,31,1,11
11,3,3,11,7.0,14,8,2
1,5,1,5,3.0,6,4,0
19,14,14,19,16.5,33,5,7
10,9,9,10,9.5,19,1,8
8,1,1,8,4.5,9,7,0
47,41,41,47,44.0,88,6,36
36,44,36,44,40.0,80,8,30
25,20,20,25,22.5,45,5,18
7,1,1,7,4.0,8,6,0
1,16,1,16,8.5,17,15,0
10,10,10,10,10.0,20,0,8
14,15,14,15,14.5,29,1,13
51,42,42,51,46.5,93,9,25
6,6,6,6,6.0,12,0,4
5,5,5,5,5.0,10,0,3
41,46,41,46,43.5,87,5,31
1,4,1,4,2.5,5,3,0
24,41,24,41,32.5,65,17,20
6,6,6,6,6.0,12,0,5
46,43,43,46,44.5,89,3,32
4,1,1,4,2.5,5,3,0
4,1,1,4,2.5,5,3,0
4,1,1,4,2.5,5,3,0
12,20,12,20,16.0,32,8,10
5,8,5,8,6.5,13,3,3
22,20,20,22,21.0,42,2,18
27,107,27,107,67.0,134,80,22
56,1,1,56,28.5,57,55,0
3,5,3,5,4.0,8,2,1
5,6,5,6,5.5,11,1,4
9,9,9,9,9.0,18,0,7
3,9,3,9,6.0,12,6,1
3,5,3,5,4.0,8,2,2
7,6,6,7,6.5,13,1,5
1,7,1,7,4.0,8,6,0
10,10,10,10,10.0,20,0,9
30,31,30,31,30.5,61,1,27
11,6,6,11,8.5,17,5,5
1,4,1,4,2.5,5,3,0
2,7,2,7,4.5,9,5,0
15,17,15,17,16.0,32,2,12
14,25,14,25,19.5,39,11,7
13,14,13,14,13.5,27,1,12
7,1,1,7,4.0,8,6,0
2,4,2,4,3.0,6,2,0
12,12,12,12,12.0,24,0,2
1,6,1,6,3.5,7,5,0
29,1,1,29,15.0,30,28,0
10,10,10,10,10.0,20,0,9
1,4,1,4,2.5,5,3,0
1,10,1,10,5.5,11,9,0
38,25,25,38,31.5,63,13,22
5,1,1,5,3.0,6,4,0
4,1,1,4,2.5,5,3,0
2,30,2,30,16.0,32,28,0
12,1,1,12,6.5,13,11,0
2,6,2,6,4.0,8,4,1
5,3,3,5,4.0,8,2,2
32,32,32,32,32.0,64,0,31
31,1,1,31,16.0,32,30,0
22,21,21,22,21.5,43,1,16
2,5,2,5,3.5,7,3,1
8,6,6,8,7.0,14,2,2
5,6,5,6,5.5,11,1,4
1,4,1,4,2.5,5,3,0
14,14,14,14,14.0,28,0,13
3,4,3,4,3.5,7,1,2
2,9,2,9,5.5,11,7,0
5,6,5,6,5.5,11,1,4
15,16,15,16,15.5,31,1,11
2,5,2,5,3.5,7,3,1
7,7,7,7,7.0,14,0,4
15,13,13,15,14.0,28,2,12
8,4,4,8,6.0,12,4,2
2,4,2,4,3.0,6,2,0
5,7,5,7,6.0,12,2,4
4,1,1,4,2.5,5,3,0
1,4,1,4,2.5,5,3,0
1,5,1,5,3.0,6,4,0
10,10,10,10,10.0,20,0,9
5,5,5,5,5.0,10,0,4
13,12,12,13,12.5,25,1,11
12,10,10,12,11.0,22,2,0
7,1,1,7,4.0,8,6,0
1,17,1,17,9.0,18,16,0
1,8,1,8,4.5,9,7,0
2,55,2,55,28.5,57,53,1
1,8,1,8,4.5,9,7,0
11,7,7,11,9.0,18,4,6
4,1,1,4,2.5,5,3,0
2,4,2,4,3.0,6,2,1
14,17,14,17,15.5,31,3,11
11,8,8,11,9.5,19,3,7
5,1,1,5,3.0,6,4,0
9,9,9,9,9.0,18,0,4
6,6,6,6,6.0,12,0,5
8,4,4,8,6.0,12,4,3
8,8,8,8,8.0,16,0,5
5,1,1,5,3.0,6,4,0
13,6,6,13,9.5,19,7,3
6,1,1,6,3.5,7,5,0
5,9,5,9,7.0,14,4,4
36,41,36,41,38.5,77,5,28
4,1,1,4,2.5,5,3,0
7,7,7,7,7.0,14,0,0
12,1,1,12,6.5,13,11,0
19,23,19,23,21.0,42,4,17
3,6,3,6,4.5,9,3,2
10,4,4,10,7.0,14,6,0
1,12,1,12,6.5,13,11,0
1,8,1,8,4.5,9,7,0
1,10,1,10,5.5,11,9,0
4,1,1,4,2.5,5,3,0
8,9,8,9,8.5,17,1,4
4,4,4,4,4.0,8,0,2
5,5,5,5,5.0,10,0,3
5,2,2,5,3.5,7,3,1
7,1,1,7,4.0,8,6,0
4,2,2,4,3.0,6,2,1
6,10,6,10,8.0,16,4,2
13,13,13,13,13.0,26,0,12
5,2,2,5,3.5,7,3,1
2,4,2,4,3.0,6,2,1
5,1,1,5,3.0,6,4,0
23,24,23,24,23.5,47,1,13
21,21,21,21,21.0,42,0,18
4,4,4,4,4.0,8,0,3
5,1,1,5,3.0,6,4,0
10,17,10,17,13.5,27,7,8
11,21,11,21,16.0,32,10,7
2,4,2,4,3.0,6,2,1
5,4,4,5,4.5,9,1,3
3,5,3,5,4.0,8,2,0
28,24,24,28,26.0,52,4,22
6,14,6,14,10.0,20,8,2
4,9,4,9,6.5,13,5,1
17,18,17,18,17.5,35,1,15
1,7,1,7,4.0,8,6,0
20,26,20,26,23.0,46,6,19
5,2,2,5,3.5,7,3,1
2,4,2,4,3.0,6,2,1
16,12,12,16,14.0,28,4,5
1,4,1,4,2.5,5,3,0
1,6,1,6,3.5,7,5,0
6,1,1,6,3.5,7,5,0
7,1,1,7,4.0,8,6,0
10,8,8,10,9.0,18,2,3
5,14,5,14,9.5,19,9,4
21,16,16,21,18.5,37,5,13
1,6,1,6,3.5,7,5,0
25,13,13,25,19.0,38,12,1
5,4,4,5,4.5,9,1,3
4,1,1,4,2.5,5,3,0
18,16,16,18,17.0,34,2,10
6,1,1,6,3.5,7,5,0
4,2,2,4,3.0,6,2,1
11,10,10,11,10.5,21,1,7
1,8,1,8,4.5,9,7,0
6,10,6,10,8.0,16,4,5
1,7,1,7,4.0,8,6,0
22,6,6,22,14.0,28,16,5
19,18,18,19,18.5,37,1,17
42,34,34,42,38.0,76,8,23
24,21,21,24,22.5,45,3,20
1,4,1,4,2.5,5,3,0
8,21,8,21,14.5,29,13,0
1,8,1,8,4.5,9,7,0
1,4,1,4,2.5,5,3,0
1,5,1,5,3.0,6,4,0
1,4,1,4,2.5,5,3,0
14,1,1,14,7.5,15,13,0
7,6,6,7,6.5,13,1,4
14,1,1,14,7.5,15,13,0
6,2,2,6,4.0,8,4,1
30,23,23,30,26.5,53,7,22
4,4,4,4,4.0,8,0,3
21,20,20,21,20.5,41,1,18
1,5,1,5,3.0,6,4,0
14,14,14,14,14.0,28,0,7
4,1,1,4,2.5,5,3,0
18,18,18,18,18.0,36,0,17
6,1,1,6,3.5,7,5,0
5,1,1,5,3.0,6,4,0
6,19,6,19,12.5,25,13,5
27,15,15,27,21.0,42,12,14
16,20,16,20,18.0,36,4,14
2,5,2,5,3.5,7,3,1
12,13,12,13,12.5,25,1,11
5,10,5,10,7.5,15,5,4
6,4,4,6,5.0,10,2,3
29,34,29,34,31.5,63,5,11
1,6,1,6,3.5,7,5,0
7,12,7,12,9.5,19,5,5
8,6,6,8,7.0,14,2,5
4,1,1,4,2.5,5,3,0
1,11,1,11,6.0,12,10,0
16,24,16,24,20.0,40,8,14
43,45,43,45,44.0,88,2,32
4,2,2,4,3.0,6,2,1
10,11,10,11,10.5,21,1,9
13,12,12,13,12.5,25,1,11
8,8,8,8,8.0,16,0,7
8,1,1,8,4.5,9,7,0
1,8,1,8,4.5,9,7,0
24,10,10,24,17.0,34,14,9
18,19,18,19,18.5,37,1,17
9,1,1,9,5.0,10,8,0
15,14,14,15,14.5,29,1,13
5,3,3,5,4.0,8,2,2
2,5,2,5,3.5,7,3,0
8,15,8,15,11.5,23,7,4
20,25,20,25,22.5,45,5,12
2,12,2,12,7.0,14,10,0
1,23,1,23,12.0,24,22,0
11,10,10,11,10.5,21,1,9
3,4,3,4,3.5,7,1,2
5,3,3,5,4.0,8,2,2
15,35,15,35,25.0,50,20,12
10,6,6,10,8.0,16,4,5
5,6,5,6,5.5,11,1,4
5,1,1,5,3.0,6,4,0
2,8,2,8,5.0,10,6,0
8,1,1,8,4.5,9,7,0
5,1,1,5,3.0,6,4,0
7,1,1,7,4.0,8,6,0
2,9,2,9,5.5,11,7,1
8,11,8,11,9.5,19,3,7
1,18,1,18,9.5,19,17,0
1,11,1,11,6.0,12,10,0
4,7,4,7,5.5,11,3,2
8,7,7,8,7.5,15,1,6
1,5,1,5,3.0,6,4,0
2,5,2,5,3.5,7,3,1
18,21,18,21,19.5,39,3,4
7,8,7,8,7.5,15,1,5
6,5,5,6,5.5,11,1,1
1,4,1,4,2.5,5,3,0
11,4,4,11,7.5,15,7,2
18,23,18,23,20.5,41,5,16
4,8,4,8,6.0,12,4,2
1,4,1,4,2.5,5,3,0
1,5,1,5,3.0,6,4,0
6,8,6,8,7.0,14,2,5
9,7,7,9,8.0,16,2,6
4,4,4,4,4.0,8,0,3
11,11,11,11,11.0,22,0,10
1,5,1,5,3.0,6,4,0
5,1,1,5,3.0,6,4,0
7,7,7,7,7.0,14,0,4
9,3,3,9,6.0,12,6,0
26,20,20,26,23.0,46,6,15
8,4,4,8,6.0,12,4,1
8,1,1,8,4.5,9,7,0
40,37,37,40,38.5,77,3,35
4,1,1,4,2.5,5,3,0
39,40,39,40,39.5,79,1,30
16,21,16,21,18.5,37,5,12
29,1,1,29,15.0,30,28,0
20,1,1,20,10.5,21,19,0
10,1,1,10,5.5,11,9,0
1,4,1,4,2.5,5,3,0
1,19,1,19,10.0,20,18,0
10,8,8,10,9.0,18,2,7
26,26,26,26,26.0,52,0,25
17,7,7,17,12.0,24,10,6
46,44,44,46,45.0,90,2,41
20,16,16,20,18.0,36,4,14
32,31,31,32,31.5,63,1,28
49,31,31,49,40.0,80,18,29
1,8,1,8,4.5,9,7,0
18,61,18,61,39.5,79,43,15
1,6,1,6,3.5,7,5,0
1,12,1,12,6.5,13,11,0
3,12,3,12,7.5,15,9,0
9,1,1,9,5.0,10,8,0
16,17,16,17,16.5,33,1,12
1,4,1,4,2.5,5,3,0
1,5,1,5,3.0,6,4,0
19,18,18,19,18.5,37,1,17
11,1,1,11,6.0,12,10,0
4,5,4,5,4.5,9,1,3
1,9,1,9,5.0,10,8,0
5,1,1,5,3.0,6,4,0
19,19,19,19,19.0,38,0,17
7,8,7,8,7.5,15,1,6
4,4,4,4,4.0,8,0,3
5,5,5,5,5.0,10,0,4
6,6,6,6,6.0,12,0,5
9,7,7,9,8.0,16,2,5
8,8,8,8,8.0,16,0,7
11,11,11,11,11.0,22,0,8
4,1,1,4,2.5,5,3,0
20,24,20,24,22.0,44,4,18
4,1,1,4,2.5,5,3,0
6,8,6,8,7.0,14,2,4
12,9,9,12,10.5,21,3,6
7,1,1,7,4.0,8,6,0
1,29,1,29,15.0,30,28,0
22,44,22,44,33.0,66,22,16
5,28,5,28,16.5,33,23,0
6,1,1,6,3.5,7,5,0
1,17,1,17,9.0,18,16,0
15,1,1,15,8.0,16,14,0
29,27,27,29,28.0,56,2,20
4,1,1,4,2.5,5,3,0
5,6,5,6,5.5,11,1,4
11,10,10,11,10.5,21,1,9
4,8,4,8,6.0,12,4,3
2,6,2,6,4.0,8,4,0
1,5,1,5,3.0,6,4,0
9,5,5,9,7.0,14,4,4
5,1,1,5,3.0,6,4,0
20,10,10,20,15.0,30,10,8
8,1,1,8,4.5,9,7,0
4,1,1,4,2.5,5,3,0
9,26,9,26,17.5,35,17,8
5,1,1,5,3.0,6,4,0
7,7,7,7,7.0,14,0,6
1,19,1,19,10.0,20,18,0
4,8,4,8,6.0,12,4,2
1,6,1,6,3.5,7,5,0
1,4,1,4,2.5,5,3,0
6,1,1,6,3.5,7,5,0
1,4,1,4,2.5,5,3,0
6,10,6,10,8.0,16,4,3
1,146,1,146,73.5,147,145,0
6,6,6,6,6.0,12,0,5
6,5,5,6,5.5,11,1,4
3,4,3,4,3.5,7,1,2
16,15,15,16,15.5,31,1,5
19,19,19,19,19.0,38,0,9
4,2,2,4,3.0,6,2,1
2,6,2,6,4.0,8,4,1
27,36,27,36,31.5,63,9,25
1,7,1,7,4.0,8,6,0
1,6,1,6,3.5,7,5,0
5,10,5,10,7.5,15,5,3
10,11,10,11,10.5,21,1,7
10,4,4,10,7.0,14,6,0
20,17,17,20,18.5,37,3,14
2,5,2,5,3.5,7,3,1
15,14,14,15,14.5,29,1,11
5,4,4,5,4.5,9,1,3
1,4,1,4,2.5,5,3,0
4,3,3,4,3.5,7,1,0
9,8,8,9,8.5,17,1,7
11,4,4,11,7.5,15,7,3
1,7,1,7,4.0,8,6,0
6,1,1,6,3.5,7,5,0
75,1,1,75,38.0,76,74,0
6,9,6,9,7.5,15,3,3
4,1,1,4,2.5,5,3,0
1,16,1,16,8.5,17,15,0
9,4,4,9,6.5,13,5,0
6,5,5,6,5.5,11,1,2
1,11,1,11,6.0,12,10,0
17,10,10,17,13.5,27,7,7
20,24,20,24,22.0,44,4,17
3,4,3,4,3.5,7,1,2
6,8,6,8,7.0,14,2,5
32,32,32,32,32.0,64,0,30
18,20,18,20,19.0,38,2,15
5,6,5,6,5.5,11,1,4
7,7,7,7,7.0,14,0,4
6,7,6,7,6.5,13,1,2
7,1,1,7,4.0,8,6,0
18,23,18,23,20.5,41,5,17
11,15,11,15,13.0,26,4,9
5,3,3,5,4.0,8,2,2
5,4,4,5,4.5,9,1,2
12,2,2,12,7.0,14,10,0
5,4,4,5,4.5,9,1,3
9,10,9,10,9.5,19,1,8
7,5,5,7,6.0,12,2,0
36,21,21,36,28.5,57,15,18
1,6,1,6,3.5,7,5,0
2,23,2,23,12.5,25,21,0
25,50,25,50,37.5,75,25,24
11,9,9,11,10.0,20,2,0
5,1,1,5,3.0,6,4,0
13,11,11,13,12.0,24,2,8
37,42,37,42,39.5,79,5,29
5,1,1,5,3.0,6,4,0
5,12,5,12,8.5,17,7,4
9,9,9,9,9.0,18,0,8
2,4,2,4,3.0,6,2,1
1,4,1,4,2.5,5,3,0
24,20,20,24,22.0,44,4,17
14,12,12,14,13.0,26,2,10
18,24,18,24,21.0,42,6,15
1,14,1,14,7.5,15,13,0
9,8,8,9,8.5,17,1,7
5,5,5,5,5.0,10,0,4
1,4,1,4,2.5,5,3,0
2,5,2,5,3.5,7,3,1
17,1,1,17,9.0,18,16,0
13,13,13,13,13.0,26,0,12
4,2,2,4,3.0,6,2,1
34,25,25,34,29.5,59,9,16
10,8,8,10,9.0,18,2,4
21,32,21,32,26.5,53,11,20
22,7,7,22,14.5,29,15,6
1,8,1,8,4.5,9,7,0
22,27,22,27,24.5,49,5,18
1,4,1,4,2.5,5,3,0
4,1,1,4,2.5,5,3,0
9,6,6,9,7.5,15,3,4
5,6,5,6,5.5,11,1,4
1,7,1,7,4.0,8,6,0
10,8,8,10,9.0,18,2,7
18,23,18,23,20.5,41,5,15
13,14,13,14,13.5,27,1,12
6,8,6,8,7.0,14,2,4
25,23,23,25,24.0,48,2,12
6,1,1,6,3.5,7,5,0
1,5,1,5,3.0,6,4,0
30,32,30,32,31.0,62,2,28
1,5,1,5,3.0,6,4,0
5,5,5,5,5.0,10,0,3
5,2,2,5,3.5,7,3,1
4,1,1,4,2.5,5,3,0
1,8,1,8,4.5,9,7,0
5,3,3,5,4.0,8,2,2
5,1,1,5,3.0,6,4,0
30,27,27,30,28.5,57,3,13
4,8,4,8,6.0,12,4,3
2,12,2,12,7.0,14,10,1
8,1,1,8,4.5,9,7,0
8,13,8,13,10.5,21,5,4
42,44,42,44,43.0,86,2,31
26,20,20,26,23.0,46,6,18
20,20,20,20,20.0,40,0,18
5,1,1,5,3.0,6,4,0
4,4,4,4,4.0,8,0,3
1,5,1,5,3.0,6,4,0
4,1,1,4,2.5,5,3,0
13,1,1,13,7.0,14,12,0
4,2,2,4,3.0,6,2,1
4,5,4,5,4.5,9,1,2
6,4,4,6,5.0,10,2,2
7,7,7,7,7.0,14,0,6
5,1,1,5,3.0,6,4,0
17,18,17,18,17.5,35,1,16
23,44,23,44,33.5,67,21,21
16,15,15,16,15.5,31,1,14
22,22,22,22,22.0,44,0,21
4,1,1,4,2.5,5,3,0
22,24,22,24,23.0,46,2,20
9,9,9,9,9.0,18,0,8
7,10,7,10,8.5,17,3,6
4,2,2,4,3.0,6,2,1
4,1,1,4,2.5,5,3,0
5,1,1,5,3.0,6,4,0
5,9,5,9,7.0,14,4,2
4,6,4,6,5.0,10,2,2
9,16,9,16,12.5,25,7,8
5,75,5,75,40.0,80,70,0
1,11,1,11,6.0,12,10,0
10,11,10,11,10.5,21,1,4
7,1,1,7,4.0,8,6,0
7,6,6,7,6.5,13,1,5
6,11,6,11,8.5,17,5,5
4,1,1,4,2.5,5,3,0
23,31,23,31,27.0,54,8,19
28,21,21,28,24.5,49,7,13
6,1,1,6,3.5,7,5,0
5,1,1,5,3.0,6,4,0
12,10,10,12,11.0,22,2,8
4,1,1,4,2.5,5,3,0
4,3,3,4,3.5,7,1,2
4,107,4,107,55.5,111,103,0
11,11,11,11,11.0,22,0,9
44,40,40,44,42.0,84,4,31
6,6,6,6,6.0,12,0,4
23,35,23,35,29.0,58,12,22
8,14,8,14,11.0,22,6,5
2,7,2,7,4.5,9,5,0
4,5,4,5,4.5,9,1,3
5,6,5,6,5.5,11,1,4
43,1,1,43,22.0,44,42,0
1,15,1,15,8.0,16,14,0
15,24,15,24,19.5,39,9,14
7,9,7,9,8.0,16,2,6
5,1,1,5,3.0,6,4,0
23,1,1,23,12.0,24,22,0
1,6,1,6,3.5,7,5,0
12,10,10,12,11.0,22,2,8
4,1,1,4,2.5,5,3,0
6,2,2,6,4.0,8,4,0
7,8,7,8,7.5,15,1,6
22,16,16,22,19.0,38,6,14
22,21,21,22,21.5,43,1,18
11,14,11,14,12.5,25,3,9
5,1,1,5,3.0,6,4,0
14,61,14,61,37.5,75,47,2
12,10,10,12,11.0,22,2,9
10,10,10,10,10.0,20,0,8
8,1,1,8,4.5,9,7,0
4,7,4,7,5.5,11,3,3
10,4,4,10,7.0,14,6,3
4,4,4,4,4.0,8,0,3
2,5,2,5,3.5,7,3,1
12,14,12,14,13.0,26,2,6
5,8,5,8,6.5,13,3,2
12,12,12,12,12.0,24,0,10
16,17,16,17,16.5,33,1,12
5,7,5,7,6.0,12,2,2
5,10,5,10,7.5,15,5,0
20,10,10,20,15.0,30,10,7
4,4,4,4,4.0,8,0,3
16,1,1,16,8.5,17,15,0
7,2,2,7,4.5,9,5,0
1,20,1,20,10.5,21,19,0
32,31,31,32,31.5,63,1,29
17,17,17,17,17.0,34,0,13
3,5,3,5,4.0,8,2,2
4,4,4,4,4.0,8,0,3
26,27,26,27,26.5,53,1,25
7,8,7,8,7.5,15,1,1
4,1,1,4,2.5,5,3,0
4,2,2,4,3.0,6,2,1
4,4,4,4,4.0,8,0,1
6,3,3,6,4.5,9,3,2
38,29,29,38,33.5,67,9,24
6,3,3,6,4.5,9,3,2
7,7,7,7,7.0,14,0,6
13,1,1,13,7.0,14,12,0
1,5,1,5,3.0,6,4,0
4,1,1,4,2.5,5,3,0
1,7,1,7,4.0,8,6,0
8,8,8,8,8.0,16,0,7
9,7,7,9,8.0,16,2,5
1,5,1,5,3.0,6,4,0
19,29,19,29,24.0,48,10,14
11,19,11,19,15.0,30,8,6
26,26,26,26,26.0,52,0,24
9,6,6,9,7.5,15,3,2
1,4,1,4,2.5,5,3,0
5,6,5,6,5.5,11,1,4
1,4,1,4,2.5,5,3,0
23,18,18,23,20.5,41,5,17
12,1,1,12,6.5,13,11,0
1,5,1,5,3.0,6,4,0
4,1,1,4,2.5,5,3,0
4,2,2,4,3.0,6,2,0
1,5,1,5,3.0,6,4,0
9,1,1,9,5.0,10,8,0
5,4,4,5,4.5,9,1,0
1,5,1,5,3.0,6,4,0
27,28,27,28,27.5,55,1,26
4,4,4,4,4.0,8,0,3
4,1,1,4,2.5,5,3,0
1,4,1,4,2.5,5,3,0
11,14,11,14,12.5,25,3,8
5,1,1,5,3.0,6,4,0
4,11,4,11,7.5,15,7,3
13,13,13,13,13.0,26,0,12
18,18,18,18,18.0,36,0,17
1,7,1,7,4.0,8,6,0
11,11,11,11,11.0,22,0,7
5,5,5,5,5.0,10,0,1
1,4,1,4,2.5,5,3,0
18,33,18,33,25.5,51,15,13
1,8,1,8,4.5,9,7,0
6,2,2,6,4.0,8,4,1
7,1,1,7,4.0,8,6,0
24,28,24,28,26.0,52,4,23
6,6,6,6,6.0,12,0,5
4,1,1,4,2.5,5,3,0
5,1,1,5,3.0,6,4,0
4,1,1,4,2.5,5,3,0
5,8,5,8,6.5,13,3,4
12,10,10,12,11.0,22,2,9
11,1,1,11,6.0,12,10,0
1,11,1,11,6.0,12,10,0
8,11,8,11,9.5,19,3,6
4,1,1,4,2.5,5,3,0
2,6,2,6,4.0,8,4,0
5,6,5,6,5.5,11,1,4
8,4,4,8,6.0,12,4,0
5,1,1,5,3.0,6,4,0
32,32,32,32,32.0,64,0,30
37,42,37,42,39.5,79,5,29
7,6,6,7,6.5,13,1,0
27,39,27,39,33.0,66,12,22
6,6,6,6,6.0,12,0,4
1,9,1,9,5.0,10,8,0
7,1,1,7,4.0,8,6,0
5,2,2,5,3.5,7,3,1
8,7,7,8,7.5,15,1,6
10,5,5,10,7.5,15,5,2
27,23,23,27,25.0,50,4,18
8,1,1,8,4.5,9,7,0
7,4,4,7,5.5,11,3,3
4,4,4,4,4.0,8,0,3
1,4,1,4,2.5,5,3,0
9,14,9,14,11.5,23,5,7
6,13,6,13,9.5,19,7,0
14,16,14,16,15.0,30,2,12
13,14,13,14,13.5,27,1,8
4,1,1,4,2.5,5,3,0
5,1,1,5,3.0,6,4,0
11,33,11,33,22.0,44,22,8
9,4,4,9,6.5,13,5,3
1,10,1,10,5.5,11,9,0
5,6,5,6,5.5,11,1,4
12,12,12,12,12.0,24,0,11
5,9,5,9,7.0,14,4,4
8,11,8,11,9.5,19,3,6
6,7,6,7,6.5,13,1,5
45,37,37,45,41.0,82,8,28
5,8,5,8,6.5,13,3,4
5,5,5,5,5.0,10,0,4
5,1,1,5,3.0,6,4,0
6,6,6,6,6.0,12,0,5
6,4,4,6,5.0,10,2,2
7,7,7,7,7.0,14,0,6
4,6,4,6,5.0,10,2,2
17,15,15,17,16.0,32,2,14
5,1,1,5,3.0,6,4,0
10,4,4,10,7.0,14,6,2
1,4,1,4,2.5,5,3,0
5,1,1,5,3.0,6,4,0
5,5,5,5,5.0,10,0,3
2,30,2,30,16.0,32,28,0
7,1,1,7,4.0,8,6,0
6,6,6,6,6.0,12,0,4
8,11,8,11,9.5,19,3,7
23,24,23,24,23.5,47,1,21
5,5,5,5,5.0,10,0,3
1,5,1,5,3.0,6,4,0
12,5,5,12,8.5,17,7,2
5,1,1,5,3.0,6,4,0
1,10,1,10,5.5,11,9,0
6,1,1,6,3.5,7,5,0
12,1,1,12,6.5,13,11,0
8,4,4,8,6.0,12,4,3
9,9,9,9,9.0,18,0,8
5,5,5,5,5.0,10,0,3
6,7,6,7,6.5,13,1,5
5,1,1,5,3.0,6,4,0
2,6,2,6,4.0,8,4,1
1,4,1,4,2.5,5,3,0
5,5,5,5,5.0,10,0,4
1,5,1,5,3.0,6,4,0
31,32,31,32,31.5,63,1,30
4,1,1,4,2.5,5,3,0
32,32,32,32,32.0,64,0,29
6,6,6,6,6.0,12,0,4
8,8,8,8,8.0,16,0,7
56,1,1,56,28.5,57,55,0
14,14,14,14,14.0,28,0,13
5,4,4,5,4.5,9,1,3
5,6,5,6,5.5,11,1,0
4,1,1,4,2.5,5,3,0
12,4,4,12,8.0,16,8,3
5,1,1,5,3.0,6,4,0
7,7,7,7,7.0,14,0,4
1,6,1,6,3.5,7,5,0
13,13,13,13,13.0,26,0,12
1,7,1,7,4.0,8,6,0
45,42,42,45,43.5,87,3,38
5,5,5,5,5.0,10,0,4
4,1,1,4,2.5,5,3,0
1,4,1,4,2.5,5,3,0
50,51,50,51,50.5,101,1,48
1,7,1,7,4.0,8,6,0
1,5,1,5,3.0,6,4,0
6,1,1,6,3.5,7,5,0
6,9,6,9,7.5,15,3,1
3,7,3,7,5.0,10,4,2
1,16,1,16,8.5,17,15,0
1,11,1,11,6.0,12,10,0
20,21,20,21,20.5,41,1,18
8,1,1,8,4.5,9,7,0
1,4,1,4,2.5,5,3,0
6,4,4,6,5.0,10,2,3
10,4,4,10,7.0,14,6,3
12,12,12,12,12.0,24,0,10
6,6,6,6,6.0,12,0,5
34,34,34,34,34.0,68,0,30
1,40,1,40,20.5,41,39,0
18,17,17,18,17.5,35,1,13
7,8,7,8,7.5,15,1,0
5,5,5,5,5.0,10,0,4
3,5,3,5,4.0,8,2,2
25,32,25,32,28.5,57,7,24
14,17,14,17,15.5,31,3,13
6,1,1,6,3.5,7,5,0
1,28,1,28,14.5,29,27,0
1,21,1,21,11.0,22,20,0
14,14,14,14,14.0,28,0,13
1,6,1,6,3.5,7,5,0
16,10,10,16,13.0,26,6,9
5,1,1,5,3.0,6,4,0
18,49,18,49,33.5,67,31,15
8,14,8,14,11.0,22,6,2
1,4,1,4,2.5,5,3,0
4,1,1,4,2.5,5,3,0
1,4,1,4,2.5,5,3,0
4,1,1,4,2.5,5,3,0
2,18,2,18,10.0,20,16,1
10,9,9,10,9.5,19,1,4
25,29,25,29,27.0,54,4,24
33,1,1,33,17.0,34,32,0
1,5,1,5,3.0,6,4,0
8,13,8,13,10.5,21,5,1
8,1,1,8,4.5,9,7,0
25,46,25,46,35.5,71,21,21
25,21,21,25,23.0,46,4,14
5,1,1,5,3.0,6,4,0
1,4,1,4,2.5,5,3,0
13,14,13,14,13.5,27,1,12
14,1,1,14,7.5,15,13,0
2,4,2,4,3.0,6,2,0
2,8,2,8,5.0,10,6,1
9,3,3,9,6.0,12,6,2
3,18,3,18,10.5,21,15,1
13,5,5,13,9.0,18,8,1
8,8,8,8,8.0,16,0,4
1,14,1,14,7.5,15,13,0
1,107,1,107,54.0,108,106,0
4,1,1,4,2.5,5,3,0
7,1,1,7,4.0,8,6,0
1,5,1,5,3.0,6,4,0
1,4,1,4,2.5,5,3,0
18,20,18,20,19.0,38,2,16
6,7,6,7,6.5,13,1,4
5,1,1,5,3.0,6,4,0
5,5,5,5,5.0,10,0,0
5,7,5,7,6.0,12,2,4
9,9,9,9,9.0,18,0,8
4,1,1,4,2.5,5,3,0
2,4,2,4,3.0,6,2,0
34,49,34,49,41.5,83,15,27
9,17,9,17,13.0,26,8,8
1,4,1,4,2.5,5,3,0
26,26,26,26,26.0,52,0,24
16,5,5,16,10.5,21,11,4
6,32,6,32,19.0,38,26,5
18,15,15,18,16.5,33,3,8
10,13,10,13,11.5,23,3,9
5,2,2,5,3.5,7,3,1
2,4,2,4,3.0,6,2,1
6,5,5,6,5.5,11,1,4
4,1,1,4,2.5,5,3,0
8,9,8,9,8.5,17,1,7
9,8,8,9,8.5,17,1,7
5,1,1,5,3.0,6,4,0
4,1,1,4,2.5,5,3,0
2,4,2,4,3.0,6,2,0
1,5,1,5,3.0,6,4,0
8,8,8,8,8.0,16,0,7
7,2,2,7,4.5,9,5,0
8,6,6,8,7.0,14,2,5
7,13,7,13,10.0,20,6,6
1,5,1,5,3.0,6,4,0
18,49,18,49,33.5,67,31,14
7,4,4,7,5.5,11,3,2
18,12,12,18,15.0,30,6,9
14,13,13,14,13.5,27,1,12
4,2,2,4,3.0,6,2,0
6,1,1,6,3.5,7,5,0
1,5,1,5,3.0,6,4,0
10,15,10,15,12.5,25,5,8
1,25,1,25,13.0,26,24,0
10,12,10,12,11.0,22,2,9
13,12,12,13,12.5,25,1,11
10,10,10,10,10.0,20,0,5
6,6,6,6,6.0,12,0,5
4,4,4,4,4.0,8,0,2
8,5,5,8,6.5,13,3,1
21,31,21,31,26.0,52,10,14
19,19,19,19,19.0,38,0,18
6,6,6,6,6.0,12,0,5
7,8,7,8,7.5,15,1,6
6,1,1,6,3.5,7,5,0
9,6,6,9,7.5,15,3,5
4,1,1,4,2.5,5,3,0
10,17,10,17,13.5,27,7,8
1,5,1,5,3.0,6,4,0
13,13,13,13,13.0,26,0,12
1,8,1,8,4.5,9,7,0
17,12,12,17,14.5,29,5,6
2,30,2,30,16.0,32,28,0
18,1,1,18,9.5,19,17,0
5,7,5,7,6.0,12,2,3
14,25,14,25,19.5,39,11,13
6,1,1,6,3.5,7,5,0
6,1,1,6,3.5,7,5,0
6,1,1,6,3.5,7,5,0
15,55,15,55,35.0,70,40,12
5,5,5,5,5.0,10,0,4
6,9,6,9,7.5,15,3,2
5,1,1,5,3.0,6,4,0
27,36,27,36,31.5,63,9,25
5,1,1,5,3.0,6,4,0
4,1,1,4,2.5,5,3,0
6,1,1,6,3.5,7,5,0
5,8,5,8,6.5,13,3,3
5,41,5,41,23.0,46,36,0
8,8,8,8,8.0,16,0,7
8,1,1,8,4.5,9,7,0
4,6,4,6,5.0,10,2,0
7,12,7,12,9.5,19,5,6
8,7,7,8,7.5,15,1,2
4,5,4,5,4.5,9,1,3
4,3,3,4,3.5,7,1,2
4,1,1,4,2.5,5,3,0
1,5,1,5,3.0,6,4,0
14,1,1,14,7.5,15,13,0
41,44,41,44,42.5,85,3,40
5,1,1,5,3.0,6,4,0
5,4,4,5,4.5,9,1,0
41,45,41,45,43.0,86,4,32
12,49,12,49,30.5,61,37,11
9,25,9,25,17.0,34,16,6
48,29,29,48,38.5,77,19,28
10,1,1,10,5.5,11,9,0
5,4,4,5,4.5,9,1,3
10,8,8,10,9.0,18,2,7
13,14,13,14,13.5,27,1,10
1,5,1,5,3.0,6,4,0
10,11,10,11,10.5,21,1,8
11,7,7,11,9.0,18,4,6
5,13,5,13,9.0,18,8,4
7,8,7,8,7.5,15,1,6
17,14,14,17,15.5,31,3,13
4,3,3,4,3.5,7,1,1
5,1,1,5,3.0,6,4,0
11,32,11,32,21.5,43,21,7
41,38,38,41,39.5,79,3,31
1,12,1,12,6.5,13,11,0
5,5,5,5,5.0,10,0,4
8,15,8,15,11.5,23,7,7
9,8,8,9,8.5,17,1,7
1,4,1,4,2.5,5,3,0
24,27,24,27,25.5,51,3,23
4,1,1,4,2.5,5,3,0
10,10,10,10,10.0,20,0,7
1,5,1,5,3.0,6,4,0
1,4,1,4,2.5,5,3,0
1,4,1,4,2.5,5,3,0
4,1,1,4,2.5,5,3,0
10,10,10,10,10.0,20,0,9
1,4,1,4,2.5,5,3,0
6,6,6,6,6.0,12,0,5
6,1,1,6,3.5,7,5,0
24,18,18,24,21.0,42,6,16
10,9,9,10,9.5,19,1,8
6,6,6,6,6.0,12,0,5
20,21,20,21,20.5,41,1,19
8,4,4,8,6.0,12,4,3
17,6,6,17,11.5,23,11,4
4,1,1,4,2.5,5,3,0
6,1,1,6,3.5,7,5,0
5,2,2,5,3.5,7,3,0
1,4,1,4,2.5,5,3,0
13,9,9,13,11.0,22,4,8
20,23,20,23,21.5,43,3,19
2,4,2,4,3.0,6,2,1
6,1,1,6,3.5,7,5,0
1,4,1,4,2.5,5,3,0
29,27,27,29,28.0,56,2,26
8,5,5,8,6.5,13,3,4
1,11,1,11,6.0,12,10,0
6,7,6,7,6.5,13,1,5
18,17,17,18,17.5,35,1,13
5,6,5,6,5.5,11,1,4
4,1,1,4,2.5,5,3,0
1,10,1,10,5.5,11,9,0
5,8,5,8,6.5,13,3,2
26,24,24,26,25.0,50,2,22
13,16,13,16,14.5,29,3,10
2,4,2,4,3.0,6,2,1
4,1,1,4,2.5,5,3,0
5,4,4,5,4.5,9,1,0
1,5,1,5,3.0,6,4,0
5,6,5,6,5.5,11,1,1
8,6,6,8,7.0,14,2,5
26,9,9,26,17.5,35,17,6
1,6,1,6,3.5,7,5,0
1,26,1,26,13.5,27,25,0
7,7,7,7,7.0,14,0,6
2,4,2,4,3.0,6,2,1
5,14,5,14,9.5,19,9,4
7,26,7,26,16.5,33,19,6
6,4,4,6,5.0,10,2,3
6,1,1,6,3.5,7,5,0
1,9,1,9,5.0,10,8,0
26,37,26,37,31.5,63,11,22
19,15,15,19,17.0,34,4,12
7,7,7,7,7.0,14,0,6
33,39,33,39,36.0,72,6,31
40,35,35,40,37.5,75,5,32
3,8,3,8,5.5,11,5,0
4,4,4,4,4.0,8,0,2
11,2,2,11,6.5,13,9,1
4,6,4,6,5.0,10,2,3
4,4,4,4,4.0,8,0,3
1,5,1,5,3.0,6,4,0
6,8,6,8,7.0,14,2,5
5,1,1,5,3.0,6,4,0
21,16,16,21,18.5,37,5,12
13,12,12,13,12.5,25,1,10
32,32,32,32,32.0,64,0,30
2,4,2,4,3.0,6,2,0
4,1,1,4,2.5,5,3,0
7,18,7,18,12.5,25,11,4
3,5,3,5,4.0,8,2,2
7,5,5,7,6.0,12,2,4
1,12,1,12,6.5,13,11,0
11,1,1,11,6.0,12,10,0
1,6,1,6,3.5,7,5,0
7,5,5,7,6.0,12,2,1
1,4,1,4,2.5,5,3,0
5,1,1,5,3.0,6,4,0
33,25,25,33,29.0,58,8,24
1,5,1,5,3.0,6,4,0
5,1,1,5,3.0,6,4,0
5,1,1,5,3.0,6,4,0
11,7,7,11,9.0,18,4,6
4,4,4,4,4.0,8,0,1
2,6,2,6,4.0,8,4,0
13,18,13,18,15.5,31,5,12
8,8,8,8,8.0,16,0,4
1,22,1,22,11.5,23,21,0
2,11,2,11,6.5,13,9,1
9,13,9,13,11.0,22,4,8
10,12,10,12,11.0,22,2,4
8,7,7,8,7.5,15,1,4
1,6,1,6,3.5,7,5,0
4,2,2,4,3.0,6,2,0
2,9,2,9,5.5,11,7,0
1,4,1,4,2.5,5,3,0
5,4,4,5,4.5,9,1,3
41,38,38,41,39.5,79,3,36
1,5,1,5,3.0,6,4,0
13,12,12,13,12.5,25,1,11
1,107,1,107,54.0,108,106,0
5,5,5,5,5.0,10,0,3
26,18,18,26,22.0,44,8,15
5,1,1,5,3.0,6,4,0
13,16,13,16,14.5,29,3,10
6,2,2,6,4.0,8,4,1
28,25,25,28,26.5,53,3,24
5,1,1,5,3.0,6,4,0
4,4,4,4,4.0,8,0,3
4,1,1,4,2.5,5,3,0
26,40,26,40,33.0,66,14,18
12,12,12,12,12.0,24,0,8
5,1,1,5,3.0,6,4,0
4,8,4,8,6.0,12,4,1
24,23,23,24,23.5,47,1,22
6,9,6,9,7.5,15,3,5
7,9,7,9,8.0,16,2,5
4,4,4,4,4.0,8,0,3
8,13,8,13,10.5,21,5,5
12,9,9,12,10.5,21,3,5
4,5,4,5,4.5,9,1,3
1,8,1,8,4.5,9,7,0
13,10,10,13,11.5,23,3,8
6,2,2,6,4.0,8,4,0
1,5,1,5,3.0,6,4,0
7,6,6,7,6.5,13,1,5
2,4,2,4,3.0,6,2,0
4,4,4,4,4.0,8,0,1
9,1,1,9,5.0,10,8,0
10,12,10,12,11.0,22,2,9
9,2,2,9,5.5,11,7,0
4,1,1,4,2.5,5,3,0
5,5,5,5,5.0,10,0,4
6,3,3,6,4.5,9,3,2
7,5,5,7,6.0,12,2,0
14,11,11,14,12.5,25,3,8
35,48,35,48,41.5,83,13,34
1,8,1,8,4.5,9,7,0
2,7,2,7,4.5,9,5,0
23,22,22,23,22.5,45,1,19
13,14,13,14,13.5,27,1,11
6,6,6,6,6.0,12,0,5
4,1,1,4,2.5,5,3,0
6,1,1,6,3.5,7,5,0
4,1,1,4,2.5,5,3,0
9,10,9,10,9.5,19,1,8
1,21,1,21,11.0,22,20,0
4,2,2,4,3.0,6,2,1
2,12,2,12,7.0,14,10,0
1,15,1,15,8.0,16,14,0
6,6,6,6,6.0,12,0,5
21,21,21,21,21.0,42,0,18
10,15,10,15,12.5,25,5,5
34,37,34,37,35.5,71,3,23
10,2,2,10,6.0,12,8,1
10,10,10,10,10.0,20,0,7
5,1,1,5,3.0,6,4,0
40,18,18,40,29.0,58,22,16
13,7,7,13,10.0,20,6,6
5,4,4,5,4.5,9,1,3
11,11,11,11,11.0,22,0,9
6,5,5,6,5.5,11,1,3
5,4,4,5,4.5,9,1,3
6,6,6,6,6.0,12,0,5
1,4,1,4,2.5,5,3,0
8,4,4,8,6.0,12,4,0
1,6,1,6,3.5,7,5,0
8,43,8,43,25.5,51,35,7
30,35,30,35,32.5,65,5,19
26,1,1,26,13.5,27,25,0
6,8,6,8,7.0,14,2,4
1,5,1,5,3.0,6,4,0
29,41,29,41,35.0,70,12,26
7,7,7,7,7.0,14,0,5
3,4,3,4,3.5,7,1,1
1,6,1,6,3.5,7,5,0
14,10,10,14,12.0,24,4,9
7,6,6,7,6.5,13,1,5
20,16,16,20,18.0,36,4,12
1,8,1,8,4.5,9,7,0
6,1,1,6,3.5,7,5,0
19,14,14,19,16.5,33,5,11
6,5,5,6,5.5,11,1,4
6,6,6,6,6.0,12,0,5
25,20,20,25,22.5,45,5,17
35,40,35,40,37.5,75,5,33
4,5,4,5,4.5,9,1,1
6,8,6,8,7.0,14,2,5
25,16,16,25,20.5,41,9,15
1,8,1,8,4.5,9,7,0
7,1,1,7,4.0,8,6,0
12,15,12,15,13.5,27,3,10
2,7,2,7,4.5,9,5,1
4,2,2,4,3.0,6,2,1
38,38,38,38,38.0,76,0,30
7,7,7,7,7.0,14,0,5
5,1,1,5,3.0,6,4,0
11,9,9,11,10.0,20,2,8
14,14,14,14,14.0,28,0,13
4,7,4,7,5.5,11,3,0
4,6,4,6,5.0,10,2,3
9,5,5,9,7.0,14,4,4
2,8,2,8,5.0,10,6,0
7,10,7,10,8.5,17,3,5
1,9,1,9,5.0,10,8,0
7,1,1,7,4.0,8,6,0
7,11,7,11,9.0,18,4,6
1,4,1,4,2.5,5,3,0
7,6,6,7,6.5,13,1,5
1,5,1,5,3.0,6,4,0
4,4,4,4,4.0,8,0,3
1,6,1,6,3.5,7,5,0
9,12,9,12,10.5,21,3,7
3,10,3,10,6.5,13,7,2
1,10,1,10,5.5,11,9,0
5,5,5,5,5.0,10,0,3
1,4,1,4,2.5,5,3,0
9,1,1,9,5.0,10,8,0
1,8,1,8,4.5,9,7,0
20,6,6,20,13.0,26,14,5
4,6,4,6,5.0,10,2,3
17,31,17,31,24.0,48,14,12
16,19,16,19,17.5,35,3,15
5,9,5,9,7.0,14,4,4
7,11,7,11,9.0,18,4,4
24,25,24,25,24.5,49,1,23
54,15,15,54,34.5,69,39,11
4,1,1,4,2.5,5,3,0
5,6,5,6,5.5,11,1,0
17,7,7,17,12.0,24,10,4
4,1,1,4,2.5,5,3,0
11,7,7,11,9.0,18,4,6
7,7,7,7,7.0,14,0,6
5,52,5,52,28.5,57,47,0
6,8,6,8,7.0,14,2,3
1,9,1,9,5.0,10,8,0
8,1,1,8,4.5,9,7,0
4,4,4,4,4.0,8,0,1
5,1,1,5,3.0,6,4,0
4,12,4,12,8.0,16,8,3
6,1,1,6,3.5,7,5,0
18,18,18,18,18.0,36,0,17
26,34,26,34,30.0,60,8,17
14,11,11,14,12.5,25,3,8
146,26,26,146,86.0,172,120,22
2,7,2,7,4.5,9,5,0
27,49,27,49,38.0,76,22,19
7,5,5,7,6.0,12,2,4
4,1,1,4,2.5,5,3,0
17,16,16,17,16.5,33,1,15
6,15,6,15,10.5,21,9,2
4,2,2,4,3.0,6,2,0
2,4,2,4,3.0,6,2,1
1,6,1,6,3.5,7,5,0
5,3,3,5,4.0,8,2,2
6,7,6,7,6.5,13,1,4
9,1,1,9,5.0,10,8,0
31,25,25,31,28.0,56,6,6
5,1,1,5,3.0,6,4,0
17,23,17,23,20.0,40,6,14
5,6,5,6,5.5,11,1,4
8,12,8,12,10.0,20,4,5
6,4,4,6,5.0,10,2,3
6,15,6,15,10.5,21,9,5
1,4,1,4,2.5,5,3,0
1,5,1,5,3.0,6,4,0
1,4,1,4,2.5,5,3,0
1,4,1,4,2.5,5,3,0
1,5,1,5,3.0,6,4,0
2,9,2,9,5.5,11,7,0
5,6,5,6,5.5,11,1,4
4,2,2,4,3.0,6,2,1
10,7,7,10,8.5,17,3,6
10,7,7,10,8.5,17,3,6
6,6,6,6,6.0,12,0,4
10,5,5,10,7.5,15,5,4
4,1,1,4,2.5,5,3,0
1,5,1,5,3.0,6,4,0
10,5,5,10,7.5,15,5,4
5,5,5,5,5.0,10,0,4
19,19,19,19,19.0,38,0,18
5,5,5,5,5.0,10,0,2
36,43,36,43,39.5,79,7,28
11,11,11,11,11.0,22,0,10
9,10,9,10,9.5,19,1,4
1,8,1,8,4.5,9,7,0
4,2,2,4,3.0,6,2,1
49,51,49,51,50.0,100,2,30
7,6,6,7,6.5,13,1,5
10,15,10,15,12.5,25,5,7
9,9,9,9,9.0,18,0,8
17,21,17,21,19.0,38,4,15
13,13,13,13,13.0,26,0,11
12,1,1,12,6.5,13,11,0
12,31,12,31,21.5,43,19,10
6,6,6,6,6.0,12,0,5
2,4,2,4,3.0,6,2,0
7,6,6,7,6.5,13,1,4
17,2,2,17,9.5,19,15,1
1,5,1,5,3.0,6,4,0
4,1,1,4,2.5,5,3,0
4,6,4,6,5.0,10,2,3
4,1,1,4,2.5,5,3,0
4,1,1,4,2.5,5,3,0
19,48,19,48,33.5,67,29,15
6,12,6,12,9.0,18,6,5
5,7,5,7,6.0,12,2,4
7,7,7,7,7.0,14,0,5
7,1,1,7,4.0,8,6,0
7,1,1,7,4.0,8,6,0
1,27,1,27,14.0,28,26,0
6,6,6,6,6.0,12,0,5
7,9,7,9,8.0,16,2,6
8,7,7,8,7.5,15,1,2
4,1,1,4,2.5,5,3,0
10,11,10,11,10.5,21,1,9
1,16,1,16,8.5,17,15,0
12,1,1,12,6.5,13,11,0
8,1,1,8,4.5,9,7,0
31,5,5,31,18.0,36,26,3
6,6,6,6,6.0,12,0,5
15,28,15,28,21.5,43,13,14
11,8,8,11,9.5,19,3,6
1,7,1,7,4.0,8,6,0
146,32,32,146,89.0,178,114,27
20,37,20,37,28.5,57,17,18
39,43,39,43,41.0,82,4,38
5,14,5,14,9.5,19,9,3
6,1,1,6,3.5,7,5,0
1,5,1,5,3.0,6,4,0
5,1,1,5,3.0,6,4,0
14,13,13,14,13.5,27,1,11
4,2,2,4,3.0,6,2,0
19,24,19,24,21.5,43,5,17
18,20,18,20,19.0,38,2,17
1,26,1,26,13.5,27,25,0
9,8,8,9,8.5,17,1,7
19,20,19,20,19.5,39,1,18
15,1,1,15,8.0,16,14,0
11,8,8,11,9.5,19,3,7
3,16,3,16,9.5,19,13,0
20,7,7,20,13.5,27,13,6
4,1,1,4,2.5,5,3,0
21,11,11,21,16.0,32,10,8
7,7,7,7,7.0,14,0,5
6,1,1,6,3.5,7,5,0
4,1,1,4,2.5,5,3,0
1,5,1,5,3.0,6,4,0
6,1,1,6,3.5,7,5,0
4,4,4,4,4.0,8,0,3
3,22,3,22,12.5,25,19,2
4,2,2,4,3.0,6,2,0
1,5,1,5,3.0,6,4,0
8,6,6,8,7.0,14,2,5
10,12,10,12,11.0,22,2,8
5,2,2,5,3.5,7,3,0
1,12,1,12,6.5,13,11,0
10,3,3,10,6.5,13,7,0
14,13,13,14,13.5,27,1,12
11,12,11,12,11.5,23,1,10
6,5,5,6,5.5,11,1,4
5,2,2,5,3.5,7,3,0
1,4,1,4,2.5,5,3,0
8,1,1,8,4.5,9,7,0
16,11,11,16,13.5,27,5,4
10,10,10,10,10.0,20,0,9
39,31,31,39,35.0,70,8,28
2,5,2,5,3.5,7,3,1
1,11,1,11,6.0,12,10,0
7,3,3,7,5.0,10,4,2
10,10,10,10,10.0,20,0,9
8,8,8,8,8.0,16,0,4
4,10,4,10,7.0,14,6,0
1,9,1,9,5.0,10,8,0
6,6,6,6,6.0,12,0,5
4,1,1,4,2.5,5,3,0
1,5,1,5,3.0,6,4,0
42,24,24,42,33.0,66,18,23
5,1,1,5,3.0,6,4,0
1,5,1,5,3.0,6,4,0
41,45,41,45,43.0,86,4,39
13,14,13,14,13.5,27,1,12
1,13,1,13,7.0,14,12,0
5,7,5,7,6.0,12,2,4
12,20,12,20,16.0,32,8,11
4,4,4,4,4.0,8,0,3
25,21,21,25,23.0,46,4,19
7,7,7,7,7.0,14,0,6
4,6,4,6,5.0,10,2,2
2,7,2,7,4.5,9,5,1
18,29,18,29,23.5,47,11,12
18,19,18,19,18.5,37,1,16
4,6,4,6,5.0,10,2,1
5,5,5,5,5.0,10,0,0
8,22,8,22,15.0,30,14,6
14,22,14,22,18.0,36,8,12
8,6,6,8,7.0,14,2,4
8,5,5,8,6.5,13,3,3
1,10,1,10,5.5,11,9,0
12,11,11,12,11.5,23,1,9
4,1,1,4,2.5,5,3,0
1,8,1,8,4.5,9,7,0
1,4,1,4,2.5,5,3,0
1,4,1,4,2.5,5,3,0
6,1,1,6,3.5,7,5,0
18,15,15,18,16.5,33,3,9
8,4,4,8,6.0,12,4,3
14,2,2,14,8.0,16,12,1
26,22,22,26,24.0,48,4,20
12,10,10,12,11.0,22,2,8
18,15,15,18,16.5,33,3,11
26,43,26,43,34.5,69,17,0
17,12,12,17,14.5,29,5,10
1,4,1,4,2.5,5,3,0
6,7,6,7,6.5,13,1,4
10,12,10,12,11.0,22,2,9
5,4,4,5,4.5,9,1,1
4,1,1,4,2.5,5,3,0
9,8,8,9,8.5,17,1,5
1,36,1,36,18.5,37,35,0
8,8,8,8,8.0,16,0,2
1,10,1,10,5.5,11,9,0
5,2,2,5,3.5,7,3,0
5,1,1,5,3.0,6,4,0
4,1,1,4,2.5,5,3,0
6,2,2,6,4.0,8,4,0
22,19,19,22,20.5,41,3,12
9,2,2,9,5.5,11,7,0
7,7,7,7,7.0,14,0,4
16,24,16,24,20.0,40,8,3
1,4,1,4,2.5,5,3,0
25,1,1,25,13.0,26,24,0
8,10,8,10,9.0,18,2,7
5,1,1,5,3.0,6,4,0
1,10,1,10,5.5,11,9,0
20,14,14,20,17.0,34,6,12
9,8,8,9,8.5,17,1,7
11,7,7,11,9.0,18,4,5
5,4,4,5,4.5,9,1,1
11,10,10,11,10.5,21,1,7
1,4,1,4,2.5,5,3,0
11,11,11,11,11.0,22,0,6
29,24,24,29,26.5,53,5,23
1,4,1,4,2.5,5,3,0
5,5,5,5,5.0,10,0,4
40,19,19,40,29.5,59,21,18
1,6,1,6,3.5,7,5,0
1,6,1,6,3.5,7,5,0
20,21,20,21,20.5,41,1,19
34,30,30,34,32.0,64,4,25
24,17,17,24,20.5,41,7,12
10,15,10,15,12.5,25,5,7
7,2,2,7,4.5,9,5,1
1,5,1,5,3.0,6,4,0
5,1,1,5,3.0,6,4,0
28,47,28,47,37.5,75,19,27
42,35,35,42,38.5,77,7,30
7,7,7,7,7.0,14,0,5
27,26,26,27,26.5,53,1,25
5,1,1,5,3.0,6,4,0
19,20,19,20,19.5,39,1,17
19,33,19,33,26.0,52,14,18
1,10,1,10,5.5,11,9,0
2,6,2,6,4.0,8,4,1
7,6,6,7,6.5,13,1,5
1,6,1,6,3.5,7,5,0
1,15,1,15,8.0,16,14,0
7,11,7,11,9.0,18,4,6
6,1,1,6,3.5,7,5,0
10,9,9,10,9.5,19,1,7
5,5,5,5,5.0,10,0,3
1,8,1,8,4.5,9,7,0
16,16,16,16,16.0,32,0,15
4,4,4,4,4.0,8,0,1
5,5,5,5,5.0,10,0,4
19,13,13,19,16.0,32,6,12
31,32,31,32,31.5,63,1,30
11,6,6,11,8.5,17,5,4
8,6,6,8,7.0,14,2,5
24,28,24,28,26.0,52,4,1
1,15,1,15,8.0,16,14,0
6,1,1,6,3.5,7,5,0
1,5,1,5,3.0,6,4,0
19,6,6,19,12.5,25,13,5
6,1,1,6,3.5,7,5,0
4,1,1,4,2.5,5,3,0
5,5,5,5,5.0,10,0,4
1,39,1,39,20.0,40,38,0
21,21,21,21,21.0,42,0,20
7,7,7,7,7.0,14,0,6
23,34,23,34,28.5,57,11,14
1,11,1,11,6.0,12,10,0
1,7,1,7,4.0,8,6,0
8,5,5,8,6.5,13,3,4
6,1,1,6,3.5,7,5,0
8,2,2,8,5.0,10,6,1
5,1,1,5,3.0,6,4,0
4,2,2,4,3.0,6,2,1
5,4,4,5,4.5,9,1,3
7,6,6,7,6.5,13,1,5
1,14,1,14,7.5,15,13,0
4,1,1,4,2.5,5,3,0
1,25,1,25,13.0,26,24,0
19,21,19,21,20.0,40,2,17
12,6,6,12,9.0,18,6,4
5,1,1,5,3.0,6,4,0
6,1,1,6,3.5,7,5,0
1,5,1,5,3.0,6,4,0
9,9,9,9,9.0,18,0,8
2,17,2,17,9.5,19,15,0
11,15,11,15,13.0,26,4,10
26,27,26,27,26.5,53,1,25
19,33,19,33,26.0,52,14,17
14,1,1,14,7.5,15,13,0
2,18,2,18,10.0,20,16,0
9,9,9,9,9.0,18,0,8
1,4,1,4,2.5,5,3,0
1,11,1,11,6.0,12,10,0
1,4,1,4,2.5,5,3,0
15,12,12,15,13.5,27,3,11
5,5,5,5,5.0,10,0,4
7,4,4,7,5.5,11,3,2
5,4,4,5,4.5,9,1,3
4,1,1,4,2.5,5,3,0
22,20,20,22,21.0,42,2,19
10,1,1,10,5.5,11,9,0
2,7,2,7,4.5,9,5,0
2,7,2,7,4.5,9,5,0
13,15,13,15,14.0,28,2,9
4,1,1,4,2.5,5,3,0
7,13,7,13,10.0,20,6,6
7,4,4,7,5.5,11,3,2
5,7,5,7,6.0,12,2,3
12,12,12,12,12.0,24,0,11
6,7,6,7,6.5,13,1,5
5,5,5,5,5.0,10,0,4
6,6,6,6,6.0,12,0,3
1,5,1,5,3.0,6,4,0
9,7,7,9,8.0,16,2,5
4,1,1,4,2.5,5,3,0
6,7,6,7,6.5,13,1,4
6,5,5,6,5.5,11,1,0
40,48,40,48,44.0,88,8,36
16,20,16,20,18.0,36,4,11
26,22,22,26,24.0,48,4,21
1,7,1,7,4.0,8,6,0
24,28,24,28,26.0,52,4,23
13,15,13,15,14.0,28,2,12
24,14,14,24,19.0,38,10,11
8,2,2,8,5.0,10,6,0
1,4,1,4,2.5,5,3,0
4,2,2,4,3.0,6,2,1
4,7,4,7,5.5,11,3,3
4,2,2,4,3.0,6,2,1
5,1,1,5,3.0,6,4,0
10,1,1,10,5.5,11,9,0
4,1,1,4,2.5,5,3,0
4,4,4,4,4.0,8,0,2
18,41,18,41,29.5,59,23,17
1,36,1,36,18.5,37,35,0
4,1,1,4,2.5,5,3,0
5,1,1,5,3.0,6,4,0
5,105,5,105,55.0,110,100,0
6,5,5,6,5.5,11,1,0
9,1,1,9,5.0,10,8,0
7,7,7,7,7.0,14,0,6
9,16,9,16,12.5,25,7,8
12,1,1,12,6.5,13,11,0
1,8,1,8,4.5,9,7,0
19,19,19,19,19.0,38,0,18
5,1,1,5,3.0,6,4,0
16,22,16,22,19.0,38,6,15
6,6,6,6,6.0,12,0,5
4,17,4,17,10.5,21,13,0
4,1,1,4,2.5,5,3,0
4,1,1,4,2.5,5,3,0
4,4,4,4,4.0,8,0,3
13,13,13,13,13.0,26,0,12
10,11,10,11,10.5,21,1,7
1,7,1,7,4.0,8,6,0
4,4,4,4,4.0,8,0,3
39,49,39,49,44.0,88,10,32
2,5,2,5,3.5,7,3,1
17,10,10,17,13.5,27,7,6
12,10,10,12,11.0,22,2,9
7,5,5,7,6.0,12,2,4
11,18,11,18,14.5,29,7,7
4,1,1,4,2.5,5,3,0
2,4,2,4,3.0,6,2,0
8,6,6,8,7.0,14,2,1
9,2,2,9,5.5,11,7,1
23,21,21,23,22.0,44,2,17
13,19,13,19,16.0,32,6,10
7,5,5,7,6.0,12,2,4
2,10,2,10,6.0,12,8,0
12,8,8,12,10.0,20,4,7
2,4,2,4,3.0,6,2,0
4,1,1,4,2.5,5,3,0
17,13,13,17,15.0,30,4,11
19,6,6,19,12.5,25,13,5
26,19,19,26,22.5,45,7,18
14,13,13,14,13.5,27,1,12
6,6,6,6,6.0,12,0,5
5,5,5,5,5.0,10,0,4
1,8,1,8,4.5,9,7,0
11,6,6,11,8.5,17,5,5
1,4,1,4,2.5,5,3,0
10,11,10,11,10.5,21,1,9
12,1,1,12,6.5,13,11,0
6,1,1,6,3.5,7,5,0
2,146,2,146,74.0,148,144,0
8,1,1,8,4.5,9,7,0
9,1,1,9,5.0,10,8,0
1,7,1,7,4.0,8,6,0
13,12,12,13,12.5,25,1,11
1,6,1,6,3.5,7,5,0
8,8,8,8,8.0,16,0,5
5,6,5,6,5.5,11,1,3
17,26,17,26,21.5,43,9,13
4,5,4,5,4.5,9,1,2
1,19,1,19,10.0,20,18,0
8,6,6,8,7.0,14,2,3
2,20,2,20,11.0,22,18,1
18,55,18,55,36.5,73,37,16
1,5,1,5,3.0,6,4,0
4,1,1,4,2.5,5,3,0
4,1,1,4,2.5,5,3,0
5,1,1,5,3.0,6,4,0
18,48,18,48,33.0,66,30,12
24,24,24,24,24.0,48,0,20
31,31,31,31,31.0,62,0,30
16,13,13,16,14.5,29,3,12
11,13,11,13,12.0,24,2,9
6,1,1,6,3.5,7,5,0
3,5,3,5,4.0,8,2,2
8,15,8,15,11.5,23,7,0
4,10,4,10,7.0,14,6,1
10,12,10,12,11.0,22,2,3
26,24,24,26,25.0,50,2,23
19,20,19,20,19.5,39,1,18
10,7,7,10,8.5,17,3,6
4,7,4,7,5.5,11,3,3
2,14,2,14,8.0,16,12,1
1,5,1,5,3.0,6,4,0
8,22,8,22,15.0,30,14,0
7,15,7,15,11.0,22,8,6
1,6,1,6,3.5,7,5,0
6,3,3,6,4.5,9,3,2
2,4,2,4,3.0,6,2,1
13,4,4,13,8.5,17,9,3
21,20,20,21,20.5,41,1,14
1,6,1,6,3.5,7,5,0
6,1,1,6,3.5,7,5,0
9,13,9,13,11.0,22,4,4
4,4,4,4,4.0,8,0,3
1,6,1,6,3.5,7,5,0
25,14,14,25,19.5,39,11,8
1,5,1,5,3.0,6,4,0
1,8,1,8,4.5,9,7,0
18,19,18,19,18.5,37,1,15
1,6,1,6,3.5,7,5,0
42,28,28,42,35.0,70,14,23
3,4,3,4,3.5,7,1,1
8,16,8,16,12.0,24,8,4
1,5,1,5,3.0,6,4,0
1,4,1,4,2.5,5,3,0
10,14,10,14,12.0,24,4,9
5,8,5,8,6.5,13,3,0
1,5,1,5,3.0,6,4,0
22,16,16,22,19.0,38,6,12
1,4,1,4,2.5,5,3,0
1,4,1,4,2.5,5,3,0
1,5,1,5,3.0,6,4,0
1,5,1,5,3.0,6,4,0
5,1,1,5,3.0,6,4,0
14,21,14,21,17.5,35,7,7
13,29,13,29,21.0,42,16,8
5,2,2,5,3.5,7,3,1
1,16,1,16,8.5,17,15,0
14,9,9,14,11.5,23,5,6
33,44,33,44,38.5,77,11,24
1,4,1,4,2.5,5,3,0
1,9,1,9,5.0,10,8,0
4,5,4,5,4.5,9,1,0
10,8,8,10,9.0,18,2,6
6,1,1,6,3.5,7,5,0
18,24,18,24,21.0,42,6,15
4,1,1,4,2.5,5,3,0
1,5,1,5,3.0,6,4,0
29,23,23,29,26.0,52,6,20
1,5,1,5,3.0,6,4,0
2,5,2,5,3.5,7,3,1
4,6,4,6,5.0,10,2,3
11,18,11,18,14.5,29,7,7
10,7,7,10,8.5,17,3,6
19,14,14,19,16.5,33,5,13
18,20,18,20,19.0,38,2,16
16,11,11,16,13.5,27,5,9
13,5,5,13,9.0,18,8,4
6,1,1,6,3.5,7,5,0
12,1,1,12,6.5,13,11,0
8,4,4,8,6.0,12,4,2
5,6,5,6,5.5,11,1,4
9,9,9,9,9.0,18,0,6
45,44,44,45,44.5,89,1,32
1,19,1,19,10.0,20,18,0
1,15,1,15,8.0,16,14,0
6,8,6,8,7.0,14,2,0
28,24,24,28,26.0,52,4,22
7,6,6,7,6.5,13,1,5
1,4,1,4,2.5,5,3,0
6,5,5,6,5.5,11,1,4
1,4,1,4,2.5,5,3,0
1,21,1,21,11.0,22,20,0
10,1,1,10,5.5,11,9,0
13,7,7,13,10.0,20,6,6
12,18,12,18,15.0,30,6,11
7,6,6,7,6.5,13,1,5
5,1,1,5,3.0,6,4,0
22,25,22,25,23.5,47,3,18
36,48,36,48,42.0,84,12,24
1,24,1,24,12.5,25,23,0
2,5,2,5,3.5,7,3,1
3,4,3,4,3.5,7,1,0
1,8,1,8,4.5,9,7,0
7,2,2,7,4.5,9,5,0
1,5,1,5,3.0,6,4,0
5,6,5,6,5.5,11,1,4
32,30,30,32,31.0,62,2,27
6,4,4,6,5.0,10,2,3
10,6,6,10,8.0,16,4,5
3,4,3,4,3.5,7,1,2
29,46,29,46,37.5,75,17,22
7,1,1,7,4.0,8,6,0
18,41,18,41,29.5,59,23,16
16,20,16,20,18.0,36,4,14
4,1,1,4,2.5,5,3,0
41,19,19,41,30.0,60,22,16
4,1,1,4,2.5,5,3,0
4,6,4,6,5.0,10,2,2
1,4,1,4,2.5,5,3,0
6,1,1,6,3.5,7,5,0
20,17,17,20,18.5,37,3,14
7,1,1,7,4.0,8,6,0
5,2,2,5,3.5,7,3,1
12,11,11,12,11.5,23,1,10
18,20,18,20,19.0,38,2,17
1,11,1,11,6.0,12,10,0
15,20,15,20,17.5,35,5,14
2,61,2,61,31.5,63,59,1
1,5,1,5,3.0,6,4,0
31,17,17,31,24.0,48,14,11
6,5,5,6,5.5,11,1,3
2,4,2,4,3.0,6,2,0
18,53,18,53,35.5,71,35,16
16,8,8,16,12.0,24,8,5
13,21,13,21,17.0,34,8,11
1,5,1,5,3.0,6,4,0
1,5,1,5,3.0,6,4,0
4,1,1,4,2.5,5,3,0
2,18,2,18,10.0,20,16,1
6,2,2,6,4.0,8,4,1
1,7,1,7,4.0,8,6,0
16,6,6,16,11.0,22,10,4
5,4,4,5,4.5,9,1,0
7,10,7,10,8.5,17,3,6
7,8,7,8,7.5,15,1,5
17,17,17,17,17.0,34,0,9
9,24,9,24,16.5,33,15,8
13,9,9,13,11.0,22,4,8
4,6,4,6,5.0,10,2,3
49,49,49,49,49.0,98,0,30
7,4,4,7,5.5,11,3,3
1,6,1,6,3.5,7,5,0
51,23,23,51,37.0,74,28,21
9,19,9,19,14.0,28,10,8
28,31,28,31,29.5,59,3,19
41,19,19,41,30.0,60,22,18
4,5,4,5,4.5,9,1,3
1,5,1,5,3.0,6,4,0
13,15,13,15,14.0,28,2,12
10,7,7,10,8.5,17,3,4
1,6,1,6,3.5,7,5,0
1,11,1,11,6.0,12,10,0
6,7,6,7,6.5,13,1,5
6,2,2,6,4.0,8,4,0
1,5,1,5,3.0,6,4,0
6,8,6,8,7.0,14,2,4
6,7,6,7,6.5,13,1,4
7,6,6,7,6.5,13,1,0
20,18,18,20,19.0,38,2,15
1,6,1,6,3.5,7,5,0
15,5,5,15,10.0,20,10,4
6,7,6,7,6.5,13,1,1
6,8,6,8,7.0,14,2,5
4,5,4,5,4.5,9,1,0
23,23,23,23,23.0,46,0,21
27,30,27,30,28.5,57,3,26
4,4,4,4,4.0,8,0,0
25,11,11,25,18.0,36,14,6
7,7,7,7,7.0,14,0,4
30,1,1,30,15.5,31,29,0
8,2,2,8,5.0,10,6,0
12,5,5,12,8.5,17,7,1
8,1,1,8,4.5,9,7,0
4,1,1,4,2.5,5,3,0
46,25,25,46,35.5,71,21,21
8,1,1,8,4.5,9,7,0
6,1,1,6,3.5,7,5,0
18,19,18,19,18.5,37,1,17
7,1,1,7,4.0,8,6,0
5,1,1,5,3.0,6,4,0
26,50,26,50,38.0,76,24,24
18,28,18,28,23.0,46,10,14
46,41,41,46,43.5,87,5,39
27,26,26,27,26.5,53,1,25
13,8,8,13,10.5,21,5,7
4,1,1,4,2.5,5,3,0
1,4,1,4,2.5,5,3,0
9,9,9,9,9.0,18,0,8
6,7,6,7,6.5,13,1,4
5,9,5,9,7.0,14,4,0
1,25,1,25,13.0,26,24,0
4,1,1,4,2.5,5,3,0
4,1,1,4,2.5,5,3,0
2,4,2,4,3.0,6,2,1
1,4,1,4,2.5,5,3,0
1,7,1,7,4.0,8,6,0
12,8,8,12,10.0,20,4,7
3,7,3,7,5.0,10,4,1
2,4,2,4,3.0,6,2,1
15,15,15,15,15.0,30,0,11
7,2,2,7,4.5,9,5,1
9,13,9,13,11.0,22,4,8
11,11,11,11,11.0,22,0,3
1,11,1,11,6.0,12,10,0
7,7,7,7,7.0,14,0,3
5,1,1,5,3.0,6,4,0
32,31,31,32,31.5,63,1,24
1,66,1,66,33.5,67,65,0
2,11,2,11,6.5,13,9,0
4,1,1,4,2.5,5,3,0
1,40,1,40,20.5,41,39,0
1,6,1,6,3.5,7,5,0
2,33,2,33,17.5,35,31,1
1,7,1,7,4.0,8,6,0
1,6,1,6,3.5,7,5,0
5,6,5,6,5.5,11,1,4
32,17,17,32,24.5,49,15,13
4,7,4,7,5.5,11,3,1
1,75,1,75,38.0,76,74,0
41,44,41,44,42.5,85,3,39
8,1,1,8,4.5,9,7,0
20,20,20,20,20.0,40,0,17
1,4,1,4,2.5,5,3,0
40,32,32,40,36.0,72,8,28
5,1,1,5,3.0,6,4,0
5,1,1,5,3.0,6,4,0
1,4,1,4,2.5,5,3,0
1,4,1,4,2.5,5,3,0
1,7,1,7,4.0,8,6,0
8,1,1,8,4.5,9,7,0
30,23,23,30,26.5,53,7,21
4,4,4,4,4.0,8,0,1
43,33,33,43,38.0,76,10,27
6,2,2,6,4.0,8,4,0
11,30,11,30,20.5,41,19,9
13,1,1,13,7.0,14,12,0
2,4,2,4,3.0,6,2,0
14,33,14,33,23.5,47,19,11
1,36,1,36,18.5,37,35,0
5,5,5,5,5.0,10,0,4
2,6,2,6,4.0,8,4,0
19,12,12,19,15.5,31,7,11
4,4,4,4,4.0,8,0,3
39,38,38,39,38.5,77,1,37
9,8,8,9,8.5,17,1,6
20,1,1,20,10.5,21,19,0
33,48,33,48,40.5,81,15,30
33,41,33,41,37.0,74,8,27
1,16,1,16,8.5,17,15,0
15,1,1,15,8.0,16,14,0
16,15,15,16,15.5,31,1,11
20,19,19,20,19.5,39,1,18
1,7,1,7,4.0,8,6,0
4,1,1,4,2.5,5,3,0
16,15,15,16,15.5,31,1,13
1,13,1,13,7.0,14,12,0
5,8,5,8,6.5,13,3,4
4,1,1,4,2.5,5,3,0
16,16,16,16,16.0,32,0,15
5,1,1,5,3.0,6,4,0
8,8,8,8,8.0,16,0,3
1,22,1,22,11.5,23,21,0
10,21,10,21,15.5,31,11,9
1,4,1,4,2.5,5,3,0
40,38,38,40,39.0,78,2,34
27,23,23,27,25.0,50,4,18
3,5,3,5,4.0,8,2,2
1,5,1,5,3.0,6,4,0
4,1,1,4,2.5,5,3,0
20,45,20,45,32.5,65,25,19
1,4,1,4,2.5,5,3,0
8,10,8,10,9.0,18,2,7
14,2,2,14,8.0,16,12,0
1,4,1,4,2.5,5,3,0
9,8,8,9,8.5,17,1,7
1,61,1,61,31.0,62,60,0
4,1,1,4,2.5,5,3,0
2,11,2,11,6.5,13,9,0
5,5,5,5,5.0,10,0,2
10,15,10,15,12.5,25,5,9
13,13,13,13,13.0,26,0,9
6,6,6,6,6.0,12,0,5
17,15,15,17,16.0,32,2,13
18,14,14,18,16.0,32,4,7
11,2,2,11,6.5,13,9,0
2,9,2,9,5.5,11,7,1
1,4,1,4,2.5,5,3,0
1,36,1,36,18.5,37,35,0
13,12,12,13,12.5,25,1,10
7,1,1,7,4.0,8,6,0
7,8,7,8,7.5,15,1,6
17,10,10,17,13.5,27,7,8
5,1,1,5,3.0,6,4,0
8,4,4,8,6.0,12,4,3
1,23,1,23,12.0,24,22,0
7,1,1,7,4.0,8,6,0
19,19,19,19,19.0,38,0,16
7,8,7,8,7.5,15,1,6
42,31,31,42,36.5,73,11,24
2,14,2,14,8.0,16,12,1
3,4,3,4,3.5,7,1,1
4,2,2,4,3.0,6,2,1
8,8,8,8,8.0,16,0,7
18,17,17,18,17.5,35,1,9
9,6,6,9,7.5,15,3,4
1,10,1,10,5.5,11,9,0
5,5,5,5,5.0,10,0,4
4,5,4,5,4.5,9,1,3
26,33,26,33,29.5,59,7,22
7,8,7,8,7.5,15,1,6
1,4,1,4,2.5,5,3,0
8,10,8,10,9.0,18,2,7
4,2,2,4,3.0,6,2,0
9,8,8,9,8.5,17,1,7
10,5,5,10,7.5,15,5,4
13,10,10,13,11.5,23,3,8
1,5,1,5,3.0,6,4,0
30,33,30,33,31.5,63,3,14
39,32,32,39,35.5,71,7,30
3,7,3,7,5.0,10,4,2
7,4,4,7,5.5,11,3,3
1,25,1,25,13.0,26,24,0
38,9,9,38,23.5,47,29,6
2,16,2,16,9.0,18,14,0
15,11,11,15,13.0,26,4,9
5,4,4,5,4.5,9,1,3
5,1,1,5,3.0,6,4,0
1,4,1,4,2.5,5,3,0
5,5,5,5,5.0,10,0,3
6,19,6,19,12.5,25,13,5
6,5,5,6,5.5,11,1,0
42,24,24,42,33.0,66,18,13
21,19,19,21,20.0,40,2,16
4,4,4,4,4.0,8,0,3
16,17,16,17,16.5,33,1,13
5,14,5,14,9.5,19,9,3
7,7,7,7,7.0,14,0,5
1,11,1,11,6.0,12,10,0
11,11,11,11,11.0,22,0,8
4,2,2,4,3.0,6,2,1
6,5,5,6,5.5,11,1,4
4,6,4,6,5.0,10,2,0
2,4,2,4,3.0,6,2,1
43,16,16,43,29.5,59,27,15
12,12,12,12,12.0,24,0,11
4,1,1,4,2.5,5,3,0
6,9,6,9,7.5,15,3,5
6,11,6,11,8.5,17,5,5
5,1,1,5,3.0,6,4,0
5,2,2,5,3.5,7,3,1
1,4,1,4,2.5,5,3,0
29,36,29,36,32.5,65,7,25
10,1,1,10,5.5,11,9,0
17,12,12,17,14.5,29,5,10
4,2,2,4,3.0,6,2,0
9,9,9,9,9.0,18,0,8
5,1,1,5,3.0,6,4,0
8,1,1,8,4.5,9,7,0
7,6,6,7,6.5,13,1,3
2,4,2,4,3.0,6,2,1
5,6,5,6,5.5,11,1,4
65,20,20,65,42.5,85,45,16
7,7,7,7,7.0,14,0,6
9,19,9,19,14.0,28,10,8
1,36,1,36,18.5,37,35,0
6,5,5,6,5.5,11,1,4
14,12,12,14,13.0,26,2,11
14,6,6,14,10.0,20,8,1
1,7,1,7,4.0,8,6,0
26,35,26,35,30.5,61,9,22
1,5,1,5,3.0,6,4,0
9,9,9,9,9.0,18,0,8
9,9,9,9,9.0,18,0,7
13,1,1,13,7.0,14,12,0
1,14,1,14,7.5,15,13,0
30,13,13,30,21.5,43,17,7
1,4,1,4,2.5,5,3,0
1,13,1,13,7.0,14,12,0
6,6,6,6,6.0,12,0,5
4,1,1,4,2.5,5,3,0
17,14,14,17,15.5,31,3,13
10,12,10,12,11.0,22,2,8
3,5,3,5,4.0,8,2,2
1,4,1,4,2.5,5,3,0
1,5,1,5,3.0,6,4,0
13,13,13,13,13.0,26,0,12
4,2,2,4,3.0,6,2,0
6,6,6,6,6.0,12,0,5
5,5,5,5,5.0,10,0,4
10,1,1,10,5.5,11,9,0
6,5,5,6,5.5,11,1,2
23,23,23,23,23.0,46,0,22
6,1,1,6,3.5,7,5,0
6,6,6,6,6.0,12,0,3
11,1,1,11,6.0,12,10,0
29,19,19,29,24.0,48,10,14
7,10,7,10,8.5,17,3,6
21,18,18,21,19.5,39,3,16
5,1,1,5,3.0,6,4,0
5,5,5,5,5.0,10,0,3
5,1,1,5,3.0,6,4,0
7,5,5,7,6.0,12,2,2
1,6,1,6,3.5,7,5,0
13,14,13,14,13.5,27,1,6
5,1,1,5,3.0,6,4,0
5,5,5,5,5.0,10,0,4
1,4,1,4,2.5,5,3,0
4,1,1,4,2.5,5,3,0
1,6,1,6,3.5,7,5,0
1,7,1,7,4.0,8,6,0
34,19,19,34,26.5,53,15,15
1,12,1,12,6.5,13,11,0
1,5,1,5,3.0,6,4,0
1,4,1,4,2.5,5,3,0
6,2,2,6,4.0,8,4,1
7,14,7,14,10.5,21,7,6
1,6,1,6,3.5,7,5,0
9,1,1,9,5.0,10,8,0
1,4,1,4,2.5,5,3,0
30,32,30,32,31.0,62,2,28
13,12,12,13,12.5,25,1,11
15,14,14,15,14.5,29,1,10
1,5,1,5,3.0,6,4,0
1,5,1,5,3.0,6,4,0
1,66,1,66,33.5,67,65,0
5,4,4,5,4.5,9,1,1
34,27,27,34,30.5,61,7,25
2,4,2,4,3.0,6,2,1
5,5,5,5,5.0,10,0,4
15,34,15,34,24.5,49,19,12
6,1,1,6,3.5,7,5,0
22,20,20,22,21.0,42,2,17
8,1,1,8,4.5,9,7,0
20,22,20,22,21.0,42,2,17
4,1,1,4,2.5,5,3,0
2,12,2,12,7.0,14,10,1
12,15,12,15,13.5,27,3,4
1,9,1,9,5.0,10,8,0
31,22,22,31,26.5,53,9,21
1,6,1,6,3.5,7,5,0
16,6,6,16,11.0,22,10,0
7,3,3,7,5.0,10,4,1
1,16,1,16,8.5,17,15,0
2,5,2,5,3.5,7,3,0
16,21,16,21,18.5,37,5,14
22,18,18,22,20.0,40,4,17
6,4,4,6,5.0,10,2,2
6,5,5,6,5.5,11,1,4
1,5,1,5,3.0,6,4,0
16,24,16,24,20.0,40,8,0
22,23,22,23,22.5,45,1,20
14,12,12,14,13.0,26,2,10
4,5,4,5,4.5,9,1,3
1,6,1,6,3.5,7,5,0
7,6,6,7,6.5,13,1,5
4,1,1,4,2.5,5,3,0
1,6,1,6,3.5,7,5,0
1,8,1,8,4.5,9,7,0
6,9,6,9,7.5,15,3,5
28,28,28,28,28.0,56,0,25
3,6,3,6,4.5,9,3,2
1,4,1,4,2.5,5,3,0
4,1,1,4,2.5,5,3,0
9,9,9,9,9.0,18,0,8
11,11,11,11,11.0,22,0,10
2,6,2,6,4.0,8,4,1
6,17,6,17,11.5,23,11,5
1,4,1,4,2.5,5,3,0
22,16,16,22,19.0,38,6,11
2,7,2,7,4.5,9,5,1
5,4,4,5,4.5,9,1,0
19,1,1,19,10.0,20,18,0
9,8,8,9,8.5,17,1,2
1,6,1,6,3.5,7,5,0
4,13,4,13,8.5,17,9,0
1,5,1,5,3.0,6,4,0
7,6,6,7,6.5,13,1,4
16,7,7,16,11.5,23,9,1
32,44,32,44,38.0,76,12,27
4,1,1,4,2.5,5,3,0
4,2,2,4,3.0,6,2,1
6,55,6,55,30.5,61,49,0
15,19,15,19,17.0,34,4,14
7,7,7,7,7.0,14,0,6
14,17,14,17,15.5,31,3,13
9,4,4,9,6.5,13,5,0
1,4,1,4,2.5,5,3,0
5,6,5,6,5.5,11,1,2
17,17,17,17,17.0,34,0,13
7,5,5,7,6.0,12,2,4
1,14,1,14,7.5,15,13,0
5,5,5,5,5.0,10,0,4
17,12,12,17,14.5,29,5,11
16,10,10,16,13.0,26,6,8
1,5,1,5,3.0,6,4,0
7,5,5,7,6.0,12,2,2
1,5,1,5,3.0,6,4,0
1,5,1,5,3.0,6,4,0
6,1,1,6,3.5,7,5,0
1,9,1,9,5.0,10,8,0
4,4,4,4,4.0,8,0,3
18,22,18,22,20.0,40,4,15
2,6,2,6,4.0,8,4,1
4,1,1,4,2.5,5,3,0
5,17,5,17,11.0,22,12,0
7,1,1,7,4.0,8,6,0
4,88,4,88,46.0,92,84,1
8,6,6,8,7.0,14,2,4
4,2,2,4,3.0,6,2,1
2,5,2,5,3.5,7,3,1
5,5,5,5,5.0,10,0,3
5,1,1,5,3.0,6,4,0
1,4,1,4,2.5,5,3,0
4,1,1,4,2.5,5,3,0
5,4,4,5,4.5,9,1,1
11,7,7,11,9.0,18,4,6
8,1,1,8,4.5,9,7,0
1,11,1,11,6.0,12,10,0
11,10,10,11,10.5,21,1,9
4,2,2,4,3.0,6,2,1
9,8,8,9,8.5,17,1,6
1,20,1,20,10.5,21,19,0
6,6,6,6,6.0,12,0,3
5,6,5,6,5.5,11,1,4
1,10,1,10,5.5,11,9,0
9,9,9,9,9.0,18,0,8
7,9,7,9,8.0,16,2,6
1,4,1,4,2.5,5,3,0
22,23,22,23,22.5,45,1,20
2,4,2,4,3.0,6,2,1
5,1,1,5,3.0,6,4,0
13,17,13,17,15.0,30,4,8
10,11,10,11,10.5,21,1,9
12,10,10,12,11.0,22,2,7
5,5,5,5,5.0,10,0,2
4,15,4,15,9.5,19,11,0
2,5,2,5,3.5,7,3,0
18,16,16,18,17.0,34,2,12
29,34,29,34,31.5,63,5,18
5,2,2,5,3.5,7,3,0
5,1,1,5,3.0,6,4,0
2,18,2,18,10.0,20,16,0
4,4,4,4,4.0,8,0,3
13,27,13,27,20.0,40,14,5
51,25,25,51,38.0,76,26,24
7,14,7,14,10.5,21,7,0
14,1,1,14,7.5,15,13,0
24,18,18,24,21.0,42,6,14
6,7,6,7,6.5,13,1,4
10,1,1,10,5.5,11,9,0
17,15,15,17,16.0,32,2,14
18,23,18,23,20.5,41,5,17
1,11,1,11,6.0,12,10,0
1,8,1,8,4.5,9,7,0
1,6,1,6,3.5,7,5,0
4,1,1,4,2.5,5,3,0
31,24,24,31,27.5,55,7,18
6,6,6,6,6.0,12,0,5
1,7,1,7,4.0,8,6,0
6,2,2,6,4.0,8,4,0
7,9,7,9,8.0,16,2,6
22,31,22,31,26.5,53,9,16
4,1,1,4,2.5,5,3,0
6,7,6,7,6.5,13,1,4
5,4,4,5,4.5,9,1,2
8,1,1,8,4.5,9,7,0
4,3,3,4,3.5,7,1,2
47,48,47,48,47.5,95,1,46
8,1,1,8,4.5,9,7,0
1,4,1,4,2.5,5,3,0
6,4,4,6,5.0,10,2,1
4,14,4,14,9.0,18,10,3
4,2,2,4,3.0,6,2,0
2,6,2,6,4.0,8,4,0
1,4,1,4,2.5,5,3,0
3,11,3,11,7.0,14,8,1
1,5,1,5,3.0,6,4,0
8,6,6,8,7.0,14,2,5
9,11,9,11,10.0,20,2,8
5,5,5,5,5.0,10,0,4
8,1,1,8,4.5,9,7,0
21,21,21,21,21.0,42,0,20
7,8,7,8,7.5,15,1,6
1,10,1,10,5.5,11,9,0
1,12,1,12,6.5,13,11,0
7,8,7,8,7.5,15,1,6
14,2,2,14,8.0,16,12,0
16,16,16,16,16.0,32,0,11
9,2,2,9,5.5,11,7,0
6,3,3,6,4.5,9,3,2
5,1,1,5,3.0,6,4,0
17,15,15,17,16.0,32,2,13
4,2,2,4,3.0,6,2,0
15,12,12,15,13.5,27,3,9
2,5,2,5,3.5,7,3,1
1,10,1,10,5.5,11,9,0
12,4,4,12,8.0,16,8,2
12,15,12,15,13.5,27,3,10
1,4,1,4,2.5,5,3,0
5,3,3,5,4.0,8,2,0
2,6,2,6,4.0,8,4,0
4,5,4,5,4.5,9,1,3
1,10,1,10,5.5,11,9,0
6,5,5,6,5.5,11,1,3
24,38,24,38,31.0,62,14,19
1,9,1,9,5.0,10,8,0
37,29,29,37,33.0,66,8,23
3,21,3,21,12.0,24,18,0
8,8,8,8,8.0,16,0,5
1,5,1,5,3.0,6,4,0
3,21,3,21,12.0,24,18,2
9,2,2,9,5.5,11,7,1
1,5,1,5,3.0,6,4,0
1,9,1,9,5.0,10,8,0
5,1,1,5,3.0,6,4,0
2,5,2,5,3.5,7,3,1
10,13,10,13,11.5,23,3,9
26,26,26,26,26.0,52,0,25
3,6,3,6,4.5,9,3,2
1,7,1,7,4.0,8,6,0
7,2,2,7,4.5,9,5,1
26,26,26,26,26.0,52,0,25
13,14,13,14,13.5,27,1,11
12,15,12,15,13.5,27,3,9
8,6,6,8,7.0,14,2,5
7,6,6,7,6.5,13,1,5
1,5,1,5,3.0,6,4,0
20,29,20,29,24.5,49,9,17
6,1,1,6,3.5,7,5,0
1,5,1,5,3.0,6,4,0
1,22,1,22,11.5,23,21,0
5,2,2,5,3.5,7,3,0
29,37,29,37,33.0,66,8,21
24,19,19,24,21.5,43,5,18
4,8,4,8,6.0,12,4,2
1,6,1,6,3.5,7,5,0
4,1,1,4,2.5,5,3,0
6,4,4,6,5.0,10,2,3
22,7,7,22,14.5,29,15,6
7,6,6,7,6.5,13,1,5
8,1,1,8,4.5,9,7,0
7,1,1,7,4.0,8,6,0
1,4,1,4,2.5,5,3,0
11,8,8,11,9.5,19,3,5
4,5,4,5,4.5,9,1,3
16,26,16,26,21.0,42,10,14
1,4,1,4,2.5,5,3,0
10,15,10,15,12.5,25,5,9
5,4,4,5,4.5,9,1,3
3,4,3,4,3.5,7,1,2
5,1,1,5,3.0,6,4,0
4,1,1,4,2.5,5,3,0
10,18,10,18,14.0,28,8,5
4,1,1,4,2.5,5,3,0
8,8,8,8,8.0,16,0,7
1,23,1,23,12.0,24,22,0
17,20,17,20,18.5,37,3,12
4,5,4,5,4.5,9,1,3
5,5,5,5,5.0,10,0,4
6,6,6,6,6.0,12,0,5
9,8,8,9,8.5,17,1,7
13,13,13,13,13.0,26,0,11
1,5,1,5,3.0,6,4,0
1,5,1,5,3.0,6,4,0
1,4,1,4,2.5,5,3,0
1,4,1,4,2.5,5,3,0
9,6,6,9,7.5,15,3,3
11,10,10,11,10.5,21,1,8
6,1,1,6,3.5,7,5,0
11,11,11,11,11.0,22,0,9
13,13,13,13,13.0,26,0,12
6,1,1,6,3.5,7,5,0
16,3,3,16,9.5,19,13,0
15,17,15,17,16.0,32,2,14
3,5,3,5,4.0,8,2,2
25,17,17,25,21.0,42,8,14
1,5,1,5,3.0,6,4,0
8,1,1,8,4.5,9,7,0
1,36,1,36,18.5,37,35,0
11,11,11,11,11.0,22,0,10
5,1,1,5,3.0,6,4,0
6,7,6,7,6.5,13,1,5
1,7,1,7,4.0,8,6,0
26,26,26,26,26.0,52,0,25
4,3,3,4,3.5,7,1,2
13,13,13,13,13.0,26,0,12
4,1,1,4,2.5,5,3,0
1,19,1,19,10.0,20,18,0
12,1,1,12,6.5,13,11,0
2,10,2,10,6.0,12,8,0
17,7,7,17,12.0,24,10,3
14,14,14,14,14.0,28,0,12
8,5,5,8,6.5,13,3,1
1,7,1,7,4.0,8,6,0
7,31,7,31,19.0,38,24,5
1,4,1,4,2.5,5,3,0
20,10,10,20,15.0,30,10,9
6,5,5,6,5.5,11,1,3
6,5,5,6,5.5,11,1,4
4,1,1,4,2.5,5,3,0
2,4,2,4,3.0,6,2,1
8,9,8,9,8.5,17,1,6
1,5,1,5,3.0,6,4,0
17,13,13,17,15.0,30,4,10
18,14,14,18,16.0,32,4,5
16,2,2,16,9.0,18,14,1
1,9,1,9,5.0,10,8,0
4,1,1,4,2.5,5,3,0
4,1,1,4,2.5,5,3,0
38,26,26,38,32.0,64,12,20
37,47,37,47,42.0,84,10,31
6,6,6,6,6.0,12,0,5
1,6,1,6,3.5,7,5,0
4,6,4,6,5.0,10,2,3
13,52,13,52,32.5,65,39,4
5,17,5,17,11.0,22,12,1
18,6,6,18,12.0,24,12,3
1,5,1,5,3.0,6,4,0
13,12,12,13,12.5,25,1,11
29,66,29,66,47.5,95,37,22
2,4,2,4,3.0,6,2,0
7,5,5,7,6.0,12,2,1
6,1,1,6,3.5,7,5,0
1,18,1,18,9.5,19,17,0
1,4,1,4,2.5,5,3,0
1,11,1,11,6.0,12,10,0
5,1,1,5,3.0,6,4,0
4,1,1,4,2.5,5,3,0
4,2,2,4,3.0,6,2,1
6,5,5,6,5.5,11,1,4
4,2,2,4,3.0,6,2,0
32,32,32,32,32.0,64,0,30
39,44,39,44,41.5,83,5,38
7,1,1,7,4.0,8,6,0
1,4,1,4,2.5,5,3,0
5,6,5,6,5.5,11,1,4
12,13,12,13,12.5,25,1,10
10,9,9,10,9.5,19,1,8
17,7,7,17,12.0,24,10,5
41,49,41,49,45.0,90,8,24
23,33,23,33,28.0,56,10,19
13,11,11,13,12.0,24,2,9
1,5,1,5,3.0,6,4,0
6,2,2,6,4.0,8,4,0
1,10,1,10,5.5,11,9,0
9,8,8,9,8.5,17,1,6
6,1,1,6,3.5,7,5,0
6,4,4,6,5.0,10,2,3
4,1,1,4,2.5,5,3,0
4,1,1,4,2.5,5,3,0
44,1,1,44,22.5,45,43,0
7,2,2,7,4.5,9,5,1
1,4,1,4,2.5,5,3,0
6,5,5,6,5.5,11,1,4
6,1,1,6,3.5,7,5,0
4,4,4,4,4.0,8,0,3
17,14,14,17,15.5,31,3,12
5,5,5,5,5.0,10,0,4
4,2,2,4,3.0,6,2,1
1,44,1,44,22.5,45,43,0
14,17,14,17,15.5,31,3,7
1,6,1,6,3.5,7,5,0
26,27,26,27,26.5,53,1,25
4,5,4,5,4.5,9,1,3
1,7,1,7,4.0,8,6,0
2,8,2,8,5.0,10,6,0
10,5,5,10,7.5,15,5,4
6,1,1,6,3.5,7,5,0
16,21,16,21,18.5,37,5,14
4,6,4,6,5.0,10,2,2
8,9,8,9,8.5,17,1,7
8,9,8,9,8.5,17,1,7
4,1,1,4,2.5,5,3,0
1,44,1,44,22.5,45,43,0
4,1,1,4,2.5,5,3,0
7,7,7,7,7.0,14,0,0
15,11,11,15,13.0,26,4,6
2,8,2,8,5.0,10,6,0
20,4,4,20,12.0,24,16,0
3,8,3,8,5.5,11,5,2
6,8,6,8,7.0,14,2,5
8,6,6,8,7.0,14,2,4
1,6,1,6,3.5,7,5,0
4,5,4,5,4.5,9,1,3
4,5,4,5,4.5,9,1,2
5,1,1,5,3.0,6,4,0
4,4,4,4,4.0,8,0,3
21,18,18,21,19.5,39,3,17
14,14,14,14,14.0,28,0,13
2,7,2,7,4.5,9,5,0
4,5,4,5,4.5,9,1,1
5,8,5,8,6.5,13,3,2
4,8,4,8,6.0,12,4,3
16,22,16,22,19.0,38,6,9
6,4,4,6,5.0,10,2,3
38,38,38,38,38.0,76,0,29
15,22,15,22,18.5,37,7,9
2,4,2,4,3.0,6,2,1
5,1,1,5,3.0,6,4,0
1,15,1,15,8.0,16,14,0
5,4,4,5,4.5,9,1,3
6,6,6,6,6.0,12,0,5
25,18,18,25,21.5,43,7,14
4,5,4,5,4.5,9,1,2
1,7,1,7,4.0,8,6,0
2,13,2,13,7.5,15,11,0
32,23,23,32,27.5,55,9,5
8,7,7,8,7.5,15,1,0
3,4,3,4,3.5,7,1,2
5,8,5,8,6.5,13,3,1
21,21,21,21,21.0,42,0,15
1,6,1,6,3.5,7,5,0
5,7,5,7,6.0,12,2,4
2,6,2,6,4.0,8,4,1
16,4,4,16,10.0,20,12,3
4,1,1,4,2.5,5,3,0
14,13,13,14,13.5,27,1,8
5,5,5,5,5.0,10,0,4
12,8,8,12,10.0,20,4,7
4,1,1,4,2.5,5,3,0
4,1,1,4,2.5,5,3,0
4,1,1,4,2.5,5,3,0
7,2,2,7,4.5,9,5,1
42,38,38,42,40.0,80,4,27
2,5,2,5,3.5,7,3,1
8,1,1,8,4.5,9,7,0
42,27,27,42,34.5,69,15,26
7,7,7,7,7.0,14,0,6
5,1,1,5,3.0,6,4,0
12,6,6,12,9.0,18,6,5
7,12,7,12,9.5,19,5,6
1,14,1,14,7.5,15,13,0
4,1,1,4,2.5,5,3,0
5,1,1,5,3.0,6,4,0
4,1,1,4,2.5,5,3,0
12,11,11,12,11.5,23,1,9
1,4,1,4,2.5,5,3,0
8,7,7,8,7.5,15,1,4
14,38,14,38,26.0,52,24,13
5,5,5,5,5.0,10,0,0
2,6,2,6,4.0,8,4,1
1,5,1,5,3.0,6,4,0
1,146,1,146,73.5,147,145,0
31,29,29,31,30.0,60,2,27
26,24,24,26,25.0,50,2,19
4,6,4,6,5.0,10,2,3
43,44,43,44,43.5,87,1,39
2,14,2,14,8.0,16,12,1
16,18,16,18,17.0,34,2,14
3,9,3,9,6.0,12,6,1
4,4,4,4,4.0,8,0,3
7,5,5,7,6.0,12,2,4
5,5,5,5,5.0,10,0,0
8,1,1,8,4.5,9,7,0
13,11,11,13,12.0,24,2,7
4,6,4,6,5.0,10,2,0
19,14,14,19,16.5,33,5,9
22,21,21,22,21.5,43,1,19
4,1,1,4,2.5,5,3,0
1,4,1,4,2.5,5,3,0
6,6,6,6,6.0,12,0,0
2,4,2,4,3.0,6,2,1
6,10,6,10,8.0,16,4,4
12,12,12,12,12.0,24,0,11
1,5,1,5,3.0,6,4,0
4,5,4,5,4.5,9,1,2
4,5,4,5,4.5,9,1,1
4,4,4,4,4.0,8,0,3
10,10,10,10,10.0,20,0,9
16,33,16,33,24.5,49,17,12
10,1,1,10,5.5,11,9,0
8,7,7,8,7.5,15,1,4
8,11,8,11,9.5,19,3,6
6,1,1,6,3.5,7,5,0
1,77,1,77,39.0,78,76,0
22,23,22,23,22.5,45,1,18
1,4,1,4,2.5,5,3,0
4,7,4,7,5.5,11,3,3
4,4,4,4,4.0,8,0,3
3,7,3,7,5.0,10,4,2
38,51,38,51,44.5,89,13,20
5,1,1,5,3.0,6,4,0
1,4,1,4,2.5,5,3,0
19,32,19,32,25.5,51,13,17
5,6,5,6,5.5,11,1,1
1,5,1,5,3.0,6,4,0
1,11,1,11,6.0,12,10,0
8,7,7,8,7.5,15,1,1
1,6,1,6,3.5,7,5,0
14,1,1,14,7.5,15,13,0
4,1,1,4,2.5,5,3,0
17,16,16,17,16.5,33,1,12
54,32,32,54,43.0,86,22,26
7,6,6,7,6.5,13,1,4
1,4,1,4,2.5,5,3,0
2,7,2,7,4.5,9,5,1
7,25,7,25,16.0,32,18,6
8,10,8,10,9.0,18,2,7
4,5,4,5,4.5,9,1,3
4,26,4,26,15.0,30,22,0
4,4,4,4,4.0,8,0,3
6,2,2,6,4.0,8,4,0
8,5,5,8,6.5,13,3,3
4,1,1,4,2.5,5,3,0
19,21,19,21,20.0,40,2,18
10,6,6,10,8.0,16,4,4
4,16,4,16,10.0,20,12,0
6,8,6,8,7.0,14,2,5
1,52,1,52,26.5,53,51,0
1,7,1,7,4.0,8,6,0
11,11,11,11,11.0,22,0,6
7,5,5,7,6.0,12,2,3
42,44,42,44,43.0,86,2,39
8,9,8,9,8.5,17,1,5
1,28,1,28,14.5,29,27,0
14,8,8,14,11.0,22,6,6
1,4,1,4,2.5,5,3,0
10,10,10,10,10.0,20,0,7
24,26,24,26,25.0,50,2,22
11,9,9,11,10.0,20,2,7
5,6,5,6,5.5,11,1,4
4,5,4,5,4.5,9,1,2
1,17,1,17,9.0,18,16,0
8,1,1,8,4.5,9,7,0
19,13,13,19,16.0,32,6,12
41,43,41,43,42.0,84,2,40
5,5,5,5,5.0,10,0,3
6,4,4,6,5.0,10,2,2
1,4,1,4,2.5,5,3,0
4,1,1,4,2.5,5,3,0
1,4,1,4,2.5,5,3,0
1,12,1,12,6.5,13,11,0
4,2,2,4,3.0,6,2,1
4,1,1,4,2.5,5,3,0
18,35,18,35,26.5,53,17,16
5,5,5,5,5.0,10,0,2
5,2,2,5,3.5,7,3,1
2,5,2,5,3.5,7,3,1
4,16,4,16,10.0,20,12,1
10,9,9,10,9.5,19,1,5
6,6,6,6,6.0,12,0,0
26,27,26,27,26.5,53,1,25
12,18,12,18,15.0,30,6,11
1,4,1,4,2.5,5,3,0
10,12,10,12,11.0,22,2,5
7,2,2,7,4.5,9,5,0
9,10,9,10,9.5,19,1,5
11,11,11,11,11.0,22,0,9
2,5,2,5,3.5,7,3,1
10,1,1,10,5.5,11,9,0
18,17,17,18,17.5,35,1,16
1,4,1,4,2.5,5,3,0
1,5,1,5,3.0,6,4,0
11,13,11,13,12.0,24,2,9
1,4,1,4,2.5,5,3,0
9,18,9,18,13.5,27,9,6
2,6,2,6,4.0,8,4,1
12,12,12,12,12.0,24,0,11
13,15,13,15,14.0,28,2,12
13,2,2,13,7.5,15,11,0
24,39,24,39,31.5,63,15,11
5,1,1,5,3.0,6,4,0
1,11,1,11,6.0,12,10,0
4,1,1,4,2.5,5,3,0
14,24,14,24,19.0,38,10,8
4,6,4,6,5.0,10,2,0
5,1,1,5,3.0,6,4,0
21,22,21,22,21.5,43,1,14
10,7,7,10,8.5,17,3,5
15,1,1,15,8.0,16,14,0
5,5,5,5,5.0,10,0,3
14,18,14,18,16.0,32,4,6
8,4,4,8,6.0,12,4,3
4,2,2,4,3.0,6,2,0
3,5,3,5,4.0,8,2,2
5,4,4,5,4.5,9,1,3
3,4,3,4,3.5,7,1,2
6,6,6,6,6.0,12,0,5
4,1,1,4,2.5,5,3,0
4,2,2,4,3.0,6,2,1
18,8,8,18,13.0,26,10,6
9,2,2,9,5.5,11,7,1
3,4,3,4,3.5,7,1,2
5,5,5,5,5.0,10,0,4
5,7,5,7,6.0,12,2,4
40,32,32,40,36.0,72,8,23
8,24,8,24,16.0,32,16,4
42,35,35,42,38.5,77,7,21
8,6,6,8,7.0,14,2,5
39,21,21,39,30.0,60,18,18
15,6,6,15,10.5,21,9,5
39,43,39,43,41.0,82,4,38
8,14,8,14,11.0,22,6,4
5,5,5,5,5.0,10,0,4
8,7,7,8,7.5,15,1,6
8,7,7,8,7.5,15,1,4
5,1,1,5,3.0,6,4,0
1,4,1,4,2.5,5,3,0
4,1,1,4,2.5,5,3,0
1,9,1,9,5.0,10,8,0
10,1,1,10,5.5,11,9,0
6,11,6,11,8.5,17,5,4
6,3,3,6,4.5,9,3,0
21,19,19,21,20.0,40,2,18
1,26,1,26,13.5,27,25,0
19,17,17,19,18.0,36,2,15
4,4,4,4,4.0,8,0,3
1,22,1,22,11.5,23,21,0
25,17,17,25,21.0,42,8,16
17,23,17,23,20.0,40,6,16
15,32,15,32,23.5,47,17,11
1,7,1,7,4.0,8,6,0
6,6,6,6,6.0,12,0,0
1,5,1,5,3.0,6,4,0
20,19,19,20,19.5,39,1,14
11,17,11,17,14.0,28,6,4
5,5,5,5,5.0,10,0,4
15,14,14,15,14.5,29,1,13
1,4,1,4,2.5,5,3,0
4,2,2,4,3.0,6,2,1
5,1,1,5,3.0,6,4,0
5,1,1,5,3.0,6,4,0
4,6,4,6,5.0,10,2,3
9,1,1,9,5.0,10,8,0
10,1,1,10,5.5,11,9,0
12,11,11,12,11.5,23,1,10
9,8,8,9,8.5,17,1,7
8,4,4,8,6.0,12,4,2
7,1,1,7,4.0,8,6,0
10,8,8,10,9.0,18,2,6
31,27,27,31,29.0,58,4,26
1,4,1,4,2.5,5,3,0
10,1,1,10,5.5,11,9,0
19,19,19,19,19.0,38,0,17
8,8,8,8,8.0,16,0,7
14,10,10,14,12.0,24,4,5
1,10,1,10,5.5,11,9,0
3,5,3,5,4.0,8,2,2
1,5,1,5,3.0,6,4,0
1,8,1,8,4.5,9,7,0
1,9,1,9,5.0,10,8,0
4,1,1,4,2.5,5,3,0
1,12,1,12,6.5,13,11,0
1,19,1,19,10.0,20,18,0
1,9,1,9,5.0,10,8,0
7,2,2,7,4.5,9,5,1
5,5,5,5,5.0,10,0,3
14,7,7,14,10.5,21,7,4
11,6,6,11,8.5,17,5,4
16,13,13,16,14.5,29,3,10
14,16,14,16,15.0,30,2,12
5,1,1,5,3.0,6,4,0
12,1,1,12,6.5,13,11,0
4,3,3,4,3.5,7,1,2
6,6,6,6,6.0,12,0,5
1,7,1,7,4.0,8,6,0
13,14,13,14,13.5,27,1,12
5,5,5,5,5.0,10,0,4
12,16,12,16,14.0,28,4,11
5,8,5,8,6.5,13,3,4
10,10,10,10,10.0,20,0,9
30,33,30,33,31.5,63,3,28
1,5,1,5,3.0,6,4,0
1,40,1,40,20.5,41,39,0
1,5,1,5,3.0,6,4,0
4,4,4,4,4.0,8,0,3
1,65,1,65,33.0,66,64,0
1,6,1,6,3.5,7,5,0
10,7,7,10,8.5,17,3,6
10,1,1,10,5.5,11,9,0
5,4,4,5,4.5,9,1,3
18,11,11,18,14.5,29,7,9
17,18,17,18,17.5,35,1,9
12,3,3,12,7.5,15,9,2
1,19,1,19,10.0,20,18,0
5,5,5,5,5.0,10,0,0
4,1,1,4,2.5,5,3,0
13,13,13,13,13.0,26,0,12
6,1,1,6,3.5,7,5,0
26,20,20,26,23.0,46,6,17
2,6,2,6,4.0,8,4,0
29,16,16,29,22.5,45,13,13
5,2,2,5,3.5,7,3,1
6,2,2,6,4.0,8,4,0
5,1,1,5,3.0,6,4,0
21,25,21,25,23.0,46,4,19
12,5,5,12,8.5,17,7,4
4,1,1,4,2.5,5,3,0
4,1,1,4,2.5,5,3,0
5,3,3,5,4.0,8,2,0
2,4,2,4,3.0,6,2,1
6,4,4,6,5.0,10,2,2
6,1,1,6,3.5,7,5,0
5,1,1,5,3.0,6,4,0
4,1,1,4,2.5,5,3,0
11,11,11,11,11.0,22,0,10
7,11,7,11,9.0,18,4,5
1,11,1,11,6.0,12,10,0
9,11,9,11,10.0,20,2,7
5,1,1,5,3.0,6,4,0
5,5,5,5,5.0,10,0,1
7,5,5,7,6.0,12,2,4
11,19,11,19,15.0,30,8,10
1,4,1,4,2.5,5,3,0
11,12,11,12,11.5,23,1,10
1,39,1,39,20.0,40,38,0
5,7,5,7,6.0,12,2,2
10,12,10,12,11.0,22,2,9
1,6,1,6,3.5,7,5,0
1,11,1,11,6.0,12,10,0
1,9,1,9,5.0,10,8,0
1,12,1,12,6.5,13,11,0
4,7,4,7,5.5,11,3,0
31,47,31,47,39.0,78,16,28
18,22,18,22,20.0,40,4,15
34,41,34,41,37.5,75,7,25
37,25,25,37,31.0,62,12,21
5,6,5,6,5.5,11,1,3
1,6,1,6,3.5,7,5,0
25,27,25,27,26.0,52,2,24
1,5,1,5,3.0,6,4,0
4,1,1,4,2.5,5,3,0
2,5,2,5,3.5,7,3,1
5,1,1,5,3.0,6,4,0
31,31,31,31,31.0,62,0,30
4,16,4,16,10.0,20,12,3
1,5,1,5,3.0,6,4,0
9,1,1,9,5.0,10,8,0
10,9,9,10,9.5,19,1,8
2,21,2,21,11.5,23,19,1
4,1,1,4,2.5,5,3,0
4,15,4,15,9.5,19,11,0
1,4,1,4,2.5,5,3,0
32,31,31,32,31.5,63,1,24
7,1,1,7,4.0,8,6,0
8,16,8,16,12.0,24,8,6
7,7,7,7,7.0,14,0,5
3,6,3,6,4.5,9,3,2
1,5,1,5,3.0,6,4,0
12,12,12,12,12.0,24,0,11
5,1,1,5,3.0,6,4,0
18,21,18,21,19.5,39,3,16
4,4,4,4,4.0,8,0,3
4,1,1,4,2.5,5,3,0
4,1,1,4,2.5,5,3,0
32,48,32,48,40.0,80,16,29
4,1,1,4,2.5,5,3,0
11,11,11,11,11.0,22,0,2
8,4,4,8,6.0,12,4,1
1,7,1,7,4.0,8,6,0
11,4,4,11,7.5,15,7,0
5,2,2,5,3.5,7,3,1
12,5,5,12,8.5,17,7,4
1,4,1,4,2.5,5,3,0
1,11,1,11,6.0,12,10,0
1,6,1,6,3.5,7,5,0
10,6,6,10,8.0,16,4,4
21,8,8,21,14.5,29,13,6
39,29,29,39,34.0,68,10,24
4,4,4,4,4.0,8,0,3
1,6,1,6,3.5,7,5,0
1,7,1,7,4.0,8,6,0
14,7,7,14,10.5,21,7,0
13,12,12,13,12.5,25,1,7
14,2,2,14,8.0,16,12,1
6,8,6,8,7.0,14,2,5
7,7,7,7,7.0,14,0,6
5,5,5,5,5.0,10,0,2
26,1,1,26,13.5,27,25,0
8,5,5,8,6.5,13,3,0
1,4,1,4,2.5,5,3,0
39,36,36,39,37.5,75,3,31
13,11,11,13,12.0,24,2,10
7,1,1,7,4.0,8,6,0
11,5,5,11,8.0,16,6,4
2,5,2,5,3.5,7,3,1
12,9,9,12,10.5,21,3,8
1,6,1,6,3.5,7,5,0
2,10,2,10,6.0,12,8,0
13,17,13,17,15.0,30,4,9
10,5,5,10,7.5,15,5,0
7,5,5,7,6.0,12,2,4
6,7,6,7,6.5,13,1,5
2,11,2,11,6.5,13,9,0
19,1,1,19,10.0,20,18,0
6,4,4,6,5.0,10,2,1
49,39,39,49,44.0,88,10,34
2,4,2,4,3.0,6,2,1
12,15,12,15,13.5,27,3,11
1,15,1,15,8.0,16,14,0
4,1,1,4,2.5,5,3,0
19,7,7,19,13.0,26,12,5
6,1,1,6,3.5,7,5,0
1,5,1,5,3.0,6,4,0
3,4,3,4,3.5,7,1,2
6,12,6,12,9.0,18,6,5
1,23,1,23,12.0,24,22,0
1,8,1,8,4.5,9,7,0
13,16,13,16,14.5,29,3,6
1,8,1,8,4.5,9,7,0
2,9,2,9,5.5,11,7,0
27,27,27,27,27.0,54,0,21
1,12,1,12,6.5,13,11,0
27,30,27,30,28.5,57,3,2
5,1,1,5,3.0,6,4,0
15,22,15,22,18.5,37,7,14
6,11,6,11,8.5,17,5,5
7,6,6,7,6.5,13,1,3
32,18,18,32,25.0,50,14,13
31,6,6,31,18.5,37,25,5
20,16,16,20,18.0,36,4,15
6,29,6,29,17.5,35,23,5
8,11,8,11,9.5,19,3,4
13,17,13,17,15.0,30,4,12
13,4,4,13,8.5,17,9,1
33,17,17,33,25.0,50,16,12
4,4,4,4,4.0,8,0,2
9,7,7,9,8.0,16,2,2
22,15,15,22,18.5,37,7,12
22,12,12,22,17.0,34,10,10
5,1,1,5,3.0,6,4,0
2,7,2,7,4.5,9,5,1
7,4,4,7,5.5,11,3,2
6,5,5,6,5.5,11,1,2
4,3,3,4,3.5,7,1,2
4,4,4,4,4.0,8,0,3
27,34,27,34,30.5,61,7,25
1,5,1,5,3.0,6,4,0
5,4,4,5,4.5,9,1,3
17,14,14,17,15.5,31,3,13
5,1,1,5,3.0,6,4,0
17,17,17,17,17.0,34,0,10
3,5,3,5,4.0,8,2,0
11,20,11,20,15.5,31,9,10
1,9,1,9,5.0,10,8,0
6,1,1,6,3.5,7,5,0
11,13,11,13,12.0,24,2,10
1,6,1,6,3.5,7,5,0
5,1,1,5,3.0,6,4,0
10,5,5,10,7.5,15,5,3
1,6,1,6,3.5,7,5,0
4,1,1,4,2.5,5,3,0
7,6,6,7,6.5,13,1,4
4,6,4,6,5.0,10,2,3
49,21,21,49,35.0,70,28,20
4,6,4,6,5.0,10,2,1
1,4,1,4,2.5,5,3,0
8,12,8,12,10.0,20,4,5
10,10,10,10,10.0,20,0,9
4,3,3,4,3.5,7,1,2
5,1,1,5,3.0,6,4,0
20,19,19,20,19.5,39,1,18
4,1,1,4,2.5,5,3,0
5,8,5,8,6.5,13,3,4
1,4,1,4,2.5,5,3,0
5,4,4,5,4.5,9,1,3
5,5,5,5,5.0,10,0,4
4,1,1,4,2.5,5,3,0
3,7,3,7,5.0,10,4,1
1,88,1,88,44.5,89,87,0
3,4,3,4,3.5,7,1,2
5,3,3,5,4.0,8,2,2
14,2,2,14,8.0,16,12,0
6,7,6,7,6.5,13,1,5
8,1,1,8,4.5,9,7,0
6,4,4,6,5.0,10,2,0
1,4,1,4,2.5,5,3,0
1,4,1,4,2.5,5,3,0
15,61,15,61,38.0,76,46,13
1,6,1,6,3.5,7,5,0
20,23,20,23,21.5,43,3,19
10,1,1,10,5.5,11,9,0
9,8,8,9,8.5,17,1,6
6,8,6,8,7.0,14,2,5
4,5,4,5,4.5,9,1,3
1,6,1,6,3.5,7,5,0
5,6,5,6,5.5,11,1,4
15,27,15,27,21.0,42,12,14
7,4,4,7,5.5,11,3,3
19,16,16,19,17.5,35,3,14
3,8,3,8,5.5,11,5,1
11,11,11,11,11.0,22,0,0
12,3,3,12,7.5,15,9,1
9,2,2,9,5.5,11,7,1
12,6,6,12,9.0,18,6,5
5,1,1,5,3.0,6,4,0
5,5,5,5,5.0,10,0,4
10,8,8,10,9.0,18,2,6
6,7,6,7,6.5,13,1,5
14,11,11,14,12.5,25,3,10
5,3,3,5,4.0,8,2,2
4,1,1,4,2.5,5,3,0
4,1,1,4,2.5,5,3,0
7,6,6,7,6.5,13,1,0
18,18,18,18,18.0,36,0,17
3,6,3,6,4.5,9,3,2
1,27,1,27,14.0,28,26,0
9,9,9,9,9.0,18,0,8
25,25,25,25,25.0,50,0,22
4,4,4,4,4.0,8,0,3
5,1,1,5,3.0,6,4,0
10,11,10,11,10.5,21,1,4
27,26,26,27,26.5,53,1,25
4,43,4,43,23.5,47,39,0
24,28,24,28,26.0,52,4,20
3,16,3,16,9.5,19,13,0
19,22,19,22,20.5,41,3,13
32,33,32,33,32.5,65,1,18
24,20,20,24,22.0,44,4,19
27,15,15,27,21.0,42,12,14
45,18,18,45,31.5,63,27,12
7,1,1,7,4.0,8,6,0
4,1,1,4,2.5,5,3,0
16,16,16,16,16.0,32,0,14
4,4,4,4,4.0,8,0,1
5,5,5,5,5.0,10,0,4
11,14,11,14,12.5,25,3,9
27,27,27,27,27.0,54,0,26
5,1,1,5,3.0,6,4,0
10,7,7,10,8.5,17,3,6
1,4,1,4,2.5,5,3,0
9,9,9,9,9.0,18,0,8
4,5,4,5,4.5,9,1,3
4,1,1,4,2.5,5,3,0
1,11,1,11,6.0,12,10,0
22,28,22,28,25.0,50,6,21
5,9,5,9,7.0,14,4,3
1,5,1,5,3.0,6,4,0
2,6,2,6,4.0,8,4,0
1,17,1,17,9.0,18,16,0
4,1,1,4,2.5,5,3,0
27,11,11,27,19.0,38,16,9
6,6,6,6,6.0,12,0,5
1,4,1,4,2.5,5,3,0
6,12,6,12,9.0,18,6,3
4,1,1,4,2.5,5,3,0
1,5,1,5,3.0,6,4,0
1,6,1,6,3.5,7,5,0
1,4,1,4,2.5,5,3,0
7,33,7,33,20.0,40,26,5
12,8,8,12,10.0,20,4,5
4,5,4,5,4.5,9,1,2
5,5,5,5,5.0,10,0,4
6,4,4,6,5.0,10,2,3
19,18,18,19,18.5,37,1,17
3,9,3,9,6.0,12,6,2
4,5,4,5,4.5,9,1,3
3,13,3,13,8.0,16,10,2
4,4,4,4,4.0,8,0,3
11,19,11,19,15.0,30,8,9
12,14,12,14,13.0,26,2,8
5,7,5,7,6.0,12,2,4
7,2,2,7,4.5,9,5,1
6,1,1,6,3.5,7,5,0
4,3,3,4,3.5,7,1,2
5,5,5,5,5.0,10,0,4
8,13,8,13,10.5,21,5,7
26,27,26,27,26.5,53,1,23
5,2,2,5,3.5,7,3,1
13,9,9,13,11.0,22,4,6
10,11,10,11,10.5,21,1,5
6,5,5,6,5.5,11,1,3
37,38,37,38,37.5,75,1,31
6,15,6,15,10.5,21,9,5
1,4,1,4,2.5,5,3,0
3,9,3,9,6.0,12,6,1
4,3,3,4,3.5,7,1,2
6,9,6,9,7.5,15,3,3
9,7,7,9,8.0,16,2,6
7,5,5,7,6.0,12,2,3
7,5,5,7,6.0,12,2,0
8,9,8,9,8.5,17,1,3
1,4,1,4,2.5,5,3,0
41,39,39,41,40.0,80,2,35
2,6,2,6,4.0,8,4,1
1,4,1,4,2.5,5,3,0
15,16,15,16,15.5,31,1,14
5,1,1,5,3.0,6,4,0
7,7,7,7,7.0,14,0,4
1,13,1,13,7.0,14,12,0
7,2,2,7,4.5,9,5,1
19,31,19,31,25.0,50,12,14
5,1,1,5,3.0,6,4,0
1,8,1,8,4.5,9,7,0
5,3,3,5,4.0,8,2,2
5,5,5,5,5.0,10,0,4
21,19,19,21,20.0,40,2,18
24,1,1,24,12.5,25,23,0
7,11,7,11,9.0,18,4,5
1,6,1,6,3.5,7,5,0
7,3,3,7,5.0,10,4,2
2,6,2,6,4.0,8,4,1
17,9,9,17,13.0,26,8,7
8,8,8,8,8.0,16,0,7
5,5,5,5,5.0,10,0,3
5,1,1,5,3.0,6,4,0
34,29,29,34,31.5,63,5,24
7,7,7,7,7.0,14,0,6
1,4,1,4,2.5,5,3,0
7,9,7,9,8.0,16,2,6
5,8,5,8,6.5,13,3,4
2,4,2,4,3.0,6,2,0
1,10,1,10,5.5,11,9,0
1,4,1,4,2.5,5,3,0
4,1,1,4,2.5,5,3,0
1,5,1,5,3.0,6,4,0
6,7,6,7,6.5,13,1,3
1,4,1,4,2.5,5,3,0
5,4,4,5,4.5,9,1,3
7,7,7,7,7.0,14,0,6
1,9,1,9,5.0,10,8,0
4,1,1,4,2.5,5,3,0
4,6,4,6,5.0,10,2,2
14,2,2,14,8.0,16,12,0
12,1,1,12,6.5,13,11,0
4,1,1,4,2.5,5,3,0
1,7,1,7,4.0,8,6,0
1,7,1,7,4.0,8,6,0
19,9,9,19,14.0,28,10,8
12,8,8,12,10.0,20,4,7
4,1,1,4,2.5,5,3,0
19,24,19,24,21.5,43,5,14
1,7,1,7,4.0,8,6,0
1,14,1,14,7.5,15,13,0
10,6,6,10,8.0,16,4,3
6,13,6,13,9.5,19,7,5
6,7,6,7,6.5,13,1,3
25,50,25,50,37.5,75,25,13
6,2,2,6,4.0,8,4,1
1,16,1,16,8.5,17,15,0
10,1,1,10,5.5,11,9,0
1,12,1,12,6.5,13,11,0
1,5,1,5,3.0,6,4,0
5,1,1,5,3.0,6,4,0
22,25,22,25,23.5,47,3,18
1,4,1,4,2.5,5,3,0
7,8,7,8,7.5,15,1,5
4,7,4,7,5.5,11,3,3
9,5,5,9,7.0,14,4,0
4,2,2,4,3.0,6,2,1
8,9,8,9,8.5,17,1,7
5,5,5,5,5.0,10,0,4
9,1,1,9,5.0,10,8,0
4,1,1,4,2.5,5,3,0
4,1,1,4,2.5,5,3,0
27,27,27,27,27.0,54,0,26
4,2,2,4,3.0,6,2,1
22,17,17,22,19.5,39,5,16
1,4,1,4,2.5,5,3,0
1,4,1,4,2.5,5,3,0
3,6,3,6,4.5,9,3,2
11,13,11,13,12.0,24,2,10
1,4,1,4,2.5,5,3,0
4,1,1,4,2.5,5,3,0
24,24,24,24,24.0,48,0,17
1,5,1,5,3.0,6,4,0
1,6,1,6,3.5,7,5,0
11,19,11,19,15.0,30,8,8
9,13,9,13,11.0,22,4,8
1,22,1,22,11.5,23,21,0
1,6,1,6,3.5,7,5,0
4,1,1,4,2.5,5,3,0
6,6,6,6,6.0,12,0,4
4,3,3,4,3.5,7,1,2
5,1,1,5,3.0,6,4,0
1,5,1,5,3.0,6,4,0
4,1,1,4,2.5,5,3,0
2,17,2,17,9.5,19,15,1
6,5,5,6,5.5,11,1,4
4,7,4,7,5.5,11,3,3
9,9,9,9,9.0,18,0,8
3,4,3,4,3.5,7,1,2
13,12,12,13,12.5,25,1,11
8,8,8,8,8.0,16,0,7
8,1,1,8,4.5,9,7,0
7,7,7,7,7.0,14,0,6
15,50,15,50,32.5,65,35,13
2,6,2,6,4.0,8,4,1
1,8,1,8,4.5,9,7,0
28,27,27,28,27.5,55,1,11
18,17,17,18,17.5,35,1,15
4,6,4,6,5.0,10,2,3
5,2,2,5,3.5,7,3,0
6,4,4,6,5.0,10,2,1
6,1,1,6,3.5,7,5,0
7,8,7,8,7.5,15,1,5
1,10,1,10,5.5,11,9,0
6,4,4,6,5.0,10,2,1
1,5,1,5,3.0,6,4,0
8,10,8,10,9.0,18,2,7
26,1,1,26,13.5,27,25,0
4,6,4,6,5.0,10,2,2
11,1,1,11,6.0,12,10,0
17,61,17,61,39.0,78,44,11
6,5,5,6,5.5,11,1,4
25,32,25,32,28.5,57,7,18
4,1,1,4,2.5,5,3,0
1,16,1,16,8.5,17,15,0
2,9,2,9,5.5,11,7,0
6,14,6,14,10.0,20,8,5
25,19,19,25,22.0,44,6,16
36,12,12,36,24.0,48,24,7
14,13,13,14,13.5,27,1,12
2,5,2,5,3.5,7,3,1
12,13,12,13,12.5,25,1,11
3,6,3,6,4.5,9,3,2
12,8,8,12,10.0,20,4,3
13,15,13,15,14.0,28,2,6
35,45,35,45,40.0,80,10,28
5,1,1,5,3.0,6,4,0
8,10,8,10,9.0,18,2,5
1,10,1,10,5.5,11,9,0
1,8,1,8,4.5,9,7,0
4,5,4,5,4.5,9,1,2
5,5,5,5,5.0,10,0,4
1,5,1,5,3.0,6,4,0
12,18,12,18,15.0,30,6,11
21,22,21,22,21.5,43,1,16
36,19,19,36,27.5,55,17,18
16,3,3,16,9.5,19,13,1
6,2,2,6,4.0,8,4,1
13,12,12,13,12.5,25,1,3
4,1,1,4,2.5,5,3,0
5,6,5,6,5.5,11,1,4
1,10,1,10,5.5,11,9,0
5,1,1,5,3.0,6,4,0
6,1,1,6,3.5,7,5,0
8,8,8,8,8.0,16,0,6
1,4,1,4,2.5,5,3,0
5,1,1,5,3.0,6,4,0
6,7,6,7,6.5,13,1,3
10,1,1,10,5.5,11,9,0
1,9,1,9,5.0,10,8,0
5,4,4,5,4.5,9,1,2
18,16,16,18,17.0,34,2,12
8,1,1,8,4.5,9,7,0
6,5,5,6,5.5,11,1,4
5,3,3,5,4.0,8,2,2
27,24,24,27,25.5,51,3,15
1,8,1,8,4.5,9,7,0
4,1,1,4,2.5,5,3,0
4,1,1,4,2.5,5,3,0
2,15,2,15,8.5,17,13,0
22,33,22,33,27.5,55,11,18
8,7,7,8,7.5,15,1,5
34,7,7,34,20.5,41,27,3
15,11,11,15,13.0,26,4,9
1,4,1,4,2.5,5,3,0
1,17,1,17,9.0,18,16,0
16,15,15,16,15.5,31,1,14
5,1,1,5,3.0,6,4,0
9,7,7,9,8.0,16,2,6
17,25,17,25,21.0,42,8,14
2,4,2,4,3.0,6,2,0
9,5,5,9,7.0,14,4,3
6,8,6,8,7.0,14,2,5
11,17,11,17,14.0,28,6,8
4,4,4,4,4.0,8,0,1
6,7,6,7,6.5,13,1,1
54,28,28,54,41.0,82,26,25
12,11,11,12,11.5,23,1,7
8,8,8,8,8.0,16,0,2
18,15,15,18,16.5,33,3,12
16,24,16,24,20.0,40,8,15
4,2,2,4,3.0,6,2,0
7,8,7,8,7.5,15,1,6
4,4,4,4,4.0,8,0,3
5,1,1,5,3.0,6,4,0
15,19,15,19,17.0,34,4,13
4,6,4,6,5.0,10,2,3
5,5,5,5,5.0,10,0,4
4,1,1,4,2.5,5,3,0
4,4,4,4,4.0,8,0,3
9,7,7,9,8.0,16,2,5
1,6,1,6,3.5,7,5,0
5,1,1,5,3.0,6,4,0
10,11,10,11,10.5,21,1,9
7,12,7,12,9.5,19,5,6
2,6,2,6,4.0,8,4,1
20,20,20,20,20.0,40,0,18
6,7,6,7,6.5,13,1,5
1,5,1,5,3.0,6,4,0
6,1,1,6,3.5,7,5,0
5,7,5,7,6.0,12,2,4
4,3,3,4,3.5,7,1,2
5,4,4,5,4.5,9,1,2
1,4,1,4,2.5,5,3,0
16,24,16,24,20.0,40,8,15
8,12,8,12,10.0,20,4,5
10,9,9,10,9.5,19,1,7
1,4,1,4,2.5,5,3,0
20,32,20,32,26.0,52,12,15
8,19,8,19,13.5,27,11,5
16,15,15,16,15.5,31,1,14
6,1,1,6,3.5,7,5,0
14,88,14,88,51.0,102,74,4
1,13,1,13,7.0,14,12,0
1,5,1,5,3.0,6,4,0
13,9,9,13,11.0,22,4,8
25,23,23,25,24.0,48,2,21
5,1,1,5,3.0,6,4,0
1,6,1,6,3.5,7,5,0
1,4,1,4,2.5,5,3,0
5,1,1,5,3.0,6,4,0
51,42,42,51,46.5,93,9,25
5,2,2,5,3.5,7,3,0
25,38,25,38,31.5,63,13,24
2,6,2,6,4.0,8,4,1
1,29,1,29,15.0,30,28,0
6,1,1,6,3.5,7,5,0
1,7,1,7,4.0,8,6,0
14,15,14,15,14.5,29,1,11
3,18,3,18,10.5,21,15,1
15,5,5,15,10.0,20,10,1
23,23,23,23,23.0,46,0,22
7,1,1,7,4.0,8,6,0
5,7,5,7,6.0,12,2,0
22,11,11,22,16.5,33,11,10
15,18,15,18,16.5,33,3,13
8,12,8,12,10.0,20,4,3
8,9,8,9,8.5,17,1,4
7,1,1,7,4.0,8,6,0
4,1,1,4,2.5,5,3,0
9,1,1,9,5.0,10,8,0
1,4,1,4,2.5,5,3,0
29,32,29,32,30.5,61,3,24
31,24,24,31,27.5,55,7,23
8,1,1,8,4.5,9,7,0
5,1,1,5,3.0,6,4,0
18,21,18,21,19.5,39,3,17
1,6,1,6,3.5,7,5,0
4,1,1,4,2.5,5,3,0
1,44,1,44,22.5,45,43,0
4,6,4,6,5.0,10,2,2
5,5,5,5,5.0,10,0,4
2,7,2,7,4.5,9,5,0
4,1,1,4,2.5,5,3,0
4,5,4,5,4.5,9,1,3
1,18,1,18,9.5,19,17,0
1,105,1,105,53.0,106,104,0
4,1,1,4,2.5,5,3,0
4,10,4,10,7.0,14,6,1
2,16,2,16,9.0,18,14,1
1,4,1,4,2.5,5,3,0
9,15,9,15,12.0,24,6,7
4,5,4,5,4.5,9,1,3
17,18,17,18,17.5,35,1,9
2,11,2,11,6.5,13,9,0
1,24,1,24,12.5,25,23,0
1,5,1,5,3.0,6,4,0
14,13,13,14,13.5,27,1,11
11,1,1,11,6.0,12,10,0
4,1,1,4,2.5,5,3,0
6,14,6,14,10.0,20,8,1
8,7,7,8,7.5,15,1,3
18,9,9,18,13.5,27,9,8
4,4,4,4,4.0,8,0,3
14,12,12,14,13.0,26,2,10
6,1,1,6,3.5,7,5,0
7,7,7,7,7.0,14,0,6
1,4,1,4,2.5,5,3,0
5,5,5,5,5.0,10,0,4
11,5,5,11,8.0,16,6,4
1,5,1,5,3.0,6,4,0
2,7,2,7,4.5,9,5,0
6,6,6,6,6.0,12,0,4
45,41,41,45,43.0,86,4,31
3,13,3,13,8.0,16,10,0
19,16,16,19,17.5,35,3,12
23,10,10,23,16.5,33,13,9
4,1,1,4,2.5,5,3,0
1,10,1,10,5.5,11,9,0
9,10,9,10,9.5,19,1,8
1,4,1,4,2.5,5,3,0
4,1,1,4,2.5,5,3,0
1,6,1,6,3.5,7,5,0
1,4,1,4,2.5,5,3,0
9,13,9,13,11.0,22,4,8
5,4,4,5,4.5,9,1,3
29,34,29,34,31.5,63,5,15
1,5,1,5,3.0,6,4,0
18,8,8,18,13.0,26,10,2
9,6,6,9,7.5,15,3,0
7,2,2,7,4.5,9,5,1
15,11,11,15,13.0,26,4,5
10,7,7,10,8.5,17,3,2
8,12,8,12,10.0,20,4,6
1,14,1,14,7.5,15,13,0
4,24,4,24,14.0,28,20,2
18,17,17,18,17.5,35,1,13
1,5,1,5,3.0,6,4,0
1,6,1,6,3.5,7,5,0
2,4,2,4,3.0,6,2,0
8,5,5,8,6.5,13,3,4
6,1,1,6,3.5,7,5,0
8,7,7,8,7.5,15,1,4
7,2,2,7,4.5,9,5,1
19,20,19,20,19.5,39,1,18
4,6,4,6,5.0,10,2,0
2,18,2,18,10.0,20,16,1
6,7,6,7,6.5,13,1,5
1,12,1,12,6.5,13,11,0
25,25,25,25,25.0,50,0,14
4,2,2,4,3.0,6,2,1
10,44,10,44,27.0,54,34,9
8,1,1,8,4.5,9,7,0
8,6,6,8,7.0,14,2,4
21,20,20,21,20.5,41,1,18
14,15,14,15,14.5,29,1,13
2,33,2,33,17.5,35,31,1
6,1,1,6,3.5,7,5,0
9,8,8,9,8.5,17,1,5
42,49,42,49,45.5,91,7,25
32,33,32,33,32.5,65,1,31
6,1,1,6,3.5,7,5,0
17,14,14,17,15.5,31,3,13
5,1,1,5,3.0,6,4,0
4,4,4,4,4.0,8,0,3
6,11,6,11,8.5,17,5,5
1,4,1,4,2.5,5,3,0
5,3,3,5,4.0,8,2,2
13,13,13,13,13.0,26,0,12
5,5,5,5,5.0,10,0,4
36,36,36,36,36.0,72,0,35
18,19,18,19,18.5,37,1,13
7,10,7,10,8.5,17,3,4
1,6,1,6,3.5,7,5,0
37,42,37,42,39.5,79,5,31
8,49,8,49,28.5,57,41,3
14,9,9,14,11.5,23,5,7
5,4,4,5,4.5,9,1,3
7,2,2,7,4.5,9,5,1
18,15,15,18,16.5,33,3,14
8,3,3,8,5.5,11,5,2
23,31,23,31,27.0,54,8,18
5,2,2,5,3.5,7,3,1
8,1,1,8,4.5,9,7,0
18,20,18,20,19.0,38,2,15
17,8,8,17,12.5,25,9,3
6,27,6,27,16.5,33,21,0
19,18,18,19,18.5,37,1,17
1,5,1,5,3.0,6,4,0
33,21,21,33,27.0,54,12,18
13,1,1,13,7.0,14,12,0
14,14,14,14,14.0,28,0,7
1,21,1,21,11.0,22,20,0
17,7,7,17,12.0,24,10,6
16,1,1,16,8.5,17,15,0
11,8,8,11,9.5,19,3,5
12,11,11,12,11.5,23,1,8
32,22,22,32,27.0,54,10,19
1,10,1,10,5.5,11,9,0
12,9,9,12,10.5,21,3,7
6,5,5,6,5.5,11,1,2
5,1,1,5,3.0,6,4,0
7,1,1,7,4.0,8,6,0
4,6,4,6,5.0,10,2,2
19,20,19,20,19.5,39,1,17
39,28,28,39,33.5,67,11,25
8,22,8,22,15.0,30,14,5
6,6,6,6,6.0,12,0,3
13,1,1,13,7.0,14,12,0
6,5,5,6,5.5,11,1,4
7,8,7,8,7.5,15,1,6
4,1,1,4,2.5,5,3,0
1,5,1,5,3.0,6,4,0
40,42,40,42,41.0,82,2,31
17,22,17,22,19.5,39,5,11
4,4,4,4,4.0,8,0,1
3,4,3,4,3.5,7,1,2
6,5,5,6,5.5,11,1,1
50,25,25,50,37.5,75,25,24
6,36,6,36,21.0,42,30,0
12,15,12,15,13.5,27,3,11
33,31,31,33,32.0,64,2,30
5,3,3,5,4.0,8,2,2
8,8,8,8,8.0,16,0,7
18,16,16,18,17.0,34,2,13
7,75,7,75,41.0,82,68,1
8,1,1,8,4.5,9,7,0
25,35,25,35,30.0,60,10,23
1,13,1,13,7.0,14,12,0
26,1,1,26,13.5,27,25,0
11,11,11,11,11.0,22,0,8
5,6,5,6,5.5,11,1,0
15,18,15,18,16.5,33,3,14
4,1,1,4,2.5,5,3,0
4,1,1,4,2.5,5,3,0
1,6,1,6,3.5,7,5,0
5,4,4,5,4.5,9,1,3
40,24,24,40,32.0,64,16,18
18,24,18,24,21.0,42,6,17
28,15,15,28,21.5,43,13,13
4,6,4,6,5.0,10,2,1
25,26,25,26,25.5,51,1,24
39,47,39,47,43.0,86,8,37
28,24,24,28,26.0,52,4,23
7,10,7,10,8.5,17,3,6
27,23,23,27,25.0,50,4,22
1,4,1,4,2.5,5,3,0
7,5,5,7,6.0,12,2,4
19,8,8,19,13.5,27,11,7
5,1,1,5,3.0,6,4,0
1,4,1,4,2.5,5,3,0
5,1,1,5,3.0,6,4,0
2,6,2,6,4.0,8,4,0
11,10,10,11,10.5,21,1,9
8,5,5,8,6.5,13,3,4
9,25,9,25,17.0,34,16,6
5,4,4,5,4.5,9,1,3
4,7,4,7,5.5,11,3,3
4,5,4,5,4.5,9,1,3
3,30,3,30,16.5,33,27,1
1,6,1,6,3.5,7,5,0
24,20,20,24,22.0,44,4,12
18,18,18,18,18.0,36,0,17
6,7,6,7,6.5,13,1,3
10,7,7,10,8.5,17,3,6
2,5,2,5,3.5,7,3,1
4,1,1,4,2.5,5,3,0
23,5,5,23,14.0,28,18,0
13,5,5,13,9.0,18,8,4
10,6,6,10,8.0,16,4,3
24,20,20,24,22.0,44,4,17
1,5,1,5,3.0,6,4,0
6,5,5,6,5.5,11,1,4
5,2,2,5,3.5,7,3,1
5,11,5,11,8.0,16,6,4
8,2,2,8,5.0,10,6,1
12,12,12,12,12.0,24,0,11
33,20,20,33,26.5,53,13,15
6,12,6,12,9.0,18,6,4
4,2,2,4,3.0,6,2,1
14,23,14,23,18.5,37,9,13
12,11,11,12,11.5,23,1,9
9,8,8,9,8.5,17,1,7
33,31,31,33,32.0,64,2,24
5,7,5,7,6.0,12,2,3
2,4,2,4,3.0,6,2,1
6,10,6,10,8.0,16,4,3
10,12,10,12,11.0,22,2,9
1,11,1,11,6.0,12,10,0
7,10,7,10,8.5,17,3,6
1,4,1,4,2.5,5,3,0
1,36,1,36,18.5,37,35,0
11,9,9,11,10.0,20,2,8
16,19,16,19,17.5,35,3,14
1,8,1,8,4.5,9,7,0
8,12,8,12,10.0,20,4,6
4,1,1,4,2.5,5,3,0
8,9,8,9,8.5,17,1,7
46,31,31,46,38.5,77,15,27
7,1,1,7,4.0,8,6,0
5,5,5,5,5.0,10,0,3
11,11,11,11,11.0,22,0,10
6,6,6,6,6.0,12,0,5
27,26,26,27,26.5,53,1,25
30,7,7,30,18.5,37,23,2
10,8,8,10,9.0,18,2,5
8,1,1,8,4.5,9,7,0
4,2,2,4,3.0,6,2,1
10,12,10,12,11.0,22,2,8
4,4,4,4,4.0,8,0,3
10,10,10,10,10.0,20,0,9
1,21,1,21,11.0,22,20,0
14,12,12,14,13.0,26,2,10
1,5,1,5,3.0,6,4,0
1,4,1,4,2.5,5,3,0
9,1,1,9,5.0,10,8,0
1,6,1,6,3.5,7,5,0
14,13,13,14,13.5,27,1,12
7,2,2,7,4.5,9,5,0
1,8,1,8,4.5,9,7,0
12,24,12,24,18.0,36,12,9
5,1,1,5,3.0,6,4,0
5,1,1,5,3.0,6,4,0
20,13,13,20,16.5,33,7,12
6,6,6,6,6.0,12,0,5
8,6,6,8,7.0,14,2,5
5,5,5,5,5.0,10,0,3
18,12,12,18,15.0,30,6,9
14,33,14,33,23.5,47,19,11
8,1,1,8,4.5,9,7,0
5,1,1,5,3.0,6,4,0
5,8,5,8,6.5,13,3,2
6,1,1,6,3.5,7,5,0
1,7,1,7,4.0,8,6,0
12,14,12,14,13.0,26,2,11
6,6,6,6,6.0,12,0,5
4,4,4,4,4.0,8,0,2
16,8,8,16,12.0,24,8,5
3,4,3,4,3.5,7,1,1
28,41,28,41,34.5,69,13,23
1,5,1,5,3.0,6,4,0
25,20,20,25,22.5,45,5,17
1,5,1,5,3.0,6,4,0
14,15,14,15,14.5,29,1,6
5,1,1,5,3.0,6,4,0
6,3,3,6,4.5,9,3,1
5,4,4,5,4.5,9,1,2
15,15,15,15,15.0,30,0,12
13,12,12,13,12.5,25,1,11
4,4,4,4,4.0,8,0,3
4,1,1,4,2.5,5,3,0
25,42,25,42,33.5,67,17,22
21,12,12,21,16.5,33,9,10
24,28,24,28,26.0,52,4,18
13,13,13,13,13.0,26,0,12
15,9,9,15,12.0,24,6,7
7,1,1,7,4.0,8,6,0
10,1,1,10,5.5,11,9,0
15,20,15,20,17.5,35,5,4
7,1,1,7,4.0,8,6,0
10,10,10,10,10.0,20,0,8
5,1,1,5,3.0,6,4,0
1,34,1,34,17.5,35,33,0
12,18,12,18,15.0,30,6,9
5,5,5,5,5.0,10,0,1
4,4,4,4,4.0,8,0,3
12,8,8,12,10.0,20,4,5
26,1,1,26,13.5,27,25,0
4,1,1,4,2.5,5,3,0
14,20,14,20,17.0,34,6,10
5,5,5,5,5.0,10,0,4
10,11,10,11,10.5,21,1,6
2,4,2,4,3.0,6,2,1
12,20,12,20,16.0,32,8,9
8,10,8,10,9.0,18,2,7
12,2,2,12,7.0,14,10,0
21,25,21,25,23.0,46,4,17
5,5,5,5,5.0,10,0,1
5,6,5,6,5.5,11,1,4
2,5,2,5,3.5,7,3,1
10,9,9,10,9.5,19,1,8
1,5,1,5,3.0,6,4,0
8,7,7,8,7.5,15,1,6
4,4,4,4,4.0,8,0,3
4,1,1,4,2.5,5,3,0
8,1,1,8,4.5,9,7,0
14,1,1,14,7.5,15,13,0
3,26,3,26,14.5,29,23,0
6,10,6,10,8.0,16,4,4
10,1,1,10,5.5,11,9,0
6,5,5,6,5.5,11,1,0
1,4,1,4,2.5,5,3,0
7,11,7,11,9.0,18,4,5
7,13,7,13,10.0,20,6,6
5,4,4,5,4.5,9,1,3
5,9,5,9,7.0,14,4,4
6,10,6,10,8.0,16,4,4
5,2,2,5,3.5,7,3,0
4,5,4,5,4.5,9,1,3
4,5,4,5,4.5,9,1,2
8,1,1,8,4.5,9,7,0
8,4,4,8,6.0,12,4,3
1,7,1,7,4.0,8,6,0
7,8,7,8,7.5,15,1,6
35,23,23,35,29.0,58,12,11
47,38,38,47,42.5,85,9,31
6,6,6,6,6.0,12,0,5
17,8,8,17,12.5,25,9,5
6,1,1,6,3.5,7,5,0
20,21,20,21,20.5,41,1,18
25,27,25,27,26.0,52,2,19
4,5,4,5,4.5,9,1,0
2,4,2,4,3.0,6,2,1
4,1,1,4,2.5,5,3,0
11,18,11,18,14.5,29,7,5
7,1,1,7,4.0,8,6,0
4,1,1,4,2.5,5,3,0
14,15,14,15,14.5,29,1,10
20,13,13,20,16.5,33,7,10
8,1,1,8,4.5,9,7,0
13,11,11,13,12.0,24,2,10
19,18,18,19,18.5,37,1,17
4,2,2,4,3.0,6,2,1
4,3,3,4,3.5,7,1,2
8,8,8,8,8.0,16,0,5
11,12,11,12,11.5,23,1,10
1,4,1,4,2.5,5,3,0
54,7,7,54,30.5,61,47,4
1,12,1,12,6.5,13,11,0
20,6,6,20,13.0,26,14,1
7,7,7,7,7.0,14,0,6
1,5,1,5,3.0,6,4,0
6,7,6,7,6.5,13,1,5
18,22,18,22,20.0,40,4,17
5,1,1,5,3.0,6,4,0
14,15,14,15,14.5,29,1,12
4,2,2,4,3.0,6,2,0
19,20,19,20,19.5,39,1,18
1,7,1,7,4.0,8,6,0
4,1,1,4,2.5,5,3,0
12,9,9,12,10.5,21,3,7
9,20,9,20,14.5,29,11,8
5,1,1,5,3.0,6,4,0
11,7,7,11,9.0,18,4,5
4,7,4,7,5.5,11,3,1
4,1,1,4,2.5,5,3,0
24,29,24,29,26.5,53,5,19
10,1,1,10,5.5,11,9,0
23,15,15,23,19.0,38,8,12
5,1,1,5,3.0,6,4,0
1,22,1,22,11.5,23,21,0
1,5,1,5,3.0,6,4,0
5,2,2,5,3.5,7,3,1
2,5,2,5,3.5,7,3,1
6,6,6,6,6.0,12,0,5
17,16,16,17,16.5,33,1,9
13,8,8,13,10.5,21,5,7
7,9,7,9,8.0,16,2,6
13,2,2,13,7.5,15,11,1
14,12,12,14,13.0,26,2,6
27,22,22,27,24.5,49,5,18
1,11,1,11,6.0,12,10,0
7,1,1,7,4.0,8,6,0
8,6,6,8,7.0,14,2,5
13,11,11,13,12.0,24,2,10
13,14,13,14,13.5,27,1,12
4,6,4,6,5.0,10,2,3
1,5,1,5,3.0,6,4,0
16,12,12,16,14.0,28,4,10
2,6,2,6,4.0,8,4,0
20,33,20,33,26.5,53,13,15
12,2,2,12,7.0,14,10,0
9,10,9,10,9.5,19,1,7
1,6,1,6,3.5,7,5,0
9,1,1,9,5.0,10,8,0
3,9,3,9,6.0,12,6,2
4,10,4,10,7.0,14,6,2
6,6,6,6,6.0,12,0,5
20,12,12,20,16.0,32,8,11
6,7,6,7,6.5,13,1,4
4,4,4,4,4.0,8,0,3
2,23,2,23,12.5,25,21,0
6,1,1,6,3.5,7,5,0
1,12,1,12,6.5,13,11,0
6,6,6,6,6.0,12,0,5
13,13,13,13,13.0,26,0,7
4,12,4,12,8.0,16,8,2
5,4,4,5,4.5,9,1,3
20,16,16,20,18.0,36,4,12
5,3,3,5,4.0,8,2,2
1,4,1,4,2.5,5,3,0
7,11,7,11,9.0,18,4,6
4,1,1,4,2.5,5,3,0
12,20,12,20,16.0,32,8,8
11,9,9,11,10.0,20,2,7
10,9,9,10,9.5,19,1,5
5,6,5,6,5.5,11,1,3
5,1,1,5,3.0,6,4,0
4,10,4,10,7.0,14,6,0
18,25,18,25,21.5,43,7,16
5,3,3,5,4.0,8,2,2
1,7,1,7,4.0,8,6,0
23,24,23,24,23.5,47,1,16
13,1,1,13,7.0,14,12,0
5,6,5,6,5.5,11,1,0
1,10,1,10,5.5,11,9,0
9,11,9,11,10.0,20,2,6
4,2,2,4,3.0,6,2,0
15,7,7,15,11.0,22,8,6
1,4,1,4,2.5,5,3,0
19,5,5,19,12.0,24,14,2
11,6,6,11,8.5,17,5,5
27,28,27,28,27.5,55,1,25
6,3,3,6,4.5,9,3,2
7,9,7,9,8.0,16,2,6
5,6,5,6,5.5,11,1,4
1,7,1,7,4.0,8,6,0
2,16,2,16,9.0,18,14,0
3,4,3,4,3.5,7,1,1
37,15,15,37,26.0,52,22,12
20,17,17,20,18.5,37,3,15
8,10,8,10,9.0,18,2,6
8,8,8,8,8.0,16,0,5
11,11,11,11,11.0,22,0,9
49,45,45,49,47.0,94,4,35
42,38,38,42,40.0,80,4,35
9,1,1,9,5.0,10,8,0
21,19,19,21,20.0,40,2,17
22,43,22,43,32.5,65,21,15
24,21,21,24,22.5,45,3,20
1,6,1,6,3.5,7,5,0
8,19,8,19,13.5,27,11,0
1,4,1,4,2.5,5,3,0
5,4,4,5,4.5,9,1,2
6,1,1,6,3.5,7,5,0
2,4,2,4,3.0,6,2,1
4,1,1,4,2.5,5,3,0
1,11,1,11,6.0,12,10,0
9,11,9,11,10.0,20,2,8
1,17,1,17,9.0,18,16,0
7,10,7,10,8.5,17,3,5
1,7,1,7,4.0,8,6,0
4,1,1,4,2.5,5,3,0
10,12,10,12,11.0,22,2,9
6,10,6,10,8.0,16,4,5
4,1,1,4,2.5,5,3,0
5,10,5,10,7.5,15,5,4
1,4,1,4,2.5,5,3,0
5,4,4,5,4.5,9,1,3
7,8,7,8,7.5,15,1,6
5,4,4,5,4.5,9,1,3
4,1,1,4,2.5,5,3,0
4,1,1,4,2.5,5,3,0
23,22,22,23,22.5,45,1,21
1,10,1,10,5.5,11,9,0
20,24,20,24,22.0,44,4,18
7,1,1,7,4.0,8,6,0
1,4,1,4,2.5,5,3,0
1,4,1,4,2.5,5,3,0
32,7,7,32,19.5,39,25,6
33,11,11,33,22.0,44,22,7
4,1,1,4,2.5,5,3,0
1,11,1,11,6.0,12,10,0
10,15,10,15,12.5,25,5,9
13,9,9,13,11.0,22,4,0
6,1,1,6,3.5,7,5,0
6,1,1,6,3.5,7,5,0
11,12,11,12,11.5,23,1,10
5,1,1,5,3.0,6,4,0
6,5,5,6,5.5,11,1,4
1,35,1,35,18.0,36,34,0
16,11,11,16,13.5,27,5,10
2,4,2,4,3.0,6,2,1
17,17,17,17,17.0,34,0,7
1,11,1,11,6.0,12,10,0
10,3,3,10,6.5,13,7,1
4,6,4,6,5.0,10,2,3
12,13,12,13,12.5,25,1,11
1,29,1,29,15.0,30,28,0
4,1,1,4,2.5,5,3,0
6,7,6,7,6.5,13,1,4
25,23,23,25,24.0,48,2,22
13,9,9,13,11.0,22,4,8
1,10,1,10,5.5,11,9,0
1,16,1,16,8.5,17,15,0
9,6,6,9,7.5,15,3,4
5,6,5,6,5.5,11,1,4
3,7,3,7,5.0,10,4,0
1,5,1,5,3.0,6,4,0
6,1,1,6,3.5,7,5,0
4,4,4,4,4.0,8,0,0
4,2,2,4,3.0,6,2,1
4,1,1,4,2.5,5,3,0
2,10,2,10,6.0,12,8,0
5,1,1,5,3.0,6,4,0
11,4,4,11,7.5,15,7,0
7,1,1,7,4.0,8,6,0
24,27,24,27,25.5,51,3,20
4,1,1,4,2.5,5,3,0
8,6,6,8,7.0,14,2,3
1,4,1,4,2.5,5,3,0
4,1,1,4,2.5,5,3,0
1,5,1,5,3.0,6,4,0
5,1,1,5,3.0,6,4,0
2,5,2,5,3.5,7,3,1
19,20,19,20,19.5,39,1,18
4,2,2,4,3.0,6,2,1
8,3,3,8,5.5,11,5,1
26,26,26,26,26.0,52,0,25
5,1,1,5,3.0,6,4,0
5,1,1,5,3.0,6,4,0
5,2,2,5,3.5,7,3,1
17,15,15,17,16.0,32,2,5
34,42,34,42,38.0,76,8,21
48,35,35,48,41.5,83,13,34
1,4,1,4,2.5,5,3,0
29,3,3,29,16.0,32,26,1
4,1,1,4,2.5,5,3,0
14,2,2,14,8.0,16,12,0
1,4,1,4,2.5,5,3,0
1,9,1,9,5.0,10,8,0
1,13,1,13,7.0,14,12,0
1,5,1,5,3.0,6,4,0
2,4,2,4,3.0,6,2,1
6,2,2,6,4.0,8,4,1
24,38,24,38,31.0,62,14,16
28,21,21,28,24.5,49,7,19
8,9,8,9,8.5,17,1,7
7,1,1,7,4.0,8,6,0
5,8,5,8,6.5,13,3,3
4,1,1,4,2.5,5,3,0
10,1,1,10,5.5,11,9,0
1,4,1,4,2.5,5,3,0
15,15,15,15,15.0,30,0,13
7,4,4,7,5.5,11,3,3
4,1,1,4,2.5,5,3,0
14,14,14,14,14.0,28,0,13
9,1,1,9,5.0,10,8,0
1,4,1,4,2.5,5,3,0
9,8,8,9,8.5,17,1,7
11,11,11,11,11.0,22,0,10
1,9,1,9,5.0,10,8,0
22,20,20,22,21.0,42,2,14
10,12,10,12,11.0,22,2,9
7,9,7,9,8.0,16,2,6
17,17,17,17,17.0,34,0,16
4,7,4,7,5.5,11,3,0
4,3,3,4,3.5,7,1,1
43,49,43,49,46.0,92,6,25
4,4,4,4,4.0,8,0,3
1,20,1,20,10.5,21,19,0
26,23,23,26,24.5,49,3,21
31,31,31,31,31.0,62,0,30
4,1,1,4,2.5,5,3,0
24,24,24,24,24.0,48,0,23
5,2,2,5,3.5,7,3,1
1,7,1,7,4.0,8,6,0
6,1,1,6,3.5,7,5,0
1,22,1,22,11.5,23,21,0
4,1,1,4,2.5,5,3,0
2,4,2,4,3.0,6,2,1
6,6,6,6,6.0,12,0,5
1,8,1,8,4.5,9,7,0
4,2,2,4,3.0,6,2,0
4,1,1,4,2.5,5,3,0
13,1,1,13,7.0,14,12,0
3,5,3,5,4.0,8,2,2
1,21,1,21,11.0,22,20,0
1,7,1,7,4.0,8,6,0
1,7,1,7,4.0,8,6,0
5,5,5,5,5.0,10,0,4
37,23,23,37,30.0,60,14,21
13,1,1,13,7.0,14,12,0
37,24,24,37,30.5,61,13,16
1,31,1,31,16.0,32,30,0
20,16,16,20,18.0,36,4,13
3,8,3,8,5.5,11,5,2
13,16,13,16,14.5,29,3,12
6,1,1,6,3.5,7,5,0
10,4,4,10,7.0,14,6,2
7,4,4,7,5.5,11,3,2
5,2,2,5,3.5,7,3,0
1,16,1,16,8.5,17,15,0
13,17,13,17,15.0,30,4,10
3,4,3,4,3.5,7,1,2
1,56,1,56,28.5,57,55,0
20,20,20,20,20.0,40,0,18
4,3,3,4,3.5,7,1,2
1,25,1,25,13.0,26,24,0
1,5,1,5,3.0,6,4,0
2,5,2,5,3.5,7,3,1
5,1,1,5,3.0,6,4,0
13,12,12,13,12.5,25,1,10
13,20,13,20,16.5,33,7,11
8,1,1,8,4.5,9,7,0
8,16,8,16,12.0,24,8,0
4,1,1,4,2.5,5,3,0
14,17,14,17,15.5,31,3,12
5,3,3,5,4.0,8,2,2
2,30,2,30,16.0,32,28,0
4,4,4,4,4.0,8,0,3
4,4,4,4,4.0,8,0,0
10,1,1,10,5.5,11,9,0
2,8,2,8,5.0,10,6,1
1,10,1,10,5.5,11,9,0
4,1,1,4,2.5,5,3,0
15,12,12,15,13.5,27,3,10
13,22,13,22,17.5,35,9,11
22,4,4,22,13.0,26,18,0
5,4,4,5,4.5,9,1,2
2,41,2,41,21.5,43,39,0
19,24,19,24,21.5,43,5,12
11,9,9,11,10.0,20,2,2
26,10,10,26,18.0,36,16,5
12,8,8,12,10.0,20,4,5
4,1,1,4,2.5,5,3,0
8,8,8,8,8.0,16,0,7
1,6,1,6,3.5,7,5,0
11,10,10,11,10.5,21,1,8
12,3,3,12,7.5,15,9,0
36,21,21,36,28.5,57,15,20
1,5,1,5,3.0,6,4,0
11,10,10,11,10.5,21,1,9
6,6,6,6,6.0,12,0,5
8,1,1,8,4.5,9,7,0
5,1,1,5,3.0,6,4,0
13,13,13,13,13.0,26,0,12
2,7,2,7,4.5,9,5,1
13,23,13,23,18.0,36,10,12
12,35,12,35,23.5,47,23,8
5,4,4,5,4.5,9,1,3
45,39,39,45,42.0,84,6,33
4,1,1,4,2.5,5,3,0
1,4,1,4,2.5,5,3,0
4,24,4,24,14.0,28,20,3
14,1,1,14,7.5,15,13,0
7,1,1,7,4.0,8,6,0
17,21,17,21,19.0,38,4,16
1,6,1,6,3.5,7,5,0
4,4,4,4,4.0,8,0,3
7,7,7,7,7.0,14,0,6
42,30,30,42,36.0,72,12,24
6,1,1,6,3.5,7,5,0
27,26,26,27,26.5,53,1,24
12,18,12,18,15.0,30,6,11
11,11,11,11,11.0,22,0,10
1,17,1,17,9.0,18,16,0
1,4,1,4,2.5,5,3,0
5,5,5,5,5.0,10,0,4
23,28,23,28,25.5,51,5,14
4,1,1,4,2.5,5,3,0
9,10,9,10,9.5,19,1,8
4,1,1,4,2.5,5,3,0
1,4,1,4,2.5,5,3,0
5,1,1,5,3.0,6,4,0
4,5,4,5,4.5,9,1,3
7,4,4,7,5.5,11,3,3
4,1,1,4,2.5,5,3,0
9,9,9,9,9.0,18,0,7
4,2,2,4,3.0,6,2,0
13,10,10,13,11.5,23,3,8
19,23,19,23,21.0,42,4,16
18,16,16,18,17.0,34,2,14
10,10,10,10,10.0,20,0,9
5,5,5,5,5.0,10,0,4
4,4,4,4,4.0,8,0,3
4,2,2,4,3.0,6,2,1
1,4,1,4,2.5,5,3,0
11,1,1,11,6.0,12,10,0
5,1,1,5,3.0,6,4,0
1,8,1,8,4.5,9,7,0
2,9,2,9,5.5,11,7,0
1,4,1,4,2.5,5,3,0
20,6,6,20,13.0,26,14,5
24,47,24,47,35.5,71,23,18
36,25,25,36,30.5,61,11,21
23,9,9,23,16.0,32,14,4
15,13,13,15,14.0,28,2,10
12,11,11,12,11.5,23,1,10
1,8,1,8,4.5,9,7,0
4,1,1,4,2.5,5,3,0
13,12,12,13,12.5,25,1,11
4,4,4,4,4.0,8,0,3
1,4,1,4,2.5,5,3,0
26,26,26,26,26.0,52,0,25
8,7,7,8,7.5,15,1,3
7,7,7,7,7.0,14,0,6
10,6,6,10,8.0,16,4,5
8,7,7,8,7.5,15,1,5
4,5,4,5,4.5,9,1,3
1,4,1,4,2.5,5,3,0
6,3,3,6,4.5,9,3,2
5,46,5,46,25.5,51,41,2
5,1,1,5,3.0,6,4,0
7,9,7,9,8.0,16,2,5
23,21,21,23,22.0,44,2,18
52,15,15,52,33.5,67,37,10
1,4,1,4,2.5,5,3,0
1,5,1,5,3.0,6,4,0
2,4,2,4,3.0,6,2,0
2,4,2,4,3.0,6,2,0
1,4,1,4,2.5,5,3,0
4,1,1,4,2.5,5,3,0
7,1,1,7,4.0,8,6,0
12,6,6,12,9.0,18,6,2
26,26,26,26,26.0,52,0,25
2,13,2,13,7.5,15,11,0
6,6,6,6,6.0,12,0,4
5,1,1,5,3.0,6,4,0
2,6,2,6,4.0,8,4,1
2,5,2,5,3.5,7,3,1
7,6,6,7,6.5,13,1,5
1,4,1,4,2.5,5,3,0
10,8,8,10,9.0,18,2,7
19,20,19,20,19.5,39,1,18
11,7,7,11,9.0,18,4,4
21,7,7,21,14.0,28,14,4
1,5,1,5,3.0,6,4,0
4,1,1,4,2.5,5,3,0
15,7,7,15,11.0,22,8,5
5,1,1,5,3.0,6,4,0
1,11,1,11,6.0,12,10,0
12,14,12,14,13.0,26,2,11
4,3,3,4,3.5,7,1,2
8,107,8,107,57.5,115,99,4
10,1,1,10,5.5,11,9,0
20,15,15,20,17.5,35,5,13
11,1,1,11,6.0,12,10,0
4,1,1,4,2.5,5,3,0
4,3,3,4,3.5,7,1,2
10,12,10,12,11.0,22,2,7
5,2,2,5,3.5,7,3,0
8,10,8,10,9.0,18,2,7
13,1,1,13,7.0,14,12,0
1,4,1,4,2.5,5,3,0
7,9,7,9,8.0,16,2,5
2,15,2,15,8.5,17,13,0
10,1,1,10,5.5,11,9,0
3,6,3,6,4.5,9,3,2
5,5,5,5,5.0,10,0,4
6,1,1,6,3.5,7,5,0
5,8,5,8,6.5,13,3,2
5,6,5,6,5.5,11,1,4
1,11,1,11,6.0,12,10,0
9,6,6,9,7.5,15,3,3
16,21,16,21,18.5,37,5,12
10,15,10,15,12.5,25,5,6
2,5,2,5,3.5,7,3,1
4,1,1,4,2.5,5,3,0
11,6,6,11,8.5,17,5,4
1,11,1,11,6.0,12,10,0
5,1,1,5,3.0,6,4,0
3,6,3,6,4.5,9,3,2
7,1,1,7,4.0,8,6,0
33,54,33,54,43.5,87,21,21
4,4,4,4,4.0,8,0,3
8,2,2,8,5.0,10,6,1
18,21,18,21,19.5,39,3,17
5,2,2,5,3.5,7,3,0
4,1,1,4,2.5,5,3,0
13,21,13,21,17.0,34,8,11
4,4,4,4,4.0,8,0,3
7,16,7,16,11.5,23,9,2
1,10,1,10,5.5,11,9,0
1,24,1,24,12.5,25,23,0
10,11,10,11,10.5,21,1,7
16,15,15,16,15.5,31,1,14
5,1,1,5,3.0,6,4,0
9,26,9,26,17.5,35,17,5
16,15,15,16,15.5,31,1,11
4,5,4,5,4.5,9,1,3
4,4,4,4,4.0,8,0,3
13,15,13,15,14.0,28,2,12
5,5,5,5,5.0,10,0,2
9,9,9,9,9.0,18,0,6
5,9,5,9,7.0,14,4,3
7,2,2,7,4.5,9,5,1
28,6,6,28,17.0,34,22,4
7,7,7,7,7.0,14,0,5
1,4,1,4,2.5,5,3,0
9,9,9,9,9.0,18,0,7
1,6,1,6,3.5,7,5,0
6,6,6,6,6.0,12,0,1
4,5,4,5,4.5,9,1,3
11,9,9,11,10.0,20,2,7
20,21,20,21,20.5,41,1,17
1,6,1,6,3.5,7,5,0
1,4,1,4,2.5,5,3,0
17,19,17,19,18.0,36,2,16
7,1,1,7,4.0,8,6,0
5,6,5,6,5.5,11,1,4
4,5,4,5,4.5,9,1,2
4,4,4,4,4.0,8,0,3
7,7,7,7,7.0,14,0,1
4,1,1,4,2.5,5,3,0
5,1,1,5,3.0,6,4,0
6,7,6,7,6.5,13,1,5
1,7,1,7,4.0,8,6,0
45,43,43,45,44.0,88,2,32
29,22,22,29,25.5,51,7,11
12,8,8,12,10.0,20,4,5
5,1,1,5,3.0,6,4,0
6,4,4,6,5.0,10,2,2
14,2,2,14,8.0,16,12,0
3,6,3,6,4.5,9,3,0
6,1,1,6,3.5,7,5,0
19,24,19,24,21.5,43,5,18
3,5,3,5,4.0,8,2,0
15,11,11,15,13.0,26,4,10
1,5,1,5,3.0,6,4,0
1,107,1,107,54.0,108,106,0
10,1,1,10,5.5,11,9,0
1,5,1,5,3.0,6,4,0
18,7,7,18,12.5,25,11,4
7,6,6,7,6.5,13,1,5
4,1,1,4,2.5,5,3,0
6,1,1,6,3.5,7,5,0
46,44,44,46,45.0,90,2,32
16,17,16,17,16.5,33,1,14
8,5,5,8,6.5,13,3,0
1,105,1,105,53.0,106,104,0
2,6,2,6,4.0,8,4,0
4,4,4,4,4.0,8,0,0
6,6,6,6,6.0,12,0,5
4,4,4,4,4.0,8,0,3
2,11,2,11,6.5,13,9,1
4,3,3,4,3.5,7,1,2
7,6,6,7,6.5,13,1,0
11,10,10,11,10.5,21,1,9
1,11,1,11,6.0,12,10,0
1,5,1,5,3.0,6,4,0
26,17,17,26,21.5,43,9,14
6,6,6,6,6.0,12,0,5
1,4,1,4,2.5,5,3,0
31,32,31,32,31.5,63,1,28
5,2,2,5,3.5,7,3,1
1,4,1,4,2.5,5,3,0
1,6,1,6,3.5,7,5,0
22,9,9,22,15.5,31,13,8
1,8,1,8,4.5,9,7,0
1,5,1,5,3.0,6,4,0
23,12,12,23,17.5,35,11,11
5,9,5,9,7.0,14,4,4
1,4,1,4,2.5,5,3,0
8,7,7,8,7.5,15,1,6
27,34,27,34,30.5,61,7,21
1,39,1,39,20.0,40,38,0
5,5,5,5,5.0,10,0,2
4,4,4,4,4.0,8,0,2
4,4,4,4,4.0,8,0,3
4,13,4,13,8.5,17,9,0
22,15,15,22,18.5,37,7,14
1,8,1,8,4.5,9,7,0
12,14,12,14,13.0,26,2,10
4,4,4,4,4.0,8,0,3
1,23,1,23,12.0,24,22,0
6,9,6,9,7.5,15,3,5
5,8,5,8,6.5,13,3,4
5,1,1,5,3.0,6,4,0
9,6,6,9,7.5,15,3,5
5,7,5,7,6.0,12,2,4
1,5,1,5,3.0,6,4,0
25,20,20,25,22.5,45,5,16
19,5,5,19,12.0,24,14,1
6,5,5,6,5.5,11,1,4
1,21,1,21,11.0,22,20,0
1,29,1,29,15.0,30,28,0
5,4,4,5,4.5,9,1,3
5,4,4,5,4.5,9,1,3
4,7,4,7,5.5,11,3,1
16,21,16,21,18.5,37,5,12
1,4,1,4,2.5,5,3,0
1,4,1,4,2.5,5,3,0
17,25,17,25,21.0,42,8,15
5,1,1,5,3.0,6,4,0
17,14,14,17,15.5,31,3,12
7,11,7,11,9.0,18,4,4
1,7,1,7,4.0,8,6,0
8,7,7,8,7.5,15,1,5
1,13,1,13,7.0,14,12,0
40,29,29,40,34.5,69,11,26
2,5,2,5,3.5,7,3,0
12,10,10,12,11.0,22,2,1
7,1,1,7,4.0,8,6,0
7,7,7,7,7.0,14,0,6
8,8,8,8,8.0,16,0,7
9,5,5,9,7.0,14,4,1
1,4,1,4,2.5,5,3,0
33,34,33,34,33.5,67,1,25
1,5,1,5,3.0,6,4,0
20,1,1,20,10.5,21,19,0
45,42,42,45,43.5,87,3,31
8,10,8,10,9.0,18,2,7
3,9,3,9,6.0,12,6,2
37,50,37,50,43.5,87,13,29
1,5,1,5,3.0,6,4,0
2,17,2,17,9.5,19,15,0
1,4,1,4,2.5,5,3,0
1,10,1,10,5.5,11,9,0
7,6,6,7,6.5,13,1,4
28,22,22,28,25.0,50,6,18
3,4,3,4,3.5,7,1,2
41,51,41,51,46.0,92,10,24
36,13,13,36,24.5,49,23,11
2,6,2,6,4.0,8,4,0
4,4,4,4,4.0,8,0,3
4,1,1,4,2.5,5,3,0
4,5,4,5,4.5,9,1,3
49,51,49,51,50.0,100,2,48
29,34,29,34,31.5,63,5,25
14,9,9,14,11.5,23,5,1
4,1,1,4,2.5,5,3,0
10,11,10,11,10.5,21,1,9
16,9,9,16,12.5,25,7,4
25,24,24,25,24.5,49,1,20
4,8,4,8,6.0,12,4,3
12,13,12,13,12.5,25,1,9
1,19,1,19,10.0,20,18,0
35,46,35,46,40.5,81,11,27
12,15,12,15,13.5,27,3,11
4,2,2,4,3.0,6,2,1
7,1,1,7,4.0,8,6,0
20,7,7,20,13.5,27,13,6
4,4,4,4,4.0,8,0,3
6,5,5,6,5.5,11,1,4
4,2,2,4,3.0,6,2,1
5,5,5,5,5.0,10,0,2
6,1,1,6,3.5,7,5,0
1,5,1,5,3.0,6,4,0
9,1,1,9,5.0,10,8,0
6,6,6,6,6.0,12,0,4
14,8,8,14,11.0,22,6,7
1,7,1,7,4.0,8,6,0
4,4,4,4,4.0,8,0,3
1,4,1,4,2.5,5,3,0
12,11,11,12,11.5,23,1,10
21,24,21,24,22.5,45,3,20
5,7,5,7,6.0,12,2,4
8,11,8,11,9.5,19,3,7
1,88,1,88,44.5,89,87,0
4,4,4,4,4.0,8,0,3
5,1,1,5,3.0,6,4,0
4,1,1,4,2.5,5,3,0
10,1,1,10,5.5,11,9,0
1,4,1,4,2.5,5,3,0
9,1,1,9,5.0,10,8,0
13,17,13,17,15.0,30,4,11
4,5,4,5,4.5,9,1,3
25,33,25,33,29.0,58,8,18
9,4,4,9,6.5,13,5,3
13,13,13,13,13.0,26,0,12
1,5,1,5,3.0,6,4,0
4,1,1,4,2.5,5,3,0
5,4,4,5,4.5,9,1,2
1,7,1,7,4.0,8,6,0
4,1,1,4,2.5,5,3,0
6,1,1,6,3.5,7,5,0
21,19,19,21,20.0,40,2,18
5,2,2,5,3.5,7,3,1
28,23,23,28,25.5,51,5,19
4,1,1,4,2.5,5,3,0
5,2,2,5,3.5,7,3,0
6,8,6,8,7.0,14,2,5
1,4,1,4,2.5,5,3,0
5,1,1,5,3.0,6,4,0
4,1,1,4,2.5,5,3,0
4,17,4,17,10.5,21,13,1
1,4,1,4,2.5,5,3,0
12,2,2,12,7.0,14,10,0
20,25,20,25,22.5,45,5,15
1,4,1,4,2.5,5,3,0
7,2,2,7,4.5,9,5,1
6,1,1,6,3.5,7,5,0
23,23,23,23,23.0,46,0,22
12,10,10,12,11.0,22,2,9
5,2,2,5,3.5,7,3,1
25,2,2,25,13.5,27,23,1
19,20,19,20,19.5,39,1,13
15,17,15,17,16.0,32,2,14
9,13,9,13,11.0,22,4,7
1,8,1,8,4.5,9,7,0
44,28,28,44,36.0,72,16,23
8,8,8,8,8.0,16,0,6
4,2,2,4,3.0,6,2,1
15,29,15,29,22.0,44,14,12
6,5,5,6,5.5,11,1,3
5,2,2,5,3.5,7,3,0
4,4,4,4,4.0,8,0,3
10,5,5,10,7.5,15,5,4
15,16,15,16,15.5,31,1,11
2,9,2,9,5.5,11,7,0
15,11,11,15,13.0,26,4,8
4,1,1,4,2.5,5,3,0
5,3,3,5,4.0,8,2,2
14,10,10,14,12.0,24,4,9
8,11,8,11,9.5,19,3,3
20,20,20,20,20.0,40,0,17
4,3,3,4,3.5,7,1,0
6,1,1,6,3.5,7,5,0
19,20,19,20,19.5,39,1,17
1,17,1,17,9.0,18,16,0
10,10,10,10,10.0,20,0,9
1,4,1,4,2.5,5,3,0
11,6,6,11,8.5,17,5,5
8,4,4,8,6.0,12,4,3
12,14,12,14,13.0,26,2,10
1,4,1,4,2.5,5,3,0
1,4,1,4,2.5,5,3,0
9,9,9,9,9.0,18,0,8
1,4,1,4,2.5,5,3,0
8,9,8,9,8.5,17,1,7
1,28,1,28,14.5,29,27,0
8,13,8,13,10.5,21,5,6
1,4,1,4,2.5,5,3,0
8,11,8,11,9.5,19,3,4
15,8,8,15,11.5,23,7,6
18,21,18,21,19.5,39,3,13
6,1,1,6,3.5,7,5,0
20,19,19,20,19.5,39,1,18
6,6,6,6,6.0,12,0,5
2,5,2,5,3.5,7,3,0
3,9,3,9,6.0,12,6,2
13,13,13,13,13.0,26,0,12
17,23,17,23,20.0,40,6,15
9,4,4,9,6.5,13,5,3
1,5,1,5,3.0,6,4,0
1,6,1,6,3.5,7,5,0
26,25,25,26,25.5,51,1,23
7,7,7,7,7.0,14,0,6
14,8,8,14,11.0,22,6,1
9,4,4,9,6.5,13,5,2
2,11,2,11,6.5,13,9,0
15,5,5,15,10.0,20,10,3
11,48,11,48,29.5,59,37,6
4,5,4,5,4.5,9,1,3
1,5,1,5,3.0,6,4,0
10,3,3,10,6.5,13,7,0
12,15,12,15,13.5,27,3,8
14,10,10,14,12.0,24,4,7
5,1,1,5,3.0,6,4,0
5,5,5,5,5.0,10,0,2
7,1,1,7,4.0,8,6,0
7,4,4,7,5.5,11,3,2
1,9,1,9,5.0,10,8,0
4,7,4,7,5.5,11,3,3
17,1,1,17,9.0,18,16,0
1,4,1,4,2.5,5,3,0
29,30,29,30,29.5,59,1,27
4,1,1,4,2.5,5,3,0
8,5,5,8,6.5,13,3,3
2,5,2,5,3.5,7,3,1
4,7,4,7,5.5,11,3,3
22,16,16,22,19.0,38,6,13
1,11,1,11,6.0,12,10,0
1,88,1,88,44.5,89,87,0
1,5,1,5,3.0,6,4,0
18,11,11,18,14.5,29,7,9
27,31,27,31,29.0,58,4,26
4,6,4,6,5.0,10,2,0
7,5,5,7,6.0,12,2,4
16,16,16,16,16.0,32,0,12
19,20,19,20,19.5,39,1,18
2,5,2,5,3.5,7,3,1
2,6,2,6,4.0,8,4,0
26,26,26,26,26.0,52,0,25
1,4,1,4,2.5,5,3,0
4,15,4,15,9.5,19,11,3
3,5,3,5,4.0,8,2,2
11,10,10,11,10.5,21,1,4
32,1,1,32,16.5,33,31,0
1,7,1,7,4.0,8,6,0
43,25,25,43,34.0,68,18,20
6,11,6,11,8.5,17,5,3
9,8,8,9,8.5,17,1,7
10,9,9,10,9.5,19,1,6
11,9,9,11,10.0,20,2,8
6,1,1,6,3.5,7,5,0
19,16,16,19,17.5,35,3,10
9,9,9,9,9.0,18,0,8
7,9,7,9,8.0,16,2,5
4,1,1,4,2.5,5,3,0
6,1,1,6,3.5,7,5,0
33,9,9,33,21.0,42,24,8
1,5,1,5,3.0,6,4,0
33,1,1,33,17.0,34,32,0
14,14,14,14,14.0,28,0,13
6,1,1,6,3.5,7,5,0
19,15,15,19,17.0,34,4,14
7,1,1,7,4.0,8,6,0
6,5,5,6,5.5,11,1,3
17,13,13,17,15.0,30,4,10
12,22,12,22,17.0,34,10,8
10,10,10,10,10.0,20,0,6
1,6,1,6,3.5,7,5,0
6,7,6,7,6.5,13,1,4
28,44,28,44,36.0,72,16,17
4,4,4,4,4.0,8,0,3
1,7,1,7,4.0,8,6,0
5,4,4,5,4.5,9,1,3
9,10,9,10,9.5,19,1,1
4,6,4,6,5.0,10,2,1
1,12,1,12,6.5,13,11,0
5,2,2,5,3.5,7,3,1
3,5,3,5,4.0,8,2,2
5,5,5,5,5.0,10,0,0
24,34,24,34,29.0,58,10,20
5,8,5,8,6.5,13,3,4
32,33,32,33,32.5,65,1,31
88,44,44,88,66.0,132,44,37
11,2,2,11,6.5,13,9,0
1,40,1,40,20.5,41,39,0
4,7,4,7,5.5,11,3,1
2,23,2,23,12.5,25,21,0
1,5,1,5,3.0,6,4,0
18,35,18,35,26.5,53,17,15
9,2,2,9,5.5,11,7,1
4,1,1,4,2.5,5,3,0
1,10,1,10,5.5,11,9,0
13,13,13,13,13.0,26,0,12
4,5,4,5,4.5,9,1,3
3,6,3,6,4.5,9,3,1
11,11,11,11,11.0,22,0,10
1,7,1,7,4.0,8,6,0
38,42,38,42,40.0,80,4,32
5,9,5,9,7.0,14,4,4
2,6,2,6,4.0,8,4,1
1,9,1,9,5.0,10,8,0
14,14,14,14,14.0,28,0,13
4,5,4,5,4.5,9,1,3
17,12,12,17,14.5,29,5,11
19,20,19,20,19.5,39,1,18
6,8,6,8,7.0,14,2,3
1,7,1,7,4.0,8,6,0
7,5,5,7,6.0,12,2,4
1,105,1,105,53.0,106,104,0
8,5,5,8,6.5,13,3,4
13,7,7,13,10.0,20,6,1
1,15,1,15,8.0,16,14,0
7,5,5,7,6.0,12,2,3
4,3,3,4,3.5,7,1,2
10,19,10,19,14.5,29,9,9
11,10,10,11,10.5,21,1,8
20,10,10,20,15.0,30,10,9
1,36,1,36,18.5,37,35,0
8,8,8,8,8.0,16,0,7
13,13,13,13,13.0,26,0,12
9,8,8,9,8.5,17,1,7
5,1,1,5,3.0,6,4,0
1,4,1,4,2.5,5,3,0
6,1,1,6,3.5,7,5,0
8,1,1,8,4.5,9,7,0
49,30,30,49,39.5,79,19,27
4,4,4,4,4.0,8,0,3
15,21,15,21,18.0,36,6,13
12,22,12,22,17.0,34,10,6
4,7,4,7,5.5,11,3,3
2,5,2,5,3.5,7,3,1
8,3,3,8,5.5,11,5,2
4,1,1,4,2.5,5,3,0
6,6,6,6,6.0,12,0,4
41,48,41,48,44.5,89,7,39
6,7,6,7,6.5,13,1,5
1,4,1,4,2.5,5,3,0
8,7,7,8,7.5,15,1,3
12,13,12,13,12.5,25,1,11
3,6,3,6,4.5,9,3,2
1,6,1,6,3.5,7,5,0
14,14,14,14,14.0,28,0,13
8,3,3,8,5.5,11,5,2
1,5,1,5,3.0,6,4,0
9,2,2,9,5.5,11,7,0
1,6,1,6,3.5,7,5,0
8,7,7,8,7.5,15,1,6
4,1,1,4,2.5,5,3,0
31,33,31,33,32.0,64,2,25
31,33,31,33,32.0,64,2,30
39,40,39,40,39.5,79,1,36
17,14,14,17,15.5,31,3,8
1,14,1,14,7.5,15,13,0
1,7,1,7,4.0,8,6,0
1,8,1,8,4.5,9,7,0
9,5,5,9,7.0,14,4,3
8,6,6,8,7.0,14,2,4
7,16,7,16,11.5,23,9,5
3,13,3,13,8.0,16,10,1
4,1,1,4,2.5,5,3,0
6,2,2,6,4.0,8,4,1
13,8,8,13,10.5,21,5,7
1,29,1,29,15.0,30,28,0
8,8,8,8,8.0,16,0,7
9,3,3,9,6.0,12,6,0
11,6,6,11,8.5,17,5,5
7,7,7,7,7.0,14,0,5
5,2,2,5,3.5,7,3,0
41,26,26,41,33.5,67,15,24
2,52,2,52,27.0,54,50,1
1,6,1,6,3.5,7,5,0
8,1,1,8,4.5,9,7,0
1,5,1,5,3.0,6,4,0
4,1,1,4,2.5,5,3,0
4,3,3,4,3.5,7,1,0
19,35,19,35,27.0,54,16,14
21,24,21,24,22.5,45,3,14
4,2,2,4,3.0,6,2,1
1,4,1,4,2.5,5,3,0
12,21,12,21,16.5,33,9,11
27,21,21,27,24.0,48,6,19
7,8,7,8,7.5,15,1,6
2,11,2,11,6.5,13,9,0
23,21,21,23,22.0,44,2,20
7,7,7,7,7.0,14,0,6
1,4,1,4,2.5,5,3,0
9,8,8,9,8.5,17,1,4
7,7,7,7,7.0,14,0,4
1,13,1,13,7.0,14,12,0
17,31,17,31,24.0,48,14,10
2,15,2,15,8.5,17,13,1
13,14,13,14,13.5,27,1,12
1,5,1,5,3.0,6,4,0
14,17,14,17,15.5,31,3,9
7,2,2,7,4.5,9,5,1
6,8,6,8,7.0,14,2,5
10,7,7,10,8.5,17,3,6
8,2,2,8,5.0,10,6,0
12,1,1,12,6.5,13,11,0
1,8,1,8,4.5,9,7,0
5,4,4,5,4.5,9,1,3
4,4,4,4,4.0,8,0,3
13,17,13,17,15.0,30,4,12
5,2,2,5,3.5,7,3,0
18,16,16,18,17.0,34,2,13
2,4,2,4,3.0,6,2,1
9,9,9,9,9.0,18,0,7
1,13,1,13,7.0,14,12,0
1,5,1,5,3.0,6,4,0
11,15,11,15,13.0,26,4,10
14,11,11,14,12.5,25,3,10
25,24,24,25,24.5,49,1,23
31,30,30,31,30.5,61,1,22
15,14,14,15,14.5,29,1,13
6,6,6,6,6.0,12,0,5
1,5,1,5,3.0,6,4,0
8,7,7,8,7.5,15,1,3
6,6,6,6,6.0,12,0,5
10,1,1,10,5.5,11,9,0
14,23,14,23,18.5,37,9,13
13,12,12,13,12.5,25,1,11
1,5,1,5,3.0,6,4,0
5,1,1,5,3.0,6,4,0
6,6,6,6,6.0,12,0,5
9,8,8,9,8.5,17,1,6
29,35,29,35,32.0,64,6,11
9,9,9,9,9.0,18,0,8
33,12,12,33,22.5,45,21,6
2,6,2,6,4.0,8,4,1
4,1,1,4,2.5,5,3,0
17,17,17,17,17.0,34,0,15
1,7,1,7,4.0,8,6,0
8,7,7,8,7.5,15,1,6
4,4,4,4,4.0,8,0,3
13,19,13,19,16.0,32,6,12
8,8,8,8,8.0,16,0,7
1,44,1,44,22.5,45,43,0
1,4,1,4,2.5,5,3,0
13,7,7,13,10.0,20,6,5
10,12,10,12,11.0,22,2,8
4,1,1,4,2.5,5,3,0
4,1,1,4,2.5,5,3,0
1,4,1,4,2.5,5,3,0
6,6,6,6,6.0,12,0,5
5,1,1,5,3.0,6,4,0
9,1,1,9,5.0,10,8,0
1,5,1,5,3.0,6,4,0
1,11,1,11,6.0,12,10,0
4,2,2,4,3.0,6,2,1
1,5,1,5,3.0,6,4,0
20,17,17,20,18.5,37,3,15
5,3,3,5,4.0,8,2,2
9,7,7,9,8.0,16,2,6
1,36,1,36,18.5,37,35,0
4,1,1,4,2.5,5,3,0
1,11,1,11,6.0,12,10,0
49,20,20,49,34.5,69,29,19
14,13,13,14,13.5,27,1,12
1,105,1,105,53.0,106,104,0
6,2,2,6,4.0,8,4,0
1,8,1,8,4.5,9,7,0
23,8,8,23,15.5,31,15,7
14,14,14,14,14.0,28,0,12
26,20,20,26,23.0,46,6,17
8,9,8,9,8.5,17,1,7
5,1,1,5,3.0,6,4,0
10,1,1,10,5.5,11,9,0
18,10,10,18,14.0,28,8,7
20,19,19,20,19.5,39,1,17
8,1,1,8,4.5,9,7,0
3,8,3,8,5.5,11,5,2
40,34,34,40,37.0,74,6,32
12,12,12,12,12.0,24,0,5
5,4,4,5,4.5,9,1,2
5,4,4,5,4.5,9,1,2
1,4,1,4,2.5,5,3,0
35,40,35,40,37.5,75,5,26
8,6,6,8,7.0,14,2,1
15,1,1,15,8.0,16,14,0
22,30,22,30,26.0,52,8,17
5,1,1,5,3.0,6,4,0
12,14,12,14,13.0,26,2,11
4,2,2,4,3.0,6,2,0
19,20,19,20,19.5,39,1,17
10,9,9,10,9.5,19,1,7
25,25,25,25,25.0,50,0,22
10,9,9,10,9.5,19,1,8
8,8,8,8,8.0,16,0,6
20,47,20,47,33.5,67,27,14
42,51,42,51,46.5,93,9,25
1,4,1,4,2.5,5,3,0
3,6,3,6,4.5,9,3,2
32,31,31,32,31.5,63,1,29
8,1,1,8,4.5,9,7,0
1,5,1,5,3.0,6,4,0
18,19,18,19,18.5,37,1,17
8,5,5,8,6.5,13,3,4
4,1,1,4,2.5,5,3,0
6,6,6,6,6.0,12,0,5
5,6,5,6,5.5,11,1,0
11,6,6,11,8.5,17,5,3
6,5,5,6,5.5,11,1,4
4,5,4,5,4.5,9,1,2
16,14,14,16,15.0,30,2,11
15,11,11,15,13.0,26,4,10
9,1,1,9,5.0,10,8,0
1,5,1,5,3.0,6,4,0
14,9,9,14,11.5,23,5,7
8,9,8,9,8.5,17,1,5
9,3,3,9,6.0,12,6,2
4,1,1,4,2.5,5,3,0
4,1,1,4,2.5,5,3,0
7,1,1,7,4.0,8,6,0
7,7,7,7,7.0,14,0,6
7,24,7,24,15.5,31,17,1
4,2,2,4,3.0,6,2,1
5,1,1,5,3.0,6,4,0
8,13,8,13,10.5,21,5,4
4,1,1,4,2.5,5,3,0
8,10,8,10,9.0,18,2,6
1,4,1,4,2.5,5,3,0
5,1,1,5,3.0,6,4,0
4,1,1,4,2.5,5,3,0
17,16,16,17,16.5,33,1,0
5,2,2,5,3.5,7,3,0
4,38,4,38,21.0,42,34,0
19,13,13,19,16.0,32,6,6
4,4,4,4,4.0,8,0,3
5,4,4,5,4.5,9,1,1
21,17,17,21,19.0,38,4,5
8,9,8,9,8.5,17,1,7
1,10,1,10,5.5,11,9,0
7,22,7,22,14.5,29,15,6
23,21,21,23,22.0,44,2,18
10,1,1,10,5.5,11,9,0
5,1,1,5,3.0,6,4,0
2,8,2,8,5.0,10,6,1
11,11,11,11,11.0,22,0,10
1,4,1,4,2.5,5,3,0
15,26,15,26,20.5,41,11,11
21,5,5,21,13.0,26,16,3
1,6,1,6,3.5,7,5,0
24,39,24,39,31.5,63,15,19
6,5,5,6,5.5,11,1,4
8,4,4,8,6.0,12,4,0
2,5,2,5,3.5,7,3,1
5,1,1,5,3.0,6,4,0
1,7,1,7,4.0,8,6,0
1,6,1,6,3.5,7,5,0
34,16,16,34,25.0,50,18,15
30,11,11,30,20.5,41,19,8
5,1,1,5,3.0,6,4,0
11,27,11,27,19.0,38,16,10
5,5,5,5,5.0,10,0,3
19,15,15,19,17.0,34,4,9
4,1,1,4,2.5,5,3,0
6,8,6,8,7.0,14,2,4
9,48,9,48,28.5,57,39,7
4,1,1,4,2.5,5,3,0
1,8,1,8,4.5,9,7,0
6,6,6,6,6.0,12,0,5
12,11,11,12,11.5,23,1,9
4,1,1,4,2.5,5,3,0
1,4,1,4,2.5,5,3,0
4,3,3,4,3.5,7,1,2
4,1,1,4,2.5,5,3,0
8,7,7,8,7.5,15,1,6
4,4,4,4,4.0,8,0,2
1,49,1,49,25.0,50,48,0
4,2,2,4,3.0,6,2,1
1,5,1,5,3.0,6,4,0
1,4,1,4,2.5,5,3,0
1,4,1,4,2.5,5,3,0
4,1,1,4,2.5,5,3,0
5,1,1,5,3.0,6,4,0
5,9,5,9,7.0,14,4,2
10,16,10,16,13.0,26,6,8
13,13,13,13,13.0,26,0,10
24,8,8,24,16.0,32,16,6
5,3,3,5,4.0,8,2,2
1,9,1,9,5.0,10,8,0
4,5,4,5,4.5,9,1,1
2,6,2,6,4.0,8,4,0
1,15,1,15,8.0,16,14,0
31,22,22,31,26.5,53,9,20
2,4,2,4,3.0,6,2,0
2,40,2,40,21.0,42,38,0
7,3,3,7,5.0,10,4,2
2,6,2,6,4.0,8,4,1
4,26,4,26,15.0,30,22,0
41,48,41,48,44.5,89,7,33
22,15,15,22,18.5,37,7,14
4,1,1,4,2.5,5,3,0
7,5,5,7,6.0,12,2,3
10,11,10,11,10.5,21,1,6
51,23,23,51,37.0,74,28,21
1,8,1,8,4.5,9,7,0
15,15,15,15,15.0,30,0,12
1,8,1,8,4.5,9,7,0
21,20,20,21,20.5,41,1,18
5,3,3,5,4.0,8,2,2
4,4,4,4,4.0,8,0,3
17,15,15,17,16.0,32,2,13
1,24,1,24,12.5,25,23,0
9,6,6,9,7.5,15,3,5
4,4,4,4,4.0,8,0,3
6,5,5,6,5.5,11,1,4
3,7,3,7,5.0,10,4,1
1,6,1,6,3.5,7,5,0
1,77,1,77,39.0,78,76,0
20,20,20,20,20.0,40,0,19
2,18,2,18,10.0,20,16,0
17,21,17,21,19.0,38,4,12
1,4,1,4,2.5,5,3,0
4,1,1,4,2.5,5,3,0
1,5,1,5,3.0,6,4,0
4,8,4,8,6.0,12,4,3
10,2,2,10,6.0,12,8,1
5,7,5,7,6.0,12,2,0
6,1,1,6,3.5,7,5,0
11,11,11,11,11.0,22,0,10
6,5,5,6,5.5,11,1,4
6,6,6,6,6.0,12,0,5
4,2,2,4,3.0,6,2,0
9,19,9,19,14.0,28,10,8
9,10,9,10,9.5,19,1,6
5,4,4,5,4.5,9,1,3
2,11,2,11,6.5,13,9,1
7,8,7,8,7.5,15,1,5
4,1,1,4,2.5,5,3,0
1,7,1,7,4.0,8,6,0
3,4,3,4,3.5,7,1,2
4,1,1,4,2.5,5,3,0
1,6,1,6,3.5,7,5,0
5,5,5,5,5.0,10,0,4
5,1,1,5,3.0,6,4,0
2,6,2,6,4.0,8,4,1
1,5,1,5,3.0,6,4,0
12,11,11,12,11.5,23,1,8
1,41,1,41,21.0,42,40,0
1,4,1,4,2.5,5,3,0
4,38,4,38,21.0,42,34,0
5,5,5,5,5.0,10,0,1
2,5,2,5,3.5,7,3,1
14,1,1,14,7.5,15,13,0
15,12,12,15,13.5,27,3,8
13,7,7,13,10.0,20,6,6
26,26,26,26,26.0,52,0,23
1,23,1,23,12.0,24,22,0
6,2,2,6,4.0,8,4,1
4,1,1,4,2.5,5,3,0
4,5,4,5,4.5,9,1,3
9,24,9,24,16.5,33,15,8
8,9,8,9,8.5,17,1,5
1,6,1,6,3.5,7,5,0
8,1,1,8,4.5,9,7,0
6,7,6,7,6.5,13,1,0
7,9,7,9,8.0,16,2,5
7,6,6,7,6.5,13,1,2
23,13,13,23,18.0,36,10,12
1,5,1,5,3.0,6,4,0
2,4,2,4,3.0,6,2,1
5,1,1,5,3.0,6,4,0
5,2,2,5,3.5,7,3,1
6,7,6,7,6.5,13,1,4
45,21,21,45,33.0,66,24,17
11,13,11,13,12.0,24,2,10
18,17,17,18,17.5,35,1,16
4,1,1,4,2.5,5,3,0
5,8,5,8,6.5,13,3,1
1,4,1,4,2.5,5,3,0
4,2,2,4,3.0,6,2,1
1,4,1,4,2.5,5,3,0
4,1,1,4,2.5,5,3,0
8,8,8,8,8.0,16,0,7
4,2,2,4,3.0,6,2,1
5,6,5,6,5.5,11,1,2
8,2,2,8,5.0,10,6,0
11,8,8,11,9.5,19,3,6
14,11,11,14,12.5,25,3,8
1,5,1,5,3.0,6,4,0
4,8,4,8,6.0,12,4,1
1,14,1,14,7.5,15,13,0
8,10,8,10,9.0,18,2,1
1,5,1,5,3.0,6,4,0
14,14,14,14,14.0,28,0,9
8,7,7,8,7.5,15,1,6
4,1,1,4,2.5,5,3,0
4,1,1,4,2.5,5,3,0
4,1,1,4,2.5,5,3,0
10,9,9,10,9.5,19,1,5
2,5,2,5,3.5,7,3,0
5,4,4,5,4.5,9,1,3
2,4,2,4,3.0,6,2,1
6,1,1,6,3.5,7,5,0
11,9,9,11,10.0,20,2,8
4,1,1,4,2.5,5,3,0
5,1,1,5,3.0,6,4,0
31,38,31,38,34.5,69,7,28
4,4,4,4,4.0,8,0,3
4,1,1,4,2.5,5,3,0
15,2,2,15,8.5,17,13,1
5,1,1,5,3.0,6,4,0
5,2,2,5,3.5,7,3,0
30,33,30,33,31.5,63,3,29
11,11,11,11,11.0,22,0,7
9,7,7,9,8.0,16,2,6
1,4,1,4,2.5,5,3,0
20,20,20,20,20.0,40,0,19
28,41,28,41,34.5,69,13,26
43,23,23,43,33.0,66,20,22
6,5,5,6,5.5,11,1,1
4,5,4,5,4.5,9,1,3
10,6,6,10,8.0,16,4,0
6,4,4,6,5.0,10,2,1
22,22,22,22,22.0,44,0,19
4,1,1,4,2.5,5,3,0
5,4,4,5,4.5,9,1,2
4,7,4,7,5.5,11,3,3
5,12,5,12,8.5,17,7,3
1,4,1,4,2.5,5,3,0
33,15,15,33,24.0,48,18,12
1,4,1,4,2.5,5,3,0
17,2,2,17,9.5,19,15,1
5,5,5,5,5.0,10,0,4
5,6,5,6,5.5,11,1,4
4,1,1,4,2.5,5,3,0
1,4,1,4,2.5,5,3,0
2,5,2,5,3.5,7,3,1
4,8,4,8,6.0,12,4,0
26,27,26,27,26.5,53,1,25
29,2,2,29,15.5,31,27,0
6,1,1,6,3.5,7,5,0
3,6,3,6,4.5,9,3,0
1,4,1,4,2.5,5,3,0
8,16,8,16,12.0,24,8,5
4,1,1,4,2.5,5,3,0
43,40,40,43,41.5,83,3,34
14,1,1,14,7.5,15,13,0
21,17,17,21,19.0,38,4,10
15,16,15,16,15.5,31,1,14
2,28,2,28,15.0,30,26,0
6,5,5,6,5.5,11,1,3
6,4,4,6,5.0,10,2,1
7,3,3,7,5.0,10,4,1
16,1,1,16,8.5,17,15,0
6,2,2,6,4.0,8,4,0
13,12,12,13,12.5,25,1,6
4,1,1,4,2.5,5,3,0
27,21,21,27,24.0,48,6,15
1,18,1,18,9.5,19,17,0
5,6,5,6,5.5,11,1,1
5,6,5,6,5.5,11,1,4
6,1,1,6,3.5,7,5,0
9,24,9,24,16.5,33,15,6
13,9,9,13,11.0,22,4,7
7,6,6,7,6.5,13,1,5
4,4,4,4,4.0,8,0,3
6,6,6,6,6.0,12,0,5
1,8,1,8,4.5,9,7,0
2,4,2,4,3.0,6,2,1
24,15,15,24,19.5,39,9,12
26,10,10,26,18.0,36,16,7
46,40,40,46,43.0,86,6,31
8,10,8,10,9.0,18,2,5
6,6,6,6,6.0,12,0,5
54,23,23,54,38.5,77,31,14
1,6,1,6,3.5,7,5,0
5,5,5,5,5.0,10,0,4
14,20,14,20,17.0,34,6,9
5,2,2,5,3.5,7,3,1
14,13,13,14,13.5,27,1,12
6,1,1,6,3.5,7,5,0
4,4,4,4,4.0,8,0,3
4,1,1,4,2.5,5,3,0
18,9,9,18,13.5,27,9,5
5,7,5,7,6.0,12,2,4
8,2,2,8,5.0,10,6,1
18,10,10,18,14.0,28,8,7
1,4,1,4,2.5,5,3,0
5,1,1,5,3.0,6,4,0
7,15,7,15,11.0,22,8,3
1,4,1,4,2.5,5,3,0
1,5,1,5,3.0,6,4,0
6,1,1,6,3.5,7,5,0
1,4,1,4,2.5,5,3,0
4,1,1,4,2.5,5,3,0
6,6,6,6,6.0,12,0,5
10,10,10,10,10.0,20,0,9
17,8,8,17,12.5,25,9,7
4,4,4,4,4.0,8,0,2
107,11,11,107,59.0,118,96,8
20,13,13,20,16.5,33,7,11
4,1,1,4,2.5,5,3,0
34,25,25,34,29.5,59,9,7
10,13,10,13,11.5,23,3,7
4,1,1,4,2.5,5,3,0
8,7,7,8,7.5,15,1,5
13,22,13,22,17.5,35,9,10
5,1,1,5,3.0,6,4,0
15,5,5,15,10.0,20,10,3
2,7,2,7,4.5,9,5,0
4,2,2,4,3.0,6,2,1
5,1,1,5,3.0,6,4,0
4,1,1,4,2.5,5,3,0
11,8,8,11,9.5,19,3,7
6,7,6,7,6.5,13,1,5
12,10,10,12,11.0,22,2,7
1,5,1,5,3.0,6,4,0
5,5,5,5,5.0,10,0,4
1,11,1,11,6.0,12,10,0
14,5,5,14,9.5,19,9,4
1,5,1,5,3.0,6,4,0
4,1,1,4,2.5,5,3,0
17,12,12,17,14.5,29,5,9
4,5,4,5,4.5,9,1,0
1,5,1,5,3.0,6,4,0
21,19,19,21,20.0,40,2,18
5,4,4,5,4.5,9,1,3
1,17,1,17,9.0,18,16,0
9,11,9,11,10.0,20,2,4
9,9,9,9,9.0,18,0,7
10,9,9,10,9.5,19,1,7
12,7,7,12,9.5,19,5,6
9,9,9,9,9.0,18,0,7
7,7,7,7,7.0,14,0,5
5,4,4,5,4.5,9,1,3
1,146,1,146,73.5,147,145,0
13,21,13,21,17.0,34,8,8
27,23,23,27,25.0,50,4,22
15,15,15,15,15.0,30,0,7
20,26,20,26,23.0,46,6,16
7,1,1,7,4.0,8,6,0
19,9,9,19,14.0,28,10,8
4,1,1,4,2.5,5,3,0
6,10,6,10,8.0,16,4,5
6,5,5,6,5.5,11,1,4
9,7,7,9,8.0,16,2,6
7,9,7,9,8.0,16,2,5
6,1,1,6,3.5,7,5,0
9,3,3,9,6.0,12,6,2
7,13,7,13,10.0,20,6,6
22,19,19,22,20.5,41,3,18
8,11,8,11,9.5,19,3,7
8,10,8,10,9.0,18,2,3
2,4,2,4,3.0,6,2,1
4,5,4,5,4.5,9,1,3
12,14,12,14,13.0,26,2,11
32,33,32,33,32.5,65,1,30
17,15,15,17,16.0,32,2,14
20,20,20,20,20.0,40,0,18
5,1,1,5,3.0,6,4,0
16,18,16,18,17.0,34,2,13
4,7,4,7,5.5,11,3,0
10,5,5,10,7.5,15,5,1
4,8,4,8,6.0,12,4,1
1,12,1,12,6.5,13,11,0
5,4,4,5,4.5,9,1,2
4,4,4,4,4.0,8,0,2
1,6,1,6,3.5,7,5,0
7,9,7,9,8.0,16,2,5
1,4,1,4,2.5,5,3,0
6,5,5,6,5.5,11,1,4
8,7,7,8,7.5,15,1,4
4,9,4,9,6.5,13,5,1
13,1,1,13,7.0,14,12,0
8,17,8,17,12.5,25,9,5
31,10,10,31,20.5,41,21,8
5,4,4,5,4.5,9,1,3
12,65,12,65,38.5,77,53,11
4,1,1,4,2.5,5,3,0
8,1,1,8,4.5,9,7,0
4,2,2,4,3.0,6,2,1
7,1,1,7,4.0,8,6,0
19,11,11,19,15.0,30,8,7
13,24,13,24,18.5,37,11,10
6,6,6,6,6.0,12,0,5
5,1,1,5,3.0,6,4,0
16,6,6,16,11.0,22,10,3
52,6,6,52,29.0,58,46,3
44,1,1,44,22.5,45,43,0
5,8,5,8,6.5,13,3,0
12,13,12,13,12.5,25,1,11
6,14,6,14,10.0,20,8,5
15,9,9,15,12.0,24,6,6
7,23,7,23,15.0,30,16,4
5,6,5,6,5.5,11,1,4
6,7,6,7,6.5,13,1,4
5,1,1,5,3.0,6,4,0
13,36,13,36,24.5,49,23,10
17,27,17,27,22.0,44,10,13
1,20,1,20,10.5,21,19,0
53,10,10,53,31.5,63,43,8
4,1,1,4,2.5,5,3,0
5,1,1,5,3.0,6,4,0
17,19,17,19,18.0,36,2,15
23,23,23,23,23.0,46,0,21
17,10,10,17,13.5,27,7,9
8,13,8,13,10.5,21,5,6
5,5,5,5,5.0,10,0,4
10,6,6,10,8.0,16,4,5
23,34,23,34,28.5,57,11,22
10,11,10,11,10.5,21,1,7
4,2,2,4,3.0,6,2,1
1,6,1,6,3.5,7,5,0
14,5,5,14,9.5,19,9,1
15,8,8,15,11.5,23,7,7
6,5,5,6,5.5,11,1,4
16,11,11,16,13.5,27,5,9
17,15,15,17,16.0,32,2,13
5,1,1,5,3.0,6,4,0
6,7,6,7,6.5,13,1,3
7,7,7,7,7.0,14,0,6
5,6,5,6,5.5,11,1,4
5,5,5,5,5.0,10,0,4
7,22,7,22,14.5,29,15,0
5,4,4,5,4.5,9,1,2
5,8,5,8,6.5,13,3,1
46,43,43,46,44.5,89,3,39
34,66,34,66,50.0,100,32,26
26,5,5,26,15.5,31,21,1
31,33,31,33,32.0,64,2,25
9,9,9,9,9.0,18,0,7
9,2,2,9,5.5,11,7,1
24,16,16,24,20.0,40,8,13
27,26,26,27,26.5,53,1,25
2,8,2,8,5.0,10,6,1
12,18,12,18,15.0,30,6,11
20,18,18,20,19.0,38,2,17
5,7,5,7,6.0,12,2,4
4,4,4,4,4.0,8,0,3
23,20,20,23,21.5,43,3,17
4,1,1,4,2.5,5,3,0
1,16,1,16,8.5,17,15,0
1,4,1,4,2.5,5,3,0
8,2,2,8,5.0,10,6,1
39,49,39,49,44.0,88,10,19
2,6,2,6,4.0,8,4,0
5,3,3,5,4.0,8,2,2
10,18,10,18,14.0,28,8,8
2,4,2,4,3.0,6,2,1
1,9,1,9,5.0,10,8,0
16,23,16,23,19.5,39,7,10
1,75,1,75,38.0,76,74,0
4,11,4,11,7.5,15,7,2
7,8,7,8,7.5,15,1,5
9,12,9,12,10.5,21,3,8
7,1,1,7,4.0,8,6,0
2,19,2,19,10.5,21,17,0
4,1,1,4,2.5,5,3,0
4,5,4,5,4.5,9,1,2
2,18,2,18,10.0,20,16,1
16,17,16,17,16.5,33,1,12
4,2,2,4,3.0,6,2,1
9,1,1,9,5.0,10,8,0
6,4,4,6,5.0,10,2,2
11,16,11,16,13.5,27,5,6
1,4,1,4,2.5,5,3,0
52,14,14,52,33.0,66,38,8
5,4,4,5,4.5,9,1,3
4,1,1,4,2.5,5,3,0
17,9,9,17,13.0,26,8,7
4,5,4,5,4.5,9,1,3
5,1,1,5,3.0,6,4,0
7,8,7,8,7.5,15,1,1
2,4,2,4,3.0,6,2,1
15,13,13,15,14.0,28,2,8
17,17,17,17,17.0,34,0,9
5,5,5,5,5.0,10,0,4
11,1,1,11,6.0,12,10,0
15,1,1,15,8.0,16,14,0
25,25,25,25,25.0,50,0,24
15,28,15,28,21.5,43,13,10
10,9,9,10,9.5,19,1,7
5,1,1,5,3.0,6,4,0
6,6,6,6,6.0,12,0,5
4,4,4,4,4.0,8,0,2
13,33,13,33,23.0,46,20,11
5,2,2,5,3.5,7,3,1
18,18,18,18,18.0,36,0,15
1,17,1,17,9.0,18,16,0
1,107,1,107,54.0,108,106,0
7,6,6,7,6.5,13,1,1
1,15,1,15,8.0,16,14,0
12,5,5,12,8.5,17,7,1
4,2,2,4,3.0,6,2,0
13,16,13,16,14.5,29,3,6
5,5,5,5,5.0,10,0,3
1,5,1,5,3.0,6,4,0
4,5,4,5,4.5,9,1,3
12,9,9,12,10.5,21,3,5
32,18,18,32,25.0,50,14,10
5,7,5,7,6.0,12,2,3
26,27,26,27,26.5,53,1,25
13,13,13,13,13.0,26,0,11
17,22,17,22,19.5,39,5,15
46,49,46,49,47.5,95,3,43
13,8,8,13,10.5,21,5,7
31,27,27,31,29.0,58,4,25
4,4,4,4,4.0,8,0,3
1,5,1,5,3.0,6,4,0
25,21,21,25,23.0,46,4,20
4,4,4,4,4.0,8,0,0
9,10,9,10,9.5,19,1,8
8,9,8,9,8.5,17,1,7
5,6,5,6,5.5,11,1,3
4,4,4,4,4.0,8,0,2
42,50,42,50,46.0,92,8,25
1,7,1,7,4.0,8,6,0
5,1,1,5,3.0,6,4,0
1,5,1,5,3.0,6,4,0
9,19,9,19,14.0,28,10,8
4,7,4,7,5.5,11,3,3
5,4,4,5,4.5,9,1,3
5,1,1,5,3.0,6,4,0
5,9,5,9,7.0,14,4,4
5,5,5,5,5.0,10,0,4
8,9,8,9,8.5,17,1,6
5,1,1,5,3.0,6,4,0
8,8,8,8,8.0,16,0,7
6,10,6,10,8.0,16,4,4
1,4,1,4,2.5,5,3,0
6,1,1,6,3.5,7,5,0
4,1,1,4,2.5,5,3,0
5,6,5,6,5.5,11,1,4
5,1,1,5,3.0,6,4,0
5,3,3,5,4.0,8,2,2
5,8,5,8,6.5,13,3,3
8,8,8,8,8.0,16,0,7
27,24,24,27,25.5,51,3,19
8,7,7,8,7.5,15,1,6
4,1,1,4,2.5,5,3,0
16,9,9,16,12.5,25,7,7
5,1,1,5,3.0,6,4,0
14,14,14,14,14.0,28,0,13
1,48,1,48,24.5,49,47,0
2,4,2,4,3.0,6,2,1
1,48,1,48,24.5,49,47,0
2,17,2,17,9.5,19,15,0
5,4,4,5,4.5,9,1,3
18,15,15,18,16.5,33,3,7
12,1,1,12,6.5,13,11,0
1,14,1,14,7.5,15,13,0
8,3,3,8,5.5,11,5,2
6,1,1,6,3.5,7,5,0
6,1,1,6,3.5,7,5,0
14,7,7,14,10.5,21,7,2
4,1,1,4,2.5,5,3,0
13,12,12,13,12.5,25,1,11
1,18,1,18,9.5,19,17,0
12,18,12,18,15.0,30,6,8
14,14,14,14,14.0,28,0,13
11,18,11,18,14.5,29,7,10
2,24,2,24,13.0,26,22,0
10,8,8,10,9.0,18,2,4
5,1,1,5,3.0,6,4,0
40,31,31,40,35.5,71,9,21
11,15,11,15,13.0,26,4,6
9,1,1,9,5.0,10,8,0
11,43,11,43,27.0,54,32,1
6,20,6,20,13.0,26,14,5
6,1,1,6,3.5,7,5,0
1,17,1,17,9.0,18,16,0
5,5,5,5,5.0,10,0,4
1,5,1,5,3.0,6,4,0
11,17,11,17,14.0,28,6,9
4,1,1,4,2.5,5,3,0
6,1,1,6,3.5,7,5,0
5,1,1,5,3.0,6,4,0
4,4,4,4,4.0,8,0,3
5,3,3,5,4.0,8,2,1
11,4,4,11,7.5,15,7,3
1,5,1,5,3.0,6,4,0
11,22,11,22,16.5,33,11,7
14,27,14,27,20.5,41,13,7
4,4,4,4,4.0,8,0,3
4,1,1,4,2.5,5,3,0
4,4,4,4,4.0,8,0,3
11,11,11,11,11.0,22,0,10
1,7,1,7,4.0,8,6,0
4,2,2,4,3.0,6,2,1
3,6,3,6,4.5,9,3,2
2,7,2,7,4.5,9,5,1
2,7,2,7,4.5,9,5,0
34,40,34,40,37.0,74,6,8
9,8,8,9,8.5,17,1,7
8,8,8,8,8.0,16,0,7
9,10,9,10,9.5,19,1,7
1,7,1,7,4.0,8,6,0
7,1,1,7,4.0,8,6,0
11,5,5,11,8.0,16,6,4
4,4,4,4,4.0,8,0,3
1,22,1,22,11.5,23,21,0
1,4,1,4,2.5,5,3,0
4,1,1,4,2.5,5,3,0
7,3,3,7,5.0,10,4,2
8,9,8,9,8.5,17,1,7
2,4,2,4,3.0,6,2,0
4,1,1,4,2.5,5,3,0
10,11,10,11,10.5,21,1,9
21,31,21,31,26.0,52,10,17
6,1,1,6,3.5,7,5,0
7,6,6,7,6.5,13,1,5
1,4,1,4,2.5,5,3,0
7,1,1,7,4.0,8,6,0
4,6,4,6,5.0,10,2,3
7,3,3,7,5.0,10,4,0
9,13,9,13,11.0,22,4,0
7,9,7,9,8.0,16,2,5
8,7,7,8,7.5,15,1,6
1,15,1,15,8.0,16,14,0
5,8,5,8,6.5,13,3,3
5,5,5,5,5.0,10,0,4
9,14,9,14,11.5,23,5,6
6,3,3,6,4.5,9,3,2
27,10,10,27,18.5,37,17,8
6,1,1,6,3.5,7,5,0
6,7,6,7,6.5,13,1,5
23,6,6,23,14.5,29,17,5
3,5,3,5,4.0,8,2,2
27,25,25,27,26.0,52,2,20
11,5,5,11,8.0,16,6,2
40,37,37,40,38.5,77,3,33
4,1,1,4,2.5,5,3,0
1,6,1,6,3.5,7,5,0
26,26,26,26,26.0,52,0,25
8,6,6,8,7.0,14,2,4
20,16,16,20,18.0,36,4,15
39,28,28,39,33.5,67,11,27
1,5,1,5,3.0,6,4,0
4,3,3,4,3.5,7,1,2
4,2,2,4,3.0,6,2,1
16,5,5,16,10.5,21,11,0
2,5,2,5,3.5,7,3,1
11,11,11,11,11.0,22,0,10
19,19,19,19,19.0,38,0,18
24,24,24,24,24.0,48,0,21
4,1,1,4,2.5,5,3,0
17,15,15,17,16.0,32,2,9
2,15,2,15,8.5,17,13,1
1,7,1,7,4.0,8,6,0
15,13,13,15,14.0,28,2,11
2,18,2,18,10.0,20,16,0
24,1,1,24,12.5,25,23,0
1,5,1,5,3.0,6,4,0
12,9,9,12,10.5,21,3,7
13,13,13,13,13.0,26,0,6
1,4,1,4,2.5,5,3,0
13,38,13,38,25.5,51,25,10
5,4,4,5,4.5,9,1,3
37,35,35,37,36.0,72,2,22
4,1,1,4,2.5,5,3,0
4,3,3,4,3.5,7,1,0
5,1,1,5,3.0,6,4,0
4,5,4,5,4.5,9,1,3
7,2,2,7,4.5,9,5,1
6,6,6,6,6.0,12,0,5
1,5,1,5,3.0,6,4,0
4,26,4,26,15.0,30,22,3
16,12,12,16,14.0,28,4,8
10,10,10,10,10.0,20,0,9
12,5,5,12,8.5,17,7,0
13,18,13,18,15.5,31,5,9
1,4,1,4,2.5,5,3,0
12,9,9,12,10.5,21,3,8
12,13,12,13,12.5,25,1,10
8,19,8,19,13.5,27,11,4
4,1,1,4,2.5,5,3,0
1,10,1,10,5.5,11,9,0
7,5,5,7,6.0,12,2,2
17,19,17,19,18.0,36,2,12
6,2,2,6,4.0,8,4,1
6,6,6,6,6.0,12,0,1
5,9,5,9,7.0,14,4,4
26,22,22,26,24.0,48,4,21
7,9,7,9,8.0,16,2,6
7,1,1,7,4.0,8,6,0
5,18,5,18,11.5,23,13,4
7,2,2,7,4.5,9,5,1
6,7,6,7,6.5,13,1,4
10,1,1,10,5.5,11,9,0
4,10,4,10,7.0,14,6,2
7,6,6,7,6.5,13,1,2
21,37,21,37,29.0,58,16,20
8,8,8,8,8.0,16,0,7
2,4,2,4,3.0,6,2,1
1,26,1,26,13.5,27,25,0
1,4,1,4,2.5,5,3,0
7,2,2,7,4.5,9,5,0
6,5,5,6,5.5,11,1,3
10,13,10,13,11.5,23,3,8
5,1,1,5,3.0,6,4,0
14,14,14,14,14.0,28,0,13
22,16,16,22,19.0,38,6,14
15,13,13,15,14.0,28,2,11
4,4,4,4,4.0,8,0,3
1,10,1,10,5.5,11,9,0
6,1,1,6,3.5,7,5,0
14,15,14,15,14.5,29,1,10
1,77,1,77,39.0,78,76,0
4,4,4,4,4.0,8,0,3
23,6,6,23,14.5,29,17,4
4,5,4,5,4.5,9,1,2
1,5,1,5,3.0,6,4,0
4,7,4,7,5.5,11,3,0
1,4,1,4,2.5,5,3,0
14,19,14,19,16.5,33,5,11
9,27,9,27,18.0,36,18,4
14,11,11,14,12.5,25,3,10
46,36,36,46,41.0,82,10,32
6,1,1,6,3.5,7,5,0
17,11,11,17,14.0,28,6,9
22,19,19,22,20.5,41,3,9
21,5,5,21,13.0,26,16,0
7,6,6,7,6.5,13,1,1
18,10,10,18,14.0,28,8,7
15,15,15,15,15.0,30,0,14
1,9,1,9,5.0,10,8,0
10,11,10,11,10.5,21,1,9
14,15,14,15,14.5,29,1,11
6,2,2,6,4.0,8,4,1
9,9,9,9,9.0,18,0,4
21,22,21,22,21.5,43,1,16
1,48,1,48,24.5,49,47,0
7,1,1,7,4.0,8,6,0
1,6,1,6,3.5,7,5,0
1,5,1,5,3.0,6,4,0
1,5,1,5,3.0,6,4,0
9,8,8,9,8.5,17,1,6
1,48,1,48,24.5,49,47,0
5,5,5,5,5.0,10,0,4
12,7,7,12,9.5,19,5,6
9,7,7,9,8.0,16,2,5
29,42,29,42,35.5,71,13,25
5,5,5,5,5.0,10,0,1
4,7,4,7,5.5,11,3,3
4,1,1,4,2.5,5,3,0
1,6,1,6,3.5,7,5,0
6,7,6,7,6.5,13,1,4
4,1,1,4,2.5,5,3,0
12,15,12,15,13.5,27,3,5
5,2,2,5,3.5,7,3,0
16,16,16,16,16.0,32,0,14
4,3,3,4,3.5,7,1,1
5,6,5,6,5.5,11,1,0
11,5,5,11,8.0,16,6,0
6,4,4,6,5.0,10,2,1
14,6,6,14,10.0,20,8,4
16,14,14,16,15.0,30,2,12
20,21,20,21,20.5,41,1,18
4,2,2,4,3.0,6,2,0
10,5,5,10,7.5,15,5,3
1,8,1,8,4.5,9,7,0
4,4,4,4,4.0,8,0,3
1,4,1,4,2.5,5,3,0
4,5,4,5,4.5,9,1,3
1,6,1,6,3.5,7,5,0
5,1,1,5,3.0,6,4,0
6,7,6,7,6.5,13,1,3
15,28,15,28,21.5,43,13,14
28,30,28,30,29.0,58,2,26
5,2,2,5,3.5,7,3,1
13,7,7,13,10.0,20,6,5
4,1,1,4,2.5,5,3,0
5,2,2,5,3.5,7,3,1
3,15,3,15,9.0,18,12,0
2,4,2,4,3.0,6,2,1
15,8,8,15,11.5,23,7,7
4,5,4,5,4.5,9,1,1
22,20,20,22,21.0,42,2,18
1,4,1,4,2.5,5,3,0
30,28,28,30,29.0,58,2,24
14,15,14,15,14.5,29,1,12
2,12,2,12,7.0,14,10,0
1,6,1,6,3.5,7,5,0
6,1,1,6,3.5,7,5,0
1,18,1,18,9.5,19,17,0
10,7,7,10,8.5,17,3,6
5,1,1,5,3.0,6,4,0
24,33,24,33,28.5,57,9,14
5,1,1,5,3.0,6,4,0
1,4,1,4,2.5,5,3,0
3,4,3,4,3.5,7,1,2
1,4,1,4,2.5,5,3,0
1,6,1,6,3.5,7,5,0
18,23,18,23,20.5,41,5,16
1,88,1,88,44.5,89,87,0
7,2,2,7,4.5,9,5,1
5,7,5,7,6.0,12,2,3
16,18,16,18,17.0,34,2,14
1,12,1,12,6.5,13,11,0
3,10,3,10,6.5,13,7,0
1,4,1,4,2.5,5,3,0
5,1,1,5,3.0,6,4,0
6,1,1,6,3.5,7,5,0
1,34,1,34,17.5,35,33,0
5,1,1,5,3.0,6,4,0
1,6,1,6,3.5,7,5,0
17,18,17,18,17.5,35,1,16
5,1,1,5,3.0,6,4,0
5,6,5,6,5.5,11,1,4
4,4,4,4,4.0,8,0,2
1,4,1,4,2.5,5,3,0
7,10,7,10,8.5,17,3,6
5,4,4,5,4.5,9,1,3
4,3,3,4,3.5,7,1,2
4,5,4,5,4.5,9,1,1
5,5,5,5,5.0,10,0,2
23,23,23,23,23.0,46,0,22
4,4,4,4,4.0,8,0,2
3,4,3,4,3.5,7,1,2
5,1,1,5,3.0,6,4,0
4,1,1,4,2.5,5,3,0
7,4,4,7,5.5,11,3,2
7,7,7,7,7.0,14,0,6
22,22,22,22,22.0,44,0,20
1,11,1,11,6.0,12,10,0
8,1,1,8,4.5,9,7,0
4,1,1,4,2.5,5,3,0
28,17,17,28,22.5,45,11,14
5,1,1,5,3.0,6,4,0
10,14,10,14,12.0,24,4,8
7,5,5,7,6.0,12,2,4
16,16,16,16,16.0,32,0,13
9,8,8,9,8.5,17,1,4
1,15,1,15,8.0,16,14,0
4,4,4,4,4.0,8,0,3
24,23,23,24,23.5,47,1,10
1,4,1,4,2.5,5,3,0
15,12,12,15,13.5,27,3,8
1,27,1,27,14.0,28,26,0
5,6,5,6,5.5,11,1,4
16,11,11,16,13.5,27,5,8
1,75,1,75,38.0,76,74,0
5,1,1,5,3.0,6,4,0
1,4,1,4,2.5,5,3,0
47,26,26,47,36.5,73,21,20
4,1,1,4,2.5,5,3,0
2,4,2,4,3.0,6,2,1
19,19,19,19,19.0,38,0,18
11,13,11,13,12.0,24,2,9
25,24,24,25,24.5,49,1,22
1,5,1,5,3.0,6,4,0
1,17,1,17,9.0,18,16,0
1,6,1,6,3.5,7,5,0
17,23,17,23,20.0,40,6,16
5,6,5,6,5.5,11,1,4
9,11,9,11,10.0,20,2,8
4,1,1,4,2.5,5,3,0
4,1,1,4,2.5,5,3,0
1,11,1,11,6.0,12,10,0
8,1,1,8,4.5,9,7,0
28,35,28,35,31.5,63,7,23
3,9,3,9,6.0,12,6,2
5,1,1,5,3.0,6,4,0
5,1,1,5,3.0,6,4,0
49,44,44,49,46.5,93,5,41
6,6,6,6,6.0,12,0,3
11,7,7,11,9.0,18,4,0
12,17,12,17,14.5,29,5,9
6,1,1,6,3.5,7,5,0
4,1,1,4,2.5,5,3,0
7,7,7,7,7.0,14,0,6
19,19,19,19,19.0,38,0,18
22,22,22,22,22.0,44,0,19
8,1,1,8,4.5,9,7,0
4,4,4,4,4.0,8,0,3
5,5,5,5,5.0,10,0,4
14,2,2,14,8.0,16,12,0
5,4,4,5,4.5,9,1,3
1,5,1,5,3.0,6,4,0
1,10,1,10,5.5,11,9,0
4,16,4,16,10.0,20,12,3
12,13,12,13,12.5,25,1,11
32,21,21,32,26.5,53,11,20
12,13,12,13,12.5,25,1,8
1,10,1,10,5.5,11,9,0
8,12,8,12,10.0,20,4,6
4,9,4,9,6.5,13,5,1
11,8,8,11,9.5,19,3,7
1,5,1,5,3.0,6,4,0
15,13,13,15,14.0,28,2,10
6,1,1,6,3.5,7,5,0
12,29,12,29,20.5,41,17,11
5,5,5,5,5.0,10,0,4
5,1,1,5,3.0,6,4,0
18,10,10,18,14.0,28,8,9
6,6,6,6,6.0,12,0,5
11,1,1,11,6.0,12,10,0
12,5,5,12,8.5,17,7,4
1,5,1,5,3.0,6,4,0
9,14,9,14,11.5,23,5,7
5,6,5,6,5.5,11,1,4
5,15,5,15,10.0,20,10,4
7,8,7,8,7.5,15,1,5
5,8,5,8,6.5,13,3,3
4,1,1,4,2.5,5,3,0
1,4,1,4,2.5,5,3,0
1,4,1,4,2.5,5,3,0
1,4,1,4,2.5,5,3,0
18,33,18,33,25.5,51,15,10
8,8,8,8,8.0,16,0,7
9,6,6,9,7.5,15,3,5
8,107,8,107,57.5,115,99,0
1,5,1,5,3.0,6,4,0
10,14,10,14,12.0,24,4,9
3,5,3,5,4.0,8,2,0
4,4,4,4,4.0,8,0,3
1,4,1,4,2.5,5,3,0
7,13,7,13,10.0,20,6,5
4,3,3,4,3.5,7,1,2
14,16,14,16,15.0,30,2,11
1,4,1,4,2.5,5,3,0
6,2,2,6,4.0,8,4,0
11,7,7,11,9.0,18,4,6
11,10,10,11,10.5,21,1,9
25,35,25,35,30.0,60,10,22
2,13,2,13,7.5,15,11,1
6,5,5,6,5.5,11,1,2
4,2,2,4,3.0,6,2,1
5,5,5,5,5.0,10,0,4
5,1,1,5,3.0,6,4,0
32,32,32,32,32.0,64,0,31
5,5,5,5,5.0,10,0,4
1,4,1,4,2.5,5,3,0
1,8,1,8,4.5,9,7,0
4,1,1,4,2.5,5,3,0
1,11,1,11,6.0,12,10,0
1,5,1,5,3.0,6,4,0
4,1,1,4,2.5,5,3,0
4,4,4,4,4.0,8,0,2
2,23,2,23,12.5,25,21,0
7,6,6,7,6.5,13,1,4
4,3,3,4,3.5,7,1,2
1,4,1,4,2.5,5,3,0
5,4,4,5,4.5,9,1,3
28,13,13,28,20.5,41,15,10
4,6,4,6,5.0,10,2,3
8,6,6,8,7.0,14,2,2
7,4,4,7,5.5,11,3,3
10,6,6,10,8.0,16,4,2
1,4,1,4,2.5,5,3,0
4,4,4,4,4.0,8,0,3
3,4,3,4,3.5,7,1,2
6,6,6,6,6.0,12,0,4
1,5,1,5,3.0,6,4,0
9,10,9,10,9.5,19,1,7
12,26,12,26,19.0,38,14,0
5,1,1,5,3.0,6,4,0
28,38,28,38,33.0,66,10,21
1,7,1,7,4.0,8,6,0
5,1,1,5,3.0,6,4,0
1,5,1,5,3.0,6,4,0
3,6,3,6,4.5,9,3,0
5,1,1,5,3.0,6,4,0
10,1,1,10,5.5,11,9,0
6,1,1,6,3.5,7,5,0
9,1,1,9,5.0,10,8,0
6,4,4,6,5.0,10,2,3
6,6,6,6,6.0,12,0,5
1,6,1,6,3.5,7,5,0
7,9,7,9,8.0,16,2,6
1,10,1,10,5.5,11,9,0
1,22,1,22,11.5,23,21,0
12,13,12,13,12.5,25,1,9
30,54,30,54,42.0,84,24,22
17,16,16,17,16.5,33,1,15
16,14,14,16,15.0,30,2,9
11,8,8,11,9.5,19,3,5
1,146,1,146,73.5,147,145,0
6,4,4,6,5.0,10,2,3
5,11,5,11,8.0,16,6,3
5,7,5,7,6.0,12,2,4
66,49,49,66,57.5,115,17,31
4,1,1,4,2.5,5,3,0
9,12,9,12,10.5,21,3,4
1,5,1,5,3.0,6,4,0
1,5,1,5,3.0,6,4,0
5,15,5,15,10.0,20,10,3
8,7,7,8,7.5,15,1,6
5,8,5,8,6.5,13,3,3
11,11,11,11,11.0,22,0,9
25,22,22,25,23.5,47,3,20
5,1,1,5,3.0,6,4,0
10,1,1,10,5.5,11,9,0
6,4,4,6,5.0,10,2,3
22,21,21,22,21.5,43,1,19
13,15,13,15,14.0,28,2,11
8,1,1,8,4.5,9,7,0
9,1,1,9,5.0,10,8,0
7,7,7,7,7.0,14,0,6
1,4,1,4,2.5,5,3,0
7,3,3,7,5.0,10,4,2
21,20,20,21,20.5,41,1,18
4,2,2,4,3.0,6,2,1
15,9,9,15,12.0,24,6,7
45,31,31,45,38.0,76,14,28
4,1,1,4,2.5,5,3,0
4,1,1,4,2.5,5,3,0
8,10,8,10,9.0,18,2,6
19,21,19,21,20.0,40,2,18
24,19,19,24,21.5,43,5,15
13,9,9,13,11.0,22,4,7
28,23,23,28,25.5,51,5,19
146,30,30,146,88.0,176,116,25
6,4,4,6,5.0,10,2,2
7,1,1,7,4.0,8,6,0
17,1,1,17,9.0,18,16,0
2,21,2,21,11.5,23,19,0
15,17,15,17,16.0,32,2,14
6,10,6,10,8.0,16,4,3
11,9,9,11,10.0,20,2,5
8,13,8,13,10.5,21,5,7
7,7,7,7,7.0,14,0,6
4,4,4,4,4.0,8,0,3
7,2,2,7,4.5,9,5,1
40,37,37,40,38.5,77,3,27
7,15,7,15,11.0,22,8,5
30,32,30,32,31.0,62,2,28
1,4,1,4,2.5,5,3,0
4,3,3,4,3.5,7,1,2
1,15,1,15,8.0,16,14,0
29,1,1,29,15.0,30,28,0
3,6,3,6,4.5,9,3,1
3,9,3,9,6.0,12,6,2
8,9,8,9,8.5,17,1,4
23,36,23,36,29.5,59,13,21
8,8,8,8,8.0,16,0,7
7,9,7,9,8.0,16,2,5
12,10,10,12,11.0,22,2,7
7,1,1,7,4.0,8,6,0
18,21,18,21,19.5,39,3,17
29,55,29,55,42.0,84,26,27
1,6,1,6,3.5,7,5,0
11,8,8,11,9.5,19,3,6
1,5,1,5,3.0,6,4,0
33,22,22,33,27.5,55,11,21
10,16,10,16,13.0,26,6,9
17,17,17,17,17.0,34,0,16
1,12,1,12,6.5,13,11,0
4,4,4,4,4.0,8,0,3
18,5,5,18,11.5,23,13,3
4,7,4,7,5.5,11,3,3
17,15,15,17,16.0,32,2,13
22,41,22,41,31.5,63,19,18
11,11,11,11,11.0,22,0,10
4,1,1,4,2.5,5,3,0
16,15,15,16,15.5,31,1,13
1,4,1,4,2.5,5,3,0
18,7,7,18,12.5,25,11,4
4,2,2,4,3.0,6,2,1
2,4,2,4,3.0,6,2,1
3,13,3,13,8.0,16,10,2
5,1,1,5,3.0,6,4,0
14,14,14,14,14.0,28,0,11
14,9,9,14,11.5,23,5,6
17,6,6,17,11.5,23,11,2
1,4,1,4,2.5,5,3,0
4,1,1,4,2.5,5,3,0
4,1,1,4,2.5,5,3,0
21,21,21,21,21.0,42,0,20
24,27,24,27,25.5,51,3,15
4,1,1,4,2.5,5,3,0
5,5,5,5,5.0,10,0,3
20,33,20,33,26.5,53,13,19
4,1,1,4,2.5,5,3,0
17,15,15,17,16.0,32,2,14
6,7,6,7,6.5,13,1,5
19,19,19,19,19.0,38,0,14
15,15,15,15,15.0,30,0,14
1,8,1,8,4.5,9,7,0
2,4,2,4,3.0,6,2,0
5,2,2,5,3.5,7,3,1
1,4,1,4,2.5,5,3,0
18,7,7,18,12.5,25,11,4
8,1,1,8,4.5,9,7,0
17,24,17,24,20.5,41,7,9
33,23,23,33,28.0,56,10,20
8,5,5,8,6.5,13,3,0
43,36,36,43,39.5,79,7,28
8,6,6,8,7.0,14,2,5
13,13,13,13,13.0,26,0,12
1,5,1,5,3.0,6,4,0
5,1,1,5,3.0,6,4,0
11,10,10,11,10.5,21,1,7
1,7,1,7,4.0,8,6,0
10,2,2,10,6.0,12,8,0
47,29,29,47,38.0,76,18,21
18,23,18,23,20.5,41,5,16
7,7,7,7,7.0,14,0,3
3,7,3,7,5.0,10,4,2
8,9,8,9,8.5,17,1,7
9,7,7,9,8.0,16,2,6
10,4,4,10,7.0,14,6,3
5,1,1,5,3.0,6,4,0
9,1,1,9,5.0,10,8,0
15,12,12,15,13.5,27,3,11
22,22,22,22,22.0,44,0,21
4,2,2,4,3.0,6,2,1
10,9,9,10,9.5,19,1,8
9,8,8,9,8.5,17,1,7
5,8,5,8,6.5,13,3,4
1,4,1,4,2.5,5,3,0
1,10,1,10,5.5,11,9,0
28,11,11,28,19.5,39,17,7
6,6,6,6,6.0,12,0,4
5,1,1,5,3.0,6,4,0
6,1,1,6,3.5,7,5,0
14,15,14,15,14.5,29,1,11
13,12,12,13,12.5,25,1,11
10,10,10,10,10.0,20,0,9
14,23,14,23,18.5,37,9,9
32,33,32,33,32.5,65,1,31
25,22,22,25,23.5,47,3,18
7,6,6,7,6.5,13,1,5
4,16,4,16,10.0,20,12,3
16,12,12,16,14.0,28,4,11
9,9,9,9,9.0,18,0,5
19,18,18,19,18.5,37,1,15
4,6,4,6,5.0,10,2,3
5,2,2,5,3.5,7,3,0
4,1,1,4,2.5,5,3,0
1,8,1,8,4.5,9,7,0
14,1,1,14,7.5,15,13,0
1,5,1,5,3.0,6,4,0
33,42,33,42,37.5,75,9,27
8,7,7,8,7.5,15,1,0
41,40,40,41,40.5,81,1,38
4,4,4,4,4.0,8,0,3
16,12,12,16,14.0,28,4,7
5,1,1,5,3.0,6,4,0
1,5,1,5,3.0,6,4,0
2,15,2,15,8.5,17,13,1
1,4,1,4,2.5,5,3,0
15,15,15,15,15.0,30,0,9
5,3,3,5,4.0,8,2,2
11,19,11,19,15.0,30,8,6
20,23,20,23,21.5,43,3,19
4,1,1,4,2.5,5,3,0
30,23,23,30,26.5,53,7,18
25,32,25,32,28.5,57,7,18
4,4,4,4,4.0,8,0,3
10,9,9,10,9.5,19,1,5
4,1,1,4,2.5,5,3,0
2,6,2,6,4.0,8,4,1
4,4,4,4,4.0,8,0,3
7,6,6,7,6.5,13,1,5
1,4,1,4,2.5,5,3,0
14,10,10,14,12.0,24,4,9
6,6,6,6,6.0,12,0,5
1,10,1,10,5.5,11,9,0
1,4,1,4,2.5,5,3,0
28,30,28,30,29.0,58,2,24
5,5,5,5,5.0,10,0,4
40,88,40,88,64.0,128,48,38
16,23,16,23,19.5,39,7,13
27,34,27,34,30.5,61,7,22
5,9,5,9,7.0,14,4,1
26,1,1,26,13.5,27,25,0
8,1,1,8,4.5,9,7,0
5,4,4,5,4.5,9,1,3
4,1,1,4,2.5,5,3,0
19,1,1,19,10.0,20,18,0
5,8,5,8,6.5,13,3,4
1,7,1,7,4.0,8,6,0
8,6,6,8,7.0,14,2,4
14,27,14,27,20.5,41,13,5
5,5,5,5,5.0,10,0,3
22,7,7,22,14.5,29,15,6
29,1,1,29,15.0,30,28,0
1,7,1,7,4.0,8,6,0
3,4,3,4,3.5,7,1,2
8,1,1,8,4.5,9,7,0
10,1,1,10,5.5,11,9,0
5,8,5,8,6.5,13,3,0
1,8,1,8,4.5,9,7,0
29,44,29,44,36.5,73,15,25
2,5,2,5,3.5,7,3,1
11,10,10,11,10.5,21,1,9
1,5,1,5,3.0,6,4,0
18,20,18,20,19.0,38,2,14
4,1,1,4,2.5,5,3,0
6,1,1,6,3.5,7,5,0
7,8,7,8,7.5,15,1,6
1,77,1,77,39.0,78,76,0
7,6,6,7,6.5,13,1,4
1,17,1,17,9.0,18,16,0
26,55,26,55,40.5,81,29,24
5,1,1,5,3.0,6,4,0
9,8,8,9,8.5,17,1,7
2,6,2,6,4.0,8,4,0
1,7,1,7,4.0,8,6,0
7,1,1,7,4.0,8,6,0
9,3,3,9,6.0,12,6,1
1,7,1,7,4.0,8,6,0
1,14,1,14,7.5,15,13,0
11,12,11,12,11.5,23,1,10
17,1,1,17,9.0,18,16,0
2,13,2,13,7.5,15,11,0
4,6,4,6,5.0,10,2,2
1,7,1,7,4.0,8,6,0
7,8,7,8,7.5,15,1,3
9,1,1,9,5.0,10,8,0
33,36,33,36,34.5,69,3,32
11,1,1,11,6.0,12,10,0
17,8,8,17,12.5,25,9,6
38,25,25,38,31.5,63,13,21
1,10,1,10,5.5,11,9,0
17,16,16,17,16.5,33,1,12
8,10,8,10,9.0,18,2,7
41,41,41,41,41.0,82,0,39
29,17,17,29,23.0,46,12,12
4,4,4,4,4.0,8,0,3
6,6,6,6,6.0,12,0,4
10,5,5,10,7.5,15,5,4
8,8,8,8,8.0,16,0,7
6,8,6,8,7.0,14,2,4
4,1,1,4,2.5,5,3,0
5,9,5,9,7.0,14,4,4
1,5,1,5,3.0,6,4,0
3,4,3,4,3.5,7,1,1
7,1,1,7,4.0,8,6,0
5,10,5,10,7.5,15,5,4
1,4,1,4,2.5,5,3,0
23,26,23,26,24.5,49,3,16
7,1,1,7,4.0,8,6,0
1,5,1,5,3.0,6,4,0
6,5,5,6,5.5,11,1,3
4,4,4,4,4.0,8,0,3
1,4,1,4,2.5,5,3,0
20,18,18,20,19.0,38,2,17
26,8,8,26,17.0,34,18,7
5,1,1,5,3.0,6,4,0
8,13,8,13,10.5,21,5,6
21,12,12,21,16.5,33,9,11
10,1,1,10,5.5,11,9,0
6,7,6,7,6.5,13,1,4
6,7,6,7,6.5,13,1,5
1,24,1,24,12.5,25,23,0
1,4,1,4,2.5,5,3,0
34,48,34,48,41.0,82,14,29
23,19,19,23,21.0,42,4,16
7,4,4,7,5.5,11,3,2
6,1,1,6,3.5,7,5,0
4,2,2,4,3.0,6,2,0
17,14,14,17,15.5,31,3,12
1,29,1,29,15.0,30,28,0
1,7,1,7,4.0,8,6,0
1,6,1,6,3.5,7,5,0
13,10,10,13,11.5,23,3,9
8,7,7,8,7.5,15,1,6
1,4,1,4,2.5,5,3,0
1,5,1,5,3.0,6,4,0
12,13,12,13,12.5,25,1,11
24,12,12,24,18.0,36,12,8
6,4,4,6,5.0,10,2,2
11,10,10,11,10.5,21,1,9
7,7,7,7,7.0,14,0,6
1,16,1,16,8.5,17,15,0
40,30,30,40,35.0,70,10,26
15,1,1,15,8.0,16,14,0
2,4,2,4,3.0,6,2,1
1,18,1,18,9.5,19,17,0
5,4,4,5,4.5,9,1,2
1,4,1,4,2.5,5,3,0
4,1,1,4,2.5,5,3,0
1,5,1,5,3.0,6,4,0
1,39,1,39,20.0,40,38,0
24,21,21,24,22.5,45,3,19
14,15,14,15,14.5,29,1,4
2,7,2,7,4.5,9,5,1
4,1,1,4,2.5,5,3,0
10,14,10,14,12.0,24,4,9
7,8,7,8,7.5,15,1,6
14,8,8,14,11.0,22,6,7
14,20,14,20,17.0,34,6,12
10,11,10,11,10.5,21,1,7
9,8,8,9,8.5,17,1,6
22,35,22,35,28.5,57,13,17
32,30,30,32,31.0,62,2,24
5,3,3,5,4.0,8,2,2
4,1,1,4,2.5,5,3,0
27,20,20,27,23.5,47,7,14
1,14,1,14,7.5,15,13,0
50,12,12,50,31.0,62,38,11
4,1,1,4,2.5,5,3,0
1,7,1,7,4.0,8,6,0
6,1,1,6,3.5,7,5,0
5,1,1,5,3.0,6,4,0
1,12,1,12,6.5,13,11,0
4,2,2,4,3.0,6,2,0
10,11,10,11,10.5,21,1,9
14,15,14,15,14.5,29,1,11
19,21,19,21,20.0,40,2,18
25,25,25,25,25.0,50,0,19
9,12,9,12,10.5,21,3,5
5,1,1,5,3.0,6,4,0
8,7,7,8,7.5,15,1,5
4,2,2,4,3.0,6,2,1
8,8,8,8,8.0,16,0,3
1,105,1,105,53.0,106,104,0
1,18,1,18,9.5,19,17,0
7,2,2,7,4.5,9,5,0
4,4,4,4,4.0,8,0,2
2,8,2,8,5.0,10,6,0
21,23,21,23,22.0,44,2,20
5,4,4,5,4.5,9,1,3
18,15,15,18,16.5,33,3,11
23,17,17,23,20.0,40,6,13
4,4,4,4,4.0,8,0,3
1,13,1,13,7.0,14,12,0
23,13,13,23,18.0,36,10,9
8,1,1,8,4.5,9,7,0
8,5,5,8,6.5,13,3,4
19,21,19,21,20.0,40,2,17
16,13,13,16,14.5,29,3,11
6,8,6,8,7.0,14,2,5
5,1,1,5,3.0,6,4,0
13,10,10,13,11.5,23,3,9
5,6,5,6,5.5,11,1,3
1,13,1,13,7.0,14,12,0
11,12,11,12,11.5,23,1,10
19,20,19,20,19.5,39,1,18
1,13,1,13,7.0,14,12,0
4,4,4,4,4.0,8,0,3
13,4,4,13,8.5,17,9,2
4,1,1,4,2.5,5,3,0
2,15,2,15,8.5,17,13,0
8,8,8,8,8.0,16,0,7
8,8,8,8,8.0,16,0,6
1,5,1,5,3.0,6,4,0
1,5,1,5,3.0,6,4,0
13,9,9,13,11.0,22,4,6
1,5,1,5,3.0,6,4,0
5,4,4,5,4.5,9,1,0
5,3,3,5,4.0,8,2,2
6,107,6,107,56.5,113,101,5
7,9,7,9,8.0,16,2,6
9,9,9,9,9.0,18,0,8
1,5,1,5,3.0,6,4,0
6,7,6,7,6.5,13,1,0
11,3,3,11,7.0,14,8,2
7,2,2,7,4.5,9,5,1
1,10,1,10,5.5,11,9,0
4,1,1,4,2.5,5,3,0
22,18,18,22,20.0,40,4,17
5,1,1,5,3.0,6,4,0
7,2,2,7,4.5,9,5,0
5,5,5,5,5.0,10,0,4
5,1,1,5,3.0,6,4,0
4,1,1,4,2.5,5,3,0
8,4,4,8,6.0,12,4,1
5,6,5,6,5.5,11,1,4
2,4,2,4,3.0,6,2,0
16,7,7,16,11.5,23,9,6
6,7,6,7,6.5,13,1,5
1,5,1,5,3.0,6,4,0
4,1,1,4,2.5,5,3,0
2,7,2,7,4.5,9,5,0
13,12,12,13,12.5,25,1,11
11,13,11,13,12.0,24,2,9
4,6,4,6,5.0,10,2,3
15,12,12,15,13.5,27,3,10
6,1,1,6,3.5,7,5,0
17,32,17,32,24.5,49,15,14
29,32,29,32,30.5,61,3,23
4,5,4,5,4.5,9,1,3
7,1,1,7,4.0,8,6,0
9,2,2,9,5.5,11,7,0
5,7,5,7,6.0,12,2,3
3,33,3,33,18.0,36,30,1
19,22,19,22,20.5,41,3,17
6,3,3,6,4.5,9,3,2
5,5,5,5,5.0,10,0,4
17,18,17,18,17.5,35,1,16
31,47,31,47,39.0,78,16,30
9,9,9,9,9.0,18,0,8
2,7,2,7,4.5,9,5,1
13,8,8,13,10.5,21,5,7
7,4,4,7,5.5,11,3,3
5,2,2,5,3.5,7,3,0
5,5,5,5,5.0,10,0,3
14,25,14,25,19.5,39,11,12
4,7,4,7,5.5,11,3,2
50,23,23,50,36.5,73,27,21
1,6,1,6,3.5,7,5,0
5,1,1,5,3.0,6,4,0
17,19,17,19,18.0,36,2,16
5,1,1,5,3.0,6,4,0
4,2,2,4,3.0,6,2,1
4,1,1,4,2.5,5,3,0
15,14,14,15,14.5,29,1,10
18,19,18,19,18.5,37,1,0
32,1,1,32,16.5,33,31,0
4,2,2,4,3.0,6,2,1
19,16,16,19,17.5,35,3,13
4,1,1,4,2.5,5,3,0
23,20,20,23,21.5,43,3,19
5,3,3,5,4.0,8,2,2
4,8,4,8,6.0,12,4,3
31,32,31,32,31.5,63,1,24
25,23,23,25,24.0,48,2,21
1,17,1,17,9.0,18,16,0
5,1,1,5,3.0,6,4,0
1,4,1,4,2.5,5,3,0
4,1,1,4,2.5,5,3,0
5,8,5,8,6.5,13,3,4
1,8,1,8,4.5,9,7,0
6,8,6,8,7.0,14,2,5
4,4,4,4,4.0,8,0,3
22,21,21,22,21.5,43,1,19
3,30,3,30,16.5,33,27,1
8,8,8,8,8.0,16,0,7
2,8,2,8,5.0,10,6,1
12,1,1,12,6.5,13,11,0
26,1,1,26,13.5,27,25,0
8,8,8,8,8.0,16,0,7
15,13,13,15,14.0,28,2,9
7,11,7,11,9.0,18,4,6
5,3,3,5,4.0,8,2,2
15,18,15,18,16.5,33,3,13
7,12,7,12,9.5,19,5,6
4,1,1,4,2.5,5,3,0
29,19,19,29,24.0,48,10,15
1,6,1,6,3.5,7,5,0
1,4,1,4,2.5,5,3,0
1,5,1,5,3.0,6,4,0
3,5,3,5,4.0,8,2,2
9,8,8,9,8.5,17,1,5
18,17,17,18,17.5,35,1,15
6,1,1,6,3.5,7,5,0
4,1,1,4,2.5,5,3,0
10,13,10,13,11.5,23,3,5
5,4,4,5,4.5,9,1,0
53,50,50,53,51.5,103,3,40
4,4,4,4,4.0,8,0,3
30,22,22,30,26.0,52,8,15
2,7,2,7,4.5,9,5,0
4,1,1,4,2.5,5,3,0
6,1,1,6,3.5,7,5,0
12,1,1,12,6.5,13,11,0
7,1,1,7,4.0,8,6,0
2,4,2,4,3.0,6,2,1
1,5,1,5,3.0,6,4,0
9,2,2,9,5.5,11,7,1
11,9,9,11,10.0,20,2,6
6,1,1,6,3.5,7,5,0
31,27,27,31,29.0,58,4,19
8,1,1,8,4.5,9,7,0
11,8,8,11,9.5,19,3,3
7,7,7,7,7.0,14,0,6
1,5,1,5,3.0,6,4,0
7,13,7,13,10.0,20,6,5
9,10,9,10,9.5,19,1,8
33,31,31,33,32.0,64,2,30
23,55,23,55,39.0,78,32,17
1,5,1,5,3.0,6,4,0
11,15,11,15,13.0,26,4,10
7,8,7,8,7.5,15,1,4
24,5,5,24,14.5,29,19,3
5,7,5,7,6.0,12,2,4
4,6,4,6,5.0,10,2,0
4,1,1,4,2.5,5,3,0
9,9,9,9,9.0,18,0,8
5,5,5,5,5.0,10,0,4
7,1,1,7,4.0,8,6,0
1,11,1,11,6.0,12,10,0
6,7,6,7,6.5,13,1,4
6,6,6,6,6.0,12,0,5
6,1,1,6,3.5,7,5,0
14,14,14,14,14.0,28,0,12
11,8,8,11,9.5,19,3,7
6,1,1,6,3.5,7,5,0
11,1,1,11,6.0,12,10,0
4,5,4,5,4.5,9,1,0
37,17,17,37,27.0,54,20,12
5,1,1,5,3.0,6,4,0
1,6,1,6,3.5,7,5,0
1,17,1,17,9.0,18,16,0
4,4,4,4,4.0,8,0,3
5,1,1,5,3.0,6,4,0
1,16,1,16,8.5,17,15,0
1,44,1,44,22.5,45,43,0
7,1,1,7,4.0,8,6,0
3,4,3,4,3.5,7,1,2
15,13,13,15,14.0,28,2,10
1,8,1,8,4.5,9,7,0
1,18,1,18,9.5,19,17,0
24,16,16,24,20.0,40,8,13
7,7,7,7,7.0,14,0,6
4,4,4,4,4.0,8,0,2
6,7,6,7,6.5,13,1,5
24,38,24,38,31.0,62,14,20
1,4,1,4,2.5,5,3,0
17,16,16,17,16.5,33,1,14
26,15,15,26,20.5,41,11,10
1,6,1,6,3.5,7,5,0
4,4,4,4,4.0,8,0,3
22,23,22,23,22.5,45,1,16
20,16,16,20,18.0,36,4,15
14,24,14,24,19.0,38,10,12
1,26,1,26,13.5,27,25,0
8,13,8,13,10.5,21,5,6
1,6,1,6,3.5,7,5,0
1,10,1,10,5.5,11,9,0
1,4,1,4,2.5,5,3,0
19,16,16,19,17.5,35,3,12
6,1,1,6,3.5,7,5,0
5,6,5,6,5.5,11,1,3
1,28,1,28,14.5,29,27,0
4,1,1,4,2.5,5,3,0
3,5,3,5,4.0,8,2,2
1,4,1,4,2.5,5,3,0
1,5,1,5,3.0,6,4,0
36,47,36,47,41.5,83,11,27
19,3,3,19,11.0,22,16,2
5,1,1,5,3.0,6,4,0
1,77,1,77,39.0,78,76,0
13,13,13,13,13.0,26,0,12
1,4,1,4,2.5,5,3,0
6,7,6,7,6.5,13,1,5
9,9,9,9,9.0,18,0,7
6,1,1,6,3.5,7,5,0
12,17,12,17,14.5,29,5,6
8,8,8,8,8.0,16,0,7
5,5,5,5,5.0,10,0,3
2,9,2,9,5.5,11,7,0
43,33,33,43,38.0,76,10,27
5,1,1,5,3.0,6,4,0
31,28,28,31,29.5,59,3,21
9,1,1,9,5.0,10,8,0
9,10,9,10,9.5,19,1,8
5,4,4,5,4.5,9,1,0
88,43,43,88,65.5,131,45,37
1,11,1,11,6.0,12,10,0
1,8,1,8,4.5,9,7,0
1,9,1,9,5.0,10,8,0
4,1,1,4,2.5,5,3,0
2,5,2,5,3.5,7,3,1
18,7,7,18,12.5,25,11,5
5,1,1,5,3.0,6,4,0
22,19,19,22,20.5,41,3,18
4,1,1,4,2.5,5,3,0
1,5,1,5,3.0,6,4,0
4,1,1,4,2.5,5,3,0
1,6,1,6,3.5,7,5,0
9,9,9,9,9.0,18,0,7
44,17,17,44,30.5,61,27,10
1,5,1,5,3.0,6,4,0
2,5,2,5,3.5,7,3,1
1,5,1,5,3.0,6,4,0
4,8,4,8,6.0,12,4,3
1,5,1,5,3.0,6,4,0
13,22,13,22,17.5,35,9,4
7,9,7,9,8.0,16,2,6
3,6,3,6,4.5,9,3,2
1,15,1,15,8.0,16,14,0
4,1,1,4,2.5,5,3,0
24,17,17,24,20.5,41,7,13
1,7,1,7,4.0,8,6,0
23,16,16,23,19.5,39,7,10
3,5,3,5,4.0,8,2,2
1,4,1,4,2.5,5,3,0
6,1,1,6,3.5,7,5,0
1,5,1,5,3.0,6,4,0
1,5,1,5,3.0,6,4,0
4,1,1,4,2.5,5,3,0
12,12,12,12,12.0,24,0,10
24,17,17,24,20.5,41,7,9
1,4,1,4,2.5,5,3,0
28,27,27,28,27.5,55,1,26
19,7,7,19,13.0,26,12,6
5,2,2,5,3.5,7,3,1
6,6,6,6,6.0,12,0,5
24,19,19,24,21.5,43,5,18
2,4,2,4,3.0,6,2,1
14,1,1,14,7.5,15,13,0
5,6,5,6,5.5,11,1,4
34,27,27,34,30.5,61,7,23
1,5,1,5,3.0,6,4,0
8,11,8,11,9.5,19,3,7
39,40,39,40,39.5,79,1,31
9,5,5,9,7.0,14,4,4
5,1,1,5,3.0,6,4,0
5,2,2,5,3.5,7,3,1
11,11,11,11,11.0,22,0,8
7,11,7,11,9.0,18,4,5
6,1,1,6,3.5,7,5,0
14,36,14,36,25.0,50,22,8
4,1,1,4,2.5,5,3,0
7,8,7,8,7.5,15,1,4
10,8,8,10,9.0,18,2,6
2,5,2,5,3.5,7,3,0
5,1,1,5,3.0,6,4,0
5,4,4,5,4.5,9,1,0
1,4,1,4,2.5,5,3,0
5,5,5,5,5.0,10,0,4
5,4,4,5,4.5,9,1,1
5,3,3,5,4.0,8,2,2
9,5,5,9,7.0,14,4,2
19,24,19,24,21.5,43,5,18
8,8,8,8,8.0,16,0,5
5,1,1,5,3.0,6,4,0
5,4,4,5,4.5,9,1,1
6,7,6,7,6.5,13,1,2
13,7,7,13,10.0,20,6,6
5,5,5,5,5.0,10,0,0
4,1,1,4,2.5,5,3,0
7,4,4,7,5.5,11,3,3
6,6,6,6,6.0,12,0,4
6,1,1,6,3.5,7,5,0
1,5,1,5,3.0,6,4,0
4,3,3,4,3.5,7,1,2
5,3,3,5,4.0,8,2,2
1,14,1,14,7.5,15,13,0
4,2,2,4,3.0,6,2,1
3,8,3,8,5.5,11,5,0
7,8,7,8,7.5,15,1,6
4,1,1,4,2.5,5,3,0
1,4,1,4,2.5,5,3,0
5,5,5,5,5.0,10,0,2
24,28,24,28,26.0,52,4,21
5,4,4,5,4.5,9,1,3
5,6,5,6,5.5,11,1,4
7,6,6,7,6.5,13,1,5
1,8,1,8,4.5,9,7,0
9,11,9,11,10.0,20,2,7
5,4,4,5,4.5,9,1,3
6,4,4,6,5.0,10,2,2
4,1,1,4,2.5,5,3,0
4,1,1,4,2.5,5,3,0
1,21,1,21,11.0,22,20,0
17,18,17,18,17.5,35,1,16
1,11,1,11,6.0,12,10,0
7,8,7,8,7.5,15,1,5
3,4,3,4,3.5,7,1,1
6,7,6,7,6.5,13,1,3
4,4,4,4,4.0,8,0,3
1,5,1,5,3.0,6,4,0
10,7,7,10,8.5,17,3,5
21,10,10,21,15.5,31,11,9
8,4,4,8,6.0,12,4,3
21,19,19,21,20.0,40,2,18
1,5,1,5,3.0,6,4,0
16,3,3,16,9.5,19,13,2
19,23,19,23,21.0,42,4,14
13,13,13,13,13.0,26,0,12
17,11,11,17,14.0,28,6,10
38,34,34,38,36.0,72,4,26
15,7,7,15,11.0,22,8,6
1,6,1,6,3.5,7,5,0
10,7,7,10,8.5,17,3,5
9,6,6,9,7.5,15,3,3
2,4,2,4,3.0,6,2,0
10,12,10,12,11.0,22,2,9
17,9,9,17,13.0,26,8,3
25,26,25,26,25.5,51,1,16
5,6,5,6,5.5,11,1,4
13,11,11,13,12.0,24,2,2
5,1,1,5,3.0,6,4,0
9,7,7,9,8.0,16,2,6
5,1,1,5,3.0,6,4,0
3,6,3,6,4.5,9,3,2
4,1,1,4,2.5,5,3,0
13,17,13,17,15.0,30,4,11
7,2,2,7,4.5,9,5,0
6,1,1,6,3.5,7,5,0
1,4,1,4,2.5,5,3,0
1,9,1,9,5.0,10,8,0
13,17,13,17,15.0,30,4,11
5,4,4,5,4.5,9,1,2
5,3,3,5,4.0,8,2,2
7,7,7,7,7.0,14,0,6
9,10,9,10,9.5,19,1,7
1,4,1,4,2.5,5,3,0
1,4,1,4,2.5,5,3,0
40,33,33,40,36.5,73,7,28
1,7,1,7,4.0,8,6,0
4,2,2,4,3.0,6,2,1
1,20,1,20,10.5,21,19,0
8,1,1,8,4.5,9,7,0
4,6,4,6,5.0,10,2,3
19,1,1,19,10.0,20,18,0
12,18,12,18,15.0,30,6,10
1,5,1,5,3.0,6,4,0
5,3,3,5,4.0,8,2,2
1,13,1,13,7.0,14,12,0
17,20,17,20,18.5,37,3,16
6,2,2,6,4.0,8,4,1
4,4,4,4,4.0,8,0,3
5,12,5,12,8.5,17,7,2
6,1,1,6,3.5,7,5,0
4,1,1,4,2.5,5,3,0
36,32,32,36,34.0,68,4,31
11,10,10,11,10.5,21,1,9
42,41,41,42,41.5,83,1,40
4,5,4,5,4.5,9,1,3
1,6,1,6,3.5,7,5,0
1,6,1,6,3.5,7,5,0
30,28,28,30,29.0,58,2,7
6,7,6,7,6.5,13,1,5
1,4,1,4,2.5,5,3,0
10,6,6,10,8.0,16,4,5
4,4,4,4,4.0,8,0,3
14,13,13,14,13.5,27,1,12
6,2,2,6,4.0,8,4,1
11,8,8,11,9.5,19,3,5
2,7,2,7,4.5,9,5,1
15,27,15,27,21.0,42,12,14
14,11,11,14,12.5,25,3,10
16,13,13,16,14.5,29,3,10
4,3,3,4,3.5,7,1,2
13,7,7,13,10.0,20,6,3
6,6,6,6,6.0,12,0,5
24,19,19,24,21.5,43,5,10
21,20,20,21,20.5,41,1,18
7,7,7,7,7.0,14,0,6
2,4,2,4,3.0,6,2,1
8,6,6,8,7.0,14,2,0
11,6,6,11,8.5,17,5,5
13,13,13,13,13.0,26,0,12
29,36,29,36,32.5,65,7,27
9,1,1,9,5.0,10,8,0
10,2,2,10,6.0,12,8,0
4,3,3,4,3.5,7,1,2
8,8,8,8,8.0,16,0,5
12,20,12,20,16.0,32,8,11
2,10,2,10,6.0,12,8,0
5,1,1,5,3.0,6,4,0
1,6,1,6,3.5,7,5,0
7,4,4,7,5.5,11,3,3
2,4,2,4,3.0,6,2,0
14,23,14,23,18.5,37,9,6
19,22,19,22,20.5,41,3,18
4,4,4,4,4.0,8,0,3
11,1,1,11,6.0,12,10,0
10,6,6,10,8.0,16,4,5
5,5,5,5,5.0,10,0,4
4,4,4,4,4.0,8,0,3
5,4,4,5,4.5,9,1,2
4,1,1,4,2.5,5,3,0
4,1,1,4,2.5,5,3,0
12,3,3,12,7.5,15,9,2
6,1,1,6,3.5,7,5,0
24,12,12,24,18.0,36,12,8
7,6,6,7,6.5,13,1,0
1,4,1,4,2.5,5,3,0
11,13,11,13,12.0,24,2,9
2,5,2,5,3.5,7,3,1
4,6,4,6,5.0,10,2,0
15,14,14,15,14.5,29,1,11
1,7,1,7,4.0,8,6,0
11,7,7,11,9.0,18,4,5
25,26,25,26,25.5,51,1,23
1,5,1,5,3.0,6,4,0
17,28,17,28,22.5,45,11,8
1,10,1,10,5.5,11,9,0
2,4,2,4,3.0,6,2,1
10,1,1,10,5.5,11,9,0
5,1,1,5,3.0,6,4,0
10,1,1,10,5.5,11,9,0
5,6,5,6,5.5,11,1,3
11,2,2,11,6.5,13,9,1
6,6,6,6,6.0,12,0,5
20,16,16,20,18.0,36,4,14
11,1,1,11,6.0,12,10,0
5,6,5,6,5.5,11,1,3
5,2,2,5,3.5,7,3,1
8,15,8,15,11.5,23,7,7
6,5,5,6,5.5,11,1,4
4,8,4,8,6.0,12,4,2
8,8,8,8,8.0,16,0,6
6,4,4,6,5.0,10,2,0
4,4,4,4,4.0,8,0,3
40,25,25,40,32.5,65,15,22
7,1,1,7,4.0,8,6,0
11,4,4,11,7.5,15,7,2
1,6,1,6,3.5,7,5,0
2,6,2,6,4.0,8,4,0
4,1,1,4,2.5,5,3,0
9,9,9,9,9.0,18,0,8
1,5,1,5,3.0,6,4,0
6,7,6,7,6.5,13,1,4
14,12,12,14,13.0,26,2,10
23,8,8,23,15.5,31,15,4
1,65,1,65,33.0,66,64,0
6,5,5,6,5.5,11,1,4
1,4,1,4,2.5,5,3,0
5,5,5,5,5.0,10,0,4
1,7,1,7,4.0,8,6,0
1,8,1,8,4.5,9,7,0
4,1,1,4,2.5,5,3,0
1,8,1,8,4.5,9,7,0
5,6,5,6,5.5,11,1,4
9,4,4,9,6.5,13,5,2
16,9,9,16,12.5,25,7,6
4,8,4,8,6.0,12,4,3
12,12,12,12,12.0,24,0,11
9,9,9,9,9.0,18,0,4
25,21,21,25,23.0,46,4,17
3,6,3,6,4.5,9,3,2
4,4,4,4,4.0,8,0,3
1,4,1,4,2.5,5,3,0
10,10,10,10,10.0,20,0,6
3,4,3,4,3.5,7,1,2
1,5,1,5,3.0,6,4,0
25,26,25,26,25.5,51,1,17
12,13,12,13,12.5,25,1,11
4,4,4,4,4.0,8,0,3
4,5,4,5,4.5,9,1,2
16,1,1,16,8.5,17,15,0
6,5,5,6,5.5,11,1,4
53,17,17,53,35.0,70,36,15
10,1,1,10,5.5,11,9,0
49,27,27,49,38.0,76,22,20
37,15,15,37,26.0,52,22,11
1,5,1,5,3.0,6,4,0
9,4,4,9,6.5,13,5,3
14,5,5,14,9.5,19,9,4
8,12,8,12,10.0,20,4,4
1,10,1,10,5.5,11,9,0
8,7,7,8,7.5,15,1,6
2,4,2,4,3.0,6,2,1
6,9,6,9,7.5,15,3,5
5,1,1,5,3.0,6,4,0
5,5,5,5,5.0,10,0,4
1,13,1,13,7.0,14,12,0
12,11,11,12,11.5,23,1,9
1,8,1,8,4.5,9,7,0
6,23,6,23,14.5,29,17,1
5,1,1,5,3.0,6,4,0
5,2,2,5,3.5,7,3,1
7,1,1,7,4.0,8,6,0
1,13,1,13,7.0,14,12,0
2,5,2,5,3.5,7,3,1
1,16,1,16,8.5,17,15,0
4,1,1,4,2.5,5,3,0
7,9,7,9,8.0,16,2,5
6,6,6,6,6.0,12,0,5
7,9,7,9,8.0,16,2,5
6,7,6,7,6.5,13,1,4
4,1,1,4,2.5,5,3,0
24,13,13,24,18.5,37,11,9
4,1,1,4,2.5,5,3,0
4,4,4,4,4.0,8,0,2
4,4,4,4,4.0,8,0,1
10,17,10,17,13.5,27,7,8
8,8,8,8,8.0,16,0,4
7,5,5,7,6.0,12,2,3
11,1,1,11,6.0,12,10,0
17,25,17,25,21.0,42,8,11
13,13,13,13,13.0,26,0,12
5,5,5,5,5.0,10,0,3
14,18,14,18,16.0,32,4,13
20,38,20,38,29.0,58,18,17
18,17,17,18,17.5,35,1,14
32,32,32,32,32.0,64,0,30
15,39,15,39,27.0,54,24,10
12,3,3,12,7.5,15,9,2
20,21,20,21,20.5,41,1,18
7,4,4,7,5.5,11,3,1
11,12,11,12,11.5,23,1,8
1,15,1,15,8.0,16,14,0
5,4,4,5,4.5,9,1,3
24,19,19,24,21.5,43,5,18
13,13,13,13,13.0,26,0,8
1,5,1,5,3.0,6,4,0
4,1,1,4,2.5,5,3,0
6,6,6,6,6.0,12,0,3
1,4,1,4,2.5,5,3,0
8,11,8,11,9.5,19,3,6
40,42,40,42,41.0,82,2,38
15,6,6,15,10.5,21,9,5
36,29,29,36,32.5,65,7,13
9,13,9,13,11.0,22,4,8
1,5,1,5,3.0,6,4,0
5,1,1,5,3.0,6,4,0
4,1,1,4,2.5,5,3,0
7,5,5,7,6.0,12,2,4
7,1,1,7,4.0,8,6,0
6,8,6,8,7.0,14,2,4
8,1,1,8,4.5,9,7,0
1,14,1,14,7.5,15,13,0
25,18,18,25,21.5,43,7,17
6,1,1,6,3.5,7,5,0
7,8,7,8,7.5,15,1,6
33,55,33,55,44.0,88,22,22
18,30,18,30,24.0,48,12,17
5,1,1,5,3.0,6,4,0
1,4,1,4,2.5,5,3,0
4,1,1,4,2.5,5,3,0
5,1,1,5,3.0,6,4,0
5,5,5,5,5.0,10,0,4
5,6,5,6,5.5,11,1,4
4,2,2,4,3.0,6,2,1
5,5,5,5,5.0,10,0,4
7,1,1,7,4.0,8,6,0
25,14,14,25,19.5,39,11,5
5,21,5,21,13.0,26,16,1
1,5,1,5,3.0,6,4,0
11,10,10,11,10.5,21,1,9
37,21,21,37,29.0,58,16,20
1,4,1,4,2.5,5,3,0
24,25,24,25,24.5,49,1,23
7,7,7,7,7.0,14,0,6
4,1,1,4,2.5,5,3,0
5,5,5,5,5.0,10,0,4
22,1,1,22,11.5,23,21,0
13,14,13,14,13.5,27,1,8
4,4,4,4,4.0,8,0,3
4,1,1,4,2.5,5,3,0
34,49,34,49,41.5,83,15,29
6,1,1,6,3.5,7,5,0
9,8,8,9,8.5,17,1,5
22,8,8,22,15.0,30,14,4
18,6,6,18,12.0,24,12,2
5,5,5,5,5.0,10,0,4
3,5,3,5,4.0,8,2,2
4,1,1,4,2.5,5,3,0
12,1,1,12,6.5,13,11,0
1,8,1,8,4.5,9,7,0
1,20,1,20,10.5,21,19,0
33,49,33,49,41.0,82,16,22
1,10,1,10,5.5,11,9,0
43,31,31,43,37.0,74,12,27
22,1,1,22,11.5,23,21,0
1,6,1,6,3.5,7,5,0
3,8,3,8,5.5,11,5,2
11,7,7,11,9.0,18,4,5
1,5,1,5,3.0,6,4,0
4,6,4,6,5.0,10,2,3
6,4,4,6,5.0,10,2,0
1,4,1,4,2.5,5,3,0
7,8,7,8,7.5,15,1,6
11,8,8,11,9.5,19,3,0
35,25,25,35,30.0,60,10,21
10,7,7,10,8.5,17,3,4
19,20,19,20,19.5,39,1,18
13,11,11,13,12.0,24,2,9
4,1,1,4,2.5,5,3,0
9,10,9,10,9.5,19,1,0
1,4,1,4,2.5,5,3,0
47,28,28,47,37.5,75,19,23
27,27,27,27,27.0,54,0,24
1,5,1,5,3.0,6,4,0
1,8,1,8,4.5,9,7,0
3,4,3,4,3.5,7,1,2
6,6,6,6,6.0,12,0,4
11,4,4,11,7.5,15,7,2
7,1,1,7,4.0,8,6,0
5,5,5,5,5.0,10,0,2
13,14,13,14,13.5,27,1,12
1,4,1,4,2.5,5,3,0
5,10,5,10,7.5,15,5,4
42,34,34,42,38.0,76,8,30
4,1,1,4,2.5,5,3,0
16,13,13,16,14.5,29,3,9
5,1,1,5,3.0,6,4,0
1,4,1,4,2.5,5,3,0
1,4,1,4,2.5,5,3,0
3,5,3,5,4.0,8,2,2
8,1,1,8,4.5,9,7,0
8,20,8,20,14.0,28,12,6
26,27,26,27,26.5,53,1,25
5,6,5,6,5.5,11,1,3
25,11,11,25,18.0,36,14,10
11,8,8,11,9.5,19,3,7
24,18,18,24,21.0,42,6,15
11,12,11,12,11.5,23,1,9
26,8,8,26,17.0,34,18,7
4,1,1,4,2.5,5,3,0
21,15,15,21,18.0,36,6,14
12,18,12,18,15.0,30,6,7
7,8,7,8,7.5,15,1,5
2,4,2,4,3.0,6,2,1
39,38,38,39,38.5,77,1,28
1,14,1,14,7.5,15,13,0
4,2,2,4,3.0,6,2,1
7,7,7,7,7.0,14,0,5
22,9,9,22,15.5,31,13,5
1,7,1,7,4.0,8,6,0
9,21,9,21,15.0,30,12,6
14,19,14,19,16.5,33,5,13
5,1,1,5,3.0,6,4,0
1,5,1,5,3.0,6,4,0
4,2,2,4,3.0,6,2,1
2,5,2,5,3.5,7,3,1
11,33,11,33,22.0,44,22,5
2,4,2,4,3.0,6,2,1
5,1,1,5,3.0,6,4,0
2,30,2,30,16.0,32,28,1
7,10,7,10,8.5,17,3,6
18,27,18,27,22.5,45,9,14
7,3,3,7,5.0,10,4,2
20,15,15,20,17.5,35,5,10
1,6,1,6,3.5,7,5,0
7,1,1,7,4.0,8,6,0
6,5,5,6,5.5,11,1,0
2,7,2,7,4.5,9,5,1
4,1,1,4,2.5,5,3,0
5,1,1,5,3.0,6,4,0
36,27,27,36,31.5,63,9,25
5,1,1,5,3.0,6,4,0
4,1,1,4,2.5,5,3,0
2,5,2,5,3.5,7,3,1
28,42,28,42,35.0,70,14,23
4,1,1,4,2.5,5,3,0
7,7,7,7,7.0,14,0,5
1,11,1,11,6.0,12,10,0
18,32,18,32,25.0,50,14,3
5,1,1,5,3.0,6,4,0
25,40,25,40,32.5,65,15,19
1,4,1,4,2.5,5,3,0
14,9,9,14,11.5,23,5,7
11,2,2,11,6.5,13,9,1
5,1,1,5,3.0,6,4,0
4,1,1,4,2.5,5,3,0
2,7,2,7,4.5,9,5,1
7,8,7,8,7.5,15,1,6
3,11,3,11,7.0,14,8,2
4,1,1,4,2.5,5,3,0
1,4,1,4,2.5,5,3,0
6,18,6,18,12.0,24,12,3
30,33,30,33,31.5,63,3,29
5,8,5,8,6.5,13,3,3
4,1,1,4,2.5,5,3,0
5,6,5,6,5.5,11,1,0
6,2,2,6,4.0,8,4,1
33,25,25,33,29.0,58,8,24
1,7,1,7,4.0,8,6,0
20,25,20,25,22.5,45,5,17
11,1,1,11,6.0,12,10,0
27,24,24,27,25.5,51,3,23
5,1,1,5,3.0,6,4,0
4,1,1,4,2.5,5,3,0
41,46,41,46,43.5,87,5,32
5,5,5,5,5.0,10,0,0
10,10,10,10,10.0,20,0,5
1,6,1,6,3.5,7,5,0
7,1,1,7,4.0,8,6,0
7,6,6,7,6.5,13,1,5
5,5,5,5,5.0,10,0,4
7,9,7,9,8.0,16,2,3
17,14,14,17,15.5,31,3,7
1,4,1,4,2.5,5,3,0
11,17,11,17,14.0,28,6,10
10,5,5,10,7.5,15,5,4
4,1,1,4,2.5,5,3,0
2,7,2,7,4.5,9,5,1
1,6,1,6,3.5,7,5,0
12,22,12,22,17.0,34,10,4
32,15,15,32,23.5,47,17,8
6,19,6,19,12.5,25,13,0
4,4,4,4,4.0,8,0,2
32,30,30,32,31.0,62,2,29
26,27,26,27,26.5,53,1,21
8,8,8,8,8.0,16,0,7
16,17,16,17,16.5,33,1,12
5,7,5,7,6.0,12,2,3
1,105,1,105,53.0,106,104,0
1,4,1,4,2.5,5,3,0
5,5,5,5,5.0,10,0,0
5,4,4,5,4.5,9,1,2
23,23,23,23,23.0,46,0,15
16,21,16,21,18.5,37,5,13
43,48,43,48,45.5,91,5,34
29,49,29,49,39.0,78,20,17
4,2,2,4,3.0,6,2,1
16,12,12,16,14.0,28,4,10
6,4,4,6,5.0,10,2,3
15,19,15,19,17.0,34,4,11
1,7,1,7,4.0,8,6,0
15,13,13,15,14.0,28,2,11
9,12,9,12,10.5,21,3,8
4,1,1,4,2.5,5,3,0
6,4,4,6,5.0,10,2,3
25,47,25,47,36.0,72,22,22
6,1,1,6,3.5,7,5,0
14,33,14,33,23.5,47,19,8
5,5,5,5,5.0,10,0,3
7,8,7,8,7.5,15,1,6
8,6,6,8,7.0,14,2,4
5,6,5,6,5.5,11,1,3
20,22,20,22,21.0,42,2,19
6,5,5,6,5.5,11,1,3
9,12,9,12,10.5,21,3,2
30,7,7,30,18.5,37,23,0
5,6,5,6,5.5,11,1,4
4,5,4,5,4.5,9,1,3
14,2,2,14,8.0,16,12,1
10,10,10,10,10.0,20,0,7
1,18,1,18,9.5,19,17,0
5,1,1,5,3.0,6,4,0
5,20,5,20,12.5,25,15,0
4,2,2,4,3.0,6,2,1
1,4,1,4,2.5,5,3,0
9,9,9,9,9.0,18,0,7
40,1,1,40,20.5,41,39,0
5,1,1,5,3.0,6,4,0
18,13,13,18,15.5,31,5,11
1,5,1,5,3.0,6,4,0
4,8,4,8,6.0,12,4,0
9,11,9,11,10.0,20,2,7
5,1,1,5,3.0,6,4,0
1,4,1,4,2.5,5,3,0
5,1,1,5,3.0,6,4,0
17,17,17,17,17.0,34,0,12
18,18,18,18,18.0,36,0,15
4,3,3,4,3.5,7,1,2
10,12,10,12,11.0,22,2,9
5,6,5,6,5.5,11,1,4
12,18,12,18,15.0,30,6,11
13,13,13,13,13.0,26,0,8
20,22,20,22,21.0,42,2,19
17,27,17,27,22.0,44,10,12
4,1,1,4,2.5,5,3,0
5,1,1,5,3.0,6,4,0
4,2,2,4,3.0,6,2,1
49,43,43,49,46.0,92,6,41
18,17,17,18,17.5,35,1,14
4,4,4,4,4.0,8,0,3
12,11,11,12,11.5,23,1,10
4,4,4,4,4.0,8,0,3
16,11,11,16,13.5,27,5,9
33,23,23,33,28.0,56,10,22
23,23,23,23,23.0,46,0,19
5,1,1,5,3.0,6,4,0
6,5,5,6,5.5,11,1,2
1,4,1,4,2.5,5,3,0
1,11,1,11,6.0,12,10,0
3,9,3,9,6.0,12,6,2
6,6,6,6,6.0,12,0,5
5,6,5,6,5.5,11,1,4
1,4,1,4,2.5,5,3,0
7,7,7,7,7.0,14,0,6
6,9,6,9,7.5,15,3,1
8,1,1,8,4.5,9,7,0
4,1,1,4,2.5,5,3,0
24,13,13,24,18.5,37,11,10
16,18,16,18,17.0,34,2,12
1,5,1,5,3.0,6,4,0
4,6,4,6,5.0,10,2,3
9,2,2,9,5.5,11,7,0
17,17,17,17,17.0,34,0,15
5,6,5,6,5.5,11,1,4
1,4,1,4,2.5,5,3,0
9,1,1,9,5.0,10,8,0
1,5,1,5,3.0,6,4,0
4,4,4,4,4.0,8,0,0
1,6,1,6,3.5,7,5,0
23,23,23,23,23.0,46,0,21
35,33,33,35,34.0,68,2,29
14,10,10,14,12.0,24,4,9
7,24,7,24,15.5,31,17,5
14,11,11,14,12.5,25,3,10
7,3,3,7,5.0,10,4,1
8,10,8,10,9.0,18,2,7
25,39,25,39,32.0,64,14,18
22,28,22,28,25.0,50,6,21
16,17,16,17,16.5,33,1,13
14,12,12,14,13.0,26,2,10
1,13,1,13,7.0,14,12,0
13,13,13,13,13.0,26,0,12
5,1,1,5,3.0,6,4,0
7,6,6,7,6.5,13,1,5
4,1,1,4,2.5,5,3,0
13,11,11,13,12.0,24,2,5
23,4,4,23,13.5,27,19,2
5,1,1,5,3.0,6,4,0
10,6,6,10,8.0,16,4,5
28,41,28,41,34.5,69,13,23
17,1,1,17,9.0,18,16,0
4,3,3,4,3.5,7,1,2
28,50,28,50,39.0,78,22,24
1,22,1,22,11.5,23,21,0
9,8,8,9,8.5,17,1,7
21,23,21,23,22.0,44,2,16
5,1,1,5,3.0,6,4,0
1,5,1,5,3.0,6,4,0
2,15,2,15,8.5,17,13,0
3,4,3,4,3.5,7,1,2
1,4,1,4,2.5,5,3,0
42,33,33,42,37.5,75,9,21
8,1,1,8,4.5,9,7,0
2,11,2,11,6.5,13,9,0
1,15,1,15,8.0,16,14,0
1,5,1,5,3.0,6,4,0
39,31,31,39,35.0,70,8,27
5,1,1,5,3.0,6,4,0
11,7,7,11,9.0,18,4,5
3,6,3,6,4.5,9,3,1
15,13,13,15,14.0,28,2,7
1,11,1,11,6.0,12,10,0
7,4,4,7,5.5,11,3,2
4,1,1,4,2.5,5,3,0
15,16,15,16,15.5,31,1,12
31,33,31,33,32.0,64,2,10
9,10,9,10,9.5,19,1,7
18,13,13,18,15.5,31,5,12
24,23,23,24,23.5,47,1,15
4,1,1,4,2.5,5,3,0
8,39,8,39,23.5,47,31,0
9,24,9,24,16.5,33,15,7
1,8,1,8,4.5,9,7,0
15,25,15,25,20.0,40,10,10
5,1,1,5,3.0,6,4,0
4,1,1,4,2.5,5,3,0
8,1,1,8,4.5,9,7,0
1,16,1,16,8.5,17,15,0
19,15,15,19,17.0,34,4,14
1,6,1,6,3.5,7,5,0
5,5,5,5,5.0,10,0,4
5,1,1,5,3.0,6,4,0
41,47,41,47,44.0,88,6,33
4,6,4,6,5.0,10,2,3
1,10,1,10,5.5,11,9,0
5,5,5,5,5.0,10,0,4
10,4,4,10,7.0,14,6,3
39,30,30,39,34.5,69,9,29
1,10,1,10,5.5,11,9,0
2,12,2,12,7.0,14,10,0
2,5,2,5,3.5,7,3,1
1,5,1,5,3.0,6,4,0
1,4,1,4,2.5,5,3,0
9,10,9,10,9.5,19,1,6
6,7,6,7,6.5,13,1,5
18,19,18,19,18.5,37,1,13
6,5,5,6,5.5,11,1,4
5,8,5,8,6.5,13,3,4
41,37,37,41,39.0,78,4,27
1,5,1,5,3.0,6,4,0
1,6,1,6,3.5,7,5,0
4,2,2,4,3.0,6,2,0
18,19,18,19,18.5,37,1,17
38,18,18,38,28.0,56,20,15
19,19,19,19,19.0,38,0,18
11,9,9,11,10.0,20,2,8
41,42,41,42,41.5,83,1,39
10,12,10,12,11.0,22,2,6
5,4,4,5,4.5,9,1,3
4,1,1,4,2.5,5,3,0
25,31,25,31,28.0,56,6,24
14,9,9,14,11.5,23,5,8
22,15,15,22,18.5,37,7,0
6,4,4,6,5.0,10,2,3
6,7,6,7,6.5,13,1,5
22,35,22,35,28.5,57,13,19
6,7,6,7,6.5,13,1,3
6,2,2,6,4.0,8,4,0
16,14,14,16,15.0,30,2,13
8,8,8,8,8.0,16,0,7
8,5,5,8,6.5,13,3,4
1,9,1,9,5.0,10,8,0
16,15,15,16,15.5,31,1,14
1,7,1,7,4.0,8,6,0
32,33,32,33,32.5,65,1,26
12,17,12,17,14.5,29,5,9
1,15,1,15,8.0,16,14,0
1,4,1,4,2.5,5,3,0
1,19,1,19,10.0,20,18,0
5,1,1,5,3.0,6,4,0
4,75,4,75,39.5,79,71,0
5,2,2,5,3.5,7,3,0
22,24,22,24,23.0,46,2,21
4,4,4,4,4.0,8,0,3
7,7,7,7,7.0,14,0,4
15,2,2,15,8.5,17,13,0
1,4,1,4,2.5,5,3,0
23,1,1,23,12.0,24,22,0
6,8,6,8,7.0,14,2,3
6,5,5,6,5.5,11,1,2
12,17,12,17,14.5,29,5,11
5,5,5,5,5.0,10,0,4
6,1,1,6,3.5,7,5,0
1,39,1,39,20.0,40,38,0
11,1,1,11,6.0,12,10,0
17,19,17,19,18.0,36,2,15
18,36,18,36,27.0,54,18,16
13,19,13,19,16.0,32,6,12
12,11,11,12,11.5,23,1,8
1,4,1,4,2.5,5,3,0
4,1,1,4,2.5,5,3,0
1,5,1,5,3.0,6,4,0
1,6,1,6,3.5,7,5,0
2,35,2,35,18.5,37,33,1
1,13,1,13,7.0,14,12,0
1,5,1,5,3.0,6,4,0
9,9,9,9,9.0,18,0,8
8,1,1,8,4.5,9,7,0
15,5,5,15,10.0,20,10,4
9,10,9,10,9.5,19,1,8
2,4,2,4,3.0,6,2,1
6,4,4,6,5.0,10,2,3
6,1,1,6,3.5,7,5,0
1,4,1,4,2.5,5,3,0
5,1,1,5,3.0,6,4,0
7,6,6,7,6.5,13,1,5
5,1,1,5,3.0,6,4,0
21,25,21,25,23.0,46,4,19
10,6,6,10,8.0,16,4,5
7,24,7,24,15.5,31,17,5
1,4,1,4,2.5,5,3,0
1,5,1,5,3.0,6,4,0
11,10,10,11,10.5,21,1,9
26,27,26,27,26.5,53,1,25
2,8,2,8,5.0,10,6,0
5,7,5,7,6.0,12,2,1
5,10,5,10,7.5,15,5,3
1,7,1,7,4.0,8,6,0
1,4,1,4,2.5,5,3,0
49,41,41,49,45.0,90,8,37
13,15,13,15,14.0,28,2,12
1,5,1,5,3.0,6,4,0
6,3,3,6,4.5,9,3,2
5,5,5,5,5.0,10,0,4
4,1,1,4,2.5,5,3,0
6,1,1,6,3.5,7,5,0
9,10,9,10,9.5,19,1,8
51,20,20,51,35.5,71,31,19
18,31,18,31,24.5,49,13,12
1,4,1,4,2.5,5,3,0
27,11,11,27,19.0,38,16,10
4,1,1,4,2.5,5,3,0
6,1,1,6,3.5,7,5,0
33,31,31,33,32.0,64,2,21
3,14,3,14,8.5,17,11,2
1,8,1,8,4.5,9,7,0
14,11,11,14,12.5,25,3,10
2,5,2,5,3.5,7,3,1
7,1,1,7,4.0,8,6,0
49,25,25,49,37.0,74,24,22
5,2,2,5,3.5,7,3,0
4,3,3,4,3.5,7,1,2
4,31,4,31,17.5,35,27,0
7,1,1,7,4.0,8,6,0
4,6,4,6,5.0,10,2,1
9,7,7,9,8.0,16,2,4
27,28,27,28,27.5,55,1,26
6,7,6,7,6.5,13,1,4
11,15,11,15,13.0,26,4,8
52,9,9,52,30.5,61,43,7
8,10,8,10,9.0,18,2,6
1,11,1,11,6.0,12,10,0
16,31,16,31,23.5,47,15,14
4,3,3,4,3.5,7,1,2
40,18,18,40,29.0,58,22,16
10,5,5,10,7.5,15,5,3
6,7,6,7,6.5,13,1,4
4,1,1,4,2.5,5,3,0
23,32,23,32,27.5,55,9,19
6,1,1,6,3.5,7,5,0
11,10,10,11,10.5,21,1,9
5,2,2,5,3.5,7,3,0
5,4,4,5,4.5,9,1,1
19,20,19,20,19.5,39,1,8
14,27,14,27,20.5,41,13,13
16,2,2,16,9.0,18,14,1
12,12,12,12,12.0,24,0,11
25,15,15,25,20.0,40,10,12
16,9,9,16,12.5,25,7,7
1,6,1,6,3.5,7,5,0
4,26,4,26,15.0,30,22,1
7,6,6,7,6.5,13,1,4
8,8,8,8,8.0,16,0,7
6,2,2,6,4.0,8,4,0
1,5,1,5,3.0,6,4,0
5,5,5,5,5.0,10,0,2
2,4,2,4,3.0,6,2,0
1,10,1,10,5.5,11,9,0
6,1,1,6,3.5,7,5,0
12,6,6,12,9.0,18,6,4
2,7,2,7,4.5,9,5,0
4,4,4,4,4.0,8,0,0
2,31,2,31,16.5,33,29,0
4,1,1,4,2.5,5,3,0
16,2,2,16,9.0,18,14,0
17,17,17,17,17.0,34,0,15
5,6,5,6,5.5,11,1,4
11,16,11,16,13.5,27,5,9
2,7,2,7,4.5,9,5,0
6,6,6,6,6.0,12,0,5
5,2,2,5,3.5,7,3,0
12,15,12,15,13.5,27,3,8
15,24,15,24,19.5,39,9,14
7,5,5,7,6.0,12,2,3
42,26,26,42,34.0,68,16,24
34,30,30,34,32.0,64,4,24
5,9,5,9,7.0,14,4,1
1,4,1,4,2.5,5,3,0
35,42,35,42,38.5,77,7,27
1,7,1,7,4.0,8,6,0
5,1,1,5,3.0,6,4,0
1,5,1,5,3.0,6,4,0
1,4,1,4,2.5,5,3,0
5,7,5,7,6.0,12,2,0
1,11,1,11,6.0,12,10,0
1,5,1,5,3.0,6,4,0
26,22,22,26,24.0,48,4,16
4,1,1,4,2.5,5,3,0
15,14,14,15,14.5,29,1,11
8,8,8,8,8.0,16,0,7
1,18,1,18,9.5,19,17,0
5,1,1,5,3.0,6,4,0
9,7,7,9,8.0,16,2,3
5,6,5,6,5.5,11,1,4
5,5,5,5,5.0,10,0,4
6,1,1,6,3.5,7,5,0
1,5,1,5,3.0,6,4,0
2,6,2,6,4.0,8,4,0
2,4,2,4,3.0,6,2,1
6,1,1,6,3.5,7,5,0
10,27,10,27,18.5,37,17,0
18,27,18,27,22.5,45,9,13
41,44,41,44,42.5,85,3,39
17,17,17,17,17.0,34,0,14
7,2,2,7,4.5,9,5,1
1,7,1,7,4.0,8,6,0
2,7,2,7,4.5,9,5,1
19,13,13,19,16.0,32,6,11
8,1,1,8,4.5,9,7,0
11,4,4,11,7.5,15,7,3
13,4,4,13,8.5,17,9,3
6,1,1,6,3.5,7,5,0
6,1,1,6,3.5,7,5,0
1,4,1,4,2.5,5,3,0
2,17,2,17,9.5,19,15,0
1,5,1,5,3.0,6,4,0
5,5,5,5,5.0,10,0,4
9,1,1,9,5.0,10,8,0
4,1,1,4,2.5,5,3,0
8,7,7,8,7.5,15,1,4
18,12,12,18,15.0,30,6,8
6,1,1,6,3.5,7,5,0
1,5,1,5,3.0,6,4,0
31,40,31,40,35.5,71,9,16
30,13,13,30,21.5,43,17,12
6,5,5,6,5.5,11,1,4
4,2,2,4,3.0,6,2,1
15,20,15,20,17.5,35,5,13
6,6,6,6,6.0,12,0,5
27,27,27,27,27.0,54,0,26
9,8,8,9,8.5,17,1,6
1,4,1,4,2.5,5,3,0
4,4,4,4,4.0,8,0,1
12,14,12,14,13.0,26,2,11
4,18,4,18,11.0,22,14,0
1,14,1,14,7.5,15,13,0
7,12,7,12,9.5,19,5,4
28,18,18,28,23.0,46,10,9
22,20,20,22,21.0,42,2,15
6,1,1,6,3.5,7,5,0
10,14,10,14,12.0,24,4,6
5,12,5,12,8.5,17,7,4
4,4,4,4,4.0,8,0,2
31,28,28,31,29.5,59,3,26
5,4,4,5,4.5,9,1,3
1,4,1,4,2.5,5,3,0
1,6,1,6,3.5,7,5,0
16,15,15,16,15.5,31,1,11
2,4,2,4,3.0,6,2,1
10,1,1,10,5.5,11,9,0
16,12,12,16,14.0,28,4,9
10,1,1,10,5.5,11,9,0
5,1,1,5,3.0,6,4,0
8,11,8,11,9.5,19,3,6
6,5,5,6,5.5,11,1,4
13,6,6,13,9.5,19,7,5
2,6,2,6,4.0,8,4,1
6,3,3,6,4.5,9,3,2
13,7,7,13,10.0,20,6,4
1,5,1,5,3.0,6,4,0
5,1,1,5,3.0,6,4,0
1,6,1,6,3.5,7,5,0
1,8,1,8,4.5,9,7,0
14,7,7,14,10.5,21,7,3
16,13,13,16,14.5,29,3,8
1,4,1,4,2.5,5,3,0
4,5,4,5,4.5,9,1,3
17,14,14,17,15.5,31,3,13
2,24,2,24,13.0,26,22,0
13,11,11,13,12.0,24,2,9
6,1,1,6,3.5,7,5,0
4,2,2,4,3.0,6,2,1
1,10,1,10,5.5,11,9,0
34,13,13,34,23.5,47,21,9
6,16,6,16,11.0,22,10,0
21,21,21,21,21.0,42,0,19
12,15,12,15,13.5,27,3,8
10,1,1,10,5.5,11,9,0
4,5,4,5,4.5,9,1,1
4,5,4,5,4.5,9,1,3
50,41,41,50,45.5,91,9,39
2,10,2,10,6.0,12,8,0
1,4,1,4,2.5,5,3,0
4,1,1,4,2.5,5,3,0
6,1,1,6,3.5,7,5,0
19,7,7,19,13.0,26,12,6
1,8,1,8,4.5,9,7,0
2,4,2,4,3.0,6,2,1
2,7,2,7,4.5,9,5,0
2,7,2,7,4.5,9,5,0
1,4,1,4,2.5,5,3,0
8,1,1,8,4.5,9,7,0
16,17,16,17,16.5,33,1,14
9,9,9,9,9.0,18,0,7
4,1,1,4,2.5,5,3,0
17,19,17,19,18.0,36,2,14
1,4,1,4,2.5,5,3,0
22,23,22,23,22.5,45,1,20
6,7,6,7,6.5,13,1,5
4,1,1,4,2.5,5,3,0
2,18,2,18,10.0,20,16,1
4,1,1,4,2.5,5,3,0
10,6,6,10,8.0,16,4,5
1,5,1,5,3.0,6,4,0
19,17,17,19,18.0,36,2,15
21,20,20,21,20.5,41,1,15
14,15,14,15,14.5,29,1,12
4,1,1,4,2.5,5,3,0
1,6,1,6,3.5,7,5,0
1,4,1,4,2.5,5,3,0
1,4,1,4,2.5,5,3,0
6,1,1,6,3.5,7,5,0
4,5,4,5,4.5,9,1,3
3,6,3,6,4.5,9,3,2
4,1,1,4,2.5,5,3,0
10,3,3,10,6.5,13,7,2
18,16,16,18,17.0,34,2,13
1,5,1,5,3.0,6,4,0
7,6,6,7,6.5,13,1,5
11,11,11,11,11.0,22,0,10
13,15,13,15,14.0,28,2,12
5,1,1,5,3.0,6,4,0
13,14,13,14,13.5,27,1,12
18,18,18,18,18.0,36,0,17
1,18,1,18,9.5,19,17,0
1,11,1,11,6.0,12,10,0
21,21,21,21,21.0,42,0,20
6,6,6,6,6.0,12,0,3
34,19,19,34,26.5,53,15,15
6,6,6,6,6.0,12,0,5
6,12,6,12,9.0,18,6,3
7,1,1,7,4.0,8,6,0
10,10,10,10,10.0,20,0,9
1,11,1,11,6.0,12,10,0
28,24,24,28,26.0,52,4,23
16,16,16,16,16.0,32,0,13
7,6,6,7,6.5,13,1,0
1,5,1,5,3.0,6,4,0
6,6,6,6,6.0,12,0,5
5,1,1,5,3.0,6,4,0
6,5,5,6,5.5,11,1,4
5,1,1,5,3.0,6,4,0
4,4,4,4,4.0,8,0,3
5,1,1,5,3.0,6,4,0
9,2,2,9,5.5,11,7,0
31,37,31,37,34.0,68,6,24
1,7,1,7,4.0,8,6,0
7,5,5,7,6.0,12,2,4
5,9,5,9,7.0,14,4,4
12,12,12,12,12.0,24,0,10
6,10,6,10,8.0,16,4,4
2,5,2,5,3.5,7,3,0
8,7,7,8,7.5,15,1,6
6,6,6,6,6.0,12,0,0
4,5,4,5,4.5,9,1,3
31,23,23,31,27.0,54,8,20
6,1,1,6,3.5,7,5,0
1,6,1,6,3.5,7,5,0
19,17,17,19,18.0,36,2,9
4,1,1,4,2.5,5,3,0
10,6,6,10,8.0,16,4,5
31,23,23,31,27.0,54,8,19
25,33,25,33,29.0,58,8,22
2,6,2,6,4.0,8,4,0
2,5,2,5,3.5,7,3,1
10,15,10,15,12.5,25,5,8
6,5,5,6,5.5,11,1,1
9,9,9,9,9.0,18,0,8
4,1,1,4,2.5,5,3,0
3,4,3,4,3.5,7,1,1
24,19,19,24,21.5,43,5,5
12,9,9,12,10.5,21,3,7
15,17,15,17,16.0,32,2,12
4,1,1,4,2.5,5,3,0
32,32,32,32,32.0,64,0,30
10,10,10,10,10.0,20,0,9
1,11,1,11,6.0,12,10,0
6,6,6,6,6.0,12,0,5
17,16,16,17,16.5,33,1,8
2,16,2,16,9.0,18,14,1
6,6,6,6,6.0,12,0,5
4,5,4,5,4.5,9,1,3
1,4,1,4,2.5,5,3,0
11,12,11,12,11.5,23,1,10
8,16,8,16,12.0,24,8,6
8,1,1,8,4.5,9,7,0
10,5,5,10,7.5,15,5,3
4,10,4,10,7.0,14,6,3
1,8,1,8,4.5,9,7,0
13,12,12,13,12.5,25,1,11
1,75,1,75,38.0,76,74,0
6,4,4,6,5.0,10,2,3
9,7,7,9,8.0,16,2,6
4,4,4,4,4.0,8,0,3
1,4,1,4,2.5,5,3,0
6,7,6,7,6.5,13,1,5
3,19,3,19,11.0,22,16,1
1,4,1,4,2.5,5,3,0
25,21,21,25,23.0,46,4,17
27,23,23,27,25.0,50,4,18
32,35,32,35,33.5,67,3,26
4,4,4,4,4.0,8,0,1
1,4,1,4,2.5,5,3,0
11,10,10,11,10.5,21,1,7
1,12,1,12,6.5,13,11,0
10,1,1,10,5.5,11,9,0
16,15,15,16,15.5,31,1,11
17,21,17,21,19.0,38,4,9
8,6,6,8,7.0,14,2,4
21,23,21,23,22.0,44,2,18
4,1,1,4,2.5,5,3,0
19,21,19,21,20.0,40,2,16
41,41,41,41,41.0,82,0,40
7,7,7,7,7.0,14,0,6
1,6,1,6,3.5,7,5,0
4,1,1,4,2.5,5,3,0
20,20,20,20,20.0,40,0,19
7,10,7,10,8.5,17,3,0
5,4,4,5,4.5,9,1,3
19,19,19,19,19.0,38,0,17
17,8,8,17,12.5,25,9,6
6,6,6,6,6.0,12,0,2
2,14,2,14,8.0,16,12,1
14,12,12,14,13.0,26,2,11
19,15,15,19,17.0,34,4,10
18,23,18,23,20.5,41,5,15
1,4,1,4,2.5,5,3,0
1,7,1,7,4.0,8,6,0
6,7,6,7,6.5,13,1,5
2,18,2,18,10.0,20,16,0
8,9,8,9,8.5,17,1,6
6,19,6,19,12.5,25,13,1
1,6,1,6,3.5,7,5,0
8,7,7,8,7.5,15,1,5
6,8,6,8,7.0,14,2,5
1,5,1,5,3.0,6,4,0
19,26,19,26,22.5,45,7,7
23,48,23,48,35.5,71,25,18
2,8,2,8,5.0,10,6,1
1,29,1,29,15.0,30,28,0
4,4,4,4,4.0,8,0,3
1,19,1,19,10.0,20,18,0
6,2,2,6,4.0,8,4,0
7,3,3,7,5.0,10,4,1
1,23,1,23,12.0,24,22,0
4,2,2,4,3.0,6,2,1
24,24,24,24,24.0,48,0,23
17,15,15,17,16.0,32,2,14
4,4,4,4,4.0,8,0,3
2,6,2,6,4.0,8,4,1
8,2,2,8,5.0,10,6,1
6,10,6,10,8.0,16,4,1
12,1,1,12,6.5,13,11,0
17,13,13,17,15.0,30,4,12
1,5,1,5,3.0,6,4,0
32,31,31,32,31.5,63,1,25
11,11,11,11,11.0,22,0,10
9,10,9,10,9.5,19,1,6
3,5,3,5,4.0,8,2,2
1,8,1,8,4.5,9,7,0
5,8,5,8,6.5,13,3,2
5,1,1,5,3.0,6,4,0
5,5,5,5,5.0,10,0,0
1,16,1,16,8.5,17,15,0
15,15,15,15,15.0,30,0,13
20,15,15,20,17.5,35,5,13
6,6,6,6,6.0,12,0,5
6,1,1,6,3.5,7,5,0
9,10,9,10,9.5,19,1,3
1,8,1,8,4.5,9,7,0
33,23,23,33,28.0,56,10,17
1,5,1,5,3.0,6,4,0
5,5,5,5,5.0,10,0,4
13,8,8,13,10.5,21,5,6
7,5,5,7,6.0,12,2,4
1,4,1,4,2.5,5,3,0
10,13,10,13,11.5,23,3,9
27,50,27,50,38.5,77,23,26
10,4,4,10,7.0,14,6,3
1,4,1,4,2.5,5,3,0
3,4,3,4,3.5,7,1,2
1,11,1,11,6.0,12,10,0
1,48,1,48,24.5,49,47,0
11,39,11,39,25.0,50,28,6
1,7,1,7,4.0,8,6,0
14,33,14,33,23.5,47,19,10
2,6,2,6,4.0,8,4,1
9,13,9,13,11.0,22,4,8
10,12,10,12,11.0,22,2,7
9,11,9,11,10.0,20,2,7
2,4,2,4,3.0,6,2,1
7,2,2,7,4.5,9,5,1
7,5,5,7,6.0,12,2,4
8,8,8,8,8.0,16,0,7
4,4,4,4,4.0,8,0,3
1,8,1,8,4.5,9,7,0
9,6,6,9,7.5,15,3,5
11,16,11,16,13.5,27,5,10
16,9,9,16,12.5,25,7,2
10,1,1,10,5.5,11,9,0
4,1,1,4,2.5,5,3,0
14,14,14,14,14.0,28,0,13
7,6,6,7,6.5,13,1,5
16,15,15,16,15.5,31,1,11
1,4,1,4,2.5,5,3,0
8,4,4,8,6.0,12,4,2
8,8,8,8,8.0,16,0,7
1,8,1,8,4.5,9,7,0
4,15,4,15,9.5,19,11,2
7,1,1,7,4.0,8,6,0
27,27,27,27,27.0,54,0,25
31,33,31,33,32.0,64,2,25
1,4,1,4,2.5,5,3,0
16,13,13,16,14.5,29,3,12
4,4,4,4,4.0,8,0,3
4,2,2,4,3.0,6,2,1
8,1,1,8,4.5,9,7,0
12,1,1,12,6.5,13,11,0
9,10,9,10,9.5,19,1,7
8,2,2,8,5.0,10,6,0
6,4,4,6,5.0,10,2,3
4,4,4,4,4.0,8,0,3
4,2,2,4,3.0,6,2,1
5,4,4,5,4.5,9,1,3
10,12,10,12,11.0,22,2,8
18,15,15,18,16.5,33,3,14
13,13,13,13,13.0,26,0,12
4,1,1,4,2.5,5,3,0
10,13,10,13,11.5,23,3,8
1,7,1,7,4.0,8,6,0
16,6,6,16,11.0,22,10,5
7,1,1,7,4.0,8,6,0
8,8,8,8,8.0,16,0,6
1,4,1,4,2.5,5,3,0
5,1,1,5,3.0,6,4,0
15,1,1,15,8.0,16,14,0
1,5,1,5,3.0,6,4,0
1,23,1,23,12.0,24,22,0
2,6,2,6,4.0,8,4,1
26,1,1,26,13.5,27,25,0
1,10,1,10,5.5,11,9,0
20,30,20,30,25.0,50,10,17
32,31,31,32,31.5,63,1,30
5,2,2,5,3.5,7,3,1
17,4,4,17,10.5,21,13,3
4,1,1,4,2.5,5,3,0
1,12,1,12,6.5,13,11,0
6,6,6,6,6.0,12,0,5
8,4,4,8,6.0,12,4,3
14,14,14,14,14.0,28,0,10
4,4,4,4,4.0,8,0,3
1,11,1,11,6.0,12,10,0
4,1,1,4,2.5,5,3,0
1,11,1,11,6.0,12,10,0
12,1,1,12,6.5,13,11,0
1,5,1,5,3.0,6,4,0
23,46,23,46,34.5,69,23,20
16,13,13,16,14.5,29,3,12
5,6,5,6,5.5,11,1,4
5,8,5,8,6.5,13,3,4
1,10,1,10,5.5,11,9,0
7,9,7,9,8.0,16,2,2
1,8,1,8,4.5,9,7,0
22,11,11,22,16.5,33,11,8
5,5,5,5,5.0,10,0,4
6,1,1,6,3.5,7,5,0
4,1,1,4,2.5,5,3,0
1,6,1,6,3.5,7,5,0
6,1,1,6,3.5,7,5,0
21,1,1,21,11.0,22,20,0
1,4,1,4,2.5,5,3,0
4,5,4,5,4.5,9,1,3
5,7,5,7,6.0,12,2,4
5,1,1,5,3.0,6,4,0
14,17,14,17,15.5,31,3,5
14,14,14,14,14.0,28,0,12
6,7,6,7,6.5,13,1,4
16,5,5,16,10.5,21,11,4
4,1,1,4,2.5,5,3,0
12,5,5,12,8.5,17,7,4
5,4,4,5,4.5,9,1,3
1,4,1,4,2.5,5,3,0
12,17,12,17,14.5,29,5,9
5,4,4,5,4.5,9,1,3
7,1,1,7,4.0,8,6,0
1,7,1,7,4.0,8,6,0
4,1,1,4,2.5,5,3,0
23,16,16,23,19.5,39,7,14
41,47,41,47,44.0,88,6,38
6,16,6,16,11.0,22,10,4
4,1,1,4,2.5,5,3,0
21,25,21,25,23.0,46,4,17
9,4,4,9,6.5,13,5,1
1,11,1,11,6.0,12,10,0
6,6,6,6,6.0,12,0,5
8,4,4,8,6.0,12,4,0
24,25,24,25,24.5,49,1,22
5,1,1,5,3.0,6,4,0
5,3,3,5,4.0,8,2,0
4,1,1,4,2.5,5,3,0
6,7,6,7,6.5,13,1,4
44,24,24,44,34.0,68,20,23
13,1,1,13,7.0,14,12,0
27,12,12,27,19.5,39,15,8
4,5,4,5,4.5,9,1,3
1,4,1,4,2.5,5,3,0
2,5,2,5,3.5,7,3,1
17,21,17,21,19.0,38,4,14
4,1,1,4,2.5,5,3,0
2,4,2,4,3.0,6,2,1
4,7,4,7,5.5,11,3,3
1,6,1,6,3.5,7,5,0
8,1,1,8,4.5,9,7,0
6,5,5,6,5.5,11,1,0
6,6,6,6,6.0,12,0,5
6,6,6,6,6.0,12,0,5
5,5,5,5,5.0,10,0,3
13,14,13,14,13.5,27,1,11
33,49,33,49,41.0,82,16,31
1,4,1,4,2.5,5,3,0
15,1,1,15,8.0,16,14,0
1,6,1,6,3.5,7,5,0
20,20,20,20,20.0,40,0,16
6,105,6,105,55.5,111,99,0
4,5,4,5,4.5,9,1,3
24,23,23,24,23.5,47,1,12
7,13,7,13,10.0,20,6,6
7,7,7,7,7.0,14,0,6
4,3,3,4,3.5,7,1,2
4,3,3,4,3.5,7,1,2
1,6,1,6,3.5,7,5,0
1,5,1,5,3.0,6,4,0
14,14,14,14,14.0,28,0,13
1,6,1,6,3.5,7,5,0
4,5,4,5,4.5,9,1,3
6,4,4,6,5.0,10,2,0
21,24,21,24,22.5,45,3,17
9,10,9,10,9.5,19,1,8
28,30,28,30,29.0,58,2,26
4,1,1,4,2.5,5,3,0
14,15,14,15,14.5,29,1,13
1,10,1,10,5.5,11,9,0
20,21,20,21,20.5,41,1,18
15,14,14,15,14.5,29,1,10
7,1,1,7,4.0,8,6,0
1,7,1,7,4.0,8,6,0
15,15,15,15,15.0,30,0,14
27,24,24,27,25.5,51,3,11
4,1,1,4,2.5,5,3,0
4,6,4,6,5.0,10,2,3
2,5,2,5,3.5,7,3,0
5,2,2,5,3.5,7,3,1
32,14,14,32,23.0,46,18,11
7,1,1,7,4.0,8,6,0
1,10,1,10,5.5,11,9,0
1,12,1,12,6.5,13,11,0
37,28,28,37,32.5,65,9,24
12,5,5,12,8.5,17,7,4
7,1,1,7,4.0,8,6,0
4,5,4,5,4.5,9,1,0
4,2,2,4,3.0,6,2,1
39,26,26,39,32.5,65,13,21
1,9,1,9,5.0,10,8,0
5,1,1,5,3.0,6,4,0
12,1,1,12,6.5,13,11,0
8,5,5,8,6.5,13,3,0
4,5,4,5,4.5,9,1,2
1,8,1,8,4.5,9,7,0
3,6,3,6,4.5,9,3,1
5,6,5,6,5.5,11,1,3
1,12,1,12,6.5,13,11,0
3,6,3,6,4.5,9,3,2
6,1,1,6,3.5,7,5,0
5,6,5,6,5.5,11,1,2
3,6,3,6,4.5,9,3,2
6,1,1,6,3.5,7,5,0
1,4,1,4,2.5,5,3,0
5,5,5,5,5.0,10,0,4
5,5,5,5,5.0,10,0,4
4,1,1,4,2.5,5,3,0
3,4,3,4,3.5,7,1,2
5,18,5,18,11.5,23,13,4
32,32,32,32,32.0,64,0,30
20,23,20,23,21.5,43,3,17
2,7,2,7,4.5,9,5,1
12,13,12,13,12.5,25,1,11
17,18,17,18,17.5,35,1,15
14,14,14,14,14.0,28,0,13
1,5,1,5,3.0,6,4,0
4,5,4,5,4.5,9,1,3
1,5,1,5,3.0,6,4,0
5,8,5,8,6.5,13,3,3
31,55,31,55,43.0,86,24,28
2,6,2,6,4.0,8,4,0
7,1,1,7,4.0,8,6,0
19,21,19,21,20.0,40,2,18
2,8,2,8,5.0,10,6,1
5,8,5,8,6.5,13,3,0
5,5,5,5,5.0,10,0,4
3,6,3,6,4.5,9,3,1
31,33,31,33,32.0,64,2,25
6,5,5,6,5.5,11,1,4
26,12,12,26,19.0,38,14,9
4,1,1,4,2.5,5,3,0
23,20,20,23,21.5,43,3,18
7,1,1,7,4.0,8,6,0
10,3,3,10,6.5,13,7,0
1,4,1,4,2.5,5,3,0
1,5,1,5,3.0,6,4,0
27,12,12,27,19.5,39,15,11
13,6,6,13,9.5,19,7,5
1,21,1,21,11.0,22,20,0
1,10,1,10,5.5,11,9,0
1,4,1,4,2.5,5,3,0
5,7,5,7,6.0,12,2,3
4,1,1,4,2.5,5,3,0
5,2,2,5,3.5,7,3,0
2,12,2,12,7.0,14,10,1
14,12,12,14,13.0,26,2,11
15,9,9,15,12.0,24,6,8
10,5,5,10,7.5,15,5,4
6,1,1,6,3.5,7,5,0
23,25,23,25,24.0,48,2,18
1,11,1,11,6.0,12,10,0
1,6,1,6,3.5,7,5,0
4,4,4,4,4.0,8,0,3
8,1,1,8,4.5,9,7,0
4,2,2,4,3.0,6,2,1
13,8,8,13,10.5,21,5,7
6,2,2,6,4.0,8,4,1
12,18,12,18,15.0,30,6,10
10,1,1,10,5.5,11,9,0
14,14,14,14,14.0,28,0,13
24,18,18,24,21.0,42,6,17
6,5,5,6,5.5,11,1,4
3,9,3,9,6.0,12,6,0
12,9,9,12,10.5,21,3,8
4,4,4,4,4.0,8,0,3
11,2,2,11,6.5,13,9,1
5,1,1,5,3.0,6,4,0
8,8,8,8,8.0,16,0,4
5,2,2,5,3.5,7,3,0
6,1,1,6,3.5,7,5,0
4,24,4,24,14.0,28,20,0
6,5,5,6,5.5,11,1,4
2,75,2,75,38.5,77,73,0
8,10,8,10,9.0,18,2,6
6,7,6,7,6.5,13,1,1
1,5,1,5,3.0,6,4,0
13,8,8,13,10.5,21,5,6
12,4,4,12,8.0,16,8,3
24,29,24,29,26.5,53,5,21
5,1,1,5,3.0,6,4,0
5,1,1,5,3.0,6,4,0
5,5,5,5,5.0,10,0,4
24,7,7,24,15.5,31,17,3
16,4,4,16,10.0,20,12,3
7,6,6,7,6.5,13,1,3
1,26,1,26,13.5,27,25,0
6,1,1,6,3.5,7,5,0
5,1,1,5,3.0,6,4,0
5,1,1,5,3.0,6,4,0
1,33,1,33,17.0,34,32,0
20,17,17,20,18.5,37,3,13
4,1,1,4,2.5,5,3,0
7,8,7,8,7.5,15,1,4
4,5,4,5,4.5,9,1,2
24,15,15,24,19.5,39,9,13
5,5,5,5,5.0,10,0,2
6,5,5,6,5.5,11,1,3
24,24,24,24,24.0,48,0,23
5,1,1,5,3.0,6,4,0
4,1,1,4,2.5,5,3,0
1,14,1,14,7.5,15,13,0
1,5,1,5,3.0,6,4,0
10,15,10,15,12.5,25,5,6
4,4,4,4,4.0,8,0,3
12,2,2,12,7.0,14,10,1
1,5,1,5,3.0,6,4,0
17,18,17,18,17.5,35,1,12
4,5,4,5,4.5,9,1,2
5,5,5,5,5.0,10,0,4
11,17,11,17,14.0,28,6,8
6,1,1,6,3.5,7,5,0
34,30,30,34,32.0,64,4,27
24,11,11,24,17.5,35,13,9
20,1,1,20,10.5,21,19,0
7,2,2,7,4.5,9,5,1
1,4,1,4,2.5,5,3,0
8,7,7,8,7.5,15,1,6
5,1,1,5,3.0,6,4,0
27,146,27,146,86.5,173,119,4
1,5,1,5,3.0,6,4,0
24,23,23,24,23.5,47,1,10
8,10,8,10,9.0,18,2,5
13,9,9,13,11.0,22,4,8
13,16,13,16,14.5,29,3,11
1,6,1,6,3.5,7,5,0
16,12,12,16,14.0,28,4,8
1,4,1,4,2.5,5,3,0
6,1,1,6,3.5,7,5,0
28,49,28,49,38.5,77,21,27
4,2,2,4,3.0,6,2,1
19,22,19,22,20.5,41,3,17
10,10,10,10,10.0,20,0,9
5,4,4,5,4.5,9,1,3
5,4,4,5,4.5,9,1,3
8,10,8,10,9.0,18,2,6
1,5,1,5,3.0,6,4,0
10,5,5,10,7.5,15,5,4
1,6,1,6,3.5,7,5,0
1,5,1,5,3.0,6,4,0
6,4,4,6,5.0,10,2,3
10,1,1,10,5.5,11,9,0
4,1,1,4,2.5,5,3,0
8,8,8,8,8.0,16,0,7
10,1,1,10,5.5,11,9,0
11,11,11,11,11.0,22,0,10
1,17,1,17,9.0,18,16,0
33,21,21,33,27.0,54,12,17
18,20,18,20,19.0,38,2,17
5,1,1,5,3.0,6,4,0
26,27,26,27,26.5,53,1,25
1,6,1,6,3.5,7,5,0
5,5,5,5,5.0,10,0,4
12,42,12,42,27.0,54,30,11
28,1,1,28,14.5,29,27,0
6,1,1,6,3.5,7,5,0
1,6,1,6,3.5,7,5,0
1,4,1,4,2.5,5,3,0
5,5,5,5,5.0,10,0,4
1,5,1,5,3.0,6,4,0
5,1,1,5,3.0,6,4,0
20,2,2,20,11.0,22,18,0
1,9,1,9,5.0,10,8,0
4,1,1,4,2.5,5,3,0
4,9,4,9,6.5,13,5,0
1,13,1,13,7.0,14,12,0
2,4,2,4,3.0,6,2,1
8,6,6,8,7.0,14,2,5
22,21,21,22,21.5,43,1,17
1,16,1,16,8.5,17,15,0
1,8,1,8,4.5,9,7,0
6,1,1,6,3.5,7,5,0
20,25,20,25,22.5,45,5,14
1,4,1,4,2.5,5,3,0
1,6,1,6,3.5,7,5,0
7,7,7,7,7.0,14,0,4
6,10,6,10,8.0,16,4,0
13,13,13,13,13.0,26,0,12
18,4,4,18,11.0,22,14,3
5,1,1,5,3.0,6,4,0
4,1,1,4,2.5,5,3,0
6,12,6,12,9.0,18,6,4
8,9,8,9,8.5,17,1,6
1,13,1,13,7.0,14,12,0
13,6,6,13,9.5,19,7,5
8,6,6,8,7.0,14,2,4
9,5,5,9,7.0,14,4,4
4,4,4,4,4.0,8,0,2
5,1,1,5,3.0,6,4,0
14,36,14,36,25.0,50,22,13
8,7,7,8,7.5,15,1,5
23,41,23,41,32.0,64,18,22
17,17,17,17,17.0,34,0,16
12,11,11,12,11.5,23,1,3
4,1,1,4,2.5,5,3,0
7,7,7,7,7.0,14,0,6
1,7,1,7,4.0,8,6,0
4,8,4,8,6.0,12,4,0
16,15,15,16,15.5,31,1,14
10,15,10,15,12.5,25,5,9
1,4,1,4,2.5,5,3,0
9,14,9,14,11.5,23,5,7
12,11,11,12,11.5,23,1,7
4,8,4,8,6.0,12,4,3
9,5,5,9,7.0,14,4,3
1,5,1,5,3.0,6,4,0
18,17,17,18,17.5,35,1,16
26,1,1,26,13.5,27,25,0
41,35,35,41,38.0,76,6,27
1,9,1,9,5.0,10,8,0
2,23,2,23,12.5,25,21,0
4,1,1,4,2.5,5,3,0
8,11,8,11,9.5,19,3,4
3,35,3,35,19.0,38,32,2
10,11,10,11,10.5,21,1,9
5,6,5,6,5.5,11,1,4
37,25,25,37,31.0,62,12,23
6,7,6,7,6.5,13,1,5
19,19,19,19,19.0,38,0,18
1,7,1,7,4.0,8,6,0
10,8,8,10,9.0,18,2,7
7,12,7,12,9.5,19,5,6
7,1,1,7,4.0,8,6,0
10,8,8,10,9.0,18,2,6
6,1,1,6,3.5,7,5,0
8,3,3,8,5.5,11,5,2
6,14,6,14,10.0,20,8,5
10,15,10,15,12.5,25,5,9
8,7,7,8,7.5,15,1,4
5,1,1,5,3.0,6,4,0
1,8,1,8,4.5,9,7,0
5,1,1,5,3.0,6,4,0
12,11,11,12,11.5,23,1,10
4,7,4,7,5.5,11,3,0
5,7,5,7,6.0,12,2,4
27,30,27,30,28.5,57,3,23
7,7,7,7,7.0,14,0,6
20,18,18,20,19.0,38,2,15
10,9,9,10,9.5,19,1,8
1,7,1,7,4.0,8,6,0
1,15,1,15,8.0,16,14,0
9,10,9,10,9.5,19,1,8
11,6,6,11,8.5,17,5,3
2,5,2,5,3.5,7,3,1
6,6,6,6,6.0,12,0,5
1,5,1,5,3.0,6,4,0
25,19,19,25,22.0,44,6,17
13,19,13,19,16.0,32,6,12
40,5,5,40,22.5,45,35,0
1,5,1,5,3.0,6,4,0
6,7,6,7,6.5,13,1,5
4,4,4,4,4.0,8,0,3
1,5,1,5,3.0,6,4,0
2,4,2,4,3.0,6,2,1
29,1,1,29,15.0,30,28,0
1,5,1,5,3.0,6,4,0
1,8,1,8,4.5,9,7,0
4,4,4,4,4.0,8,0,3
3,23,3,23,13.0,26,20,0
4,5,4,5,4.5,9,1,0
8,8,8,8,8.0,16,0,6
8,1,1,8,4.5,9,7,0
4,4,4,4,4.0,8,0,1
6,6,6,6,6.0,12,0,4
4,1,1,4,2.5,5,3,0
42,49,42,49,45.5,91,7,36
1,4,1,4,2.5,5,3,0
1,5,1,5,3.0,6,4,0
4,1,1,4,2.5,5,3,0
6,9,6,9,7.5,15,3,2
1,6,1,6,3.5,7,5,0
9,1,1,9,5.0,10,8,0
1,4,1,4,2.5,5,3,0
1,4,1,4,2.5,5,3,0
1,4,1,4,2.5,5,3,0
17,49,17,49,33.0,66,32,15
4,1,1,4,2.5,5,3,0
4,1,1,4,2.5,5,3,0
2,7,2,7,4.5,9,5,0
13,9,9,13,11.0,22,4,7
4,1,1,4,2.5,5,3,0
1,22,1,22,11.5,23,21,0
10,6,6,10,8.0,16,4,5
5,4,4,5,4.5,9,1,3
45,46,45,46,45.5,91,1,33
1,6,1,6,3.5,7,5,0
1,5,1,5,3.0,6,4,0
5,8,5,8,6.5,13,3,4
10,9,9,10,9.5,19,1,8
13,18,13,18,15.5,31,5,12
15,7,7,15,11.0,22,8,6
7,4,4,7,5.5,11,3,2
7,5,5,7,6.0,12,2,4
8,1,1,8,4.5,9,7,0
5,3,3,5,4.0,8,2,0
7,1,1,7,4.0,8,6,0
7,1,1,7,4.0,8,6,0
4,4,4,4,4.0,8,0,3
41,1,1,41,21.0,42,40,0
6,5,5,6,5.5,11,1,3
35,49,35,49,42.0,84,14,25
7,1,1,7,4.0,8,6,0
19,23,19,23,21.0,42,4,18
10,8,8,10,9.0,18,2,2
4,2,2,4,3.0,6,2,1
6,1,1,6,3.5,7,5,0
19,19,19,19,19.0,38,0,18
7,1,1,7,4.0,8,6,0
49,1,1,49,25.0,50,48,0
3,6,3,6,4.5,9,3,2
1,146,1,146,73.5,147,145,0
9,1,1,9,5.0,10,8,0
7,7,7,7,7.0,14,0,6
1,4,1,4,2.5,5,3,0
1,4,1,4,2.5,5,3,0
7,9,7,9,8.0,16,2,6
4,4,4,4,4.0,8,0,2
1,4,1,4,2.5,5,3,0
4,5,4,5,4.5,9,1,2
1,27,1,27,14.0,28,26,0
1,5,1,5,3.0,6,4,0
19,23,19,23,21.0,42,4,17
3,11,3,11,7.0,14,8,2
6,1,1,6,3.5,7,5,0
1,31,1,31,16.0,32,30,0
1,9,1,9,5.0,10,8,0
5,5,5,5,5.0,10,0,4
4,2,2,4,3.0,6,2,0
11,6,6,11,8.5,17,5,4
5,8,5,8,6.5,13,3,3
5,3,3,5,4.0,8,2,2
5,2,2,5,3.5,7,3,1
11,31,11,31,21.0,42,20,10
8,15,8,15,11.5,23,7,6
11,7,7,11,9.0,18,4,6
5,4,4,5,4.5,9,1,0
4,1,1,4,2.5,5,3,0
4,1,1,4,2.5,5,3,0
1,11,1,11,6.0,12,10,0
7,1,1,7,4.0,8,6,0
1,4,1,4,2.5,5,3,0
49,29,29,49,39.0,78,20,28
1,4,1,4,2.5,5,3,0
4,4,4,4,4.0,8,0,2
5,2,2,5,3.5,7,3,1
5,5,5,5,5.0,10,0,4
5,1,1,5,3.0,6,4,0
3,6,3,6,4.5,9,3,0
15,11,11,15,13.0,26,4,10
8,5,5,8,6.5,13,3,0
4,1,1,4,2.5,5,3,0
21,2,2,21,11.5,23,19,0
8,1,1,8,4.5,9,7,0
1,4,1,4,2.5,5,3,0
7,4,4,7,5.5,11,3,3
2,5,2,5,3.5,7,3,1
13,9,9,13,11.0,22,4,8
18,28,18,28,23.0,46,10,14
5,1,1,5,3.0,6,4,0
4,6,4,6,5.0,10,2,3
5,5,5,5,5.0,10,0,4
1,5,1,5,3.0,6,4,0
20,14,14,20,17.0,34,6,12
1,9,1,9,5.0,10,8,0
4,2,2,4,3.0,6,2,0
7,7,7,7,7.0,14,0,5
7,4,4,7,5.5,11,3,3
7,6,6,7,6.5,13,1,5
1,7,1,7,4.0,8,6,0
11,11,11,11,11.0,22,0,8
1,5,1,5,3.0,6,4,0
6,1,1,6,3.5,7,5,0
14,13,13,14,13.5,27,1,9
1,4,1,4,2.5,5,3,0
4,1,1,4,2.5,5,3,0
9,1,1,9,5.0,10,8,0
8,11,8,11,9.5,19,3,2
10,9,9,10,9.5,19,1,5
7,3,3,7,5.0,10,4,0
1,6,1,6,3.5,7,5,0
5,1,1,5,3.0,6,4,0
11,11,11,11,11.0,22,0,9
5,4,4,5,4.5,9,1,3
12,15,12,15,13.5,27,3,11
4,2,2,4,3.0,6,2,0
10,8,8,10,9.0,18,2,2
6,1,1,6,3.5,7,5,0
5,6,5,6,5.5,11,1,3
7,4,4,7,5.5,11,3,2
1,7,1,7,4.0,8,6,0
7,1,1,7,4.0,8,6,0
1,4,1,4,2.5,5,3,0
36,35,35,36,35.5,71,1,21
8,9,8,9,8.5,17,1,7
27,28,27,28,27.5,55,1,26
1,7,1,7,4.0,8,6,0
5,1,1,5,3.0,6,4,0
12,9,9,12,10.5,21,3,7
1,15,1,15,8.0,16,14,0
6,2,2,6,4.0,8,4,0
1,7,1,7,4.0,8,6,0
10,1,1,10,5.5,11,9,0
6,4,4,6,5.0,10,2,3
5,4,4,5,4.5,9,1,1
25,18,18,25,21.5,43,7,14
1,4,1,4,2.5,5,3,0
1,5,1,5,3.0,6,4,0
4,5,4,5,4.5,9,1,3
28,51,28,51,39.5,79,23,24
1,14,1,14,7.5,15,13,0
5,1,1,5,3.0,6,4,0
18,31,18,31,24.5,49,13,12
1,6,1,6,3.5,7,5,0
9,9,9,9,9.0,18,0,8
32,33,32,33,32.5,65,1,31
40,15,15,40,27.5,55,25,11
11,16,11,16,13.5,27,5,10
6,1,1,6,3.5,7,5,0
1,6,1,6,3.5,7,5,0
2,24,2,24,13.0,26,22,0
6,5,5,6,5.5,11,1,4
11,12,11,12,11.5,23,1,9
8,8,8,8,8.0,16,0,7
5,5,5,5,5.0,10,0,4
12,12,12,12,12.0,24,0,11
1,5,1,5,3.0,6,4,0
33,37,33,37,35.0,70,4,22
1,8,1,8,4.5,9,7,0
6,9,6,9,7.5,15,3,4
1,10,1,10,5.5,11,9,0
7,8,7,8,7.5,15,1,3
13,7,7,13,10.0,20,6,6
1,4,1,4,2.5,5,3,0
1,11,1,11,6.0,12,10,0
4,1,1,4,2.5,5,3,0
5,3,3,5,4.0,8,2,2
2,5,2,5,3.5,7,3,1
5,5,5,5,5.0,10,0,4
27,9,9,27,18.0,36,18,1
5,1,1,5,3.0,6,4,0
1,11,1,11,6.0,12,10,0
10,24,10,24,17.0,34,14,1
4,21,4,21,12.5,25,17,0
15,13,13,15,14.0,28,2,8
1,4,1,4,2.5,5,3,0
4,5,4,5,4.5,9,1,2
3,8,3,8,5.5,11,5,1
37,15,15,37,26.0,52,22,12
4,8,4,8,6.0,12,4,3
31,9,9,31,20.0,40,22,8
13,15,13,15,14.0,28,2,12
40,34,34,40,37.0,74,6,31
10,9,9,10,9.5,19,1,6
12,4,4,12,8.0,16,8,3
6,1,1,6,3.5,7,5,0
28,25,25,28,26.5,53,3,24
16,11,11,16,13.5,27,5,9
4,1,1,4,2.5,5,3,0
9,6,6,9,7.5,15,3,5
39,35,35,39,37.0,74,4,21
1,6,1,6,3.5,7,5,0
8,4,4,8,6.0,12,4,3
20,20,20,20,20.0,40,0,19
2,6,2,6,4.0,8,4,1
6,7,6,7,6.5,13,1,5
14,7,7,14,10.5,21,7,5
1,4,1,4,2.5,5,3,0
1,4,1,4,2.5,5,3,0
4,1,1,4,2.5,5,3,0
5,4,4,5,4.5,9,1,2
1,4,1,4,2.5,5,3,0
8,8,8,8,8.0,16,0,7
4,5,4,5,4.5,9,1,3
2,5,2,5,3.5,7,3,1
22,23,22,23,22.5,45,1,21
4,6,4,6,5.0,10,2,2
5,1,1,5,3.0,6,4,0
5,9,5,9,7.0,14,4,4
2,8,2,8,5.0,10,6,1
8,8,8,8,8.0,16,0,7
13,11,11,13,12.0,24,2,8
4,6,4,6,5.0,10,2,3
4,1,1,4,2.5,5,3,0
16,17,16,17,16.5,33,1,10
6,61,6,61,33.5,67,55,0
5,4,4,5,4.5,9,1,3
13,7,7,13,10.0,20,6,4
16,17,16,17,16.5,33,1,14
6,1,1,6,3.5,7,5,0
2,5,2,5,3.5,7,3,0
1,6,1,6,3.5,7,5,0
1,5,1,5,3.0,6,4,0
1,5,1,5,3.0,6,4,0
5,5,5,5,5.0,10,0,4
5,1,1,5,3.0,6,4,0
17,17,17,17,17.0,34,0,16
14,4,4,14,9.0,18,10,3
10,6,6,10,8.0,16,4,5
7,4,4,7,5.5,11,3,1
22,11,11,22,16.5,33,11,10
4,10,4,10,7.0,14,6,0
1,10,1,10,5.5,11,9,0
7,10,7,10,8.5,17,3,6
7,8,7,8,7.5,15,1,5
1,77,1,77,39.0,78,76,0
14,14,14,14,14.0,28,0,9
15,27,15,27,21.0,42,12,13
2,146,2,146,74.0,148,144,0
4,6,4,6,5.0,10,2,2
7,1,1,7,4.0,8,6,0
7,1,1,7,4.0,8,6,0
6,5,5,6,5.5,11,1,4
1,6,1,6,3.5,7,5,0
5,4,4,5,4.5,9,1,3
13,7,7,13,10.0,20,6,6
5,2,2,5,3.5,7,3,1
5,6,5,6,5.5,11,1,4
4,1,1,4,2.5,5,3,0
1,7,1,7,4.0,8,6,0
14,17,14,17,15.5,31,3,13
1,9,1,9,5.0,10,8,0
1,4,1,4,2.5,5,3,0
4,4,4,4,4.0,8,0,2
4,1,1,4,2.5,5,3,0
14,14,14,14,14.0,28,0,13
1,12,1,12,6.5,13,11,0
1,4,1,4,2.5,5,3,0
1,4,1,4,2.5,5,3,0
1,4,1,4,2.5,5,3,0
1,5,1,5,3.0,6,4,0
1,5,1,5,3.0,6,4,0
16,14,14,16,15.0,30,2,11
1,4,1,4,2.5,5,3,0
24,19,19,24,21.5,43,5,16
4,4,4,4,4.0,8,0,3
4,5,4,5,4.5,9,1,0
2,5,2,5,3.5,7,3,1
19,15,15,19,17.0,34,4,14
6,5,5,6,5.5,11,1,0
10,10,10,10,10.0,20,0,6
6,4,4,6,5.0,10,2,3
6,2,2,6,4.0,8,4,0
4,1,1,4,2.5,5,3,0
8,11,8,11,9.5,19,3,7
1,4,1,4,2.5,5,3,0
4,1,1,4,2.5,5,3,0
10,7,7,10,8.5,17,3,5
13,17,13,17,15.0,30,4,11
4,4,4,4,4.0,8,0,3
24,21,21,24,22.5,45,3,14
36,23,23,36,29.5,59,13,22
14,2,2,14,8.0,16,12,0
1,9,1,9,5.0,10,8,0
33,36,33,36,34.5,69,3,29
40,21,21,40,30.5,61,19,17
19,18,18,19,18.5,37,1,16
4,5,4,5,4.5,9,1,3
9,2,2,9,5.5,11,7,1
11,1,1,11,6.0,12,10,0
7,1,1,7,4.0,8,6,0
6,5,5,6,5.5,11,1,1
1,6,1,6,3.5,7,5,0
7,8,7,8,7.5,15,1,6
1,7,1,7,4.0,8,6,0
18,20,18,20,19.0,38,2,17
4,2,2,4,3.0,6,2,1
1,10,1,10,5.5,11,9,0
1,6,1,6,3.5,7,5,0
9,1,1,9,5.0,10,8,0
11,11,11,11,11.0,22,0,4
23,22,22,23,22.5,45,1,20
12,9,9,12,10.5,21,3,7
5,1,1,5,3.0,6,4,0
2,5,2,5,3.5,7,3,0
4,5,4,5,4.5,9,1,2
6,7,6,7,6.5,13,1,5
10,6,6,10,8.0,16,4,5
17,25,17,25,21.0,42,8,14
30,32,30,32,31.0,62,2,27
1,6,1,6,3.5,7,5,0
41,36,36,41,38.5,77,5,31
1,10,1,10,5.5,11,9,0
13,7,7,13,10.0,20,6,4
4,9,4,9,6.5,13,5,1
4,1,1,4,2.5,5,3,0
23,2,2,23,12.5,25,21,0
5,6,5,6,5.5,11,1,4
1,14,1,14,7.5,15,13,0
7,7,7,7,7.0,14,0,6
6,3,3,6,4.5,9,3,1
26,27,26,27,26.5,53,1,25
10,9,9,10,9.5,19,1,8
1,26,1,26,13.5,27,25,0
10,9,9,10,9.5,19,1,6
6,4,4,6,5.0,10,2,2
4,1,1,4,2.5,5,3,0
8,8,8,8,8.0,16,0,7
9,3,3,9,6.0,12,6,1
5,4,4,5,4.5,9,1,2
6,1,1,6,3.5,7,5,0
4,1,1,4,2.5,5,3,0
14,21,14,21,17.5,35,7,3
18,15,15,18,16.5,33,3,13
3,7,3,7,5.0,10,4,2
10,13,10,13,11.5,23,3,8
10,14,10,14,12.0,24,4,8
11,1,1,11,6.0,12,10,0
6,1,1,6,3.5,7,5,0
6,1,1,6,3.5,7,5,0
20,10,10,20,15.0,30,10,9
14,17,14,17,15.5,31,3,13
30,7,7,30,18.5,37,23,2
4,4,4,4,4.0,8,0,3
25,27,25,27,26.0,52,2,18
14,16,14,16,15.0,30,2,12
7,1,1,7,4.0,8,6,0
27,26,26,27,26.5,53,1,25
14,14,14,14,14.0,28,0,13
11,14,11,14,12.5,25,3,10
45,42,42,45,43.5,87,3,35
1,6,1,6,3.5,7,5,0
6,1,1,6,3.5,7,5,0
1,4,1,4,2.5,5,3,0
19,12,12,19,15.5,31,7,11
13,3,3,13,8.0,16,10,0
10,13,10,13,11.5,23,3,8
1,8,1,8,4.5,9,7,0
23,16,16,23,19.5,39,7,12
5,7,5,7,6.0,12,2,4
1,8,1,8,4.5,9,7,0
5,1,1,5,3.0,6,4,0
8,8,8,8,8.0,16,0,7
4,1,1,4,2.5,5,3,0
1,23,1,23,12.0,24,22,0
5,1,1,5,3.0,6,4,0
1,6,1,6,3.5,7,5,0
1,4,1,4,2.5,5,3,0
24,23,23,24,23.5,47,1,22
5,1,1,5,3.0,6,4,0
4,1,1,4,2.5,5,3,0
4,5,4,5,4.5,9,1,3
10,8,8,10,9.0,18,2,7
9,9,9,9,9.0,18,0,8
2,19,2,19,10.5,21,17,1
3,5,3,5,4.0,8,2,1
5,2,2,5,3.5,7,3,1
41,29,29,41,35.0,70,12,17
28,12,12,28,20.0,40,16,8
7,12,7,12,9.5,19,5,6
12,12,12,12,12.0,24,0,11
9,6,6,9,7.5,15,3,4
4,1,1,4,2.5,5,3,0
2,8,2,8,5.0,10,6,0
27,23,23,27,25.0,50,4,9
18,28,18,28,23.0,46,10,15
1,7,1,7,4.0,8,6,0
7,5,5,7,6.0,12,2,2
6,10,6,10,8.0,16,4,5
23,17,17,23,20.0,40,6,16
1,4,1,4,2.5,5,3,0
10,7,7,10,8.5,17,3,5
4,1,1,4,2.5,5,3,0
5,6,5,6,5.5,11,1,4
6,6,6,6,6.0,12,0,3
8,10,8,10,9.0,18,2,7
6,6,6,6,6.0,12,0,5
49,41,41,49,45.0,90,8,36
2,5,2,5,3.5,7,3,1
25,14,14,25,19.5,39,11,13
6,6,6,6,6.0,12,0,5
4,4,4,4,4.0,8,0,3
3,13,3,13,8.0,16,10,1
6,3,3,6,4.5,9,3,2
2,9,2,9,5.5,11,7,0
5,2,2,5,3.5,7,3,1
3,4,3,4,3.5,7,1,1
2,4,2,4,3.0,6,2,0
14,10,10,14,12.0,24,4,9
3,12,3,12,7.5,15,9,2
4,1,1,4,2.5,5,3,0
1,5,1,5,3.0,6,4,0
4,6,4,6,5.0,10,2,0
6,1,1,6,3.5,7,5,0
8,8,8,8,8.0,16,0,7
4,4,4,4,4.0,8,0,3
4,1,1,4,2.5,5,3,0
5,4,4,5,4.5,9,1,1
16,12,12,16,14.0,28,4,10
4,5,4,5,4.5,9,1,0
5,4,4,5,4.5,9,1,2
10,8,8,10,9.0,18,2,4
1,5,1,5,3.0,6,4,0
1,4,1,4,2.5,5,3,0
10,13,10,13,11.5,23,3,8
33,13,13,33,23.0,46,20,11
5,13,5,13,9.0,18,8,4
5,4,4,5,4.5,9,1,1
33,26,26,33,29.5,59,7,16
8,8,8,8,8.0,16,0,7
12,12,12,12,12.0,24,0,5
10,1,1,10,5.5,11,9,0
11,12,11,12,11.5,23,1,10
14,13,13,14,13.5,27,1,12
1,21,1,21,11.0,22,20,0
29,27,27,29,28.0,56,2,25
4,4,4,4,4.0,8,0,3
8,5,5,8,6.5,13,3,1
1,4,1,4,2.5,5,3,0
18,12,12,18,15.0,30,6,11
5,4,4,5,4.5,9,1,3
6,1,1,6,3.5,7,5,0
8,2,2,8,5.0,10,6,1
1,7,1,7,4.0,8,6,0
1,105,1,105,53.0,106,104,0
5,5,5,5,5.0,10,0,4
4,4,4,4,4.0,8,0,3
5,5,5,5,5.0,10,0,4
4,1,1,4,2.5,5,3,0
1,12,1,12,6.5,13,11,0
8,5,5,8,6.5,13,3,4
1,13,1,13,7.0,14,12,0
5,1,1,5,3.0,6,4,0
41,48,41,48,44.5,89,7,37
4,1,1,4,2.5,5,3,0
6,7,6,7,6.5,13,1,3
4,4,4,4,4.0,8,0,3
25,24,24,25,24.5,49,1,20
6,6,6,6,6.0,12,0,3
1,11,1,11,6.0,12,10,0
11,8,8,11,9.5,19,3,5
23,21,21,23,22.0,44,2,18
1,6,1,6,3.5,7,5,0
1,18,1,18,9.5,19,17,0
21,6,6,21,13.5,27,15,2
56,17,17,56,36.5,73,39,11
1,4,1,4,2.5,5,3,0
4,1,1,4,2.5,5,3,0
4,1,1,4,2.5,5,3,0
8,6,6,8,7.0,14,2,5
10,11,10,11,10.5,21,1,8
5,4,4,5,4.5,9,1,3
4,5,4,5,4.5,9,1,3
1,6,1,6,3.5,7,5,0
9,9,9,9,9.0,18,0,8
7,2,2,7,4.5,9,5,0
14,14,14,14,14.0,28,0,13
1,11,1,11,6.0,12,10,0
17,8,8,17,12.5,25,9,7
5,1,1,5,3.0,6,4,0
26,26,26,26,26.0,52,0,24
45,45,45,45,45.0,90,0,33
19,20,19,20,19.5,39,1,16
4,4,4,4,4.0,8,0,2
22,12,12,22,17.0,34,10,11
22,25,22,25,23.5,47,3,20
7,7,7,7,7.0,14,0,6
1,4,1,4,2.5,5,3,0
1,4,1,4,2.5,5,3,0
23,24,23,24,23.5,47,1,20
22,21,21,22,21.5,43,1,17
1,16,1,16,8.5,17,15,0
5,4,4,5,4.5,9,1,3
7,6,6,7,6.5,13,1,5
15,10,10,15,12.5,25,5,5
34,49,34,49,41.5,83,15,23
7,7,7,7,7.0,14,0,6
7,7,7,7,7.0,14,0,6
1,6,1,6,3.5,7,5,0
39,33,33,39,36.0,72,6,26
49,41,41,49,45.0,90,8,34
4,5,4,5,4.5,9,1,3
3,4,3,4,3.5,7,1,2
15,15,15,15,15.0,30,0,7
9,8,8,9,8.5,17,1,0
5,3,3,5,4.0,8,2,2
4,4,4,4,4.0,8,0,3
11,1,1,11,6.0,12,10,0
4,1,1,4,2.5,5,3,0
1,4,1,4,2.5,5,3,0
7,12,7,12,9.5,19,5,0
31,33,31,33,32.0,64,2,29
4,1,1,4,2.5,5,3,0
30,23,23,30,26.5,53,7,12
1,6,1,6,3.5,7,5,0
4,1,1,4,2.5,5,3,0
1,11,1,11,6.0,12,10,0
6,8,6,8,7.0,14,2,4
5,1,1,5,3.0,6,4,0
1,5,1,5,3.0,6,4,0
10,15,10,15,12.5,25,5,9
8,3,3,8,5.5,11,5,2
5,1,1,5,3.0,6,4,0
2,12,2,12,7.0,14,10,0
1,5,1,5,3.0,6,4,0
9,8,8,9,8.5,17,1,7
34,46,34,46,40.0,80,12,22
15,10,10,15,12.5,25,5,9
21,32,21,32,26.5,53,11,15
9,10,9,10,9.5,19,1,6
12,6,6,12,9.0,18,6,5
5,1,1,5,3.0,6,4,0
1,6,1,6,3.5,7,5,0
16,16,16,16,16.0,32,0,12
5,2,2,5,3.5,7,3,0
5,2,2,5,3.5,7,3,1
10,7,7,10,8.5,17,3,6
3,4,3,4,3.5,7,1,2
29,25,25,29,27.0,54,4,19
17,2,2,17,9.5,19,15,0
26,26,26,26,26.0,52,0,25
4,4,4,4,4.0,8,0,3
7,5,5,7,6.0,12,2,4
4,1,1,4,2.5,5,3,0
27,18,18,27,22.5,45,9,16
7,4,4,7,5.5,11,3,3
1,7,1,7,4.0,8,6,0
14,10,10,14,12.0,24,4,8
14,18,14,18,16.0,32,4,13
1,4,1,4,2.5,5,3,0
1,15,1,15,8.0,16,14,0
5,3,3,5,4.0,8,2,2
4,4,4,4,4.0,8,0,3
24,12,12,24,18.0,36,12,11
23,25,23,25,24.0,48,2,22
32,44,32,44,38.0,76,12,30
22,39,22,39,30.5,61,17,20
1,11,1,11,6.0,12,10,0
5,4,4,5,4.5,9,1,3
6,4,4,6,5.0,10,2,3
5,1,1,5,3.0,6,4,0
1,16,1,16,8.5,17,15,0
27,26,26,27,26.5,53,1,25
4,33,4,33,18.5,37,29,2
4,4,4,4,4.0,8,0,3
1,9,1,9,5.0,10,8,0
4,1,1,4,2.5,5,3,0
8,7,7,8,7.5,15,1,5
5,1,1,5,3.0,6,4,0
1,4,1,4,2.5,5,3,0
3,6,3,6,4.5,9,3,2
5,5,5,5,5.0,10,0,1
33,18,18,33,25.5,51,15,16
2,4,2,4,3.0,6,2,0
34,34,34,34,34.0,68,0,27
6,1,1,6,3.5,7,5,0
1,6,1,6,3.5,7,5,0
20,16,16,20,18.0,36,4,15
50,20,20,50,35.0,70,30,16
3,21,3,21,12.0,24,18,1
16,6,6,16,11.0,22,10,5
33,32,32,33,32.5,65,1,31
5,1,1,5,3.0,6,4,0
12,15,12,15,13.5,27,3,10
1,4,1,4,2.5,5,3,0
7,1,1,7,4.0,8,6,0
7,1,1,7,4.0,8,6,0
5,5,5,5,5.0,10,0,4
8,4,4,8,6.0,12,4,2
20,20,20,20,20.0,40,0,18
13,8,8,13,10.5,21,5,5
10,8,8,10,9.0,18,2,6
7,9,7,9,8.0,16,2,6
41,40,40,41,40.5,81,1,39
2,4,2,4,3.0,6,2,1
31,30,30,31,30.5,61,1,22
5,7,5,7,6.0,12,2,2
26,34,26,34,30.0,60,8,19
1,6,1,6,3.5,7,5,0
19,14,14,19,16.5,33,5,5
6,13,6,13,9.5,19,7,5
23,6,6,23,14.5,29,17,1
1,10,1,10,5.5,11,9,0
4,7,4,7,5.5,11,3,2
22,20,20,22,21.0,42,2,18
25,28,25,28,26.5,53,3,20
2,4,2,4,3.0,6,2,0
7,7,7,7,7.0,14,0,6
23,19,19,23,21.0,42,4,12
10,12,10,12,11.0,22,2,8
3,4,3,4,3.5,7,1,2
30,24,24,30,27.0,54,6,20
2,19,2,19,10.5,21,17,0
1,5,1,5,3.0,6,4,0
10,5,5,10,7.5,15,5,4
21,20,20,21,20.5,41,1,19
5,4,4,5,4.5,9,1,3
5,10,5,10,7.5,15,5,4
32,33,32,33,32.5,65,1,31
7,14,7,14,10.5,21,7,4
8,23,8,23,15.5,31,15,6
9,1,1,9,5.0,10,8,0
13,11,11,13,12.0,24,2,10
5,1,1,5,3.0,6,4,0
26,7,7,26,16.5,33,19,0
9,10,9,10,9.5,19,1,8
9,12,9,12,10.5,21,3,8
10,16,10,16,13.0,26,6,9
12,11,11,12,11.5,23,1,8
1,4,1,4,2.5,5,3,0
41,41,41,41,41.0,82,0,30
4,1,1,4,2.5,5,3,0
33,21,21,33,27.0,54,12,20
1,30,1,30,15.5,31,29,0
6,7,6,7,6.5,13,1,3
4,1,1,4,2.5,5,3,0
7,1,1,7,4.0,8,6,0
8,8,8,8,8.0,16,0,7
1,7,1,7,4.0,8,6,0
12,7,7,12,9.5,19,5,6
5,1,1,5,3.0,6,4,0
14,14,14,14,14.0,28,0,13
14,14,14,14,14.0,28,0,13
13,35,13,35,24.0,48,22,5
16,8,8,16,12.0,24,8,6
27,24,24,27,25.5,51,3,22
1,4,1,4,2.5,5,3,0
13,6,6,13,9.5,19,7,4
4,3,3,4,3.5,7,1,2
4,2,2,4,3.0,6,2,1
1,10,1,10,5.5,11,9,0
3,4,3,4,3.5,7,1,2
38,32,32,38,35.0,70,6,28
28,7,7,28,17.5,35,21,6
16,12,12,16,14.0,28,4,11
4,4,4,4,4.0,8,0,3
25,16,16,25,20.5,41,9,13
5,1,1,5,3.0,6,4,0
4,5,4,5,4.5,9,1,2
13,1,1,13,7.0,14,12,0
5,1,1,5,3.0,6,4,0
16,16,16,16,16.0,32,0,11
7,7,7,7,7.0,14,0,6
1,9,1,9,5.0,10,8,0
5,7,5,7,6.0,12,2,4
1,5,1,5,3.0,6,4,0
1,16,1,16,8.5,17,15,0
4,4,4,4,4.0,8,0,3
5,5,5,5,5.0,10,0,3
5,2,2,5,3.5,7,3,1
5,4,4,5,4.5,9,1,3
8,1,1,8,4.5,9,7,0
4,13,4,13,8.5,17,9,2
2,4,2,4,3.0,6,2,1
1,4,1,4,2.5,5,3,0
14,6,6,14,10.0,20,8,3
3,5,3,5,4.0,8,2,0
4,5,4,5,4.5,9,1,3
17,21,17,21,19.0,38,4,14
12,15,12,15,13.5,27,3,11
1,8,1,8,4.5,9,7,0
12,1,1,12,6.5,13,11,0
1,6,1,6,3.5,7,5,0
4,1,1,4,2.5,5,3,0
5,4,4,5,4.5,9,1,3
1,4,1,4,2.5,5,3,0
5,6,5,6,5.5,11,1,4
12,12,12,12,12.0,24,0,1
1,4,1,4,2.5,5,3,0
10,11,10,11,10.5,21,1,9
4,1,1,4,2.5,5,3,0
2,5,2,5,3.5,7,3,1
5,1,1,5,3.0,6,4,0
26,26,26,26,26.0,52,0,25
6,12,6,12,9.0,18,6,4
5,4,4,5,4.5,9,1,2
2,4,2,4,3.0,6,2,0
12,3,3,12,7.5,15,9,0
2,4,2,4,3.0,6,2,1
1,6,1,6,3.5,7,5,0
4,1,1,4,2.5,5,3,0
36,44,36,44,40.0,80,8,30
8,14,8,14,11.0,22,6,5
7,8,7,8,7.5,15,1,4
4,2,2,4,3.0,6,2,1
17,20,17,20,18.5,37,3,12
6,1,1,6,3.5,7,5,0
4,4,4,4,4.0,8,0,3
1,4,1,4,2.5,5,3,0
6,15,6,15,10.5,21,9,0
17,1,1,17,9.0,18,16,0
4,1,1,4,2.5,5,3,0
4,1,1,4,2.5,5,3,0
7,5,5,7,6.0,12,2,4
4,3,3,4,3.5,7,1,2
32,49,32,49,40.5,81,17,27
11,4,4,11,7.5,15,7,2
1,5,1,5,3.0,6,4,0
6,4,4,6,5.0,10,2,3
50,42,42,50,46.0,92,8,25
1,4,1,4,2.5,5,3,0
28,23,23,28,25.5,51,5,19
24,46,24,46,35.0,70,22,21
18,5,5,18,11.5,23,13,0
26,26,26,26,26.0,52,0,25
1,4,1,4,2.5,5,3,0
6,1,1,6,3.5,7,5,0
1,5,1,5,3.0,6,4,0
4,4,4,4,4.0,8,0,3
26,26,26,26,26.0,52,0,25
8,8,8,8,8.0,16,0,3
5,5,5,5,5.0,10,0,4
1,31,1,31,16.0,32,30,0
15,19,15,19,17.0,34,4,14
1,6,1,6,3.5,7,5,0
16,26,16,26,21.0,42,10,14
17,4,4,17,10.5,21,13,2
7,7,7,7,7.0,14,0,6
4,4,4,4,4.0,8,0,3
23,13,13,23,18.0,36,10,12
14,19,14,19,16.5,33,5,13
8,15,8,15,11.5,23,7,5
1,4,1,4,2.5,5,3,0
8,2,2,8,5.0,10,6,0
19,33,19,33,26.0,52,14,11
24,28,24,28,26.0,52,4,14
32,18,18,32,25.0,50,14,16
10,48,10,48,29.0,58,38,6
23,19,19,23,21.0,42,4,17
5,5,5,5,5.0,10,0,4
5,8,5,8,6.5,13,3,0
5,5,5,5,5.0,10,0,4
4,7,4,7,5.5,11,3,3
19,29,19,29,24.0,48,10,15
5,2,2,5,3.5,7,3,1
21,22,21,22,21.5,43,1,18
17,12,12,17,14.5,29,5,8
1,4,1,4,2.5,5,3,0
4,1,1,4,2.5,5,3,0
5,1,1,5,3.0,6,4,0
42,146,42,146,94.0,188,104,26
7,1,1,7,4.0,8,6,0
11,5,5,11,8.0,16,6,4
37,22,22,37,29.5,59,15,21
1,7,1,7,4.0,8,6,0
12,1,1,12,6.5,13,11,0
4,6,4,6,5.0,10,2,2
8,11,8,11,9.5,19,3,7
6,5,5,6,5.5,11,1,0
7,7,7,7,7.0,14,0,6
6,6,6,6,6.0,12,0,0
8,1,1,8,4.5,9,7,0
4,1,1,4,2.5,5,3,0
18,2,2,18,10.0,20,16,1
6,5,5,6,5.5,11,1,4
5,5,5,5,5.0,10,0,0
1,5,1,5,3.0,6,4,0
5,4,4,5,4.5,9,1,3
4,1,1,4,2.5,5,3,0
5,6,5,6,5.5,11,1,4
8,8,8,8,8.0,16,0,6
4,5,4,5,4.5,9,1,2
23,22,22,23,22.5,45,1,20
17,18,17,18,17.5,35,1,15
12,13,12,13,12.5,25,1,7
1,6,1,6,3.5,7,5,0
4,1,1,4,2.5,5,3,0
17,12,12,17,14.5,29,5,11
32,32,32,32,32.0,64,0,30
2,4,2,4,3.0,6,2,0
4,2,2,4,3.0,6,2,1
1,6,1,6,3.5,7,5,0
5,1,1,5,3.0,6,4,0
27,27,27,27,27.0,54,0,25
7,1,1,7,4.0,8,6,0
4,41,4,41,22.5,45,37,0
4,4,4,4,4.0,8,0,0
22,1,1,22,11.5,23,21,0
19,21,19,21,20.0,40,2,18
1,5,1,5,3.0,6,4,0
1,18,1,18,9.5,19,17,0
5,2,2,5,3.5,7,3,1
45,28,28,45,36.5,73,17,22
11,10,10,11,10.5,21,1,9
1,4,1,4,2.5,5,3,0
1,4,1,4,2.5,5,3,0
11,7,7,11,9.0,18,4,3
8,9,8,9,8.5,17,1,5
18,20,18,20,19.0,38,2,17
5,1,1,5,3.0,6,4,0
9,16,9,16,12.5,25,7,8
4,1,1,4,2.5,5,3,0
19,40,19,40,29.5,59,21,16
6,5,5,6,5.5,11,1,4
33,9,9,33,21.0,42,24,7
8,9,8,9,8.5,17,1,7
8,2,2,8,5.0,10,6,0
18,12,12,18,15.0,30,6,11
8,7,7,8,7.5,15,1,6
1,4,1,4,2.5,5,3,0
8,1,1,8,4.5,9,7,0
11,12,11,12,11.5,23,1,10
1,77,1,77,39.0,78,76,0
3,4,3,4,3.5,7,1,2
9,18,9,18,13.5,27,9,6
7,1,1,7,4.0,8,6,0
32,33,32,33,32.5,65,1,31
12,37,12,37,24.5,49,25,10
3,10,3,10,6.5,13,7,1
24,40,24,40,32.0,64,16,20
13,13,13,13,13.0,26,0,8
7,5,5,7,6.0,12,2,3
4,5,4,5,4.5,9,1,1
6,2,2,6,4.0,8,4,1
11,11,11,11,11.0,22,0,10
1,10,1,10,5.5,11,9,0
5,3,3,5,4.0,8,2,2
15,8,8,15,11.5,23,7,6
7,8,7,8,7.5,15,1,5
4,2,2,4,3.0,6,2,1
14,14,14,14,14.0,28,0,13
4,11,4,11,7.5,15,7,0
9,3,3,9,6.0,12,6,0
1,4,1,4,2.5,5,3,0
4,1,1,4,2.5,5,3,0
25,24,24,25,24.5,49,1,22
1,4,1,4,2.5,5,3,0
1,12,1,12,6.5,13,11,0
5,1,1,5,3.0,6,4,0
18,26,18,26,22.0,44,8,14
13,1,1,13,7.0,14,12,0
2,5,2,5,3.5,7,3,1
17,24,17,24,20.5,41,7,9
4,4,4,4,4.0,8,0,3
6,2,2,6,4.0,8,4,0
7,6,6,7,6.5,13,1,5
17,1,1,17,9.0,18,16,0
11,9,9,11,10.0,20,2,7
7,1,1,7,4.0,8,6,0
1,5,1,5,3.0,6,4,0
4,1,1,4,2.5,5,3,0
27,12,12,27,19.5,39,15,10
20,17,17,20,18.5,37,3,16
3,7,3,7,5.0,10,4,2
4,1,1,4,2.5,5,3,0
5,1,1,5,3.0,6,4,0
9,13,9,13,11.0,22,4,8
9,4,4,9,6.5,13,5,2
9,10,9,10,9.5,19,1,8
1,13,1,13,7.0,14,12,0
5,1,1,5,3.0,6,4,0
4,1,1,4,2.5,5,3,0
19,11,11,19,15.0,30,8,10
1,4,1,4,2.5,5,3,0
5,4,4,5,4.5,9,1,3
1,4,1,4,2.5,5,3,0
2,30,2,30,16.0,32,28,1
3,5,3,5,4.0,8,2,2
6,4,4,6,5.0,10,2,1
7,7,7,7,7.0,14,0,6
1,23,1,23,12.0,24,22,0
51,49,49,51,50.0,100,2,48
7,1,1,7,4.0,8,6,0
22,36,22,36,29.0,58,14,21
4,1,1,4,2.5,5,3,0
16,2,2,16,9.0,18,14,0
2,5,2,5,3.5,7,3,0
1,8,1,8,4.5,9,7,0
8,8,8,8,8.0,16,0,7
5,4,4,5,4.5,9,1,2
13,22,13,22,17.5,35,9,12
1,17,1,17,9.0,18,16,0
9,8,8,9,8.5,17,1,7
1,9,1,9,5.0,10,8,0
10,10,10,10,10.0,20,0,9
1,5,1,5,3.0,6,4,0
5,4,4,5,4.5,9,1,3
5,5,5,5,5.0,10,0,4
4,4,4,4,4.0,8,0,1
23,1,1,23,12.0,24,22,0
18,6,6,18,12.0,24,12,3
5,6,5,6,5.5,11,1,4
21,1,1,21,11.0,22,20,0
5,5,5,5,5.0,10,0,2
5,4,4,5,4.5,9,1,2
5,12,5,12,8.5,17,7,3
26,27,26,27,26.5,53,1,25
4,1,1,4,2.5,5,3,0
1,22,1,22,11.5,23,21,0
2,5,2,5,3.5,7,3,1
8,5,5,8,6.5,13,3,3
4,4,4,4,4.0,8,0,3
15,15,15,15,15.0,30,0,12
8,3,3,8,5.5,11,5,2
6,4,4,6,5.0,10,2,3
1,9,1,9,5.0,10,8,0
5,5,5,5,5.0,10,0,3
40,41,40,41,40.5,81,1,31
4,1,1,4,2.5,5,3,0
12,12,12,12,12.0,24,0,10
5,8,5,8,6.5,13,3,4
1,9,1,9,5.0,10,8,0
4,4,4,4,4.0,8,0,2
45,41,41,45,43.0,86,4,32
11,10,10,11,10.5,21,1,9
1,9,1,9,5.0,10,8,0
10,1,1,10,5.5,11,9,0
17,16,16,17,16.5,33,1,12
2,4,2,4,3.0,6,2,0
11,1,1,11,6.0,12,10,0
1,5,1,5,3.0,6,4,0
5,1,1,5,3.0,6,4,0
13,15,13,15,14.0,28,2,12
12,12,12,12,12.0,24,0,9
12,11,11,12,11.5,23,1,9
23,35,23,35,29.0,58,12,16
1,5,1,5,3.0,6,4,0
7,2,2,7,4.5,9,5,0
26,38,26,38,32.0,64,12,23
22,1,1,22,11.5,23,21,0
1,5,1,5,3.0,6,4,0
9,4,4,9,6.5,13,5,3
5,1,1,5,3.0,6,4,0
4,1,1,4,2.5,5,3,0
51,51,51,51,51.0,102,0,48
36,34,34,36,35.0,70,2,30
4,4,4,4,4.0,8,0,3
2,6,2,6,4.0,8,4,1
2,6,2,6,4.0,8,4,0
1,4,1,4,2.5,5,3,0
26,11,11,26,18.5,37,15,6
1,5,1,5,3.0,6,4,0
4,1,1,4,2.5,5,3,0
6,1,1,6,3.5,7,5,0
4,2,2,4,3.0,6,2,0
4,1,1,4,2.5,5,3,0
1,26,1,26,13.5,27,25,0
1,4,1,4,2.5,5,3,0
6,6,6,6,6.0,12,0,4
11,5,5,11,8.0,16,6,3
18,19,18,19,18.5,37,1,13
21,21,21,21,21.0,42,0,18
12,13,12,13,12.5,25,1,11
9,3,3,9,6.0,12,6,1
23,7,7,23,15.0,30,16,1
10,1,1,10,5.5,11,9,0
20,1,1,20,10.5,21,19,0
4,1,1,4,2.5,5,3,0
5,7,5,7,6.0,12,2,4
1,8,1,8,4.5,9,7,0
13,10,10,13,11.5,23,3,8
5,5,5,5,5.0,10,0,0
1,4,1,4,2.5,5,3,0
10,1,1,10,5.5,11,9,0
18,20,18,20,19.0,38,2,17
1,6,1,6,3.5,7,5,0
1,4,1,4,2.5,5,3,0
4,4,4,4,4.0,8,0,2
6,1,1,6,3.5,7,5,0
7,4,4,7,5.5,11,3,3
5,1,1,5,3.0,6,4,0
10,9,9,10,9.5,19,1,8
5,3,3,5,4.0,8,2,2
1,4,1,4,2.5,5,3,0
4,4,4,4,4.0,8,0,1
18,6,6,18,12.0,24,12,5
5,2,2,5,3.5,7,3,0
2,4,2,4,3.0,6,2,0
4,1,1,4,2.5,5,3,0
32,40,32,40,36.0,72,8,16
11,11,11,11,11.0,22,0,10
1,4,1,4,2.5,5,3,0
4,6,4,6,5.0,10,2,1
31,32,31,32,31.5,63,1,28
28,2,2,28,15.0,30,26,1
1,9,1,9,5.0,10,8,0
23,16,16,23,19.5,39,7,14
4,10,4,10,7.0,14,6,3
4,4,4,4,4.0,8,0,2
4,4,4,4,4.0,8,0,3
4,3,3,4,3.5,7,1,2
12,2,2,12,7.0,14,10,0
15,15,15,15,15.0,30,0,6
13,16,13,16,14.5,29,3,9
1,4,1,4,2.5,5,3,0
23,19,19,23,21.0,42,4,10
1,4,1,4,2.5,5,3,0
6,5,5,6,5.5,11,1,2
4,6,4,6,5.0,10,2,0
39,39,39,39,39.0,78,0,35
4,5,4,5,4.5,9,1,3
3,4,3,4,3.5,7,1,0
2,75,2,75,38.5,77,73,0
4,1,1,4,2.5,5,3,0
6,5,5,6,5.5,11,1,3
15,16,15,16,15.5,31,1,11
10,17,10,17,13.5,27,7,7
1,11,1,11,6.0,12,10,0
3,6,3,6,4.5,9,3,2
2,35,2,35,18.5,37,33,1
7,8,7,8,7.5,15,1,5
3,16,3,16,9.5,19,13,1
9,9,9,9,9.0,18,0,8
13,8,8,13,10.5,21,5,4
4,10,4,10,7.0,14,6,2
2,5,2,5,3.5,7,3,1
4,1,1,4,2.5,5,3,0
4,19,4,19,11.5,23,15,1
7,13,7,13,10.0,20,6,6
13,22,13,22,17.5,35,9,11
5,6,5,6,5.5,11,1,1
5,5,5,5,5.0,10,0,4
4,5,4,5,4.5,9,1,1
16,12,12,16,14.0,28,4,6
6,1,1,6,3.5,7,5,0
9,8,8,9,8.5,17,1,7
2,12,2,12,7.0,14,10,1
19,16,16,19,17.5,35,3,14
33,31,31,33,32.0,64,2,30
49,44,44,49,46.5,93,5,26
25,27,25,27,26.0,52,2,23
1,16,1,16,8.5,17,15,0
6,7,6,7,6.5,13,1,5
4,4,4,4,4.0,8,0,3
1,5,1,5,3.0,6,4,0
11,11,11,11,11.0,22,0,10
25,24,24,25,24.5,49,1,21
11,6,6,11,8.5,17,5,5
6,5,5,6,5.5,11,1,3
14,14,14,14,14.0,28,0,13
5,1,1,5,3.0,6,4,0
1,4,1,4,2.5,5,3,0
4,1,1,4,2.5,5,3,0
4,6,4,6,5.0,10,2,3
1,31,1,31,16.0,32,30,0
4,1,1,4,2.5,5,3,0
13,13,13,13,13.0,26,0,9
3,4,3,4,3.5,7,1,2
1,6,1,6,3.5,7,5,0
4,1,1,4,2.5,5,3,0
4,4,4,4,4.0,8,0,3
42,44,42,44,43.0,86,2,40
7,12,7,12,9.5,19,5,6
4,5,4,5,4.5,9,1,3
1,4,1,4,2.5,5,3,0
14,15,14,15,14.5,29,1,12
4,1,1,4,2.5,5,3,0
1,5,1,5,3.0,6,4,0
7,13,7,13,10.0,20,6,0
4,8,4,8,6.0,12,4,3
4,4,4,4,4.0,8,0,2
1,5,1,5,3.0,6,4,0
9,12,9,12,10.5,21,3,5
9,2,2,9,5.5,11,7,0
2,4,2,4,3.0,6,2,1
2,5,2,5,3.5,7,3,1
5,1,1,5,3.0,6,4,0
5,1,1,5,3.0,6,4,0
7,3,3,7,5.0,10,4,1
17,17,17,17,17.0,34,0,15
1,48,1,48,24.5,49,47,0
2,15,2,15,8.5,17,13,0
1,16,1,16,8.5,17,15,0
7,5,5,7,6.0,12,2,1
1,12,1,12,6.5,13,11,0
4,5,4,5,4.5,9,1,3
2,4,2,4,3.0,6,2,0
8,7,7,8,7.5,15,1,4
18,17,17,18,17.5,35,1,10
11,17,11,17,14.0,28,6,8
1,6,1,6,3.5,7,5,0
6,1,1,6,3.5,7,5,0
1,5,1,5,3.0,6,4,0
30,1,1,30,15.5,31,29,0
6,6,6,6,6.0,12,0,5
10,13,10,13,11.5,23,3,9
4,2,2,4,3.0,6,2,1
11,16,11,16,13.5,27,5,10
5,6,5,6,5.5,11,1,4
8,8,8,8,8.0,16,0,7
6,9,6,9,7.5,15,3,2
4,2,2,4,3.0,6,2,1
15,2,2,15,8.5,17,13,0
5,10,5,10,7.5,15,5,0
7,33,7,33,20.0,40,26,3
10,8,8,10,9.0,18,2,5
11,9,9,11,10.0,20,2,8
1,28,1,28,14.5,29,27,0
5,12,5,12,8.5,17,7,4
5,1,1,5,3.0,6,4,0
7,6,6,7,6.5,13,1,4
12,10,10,12,11.0,22,2,8
7,2,2,7,4.5,9,5,1
9,10,9,10,9.5,19,1,7
37,38,37,38,37.5,75,1,28
33,17,17,33,25.0,50,16,16
1,6,1,6,3.5,7,5,0
9,8,8,9,8.5,17,1,7
1,4,1,4,2.5,5,3,0
5,1,1,5,3.0,6,4,0
5,1,1,5,3.0,6,4,0
6,12,6,12,9.0,18,6,0
1,4,1,4,2.5,5,3,0
6,11,6,11,8.5,17,5,4
5,1,1,5,3.0,6,4,0
17,11,11,17,14.0,28,6,10
12,2,2,12,7.0,14,10,0
1,12,1,12,6.5,13,11,0
5,1,1,5,3.0,6,4,0
1,12,1,12,6.5,13,11,0
19,6,6,19,12.5,25,13,5
4,5,4,5,4.5,9,1,3
1,5,1,5,3.0,6,4,0
7,6,6,7,6.5,13,1,5
18,18,18,18,18.0,36,0,10
1,5,1,5,3.0,6,4,0
1,19,1,19,10.0,20,18,0
1,4,1,4,2.5,5,3,0
11,10,10,11,10.5,21,1,2
8,1,1,8,4.5,9,7,0
5,5,5,5,5.0,10,0,3
6,1,1,6,3.5,7,5,0
4,1,1,4,2.5,5,3,0
7,6,6,7,6.5,13,1,5
9,9,9,9,9.0,18,0,8
2,5,2,5,3.5,7,3,1
1,4,1,4,2.5,5,3,0
1,12,1,12,6.5,13,11,0
7,1,1,7,4.0,8,6,0
20,18,18,20,19.0,38,2,17
22,2,2,22,12.0,24,20,1
2,11,2,11,6.5,13,9,1
5,4,4,5,4.5,9,1,2
3,7,3,7,5.0,10,4,1
6,1,1,6,3.5,7,5,0
1,4,1,4,2.5,5,3,0
1,4,1,4,2.5,5,3,0
1,5,1,5,3.0,6,4,0
1,7,1,7,4.0,8,6,0
8,7,7,8,7.5,15,1,4
1,29,1,29,15.0,30,28,0
6,12,6,12,9.0,18,6,4
6,7,6,7,6.5,13,1,5
5,8,5,8,6.5,13,3,4
7,5,5,7,6.0,12,2,4
8,6,6,8,7.0,14,2,3
10,7,7,10,8.5,17,3,5
13,1,1,13,7.0,14,12,0
19,2,2,19,10.5,21,17,1
6,5,5,6,5.5,11,1,0
1,8,1,8,4.5,9,7,0
4,5,4,5,4.5,9,1,3
3,4,3,4,3.5,7,1,2
11,12,11,12,11.5,23,1,9
1,5,1,5,3.0,6,4,0
15,15,15,15,15.0,30,0,11
17,23,17,23,20.0,40,6,10
7,2,2,7,4.5,9,5,1
4,1,1,4,2.5,5,3,0
14,1,1,14,7.5,15,13,0
8,1,1,8,4.5,9,7,0
4,4,4,4,4.0,8,0,2
4,1,1,4,2.5,5,3,0
26,26,26,26,26.0,52,0,25
14,13,13,14,13.5,27,1,12
45,36,36,45,40.5,81,9,35
7,6,6,7,6.5,13,1,5
16,4,4,16,10.0,20,12,0
5,7,5,7,6.0,12,2,4
6,6,6,6,6.0,12,0,5
6,5,5,6,5.5,11,1,4
1,5,1,5,3.0,6,4,0
1,7,1,7,4.0,8,6,0
8,25,8,25,16.5,33,17,1
7,1,1,7,4.0,8,6,0
3,4,3,4,3.5,7,1,2
15,15,15,15,15.0,30,0,3
1,5,1,5,3.0,6,4,0
7,5,5,7,6.0,12,2,4
8,2,2,8,5.0,10,6,0
8,2,2,8,5.0,10,6,1
5,40,5,40,22.5,45,35,1
1,7,1,7,4.0,8,6,0
11,11,11,11,11.0,22,0,10
23,9,9,23,16.0,32,14,5
5,8,5,8,6.5,13,3,0
15,22,15,22,18.5,37,7,14
12,10,10,12,11.0,22,2,0
10,6,6,10,8.0,16,4,2
1,12,1,12,6.5,13,11,0
4,1,1,4,2.5,5,3,0
33,32,32,33,32.5,65,1,28
1,11,1,11,6.0,12,10,0
4,1,1,4,2.5,5,3,0
23,55,23,55,39.0,78,32,15
1,5,1,5,3.0,6,4,0
7,8,7,8,7.5,15,1,3
1,6,1,6,3.5,7,5,0
9,13,9,13,11.0,22,4,8
1,6,1,6,3.5,7,5,0
8,5,5,8,6.5,13,3,4
4,4,4,4,4.0,8,0,3
31,25,25,31,28.0,56,6,16
1,5,1,5,3.0,6,4,0
2,4,2,4,3.0,6,2,1
7,7,7,7,7.0,14,0,6
12,6,6,12,9.0,18,6,5
6,1,1,6,3.5,7,5,0
4,4,4,4,4.0,8,0,3
30,24,24,30,27.0,54,6,19
4,4,4,4,4.0,8,0,3
17,25,17,25,21.0,42,8,16
6,2,2,6,4.0,8,4,1
4,1,1,4,2.5,5,3,0
30,5,5,30,17.5,35,25,0
42,42,42,42,42.0,84,0,40
11,7,7,11,9.0,18,4,6
1,7,1,7,4.0,8,6,0
4,7,4,7,5.5,11,3,0
6,1,1,6,3.5,7,5,0
1,4,1,4,2.5,5,3,0
1,5,1,5,3.0,6,4,0
1,5,1,5,3.0,6,4,0
5,1,1,5,3.0,6,4,0
21,27,21,27,24.0,48,6,18
2,6,2,6,4.0,8,4,1
5,7,5,7,6.0,12,2,4
27,15,15,27,21.0,42,12,13
2,17,2,17,9.5,19,15,0
5,1,1,5,3.0,6,4,0
7,6,6,7,6.5,13,1,5
5,5,5,5,5.0,10,0,3
14,21,14,21,17.5,35,7,12
1,6,1,6,3.5,7,5,0
1,4,1,4,2.5,5,3,0
4,1,1,4,2.5,5,3,0
10,1,1,10,5.5,11,9,0
5,5,5,5,5.0,10,0,3
12,12,12,12,12.0,24,0,9
7,4,4,7,5.5,11,3,3
4,1,1,4,2.5,5,3,0
7,6,6,7,6.5,13,1,5
4,5,4,5,4.5,9,1,2
12,1,1,12,6.5,13,11,0
10,13,10,13,11.5,23,3,7
17,1,1,17,9.0,18,16,0
14,10,10,14,12.0,24,4,9
9,24,9,24,16.5,33,15,7
5,1,1,5,3.0,6,4,0
42,30,30,42,36.0,72,12,21
4,1,1,4,2.5,5,3,0
7,1,1,7,4.0,8,6,0
13,13,13,13,13.0,26,0,12
1,5,1,5,3.0,6,4,0
3,14,3,14,8.5,17,11,1
1,5,1,5,3.0,6,4,0
10,9,9,10,9.5,19,1,7
1,5,1,5,3.0,6,4,0
11,1,1,11,6.0,12,10,0
4,1,1,4,2.5,5,3,0
4,2,2,4,3.0,6,2,1
4,5,4,5,4.5,9,1,2
4,1,1,4,2.5,5,3,0
5,2,2,5,3.5,7,3,0
20,21,20,21,20.5,41,1,14
4,5,4,5,4.5,9,1,0
4,4,4,4,4.0,8,0,3
6,1,1,6,3.5,7,5,0
1,4,1,4,2.5,5,3,0
1,6,1,6,3.5,7,5,0
3,27,3,27,15.0,30,24,0
11,8,8,11,9.5,19,3,7
11,11,11,11,11.0,22,0,10
1,4,1,4,2.5,5,3,0
4,2,2,4,3.0,6,2,1
8,7,7,8,7.5,15,1,6
20,19,19,20,19.5,39,1,15
8,7,7,8,7.5,15,1,4
4,1,1,4,2.5,5,3,0
4,1,1,4,2.5,5,3,0
24,26,24,26,25.0,50,2,22
8,3,3,8,5.5,11,5,1
6,1,1,6,3.5,7,5,0
4,9,4,9,6.5,13,5,0
1,11,1,11,6.0,12,10,0
17,17,17,17,17.0,34,0,14
8,1,1,8,4.5,9,7,0
43,46,43,46,44.5,89,3,40
5,1,1,5,3.0,6,4,0
4,1,1,4,2.5,5,3,0
1,4,1,4,2.5,5,3,0
4,1,1,4,2.5,5,3,0
10,7,7,10,8.5,17,3,3
5,2,2,5,3.5,7,3,0
2,6,2,6,4.0,8,4,0
38,29,29,38,33.5,67,9,27
23,32,23,32,27.5,55,9,19
4,1,1,4,2.5,5,3,0
1,4,1,4,2.5,5,3,0
29,4,4,29,16.5,33,25,1
5,1,1,5,3.0,6,4,0
1,4,1,4,2.5,5,3,0
1,8,1,8,4.5,9,7,0
9,8,8,9,8.5,17,1,5
11,7,7,11,9.0,18,4,6
26,3,3,26,14.5,29,23,2
27,23,23,27,25.0,50,4,19
4,2,2,4,3.0,6,2,0
6,10,6,10,8.0,16,4,1
1,4,1,4,2.5,5,3,0
4,1,1,4,2.5,5,3,0
11,6,6,11,8.5,17,5,5
6,6,6,6,6.0,12,0,5
10,2,2,10,6.0,12,8,0
6,1,1,6,3.5,7,5,0
13,13,13,13,13.0,26,0,11
4,1,1,4,2.5,5,3,0
11,20,11,20,15.5,31,9,10
19,24,19,24,21.5,43,5,18
1,10,1,10,5.5,11,9,0
2,5,2,5,3.5,7,3,1
51,39,39,51,45.0,90,12,19
7,6,6,7,6.5,13,1,5
9,11,9,11,10.0,20,2,5
9,10,9,10,9.5,19,1,5
4,1,1,4,2.5,5,3,0
1,14,1,14,7.5,15,13,0
13,16,13,16,14.5,29,3,11
10,11,10,11,10.5,21,1,9
11,11,11,11,11.0,22,0,10
12,2,2,12,7.0,14,10,0
23,23,23,23,23.0,46,0,21
6,1,1,6,3.5,7,5,0
13,2,2,13,7.5,15,11,1
7,10,7,10,8.5,17,3,2
5,6,5,6,5.5,11,1,1
25,25,25,25,25.0,50,0,23
7,8,7,8,7.5,15,1,5
13,10,10,13,11.5,23,3,9
4,1,1,4,2.5,5,3,0
1,4,1,4,2.5,5,3,0
1,4,1,4,2.5,5,3,0
7,11,7,11,9.0,18,4,1
12,21,12,21,16.5,33,9,11
18,15,15,18,16.5,33,3,14
53,30,30,53,41.5,83,23,24
29,32,29,32,30.5,61,3,25
1,4,1,4,2.5,5,3,0
4,5,4,5,4.5,9,1,3
4,2,2,4,3.0,6,2,1
11,3,3,11,7.0,14,8,2
1,5,1,5,3.0,6,4,0
1,5,1,5,3.0,6,4,0
1,6,1,6,3.5,7,5,0
1,4,1,4,2.5,5,3,0
2,6,2,6,4.0,8,4,1
5,5,5,5,5.0,10,0,4
24,17,17,24,20.5,41,7,14
5,2,2,5,3.5,7,3,1
1,13,1,13,7.0,14,12,0
13,13,13,13,13.0,26,0,12
29,37,29,37,33.0,66,8,22
5,5,5,5,5.0,10,0,3
28,25,25,28,26.5,53,3,24
15,8,8,15,11.5,23,7,6
5,1,1,5,3.0,6,4,0
3,11,3,11,7.0,14,8,1
15,20,15,20,17.5,35,5,12
6,6,6,6,6.0,12,0,4
4,2,2,4,3.0,6,2,1
4,4,4,4,4.0,8,0,3
2,6,2,6,4.0,8,4,1
6,1,1,6,3.5,7,5,0
1,5,1,5,3.0,6,4,0
6,1,1,6,3.5,7,5,0
5,2,2,5,3.5,7,3,1
1,4,1,4,2.5,5,3,0
17,12,12,17,14.5,29,5,11
10,15,10,15,12.5,25,5,8
23,7,7,23,15.0,30,16,5
23,23,23,23,23.0,46,0,21
4,7,4,7,5.5,11,3,3
4,14,4,14,9.0,18,10,3
6,5,5,6,5.5,11,1,4
4,2,2,4,3.0,6,2,1
2,4,2,4,3.0,6,2,1
1,48,1,48,24.5,49,47,0
26,34,26,34,30.0,60,8,21
4,1,1,4,2.5,5,3,0
10,13,10,13,11.5,23,3,9
5,4,4,5,4.5,9,1,0
10,10,10,10,10.0,20,0,9
12,16,12,16,14.0,28,4,10
2,15,2,15,8.5,17,13,1
1,5,1,5,3.0,6,4,0
8,10,8,10,9.0,18,2,5
11,11,11,11,11.0,22,0,9
1,5,1,5,3.0,6,4,0
4,4,4,4,4.0,8,0,3
1,12,1,12,6.5,13,11,0
8,2,2,8,5.0,10,6,0
1,4,1,4,2.5,5,3,0
4,4,4,4,4.0,8,0,3
6,1,1,6,3.5,7,5,0
10,2,2,10,6.0,12,8,1
5,5,5,5,5.0,10,0,4
12,12,12,12,12.0,24,0,11
5,5,5,5,5.0,10,0,4
4,1,1,4,2.5,5,3,0
9,11,9,11,10.0,20,2,8
9,7,7,9,8.0,16,2,6
1,6,1,6,3.5,7,5,0
11,11,11,11,11.0,22,0,10
4,5,4,5,4.5,9,1,3
5,1,1,5,3.0,6,4,0
8,1,1,8,4.5,9,7,0
1,4,1,4,2.5,5,3,0
14,14,14,14,14.0,28,0,13
8,6,6,8,7.0,14,2,2
49,49,49,49,49.0,98,0,48
10,1,1,10,5.5,11,9,0
5,1,1,5,3.0,6,4,0
1,4,1,4,2.5,5,3,0
5,7,5,7,6.0,12,2,4
11,14,11,14,12.5,25,3,10
2,30,2,30,16.0,32,28,0
9,11,9,11,10.0,20,2,8
5,1,1,5,3.0,6,4,0
6,7,6,7,6.5,13,1,4
5,1,1,5,3.0,6,4,0
7,7,7,7,7.0,14,0,6
4,1,1,4,2.5,5,3,0
16,15,15,16,15.5,31,1,14
6,7,6,7,6.5,13,1,5
26,27,26,27,26.5,53,1,25
1,4,1,4,2.5,5,3,0
24,23,23,24,23.5,47,1,17
4,3,3,4,3.5,7,1,2
2,8,2,8,5.0,10,6,0
1,18,1,18,9.5,19,17,0
2,10,2,10,6.0,12,8,1
54,30,30,54,42.0,84,24,25
5,5,5,5,5.0,10,0,3
2,9,2,9,5.5,11,7,0
4,4,4,4,4.0,8,0,3
9,5,5,9,7.0,14,4,2
5,3,3,5,4.0,8,2,2
1,4,1,4,2.5,5,3,0
9,7,7,9,8.0,16,2,6
29,35,29,35,32.0,64,6,27
5,12,5,12,8.5,17,7,4
5,5,5,5,5.0,10,0,3
33,23,23,33,28.0,56,10,18
1,4,1,4,2.5,5,3,0
5,1,1,5,3.0,6,4,0
4,1,1,4,2.5,5,3,0
8,6,6,8,7.0,14,2,5
7,2,2,7,4.5,9,5,0
5,6,5,6,5.5,11,1,4
17,10,10,17,13.5,27,7,7
24,15,15,24,19.5,39,9,8
1,77,1,77,39.0,78,76,0
4,1,1,4,2.5,5,3,0
1,4,1,4,2.5,5,3,0
14,16,14,16,15.0,30,2,12
1,19,1,19,10.0,20,18,0
10,14,10,14,12.0,24,4,9
5,5,5,5,5.0,10,0,4
2,6,2,6,4.0,8,4,1
17,23,17,23,20.0,40,6,12
6,1,1,6,3.5,7,5,0
1,5,1,5,3.0,6,4,0
3,5,3,5,4.0,8,2,2
21,7,7,21,14.0,28,14,5
6,5,5,6,5.5,11,1,3
1,4,1,4,2.5,5,3,0
11,12,11,12,11.5,23,1,7
11,1,1,11,6.0,12,10,0
10,8,8,10,9.0,18,2,6
4,4,4,4,4.0,8,0,1
4,4,4,4,4.0,8,0,3
1,10,1,10,5.5,11,9,0
4,1,1,4,2.5,5,3,0
8,25,8,25,16.5,33,17,6
2,5,2,5,3.5,7,3,0
1,25,1,25,13.0,26,24,0
1,4,1,4,2.5,5,3,0
1,5,1,5,3.0,6,4,0
8,8,8,8,8.0,16,0,7
21,19,19,21,20.0,40,2,18
4,1,1,4,2.5,5,3,0
4,5,4,5,4.5,9,1,3
8,12,8,12,10.0,20,4,6
6,1,1,6,3.5,7,5,0
10,26,10,26,18.0,36,16,1
2,4,2,4,3.0,6,2,1
6,2,2,6,4.0,8,4,1
2,20,2,20,11.0,22,18,0
11,9,9,11,10.0,20,2,6
1,7,1,7,4.0,8,6,0
4,4,4,4,4.0,8,0,3
11,11,11,11,11.0,22,0,10
1,9,1,9,5.0,10,8,0
19,16,16,19,17.5,35,3,11
13,18,13,18,15.5,31,5,5
8,2,2,8,5.0,10,6,1
44,33,33,44,38.5,77,11,17
4,4,4,4,4.0,8,0,3
4,1,1,4,2.5,5,3,0
4,4,4,4,4.0,8,0,3
30,27,27,30,28.5,57,3,23
47,44,44,47,45.5,91,3,33
18,9,9,18,13.5,27,9,2
10,39,10,39,24.5,49,29,8
4,1,1,4,2.5,5,3,0
5,2,2,5,3.5,7,3,1
9,6,6,9,7.5,15,3,4
1,5,1,5,3.0,6,4,0
2,5,2,5,3.5,7,3,1
11,33,11,33,22.0,44,22,6
30,17,17,30,23.5,47,13,11
7,14,7,14,10.5,21,7,6
5,4,4,5,4.5,9,1,3
1,4,1,4,2.5,5,3,0
8,5,5,8,6.5,13,3,3
5,1,1,5,3.0,6,4,0
5,5,5,5,5.0,10,0,4
5,5,5,5,5.0,10,0,4
4,2,2,4,3.0,6,2,1
8,9,8,9,8.5,17,1,6
26,1,1,26,13.5,27,25,0
8,1,1,8,4.5,9,7,0
9,10,9,10,9.5,19,1,3
8,4,4,8,6.0,12,4,2
5,4,4,5,4.5,9,1,3
1,35,1,35,18.0,36,34,0
6,6,6,6,6.0,12,0,5
7,5,5,7,6.0,12,2,4
13,21,13,21,17.0,34,8,11
1,4,1,4,2.5,5,3,0
4,1,1,4,2.5,5,3,0
28,15,15,28,21.5,43,13,13
9,6,6,9,7.5,15,3,5
17,15,15,17,16.0,32,2,14
1,9,1,9,5.0,10,8,0
10,11,10,11,10.5,21,1,6
14,13,13,14,13.5,27,1,12
4,2,2,4,3.0,6,2,1
1,6,1,6,3.5,7,5,0
5,12,5,12,8.5,17,7,3
21,18,18,21,19.5,39,3,17
33,32,32,33,32.5,65,1,31
9,7,7,9,8.0,16,2,1
8,6,6,8,7.0,14,2,4
22,18,18,22,20.0,40,4,17
2,4,2,4,3.0,6,2,1
16,1,1,16,8.5,17,15,0
1,7,1,7,4.0,8,6,0
8,10,8,10,9.0,18,2,4
4,1,1,4,2.5,5,3,0
27,51,27,51,39.0,78,24,19
1,4,1,4,2.5,5,3,0
8,11,8,11,9.5,19,3,5
1,29,1,29,15.0,30,28,0
10,5,5,10,7.5,15,5,4
4,1,1,4,2.5,5,3,0
4,9,4,9,6.5,13,5,0
7,5,5,7,6.0,12,2,2
4,6,4,6,5.0,10,2,3
8,8,8,8,8.0,16,0,3
1,7,1,7,4.0,8,6,0
50,49,49,50,49.5,99,1,48
6,7,6,7,6.5,13,1,5
8,1,1,8,4.5,9,7,0
5,1,1,5,3.0,6,4,0
4,1,1,4,2.5,5,3,0
6,7,6,7,6.5,13,1,3
7,4,4,7,5.5,11,3,3
5,6,5,6,5.5,11,1,2
23,24,23,24,23.5,47,1,21
5,1,1,5,3.0,6,4,0
1,5,1,5,3.0,6,4,0
4,9,4,9,6.5,13,5,3
7,6,6,7,6.5,13,1,5
34,41,34,41,37.5,75,7,30
8,5,5,8,6.5,13,3,4
6,15,6,15,10.5,21,9,4
5,1,1,5,3.0,6,4,0
23,17,17,23,20.0,40,6,15
4,2,2,4,3.0,6,2,1
5,9,5,9,7.0,14,4,4
1,5,1,5,3.0,6,4,0
2,55,2,55,28.5,57,53,0
9,1,1,9,5.0,10,8,0
8,4,4,8,6.0,12,4,3
2,5,2,5,3.5,7,3,0
1,5,1,5,3.0,6,4,0
4,1,1,4,2.5,5,3,0
2,4,2,4,3.0,6,2,1
4,2,2,4,3.0,6,2,0
31,30,30,31,30.5,61,1,22
9,1,1,9,5.0,10,8,0
4,4,4,4,4.0,8,0,1
7,9,7,9,8.0,16,2,1
6,4,4,6,5.0,10,2,3
5,5,5,5,5.0,10,0,4
5,4,4,5,4.5,9,1,3
14,25,14,25,19.5,39,11,10
22,12,12,22,17.0,34,10,10
1,4,1,4,2.5,5,3,0
4,3,3,4,3.5,7,1,2
6,9,6,9,7.5,15,3,4
13,9,9,13,11.0,22,4,8
7,1,1,7,4.0,8,6,0
14,12,12,14,13.0,26,2,11
2,4,2,4,3.0,6,2,1
1,10,1,10,5.5,11,9,0
36,49,36,49,42.5,85,13,31
10,10,10,10,10.0,20,0,9
10,11,10,11,10.5,21,1,6
8,8,8,8,8.0,16,0,7
34,10,10,34,22.0,44,24,9
10,9,9,10,9.5,19,1,7
17,14,14,17,15.5,31,3,13
1,5,1,5,3.0,6,4,0
4,2,2,4,3.0,6,2,1
4,4,4,4,4.0,8,0,3
18,24,18,24,21.0,42,6,17
1,4,1,4,2.5,5,3,0
49,23,23,49,36.0,72,26,22
4,1,1,4,2.5,5,3,0
4,2,2,4,3.0,6,2,1
5,5,5,5,5.0,10,0,4
1,8,1,8,4.5,9,7,0
4,2,2,4,3.0,6,2,1
1,4,1,4,2.5,5,3,0
6,4,4,6,5.0,10,2,3
5,12,5,12,8.5,17,7,0
1,10,1,10,5.5,11,9,0
8,16,8,16,12.0,24,8,5
2,15,2,15,8.5,17,13,0
15,16,15,16,15.5,31,1,14
1,17,1,17,9.0,18,16,0
4,4,4,4,4.0,8,0,3
5,5,5,5,5.0,10,0,3
7,1,1,7,4.0,8,6,0
5,3,3,5,4.0,8,2,1
11,14,11,14,12.5,25,3,9
20,7,7,20,13.5,27,13,6
4,1,1,4,2.5,5,3,0
6,8,6,8,7.0,14,2,5
5,5,5,5,5.0,10,0,4
9,9,9,9,9.0,18,0,8
5,1,1,5,3.0,6,4,0
8,3,3,8,5.5,11,5,2
7,10,7,10,8.5,17,3,6
24,7,7,24,15.5,31,17,5
1,26,1,26,13.5,27,25,0
20,20,20,20,20.0,40,0,16
1,9,1,9,5.0,10,8,0
46,37,37,46,41.5,83,9,27
5,5,5,5,5.0,10,0,2
5,6,5,6,5.5,11,1,4
5,1,1,5,3.0,6,4,0
6,9,6,9,7.5,15,3,1
1,4,1,4,2.5,5,3,0
17,7,7,17,12.0,24,10,6
19,23,19,23,21.0,42,4,18
1,16,1,16,8.5,17,15,0
6,5,5,6,5.5,11,1,3
2,4,2,4,3.0,6,2,1
41,34,34,41,37.5,75,7,21
3,4,3,4,3.5,7,1,2
4,1,1,4,2.5,5,3,0
31,23,23,31,27.0,54,8,19
16,6,6,16,11.0,22,10,4
4,2,2,4,3.0,6,2,1
4,1,1,4,2.5,5,3,0
10,12,10,12,11.0,22,2,9
2,4,2,4,3.0,6,2,0
4,7,4,7,5.5,11,3,0
16,1,1,16,8.5,17,15,0
22,32,22,32,27.0,54,10,20
1,4,1,4,2.5,5,3,0
2,4,2,4,3.0,6,2,1
7,4,4,7,5.5,11,3,2
17,9,9,17,13.0,26,8,8
3,4,3,4,3.5,7,1,1
1,4,1,4,2.5,5,3,0
12,12,12,12,12.0,24,0,11
1,7,1,7,4.0,8,6,0
2,16,2,16,9.0,18,14,1
2,107,2,107,54.5,109,105,0
6,6,6,6,6.0,12,0,5
5,1,1,5,3.0,6,4,0
1,4,1,4,2.5,5,3,0
10,10,10,10,10.0,20,0,9
6,1,1,6,3.5,7,5,0
1,4,1,4,2.5,5,3,0
5,1,1,5,3.0,6,4,0
8,4,4,8,6.0,12,4,3
10,7,7,10,8.5,17,3,6
5,4,4,5,4.5,9,1,3
1,5,1,5,3.0,6,4,0
4,4,4,4,4.0,8,0,3
10,11,10,11,10.5,21,1,5
45,31,31,45,38.0,76,14,27
5,1,1,5,3.0,6,4,0
4,1,1,4,2.5,5,3,0
4,1,1,4,2.5,5,3,0
21,20,20,21,20.5,41,1,18
53,34,34,53,43.5,87,19,26
1,13,1,13,7.0,14,12,0
18,11,11,18,14.5,29,7,7
14,14,14,14,14.0,28,0,12
6,5,5,6,5.5,11,1,4
4,7,4,7,5.5,11,3,3
7,11,7,11,9.0,18,4,6
1,4,1,4,2.5,5,3,0
4,1,1,4,2.5,5,3,0
5,1,1,5,3.0,6,4,0
9,30,9,30,19.5,39,21,0
5,5,5,5,5.0,10,0,4
1,5,1,5,3.0,6,4,0
16,18,16,18,17.0,34,2,15
6,4,4,6,5.0,10,2,3
36,34,34,36,35.0,70,2,32
4,7,4,7,5.5,11,3,1
8,8,8,8,8.0,16,0,7
25,24,24,25,24.5,49,1,21
3,5,3,5,4.0,8,2,2
7,5,5,7,6.0,12,2,4
9,22,9,22,15.5,31,13,6
2,4,2,4,3.0,6,2,1
21,44,21,44,32.5,65,23,19
18,16,16,18,17.0,34,2,14
7,7,7,7,7.0,14,0,6
16,13,13,16,14.5,29,3,12
7,9,7,9,8.0,16,2,6
5,4,4,5,4.5,9,1,3
3,4,3,4,3.5,7,1,2
8,8,8,8,8.0,16,0,7
20,13,13,20,16.5,33,7,11
4,10,4,10,7.0,14,6,1
3,11,3,11,7.0,14,8,2
6,5,5,6,5.5,11,1,3
1,10,1,10,5.5,11,9,0
22,22,22,22,22.0,44,0,18
4,7,4,7,5.5,11,3,0
17,18,17,18,17.5,35,1,15
6,1,1,6,3.5,7,5,0
9,5,5,9,7.0,14,4,4
1,5,1,5,3.0,6,4,0
1,10,1,10,5.5,11,9,0
4,2,2,4,3.0,6,2,0
54,20,20,54,37.0,74,34,11
1,5,1,5,3.0,6,4,0
1,4,1,4,2.5,5,3,0
1,4,1,4,2.5,5,3,0
17,12,12,17,14.5,29,5,10
26,40,26,40,33.0,66,14,23
4,2,2,4,3.0,6,2,1
9,9,9,9,9.0,18,0,8
1,15,1,15,8.0,16,14,0
5,4,4,5,4.5,9,1,3
3,5,3,5,4.0,8,2,2
19,19,19,19,19.0,38,0,15
4,5,4,5,4.5,9,1,1
4,1,1,4,2.5,5,3,0
27,40,27,40,33.5,67,13,26
8,8,8,8,8.0,16,0,7
36,46,36,46,41.0,82,10,30
44,41,41,44,42.5,85,3,40
14,18,14,18,16.0,32,4,12
15,18,15,18,16.5,33,3,9
28,26,26,28,27.0,54,2,20
7,1,1,7,4.0,8,6,0
1,4,1,4,2.5,5,3,0
12,6,6,12,9.0,18,6,5
10,8,8,10,9.0,18,2,7
5,2,2,5,3.5,7,3,1
20,26,20,26,23.0,46,6,12
16,13,13,16,14.5,29,3,10
20,20,20,20,20.0,40,0,17
2,4,2,4,3.0,6,2,0
4,5,4,5,4.5,9,1,2
10,11,10,11,10.5,21,1,9
31,32,31,32,31.5,63,1,30
1,14,1,14,7.5,15,13,0
4,1,1,4,2.5,5,3,0
17,11,11,17,14.0,28,6,10
2,4,2,4,3.0,6,2,1
5,3,3,5,4.0,8,2,2
1,7,1,7,4.0,8,6,0
6,1,1,6,3.5,7,5,0
1,5,1,5,3.0,6,4,0
2,4,2,4,3.0,6,2,0
32,31,31,32,31.5,63,1,29
1,6,1,6,3.5,7,5,0
7,13,7,13,10.0,20,6,6
3,10,3,10,6.5,13,7,2
19,1,1,19,10.0,20,18,0
12,5,5,12,8.5,17,7,3
7,5,5,7,6.0,12,2,4
4,1,1,4,2.5,5,3,0
2,4,2,4,3.0,6,2,1
20,13,13,20,16.5,33,7,8
1,5,1,5,3.0,6,4,0
11,4,4,11,7.5,15,7,3
18,13,13,18,15.5,31,5,12
13,12,12,13,12.5,25,1,11
10,24,10,24,17.0,34,14,0
11,1,1,11,6.0,12,10,0
7,6,6,7,6.5,13,1,5
5,1,1,5,3.0,6,4,0
6,21,6,21,13.5,27,15,0
10,1,1,10,5.5,11,9,0
20,26,20,26,23.0,46,6,19
1,4,1,4,2.5,5,3,0
6,9,6,9,7.5,15,3,5
1,6,1,6,3.5,7,5,0
14,14,14,14,14.0,28,0,13
12,12,12,12,12.0,24,0,9
2,107,2,107,54.5,109,105,0
4,9,4,9,6.5,13,5,0
5,4,4,5,4.5,9,1,2
1,5,1,5,3.0,6,4,0
2,12,2,12,7.0,14,10,1
1,25,1,25,13.0,26,24,0
6,17,6,17,11.5,23,11,0
10,15,10,15,12.5,25,5,6
10,7,7,10,8.5,17,3,2
9,11,9,11,10.0,20,2,8
20,21,20,21,20.5,41,1,16
1,10,1,10,5.5,11,9,0
31,31,31,31,31.0,62,0,20
7,1,1,7,4.0,8,6,0
9,11,9,11,10.0,20,2,8
1,4,1,4,2.5,5,3,0
1,18,1,18,9.5,19,17,0
4,1,1,4,2.5,5,3,0
10,7,7,10,8.5,17,3,5
1,5,1,5,3.0,6,4,0
1,7,1,7,4.0,8,6,0
4,6,4,6,5.0,10,2,3
4,3,3,4,3.5,7,1,2
3,5,3,5,4.0,8,2,0
20,11,11,20,15.5,31,9,9
1,19,1,19,10.0,20,18,0
9,6,6,9,7.5,15,3,4
52,5,5,52,28.5,57,47,3
2,4,2,4,3.0,6,2,1
20,5,5,20,12.5,25,15,1
20,22,20,22,21.0,42,2,14
7,11,7,11,9.0,18,4,4
6,4,4,6,5.0,10,2,3
4,4,4,4,4.0,8,0,2
5,1,1,5,3.0,6,4,0
4,13,4,13,8.5,17,9,1
33,29,29,33,31.0,62,4,20
4,1,1,4,2.5,5,3,0
11,14,11,14,12.5,25,3,10
1,5,1,5,3.0,6,4,0
1,8,1,8,4.5,9,7,0
13,1,1,13,7.0,14,12,0
5,1,1,5,3.0,6,4,0
9,9,9,9,9.0,18,0,8
1,8,1,8,4.5,9,7,0
6,1,1,6,3.5,7,5,0
4,3,3,4,3.5,7,1,2
8,6,6,8,7.0,14,2,4
6,5,5,6,5.5,11,1,4
5,1,1,5,3.0,6,4,0
4,1,1,4,2.5,5,3,0
9,21,9,21,15.0,30,12,6
20,21,20,21,20.5,41,1,18
1,6,1,6,3.5,7,5,0
24,11,11,24,17.5,35,13,5
7,6,6,7,6.5,13,1,5
11,7,7,11,9.0,18,4,6
4,1,1,4,2.5,5,3,0
14,6,6,14,10.0,20,8,3
4,1,1,4,2.5,5,3,0
6,2,2,6,4.0,8,4,1
11,3,3,11,7.0,14,8,2
6,7,6,7,6.5,13,1,5
4,1,1,4,2.5,5,3,0
5,1,1,5,3.0,6,4,0
1,6,1,6,3.5,7,5,0
10,12,10,12,11.0,22,2,9
18,15,15,18,16.5,33,3,10
21,19,19,21,20.0,40,2,0
5,4,4,5,4.5,9,1,3
33,31,31,33,32.0,64,2,16
5,4,4,5,4.5,9,1,3
6,14,6,14,10.0,20,8,0
5,6,5,6,5.5,11,1,0
14,11,11,14,12.5,25,3,8
22,4,4,22,13.0,26,18,3
39,42,39,42,40.5,81,3,31
6,4,4,6,5.0,10,2,3
8,10,8,10,9.0,18,2,7
8,6,6,8,7.0,14,2,5
1,4,1,4,2.5,5,3,0
7,6,6,7,6.5,13,1,3
5,4,4,5,4.5,9,1,2
1,13,1,13,7.0,14,12,0
9,6,6,9,7.5,15,3,4
1,20,1,20,10.5,21,19,0
2,6,2,6,4.0,8,4,1
7,5,5,7,6.0,12,2,1
6,5,5,6,5.5,11,1,4
1,5,1,5,3.0,6,4,0
13,20,13,20,16.5,33,7,11
25,29,25,29,27.0,54,4,23
18,19,18,19,18.5,37,1,16
1,17,1,17,9.0,18,16,0
4,1,1,4,2.5,5,3,0
5,5,5,5,5.0,10,0,4
14,14,14,14,14.0,28,0,13
4,1,1,4,2.5,5,3,0
8,4,4,8,6.0,12,4,3
37,51,37,51,44.0,88,14,29
10,22,10,22,16.0,32,12,8
11,19,11,19,15.0,30,8,10
4,2,2,4,3.0,6,2,1
4,13,4,13,8.5,17,9,2
5,1,1,5,3.0,6,4,0
5,2,2,5,3.5,7,3,1
1,6,1,6,3.5,7,5,0
23,23,23,23,23.0,46,0,21
8,7,7,8,7.5,15,1,6
4,2,2,4,3.0,6,2,1
16,25,16,25,20.5,41,9,12
2,19,2,19,10.5,21,17,0
9,1,1,9,5.0,10,8,0
1,11,1,11,6.0,12,10,0
10,7,7,10,8.5,17,3,5
1,4,1,4,2.5,5,3,0
19,44,19,44,31.5,63,25,12
8,22,8,22,15.0,30,14,7
4,1,1,4,2.5,5,3,0
6,1,1,6,3.5,7,5,0
3,4,3,4,3.5,7,1,2
8,8,8,8,8.0,16,0,5
4,1,1,4,2.5,5,3,0
5,1,1,5,3.0,6,4,0
1,23,1,23,12.0,24,22,0
1,5,1,5,3.0,6,4,0
2,5,2,5,3.5,7,3,0
4,1,1,4,2.5,5,3,0
6,4,4,6,5.0,10,2,1
11,4,4,11,7.5,15,7,3
1,15,1,15,8.0,16,14,0
4,1,1,4,2.5,5,3,0
13,1,1,13,7.0,14,12,0
4,1,1,4,2.5,5,3,0
1,5,1,5,3.0,6,4,0
9,9,9,9,9.0,18,0,5
2,5,2,5,3.5,7,3,1
33,50,33,50,41.5,83,17,18
5,2,2,5,3.5,7,3,1
5,5,5,5,5.0,10,0,3
15,9,9,15,12.0,24,6,6
6,5,5,6,5.5,11,1,4
20,24,20,24,22.0,44,4,19
4,1,1,4,2.5,5,3,0
11,13,11,13,12.0,24,2,7
12,12,12,12,12.0,24,0,11
5,4,4,5,4.5,9,1,2
32,32,32,32,32.0,64,0,30
7,6,6,7,6.5,13,1,5
9,14,9,14,11.5,23,5,7
24,21,21,24,22.5,45,3,18
10,19,10,19,14.5,29,9,6
1,6,1,6,3.5,7,5,0
4,1,1,4,2.5,5,3,0
3,7,3,7,5.0,10,4,2
1,5,1,5,3.0,6,4,0
9,1,1,9,5.0,10,8,0
107,22,22,107,64.5,129,85,15
8,1,1,8,4.5,9,7,0
17,1,1,17,9.0,18,16,0
1,5,1,5,3.0,6,4,0
11,31,11,31,21.0,42,20,8
1,77,1,77,39.0,78,76,0
8,1,1,8,4.5,9,7,0
6,2,2,6,4.0,8,4,0
4,15,4,15,9.5,19,11,0
10,9,9,10,9.5,19,1,6
4,1,1,4,2.5,5,3,0
3,5,3,5,4.0,8,2,2
18,28,18,28,23.0,46,10,17
8,3,3,8,5.5,11,5,2
27,18,18,27,22.5,45,9,13
1,12,1,12,6.5,13,11,0
13,13,13,13,13.0,26,0,10
14,25,14,25,19.5,39,11,7
1,4,1,4,2.5,5,3,0
1,19,1,19,10.0,20,18,0
11,15,11,15,13.0,26,4,5
4,9,4,9,6.5,13,5,1
7,6,6,7,6.5,13,1,5
5,2,2,5,3.5,7,3,1
5,1,1,5,3.0,6,4,0
28,24,24,28,26.0,52,4,20
10,1,1,10,5.5,11,9,0
7,8,7,8,7.5,15,1,5
7,7,7,7,7.0,14,0,6
19,18,18,19,18.5,37,1,16
8,6,6,8,7.0,14,2,3
5,5,5,5,5.0,10,0,4
1,6,1,6,3.5,7,5,0
17,4,4,17,10.5,21,13,3
1,5,1,5,3.0,6,4,0
1,7,1,7,4.0,8,6,0
6,7,6,7,6.5,13,1,3
24,24,24,24,24.0,48,0,17
1,4,1,4,2.5,5,3,0
18,22,18,22,20.0,40,4,16
1,5,1,5,3.0,6,4,0
5,2,2,5,3.5,7,3,1
5,1,1,5,3.0,6,4,0
4,1,1,4,2.5,5,3,0
2,43,2,43,22.5,45,41,0
7,1,1,7,4.0,8,6,0
31,55,31,55,43.0,86,24,28
1,105,1,105,53.0,106,104,0
5,1,1,5,3.0,6,4,0
8,7,7,8,7.5,15,1,6
7,5,5,7,6.0,12,2,3
1,105,1,105,53.0,106,104,0
4,5,4,5,4.5,9,1,3
1,6,1,6,3.5,7,5,0
5,5,5,5,5.0,10,0,4
5,1,1,5,3.0,6,4,0
40,26,26,40,33.0,66,14,24
6,2,2,6,4.0,8,4,0
4,1,1,4,2.5,5,3,0
4,1,1,4,2.5,5,3,0
7,1,1,7,4.0,8,6,0
34,36,34,36,35.0,70,2,30
7,4,4,7,5.5,11,3,1
9,20,9,20,14.5,29,11,7
1,28,1,28,14.5,29,27,0
4,2,2,4,3.0,6,2,1
8,1,1,8,4.5,9,7,0
1,4,1,4,2.5,5,3,0
5,1,1,5,3.0,6,4,0
8,8,8,8,8.0,16,0,7
34,32,32,34,33.0,66,2,23
4,4,4,4,4.0,8,0,3
4,1,1,4,2.5,5,3,0
14,15,14,15,14.5,29,1,7
28,22,22,28,25.0,50,6,21
13,8,8,13,10.5,21,5,6
2,16,2,16,9.0,18,14,1
18,14,14,18,16.0,32,4,12
31,11,11,31,21.0,42,20,9
5,1,1,5,3.0,6,4,0
11,8,8,11,9.5,19,3,5
1,4,1,4,2.5,5,3,0
14,1,1,14,7.5,15,13,0
8,1,1,8,4.5,9,7,0
39,35,35,39,37.0,74,4,33
15,21,15,21,18.0,36,6,0
26,25,25,26,25.5,51,1,24
12,13,12,13,12.5,25,1,6
22,2,2,22,12.0,24,20,1
4,4,4,4,4.0,8,0,3
14,7,7,14,10.5,21,7,4
33,33,33,33,33.0,66,0,32
1,5,1,5,3.0,6,4,0
2,4,2,4,3.0,6,2,0
1,4,1,4,2.5,5,3,0
51,24,24,51,37.5,75,27,23
6,1,1,6,3.5,7,5,0
6,1,1,6,3.5,7,5,0
8,4,4,8,6.0,12,4,1
4,5,4,5,4.5,9,1,3
6,2,2,6,4.0,8,4,1
20,17,17,20,18.5,37,3,14
5,2,2,5,3.5,7,3,1
11,9,9,11,10.0,20,2,6
8,30,8,30,19.0,38,22,0
19,21,19,21,20.0,40,2,14
47,45,45,47,46.0,92,2,33
4,2,2,4,3.0,6,2,1
49,51,49,51,50.0,100,2,48
1,4,1,4,2.5,5,3,0
4,8,4,8,6.0,12,4,0
5,1,1,5,3.0,6,4,0
5,6,5,6,5.5,11,1,4
4,1,1,4,2.5,5,3,0
29,23,23,29,26.0,52,6,16
9,21,9,21,15.0,30,12,7
1,13,1,13,7.0,14,12,0
7,1,1,7,4.0,8,6,0
1,6,1,6,3.5,7,5,0
29,4,4,29,16.5,33,25,0
36,39,36,39,37.5,75,3,30
8,10,8,10,9.0,18,2,5
1,6,1,6,3.5,7,5,0
6,1,1,6,3.5,7,5,0
6,5,5,6,5.5,11,1,4
15,11,11,15,13.0,26,4,7
1,8,1,8,4.5,9,7,0
4,1,1,4,2.5,5,3,0
6,5,5,6,5.5,11,1,4
1,9,1,9,5.0,10,8,0
5,2,2,5,3.5,7,3,0
1,9,1,9,5.0,10,8,0
5,4,4,5,4.5,9,1,3
4,6,4,6,5.0,10,2,3
1,10,1,10,5.5,11,9,0
8,47,8,47,27.5,55,39,6
38,28,28,38,33.0,66,10,21
12,1,1,12,6.5,13,11,0
2,6,2,6,4.0,8,4,0
18,14,14,18,16.0,32,4,13
8,6,6,8,7.0,14,2,5
12,9,9,12,10.5,21,3,7
24,34,24,34,29.0,58,10,19
3,13,3,13,8.0,16,10,2
13,13,13,13,13.0,26,0,11
2,7,2,7,4.5,9,5,0
11,1,1,11,6.0,12,10,0
3,9,3,9,6.0,12,6,2
14,17,14,17,15.5,31,3,8
2,4,2,4,3.0,6,2,0
7,6,6,7,6.5,13,1,4
5,2,2,5,3.5,7,3,1
7,1,1,7,4.0,8,6,0
5,3,3,5,4.0,8,2,0
16,11,11,16,13.5,27,5,8
19,15,15,19,17.0,34,4,14
24,24,24,24,24.0,48,0,23
2,15,2,15,8.5,17,13,0
5,7,5,7,6.0,12,2,4
10,7,7,10,8.5,17,3,5
4,1,1,4,2.5,5,3,0
5,1,1,5,3.0,6,4,0
32,33,32,33,32.5,65,1,25
1,10,1,10,5.5,11,9,0
7,31,7,31,19.0,38,24,4
13,6,6,13,9.5,19,7,4
1,5,1,5,3.0,6,4,0
38,24,24,38,31.0,62,14,19
11,4,4,11,7.5,15,7,3
1,48,1,48,24.5,49,47,0
5,1,1,5,3.0,6,4,0
10,17,10,17,13.5,27,7,9
5,8,5,8,6.5,13,3,3
8,8,8,8,8.0,16,0,6
5,1,1,5,3.0,6,4,0
4,6,4,6,5.0,10,2,3
13,16,13,16,14.5,29,3,10
6,7,6,7,6.5,13,1,5
1,7,1,7,4.0,8,6,0
3,16,3,16,9.5,19,13,0
5,6,5,6,5.5,11,1,4
11,9,9,11,10.0,20,2,6
5,4,4,5,4.5,9,1,1
1,8,1,8,4.5,9,7,0
23,13,13,23,18.0,36,10,1
15,8,8,15,11.5,23,7,5
4,1,1,4,2.5,5,3,0
33,32,32,33,32.5,65,1,31
6,6,6,6,6.0,12,0,5
7,10,7,10,8.5,17,3,1
7,7,7,7,7.0,14,0,6
28,33,28,33,30.5,61,5,25
7,4,4,7,5.5,11,3,3
10,13,10,13,11.5,23,3,8
15,14,14,15,14.5,29,1,12
8,6,6,8,7.0,14,2,4
4,4,4,4,4.0,8,0,2
8,7,7,8,7.5,15,1,4
1,23,1,23,12.0,24,22,0
4,3,3,4,3.5,7,1,2
26,26,26,26,26.0,52,0,25
9,8,8,9,8.5,17,1,7
4,2,2,4,3.0,6,2,0
15,20,15,20,17.5,35,5,14
4,1,1,4,2.5,5,3,0
1,88,1,88,44.5,89,87,0
1,5,1,5,3.0,6,4,0
8,8,8,8,8.0,16,0,7
4,5,4,5,4.5,9,1,0
8,9,8,9,8.5,17,1,6
4,6,4,6,5.0,10,2,1
15,15,15,15,15.0,30,0,10
1,7,1,7,4.0,8,6,0
5,1,1,5,3.0,6,4,0
4,1,1,4,2.5,5,3,0
24,27,24,27,25.5,51,3,19
25,49,25,49,37.0,74,24,18
12,9,9,12,10.5,21,3,8
16,22,16,22,19.0,38,6,14
3,4,3,4,3.5,7,1,2
26,27,26,27,26.5,53,1,25
30,34,30,34,32.0,64,4,23
5,1,1,5,3.0,6,4,0
17,15,15,17,16.0,32,2,14
1,7,1,7,4.0,8,6,0
6,8,6,8,7.0,14,2,5
8,7,7,8,7.5,15,1,6
18,4,4,18,11.0,22,14,2
18,41,18,41,29.5,59,23,16
6,1,1,6,3.5,7,5,0
4,4,4,4,4.0,8,0,3
5,8,5,8,6.5,13,3,4
1,6,1,6,3.5,7,5,0
13,10,10,13,11.5,23,3,9
13,17,13,17,15.0,30,4,11
10,2,2,10,6.0,12,8,0
9,6,6,9,7.5,15,3,4
30,27,27,30,28.5,57,3,19
5,4,4,5,4.5,9,1,3
18,8,8,18,13.0,26,10,6
8,9,8,9,8.5,17,1,5
6,6,6,6,6.0,12,0,3
31,30,30,31,30.5,61,1,19
9,5,5,9,7.0,14,4,4
5,1,1,5,3.0,6,4,0
38,31,31,38,34.5,69,7,25
47,26,26,47,36.5,73,21,24
5,5,5,5,5.0,10,0,3
15,13,13,15,14.0,28,2,8
4,1,1,4,2.5,5,3,0
1,28,1,28,14.5,29,27,0
1,5,1,5,3.0,6,4,0
1,7,1,7,4.0,8,6,0
18,8,8,18,13.0,26,10,6
8,7,7,8,7.5,15,1,6
1,9,1,9,5.0,10,8,0
1,6,1,6,3.5,7,5,0
1,16,1,16,8.5,17,15,0
5,1,1,5,3.0,6,4,0
1,12,1,12,6.5,13,11,0
12,1,1,12,6.5,13,11,0
1,11,1,11,6.0,12,10,0
9,8,8,9,8.5,17,1,6
1,5,1,5,3.0,6,4,0
6,7,6,7,6.5,13,1,4
4,1,1,4,2.5,5,3,0
14,4,4,14,9.0,18,10,3
11,11,11,11,11.0,22,0,10
27,22,22,27,24.5,49,5,21
26,27,26,27,26.5,53,1,25
8,5,5,8,6.5,13,3,0
1,25,1,25,13.0,26,24,0
18,18,18,18,18.0,36,0,16
7,8,7,8,7.5,15,1,6
1,4,1,4,2.5,5,3,0
2,5,2,5,3.5,7,3,1
5,2,2,5,3.5,7,3,1
24,39,24,39,31.5,63,15,20
5,2,2,5,3.5,7,3,1
6,10,6,10,8.0,16,4,4
23,24,23,24,23.5,47,1,22
15,12,12,15,13.5,27,3,10
8,3,3,8,5.5,11,5,2
6,6,6,6,6.0,12,0,0
1,23,1,23,12.0,24,22,0
146,19,19,146,82.5,165,127,14
5,6,5,6,5.5,11,1,4
1,6,1,6,3.5,7,5,0
21,32,21,32,26.5,53,11,18
34,24,24,34,29.0,58,10,18
5,1,1,5,3.0,6,4,0
2,6,2,6,4.0,8,4,1
23,53,23,53,38.0,76,30,14
2,6,2,6,4.0,8,4,0
4,3,3,4,3.5,7,1,2
1,7,1,7,4.0,8,6,0
5,6,5,6,5.5,11,1,4
2,20,2,20,11.0,22,18,0
6,2,2,6,4.0,8,4,0
1,7,1,7,4.0,8,6,0
16,38,16,38,27.0,54,22,13
9,1,1,9,5.0,10,8,0
4,5,4,5,4.5,9,1,3
1,4,1,4,2.5,5,3,0
4,5,4,5,4.5,9,1,3
13,12,12,13,12.5,25,1,10
10,3,3,10,6.5,13,7,2
41,88,41,88,64.5,129,47,37
5,1,1,5,3.0,6,4,0
1,4,1,4,2.5,5,3,0
8,8,8,8,8.0,16,0,7
11,13,11,13,12.0,24,2,10
4,1,1,4,2.5,5,3,0
12,7,7,12,9.5,19,5,6
20,29,20,29,24.5,49,9,17
1,30,1,30,15.5,31,29,0
2,5,2,5,3.5,7,3,1
4,1,1,4,2.5,5,3,0
12,9,9,12,10.5,21,3,7
1,6,1,6,3.5,7,5,0
11,11,11,11,11.0,22,0,5
35,22,22,35,28.5,57,13,21
4,2,2,4,3.0,6,2,0
5,4,4,5,4.5,9,1,1
18,1,1,18,9.5,19,17,0
25,24,24,25,24.5,49,1,22
1,12,1,12,6.5,13,11,0
23,23,23,23,23.0,46,0,22
31,30,30,31,30.5,61,1,29
7,7,7,7,7.0,14,0,3
1,12,1,12,6.5,13,11,0
11,11,11,11,11.0,22,0,10
4,4,4,4,4.0,8,0,3
1,8,1,8,4.5,9,7,0
22,23,22,23,22.5,45,1,21
8,15,8,15,11.5,23,7,6
11,1,1,11,6.0,12,10,0
5,7,5,7,6.0,12,2,4
4,9,4,9,6.5,13,5,3
7,3,3,7,5.0,10,4,2
1,5,1,5,3.0,6,4,0
10,12,10,12,11.0,22,2,9
3,6,3,6,4.5,9,3,1
1,4,1,4,2.5,5,3,0
12,21,12,21,16.5,33,9,11
9,6,6,9,7.5,15,3,5
1,6,1,6,3.5,7,5,0
11,11,11,11,11.0,22,0,10
17,14,14,17,15.5,31,3,12
16,13,13,16,14.5,29,3,12
7,7,7,7,7.0,14,0,6
49,45,45,49,47.0,94,4,43
22,24,22,24,23.0,46,2,19
1,15,1,15,8.0,16,14,0
3,7,3,7,5.0,10,4,2
4,4,4,4,4.0,8,0,2
5,7,5,7,6.0,12,2,4
11,11,11,11,11.0,22,0,10
9,3,3,9,6.0,12,6,0
8,1,1,8,4.5,9,7,0
5,5,5,5,5.0,10,0,4
19,31,19,31,25.0,50,12,16
14,14,14,14,14.0,28,0,13
17,14,14,17,15.5,31,3,13
5,3,3,5,4.0,8,2,2
5,5,5,5,5.0,10,0,4
26,4,4,26,15.0,30,22,1
1,40,1,40,20.5,41,39,0
11,10,10,11,10.5,21,1,9
47,45,45,47,46.0,92,2,42
7,7,7,7,7.0,14,0,6
1,5,1,5,3.0,6,4,0
7,7,7,7,7.0,14,0,6
5,4,4,5,4.5,9,1,3
5,1,1,5,3.0,6,4,0
23,23,23,23,23.0,46,0,22
32,33,32,33,32.5,65,1,25
7,5,5,7,6.0,12,2,4
8,7,7,8,7.5,15,1,6
1,23,1,23,12.0,24,22,0
7,7,7,7,7.0,14,0,6
4,4,4,4,4.0,8,0,3
7,7,7,7,7.0,14,0,6
1,5,1,5,3.0,6,4,0
4,2,2,4,3.0,6,2,1
5,1,1,5,3.0,6,4,0
5,4,4,5,4.5,9,1,3
1,6,1,6,3.5,7,5,0
7,2,2,7,4.5,9,5,0
6,1,1,6,3.5,7,5,0
12,2,2,12,7.0,14,10,0
1,4,1,4,2.5,5,3,0
16,9,9,16,12.5,25,7,8
1,11,1,11,6.0,12,10,0
4,2,2,4,3.0,6,2,1
9,1,1,9,5.0,10,8,0
1,4,1,4,2.5,5,3,0
5,7,5,7,6.0,12,2,3
8,6,6,8,7.0,14,2,2
5,1,1,5,3.0,6,4,0
5,6,5,6,5.5,11,1,4
2,105,2,105,53.5,107,103,0
23,11,11,23,17.0,34,12,4
8,4,4,8,6.0,12,4,0
7,8,7,8,7.5,15,1,4
7,1,1,7,4.0,8,6,0
2,6,2,6,4.0,8,4,1
1,6,1,6,3.5,7,5,0
19,18,18,19,18.5,37,1,17
4,2,2,4,3.0,6,2,1
4,1,1,4,2.5,5,3,0
7,2,2,7,4.5,9,5,0
2,12,2,12,7.0,14,10,1
1,5,1,5,3.0,6,4,0
6,5,5,6,5.5,11,1,3
7,9,7,9,8.0,16,2,3
9,7,7,9,8.0,16,2,1
31,29,29,31,30.0,60,2,20
6,5,5,6,5.5,11,1,2
7,1,1,7,4.0,8,6,0
14,10,10,14,12.0,24,4,6
8,1,1,8,4.5,9,7,0
2,6,2,6,4.0,8,4,0
4,1,1,4,2.5,5,3,0
8,8,8,8,8.0,16,0,6
4,3,3,4,3.5,7,1,2
5,9,5,9,7.0,14,4,3
9,11,9,11,10.0,20,2,8
4,2,2,4,3.0,6,2,1
11,23,11,23,17.0,34,12,8
2,6,2,6,4.0,8,4,0
17,15,15,17,16.0,32,2,11
8,2,2,8,5.0,10,6,1
2,4,2,4,3.0,6,2,1
5,4,4,5,4.5,9,1,3
1,22,1,22,11.5,23,21,0
16,14,14,16,15.0,30,2,8
3,4,3,4,3.5,7,1,2
1,19,1,19,10.0,20,18,0
12,1,1,12,6.5,13,11,0
49,25,25,49,37.0,74,24,24
6,5,5,6,5.5,11,1,0
1,5,1,5,3.0,6,4,0
5,8,5,8,6.5,13,3,2
5,5,5,5,5.0,10,0,4
1,4,1,4,2.5,5,3,0
4,6,4,6,5.0,10,2,1
1,4,1,4,2.5,5,3,0
5,4,4,5,4.5,9,1,3
12,1,1,12,6.5,13,11,0
8,8,8,8,8.0,16,0,3
1,11,1,11,6.0,12,10,0
4,1,1,4,2.5,5,3,0
15,26,15,26,20.5,41,11,14
1,11,1,11,6.0,12,10,0
32,32,32,32,32.0,64,0,30
2,5,2,5,3.5,7,3,0
4,1,1,4,2.5,5,3,0
18,19,18,19,18.5,37,1,17
1,4,1,4,2.5,5,3,0
1,13,1,13,7.0,14,12,0
6,6,6,6,6.0,12,0,5
1,5,1,5,3.0,6,4,0
4,2,2,4,3.0,6,2,1
5,1,1,5,3.0,6,4,0
34,36,34,36,35.0,70,2,32
22,23,22,23,22.5,45,1,17
8,8,8,8,8.0,16,0,7
4,1,1,4,2.5,5,3,0
1,6,1,6,3.5,7,5,0
1,4,1,4,2.5,5,3,0
5,6,5,6,5.5,11,1,3
5,8,5,8,6.5,13,3,4
1,6,1,6,3.5,7,5,0
26,28,26,28,27.0,54,2,20
13,15,13,15,14.0,28,2,12
8,1,1,8,4.5,9,7,0
1,5,1,5,3.0,6,4,0
5,2,2,5,3.5,7,3,1
2,14,2,14,8.0,16,12,0
7,1,1,7,4.0,8,6,0
8,7,7,8,7.5,15,1,6
1,7,1,7,4.0,8,6,0
8,5,5,8,6.5,13,3,1
51,38,38,51,44.5,89,13,19
15,15,15,15,15.0,30,0,12
4,1,1,4,2.5,5,3,0
4,4,4,4,4.0,8,0,3
17,11,11,17,14.0,28,6,8
2,4,2,4,3.0,6,2,0
4,8,4,8,6.0,12,4,0
1,4,1,4,2.5,5,3,0
5,1,1,5,3.0,6,4,0
20,19,19,20,19.5,39,1,17
18,16,16,18,17.0,34,2,14
1,4,1,4,2.5,5,3,0
12,13,12,13,12.5,25,1,10
19,16,16,19,17.5,35,3,14
4,1,1,4,2.5,5,3,0
11,10,10,11,10.5,21,1,9
5,5,5,5,5.0,10,0,0
9,11,9,11,10.0,20,2,8
5,5,5,5,5.0,10,0,4
5,5,5,5,5.0,10,0,4
12,8,8,12,10.0,20,4,7
5,2,2,5,3.5,7,3,1
5,1,1,5,3.0,6,4,0
1,5,1,5,3.0,6,4,0
6,9,6,9,7.5,15,3,5
36,16,16,36,26.0,52,20,11
21,18,18,21,19.5,39,3,16
1,9,1,9,5.0,10,8,0
6,1,1,6,3.5,7,5,0
33,29,29,33,31.0,62,4,22
20,8,8,20,14.0,28,12,5
3,5,3,5,4.0,8,2,2
2,5,2,5,3.5,7,3,0
1,8,1,8,4.5,9,7,0
1,7,1,7,4.0,8,6,0
1,6,1,6,3.5,7,5,0
34,17,17,34,25.5,51,17,13
28,35,28,35,31.5,63,7,18
1,11,1,11,6.0,12,10,0
28,23,23,28,25.5,51,5,21
5,10,5,10,7.5,15,5,4
5,1,1,5,3.0,6,4,0
11,14,11,14,12.5,25,3,9
4,1,1,4,2.5,5,3,0
4,1,1,4,2.5,5,3,0
2,20,2,20,11.0,22,18,1
4,5,4,5,4.5,9,1,3
11,12,11,12,11.5,23,1,8
4,1,1,4,2.5,5,3,0
4,1,1,4,2.5,5,3,0
5,1,1,5,3.0,6,4,0
6,5,5,6,5.5,11,1,4
1,7,1,7,4.0,8,6,0
4,4,4,4,4.0,8,0,3
1,5,1,5,3.0,6,4,0
4,1,1,4,2.5,5,3,0
4,14,4,14,9.0,18,10,2
1,36,1,36,18.5,37,35,0
4,6,4,6,5.0,10,2,3
4,1,1,4,2.5,5,3,0
8,7,7,8,7.5,15,1,5
1,5,1,5,3.0,6,4,0
4,3,3,4,3.5,7,1,2
2,4,2,4,3.0,6,2,1
13,21,13,21,17.0,34,8,6
7,11,7,11,9.0,18,4,5
5,4,4,5,4.5,9,1,2
6,6,6,6,6.0,12,0,5
1,30,1,30,15.5,31,29,0
7,16,7,16,11.5,23,9,6
5,1,1,5,3.0,6,4,0
12,14,12,14,13.0,26,2,11
15,14,14,15,14.5,29,1,12
42,29,29,42,35.5,71,13,25
1,4,1,4,2.5,5,3,0
27,1,1,27,14.0,28,26,0
27,26,26,27,26.5,53,1,25
1,44,1,44,22.5,45,43,0
31,28,28,31,29.5,59,3,25
4,1,1,4,2.5,5,3,0
5,5,5,5,5.0,10,0,4
4,1,1,4,2.5,5,3,0
2,4,2,4,3.0,6,2,1
1,7,1,7,4.0,8,6,0
13,12,12,13,12.5,25,1,11
13,7,7,13,10.0,20,6,6
15,10,10,15,12.5,25,5,9
4,4,4,4,4.0,8,0,3
8,7,7,8,7.5,15,1,5
2,7,2,7,4.5,9,5,1
1,18,1,18,9.5,19,17,0
4,1,1,4,2.5,5,3,0
11,3,3,11,7.0,14,8,2
5,1,1,5,3.0,6,4,0
11,8,8,11,9.5,19,3,5
8,5,5,8,6.5,13,3,4
3,8,3,8,5.5,11,5,2
7,6,6,7,6.5,13,1,4
4,1,1,4,2.5,5,3,0
4,1,1,4,2.5,5,3,0
33,33,33,33,33.0,66,0,26
11,10,10,11,10.5,21,1,6
4,5,4,5,4.5,9,1,3
1,6,1,6,3.5,7,5,0
4,8,4,8,6.0,12,4,1
10,8,8,10,9.0,18,2,6
5,2,2,5,3.5,7,3,1
24,25,24,25,24.5,49,1,23
36,43,36,43,39.5,79,7,31
1,7,1,7,4.0,8,6,0
6,4,4,6,5.0,10,2,3
4,4,4,4,4.0,8,0,2
13,2,2,13,7.5,15,11,0
4,6,4,6,5.0,10,2,3
5,1,1,5,3.0,6,4,0
1,36,1,36,18.5,37,35,0
1,22,1,22,11.5,23,21,0
4,1,1,4,2.5,5,3,0
7,6,6,7,6.5,13,1,4
26,26,26,26,26.0,52,0,25
4,4,4,4,4.0,8,0,2
6,6,6,6,6.0,12,0,5
3,4,3,4,3.5,7,1,2
5,1,1,5,3.0,6,4,0
4,1,1,4,2.5,5,3,0
8,10,8,10,9.0,18,2,7
5,1,1,5,3.0,6,4,0
9,9,9,9,9.0,18,0,7
22,20,20,22,21.0,42,2,19
1,6,1,6,3.5,7,5,0
32,33,32,33,32.5,65,1,31
7,8,7,8,7.5,15,1,6
7,6,6,7,6.5,13,1,5
5,1,1,5,3.0,6,4,0
1,11,1,11,6.0,12,10,0
24,24,24,24,24.0,48,0,23
2,4,2,4,3.0,6,2,1
11,13,11,13,12.0,24,2,10
4,16,4,16,10.0,20,12,3
3,11,3,11,7.0,14,8,2
1,7,1,7,4.0,8,6,0
17,17,17,17,17.0,34,0,13
15,1,1,15,8.0,16,14,0
45,23,23,45,34.0,68,22,21
1,24,1,24,12.5,25,23,0
24,34,24,34,29.0,58,10,19
24,20,20,24,22.0,44,4,17
19,21,19,21,20.0,40,2,14
1,8,1,8,4.5,9,7,0
1,6,1,6,3.5,7,5,0
1,8,1,8,4.5,9,7,0
8,17,8,17,12.5,25,9,6
6,8,6,8,7.0,14,2,5
2,10,2,10,6.0,12,8,1
2,5,2,5,3.5,7,3,1
15,13,13,15,14.0,28,2,12
6,6,6,6,6.0,12,0,5
7,5,5,7,6.0,12,2,1
32,32,32,32,32.0,64,0,30
5,8,5,8,6.5,13,3,3
6,5,5,6,5.5,11,1,4
12,8,8,12,10.0,20,4,3
6,1,1,6,3.5,7,5,0
15,2,2,15,8.5,17,13,0
41,39,39,41,40.0,80,2,35
9,10,9,10,9.5,19,1,8
4,4,4,4,4.0,8,0,1
5,5,5,5,5.0,10,0,0
15,56,15,56,35.5,71,41,11
4,4,4,4,4.0,8,0,3
19,5,5,19,12.0,24,14,0
21,10,10,21,15.5,31,11,8
6,1,1,6,3.5,7,5,0
19,31,19,31,25.0,50,12,10
12,1,1,12,6.5,13,11,0
7,8,7,8,7.5,15,1,5
4,1,1,4,2.5,5,3,0
5,5,5,5,5.0,10,0,4
7,8,7,8,7.5,15,1,5
5,5,5,5,5.0,10,0,2
1,8,1,8,4.5,9,7,0
1,7,1,7,4.0,8,6,0
6,5,5,6,5.5,11,1,1
3,4,3,4,3.5,7,1,2
11,4,4,11,7.5,15,7,2
10,1,1,10,5.5,11,9,0
7,1,1,7,4.0,8,6,0
6,4,4,6,5.0,10,2,2
6,1,1,6,3.5,7,5,0
16,14,14,16,15.0,30,2,13
6,1,1,6,3.5,7,5,0
4,1,1,4,2.5,5,3,0
1,6,1,6,3.5,7,5,0
1,4,1,4,2.5,5,3,0
4,1,1,4,2.5,5,3,0
10,9,9,10,9.5,19,1,8
1,8,1,8,4.5,9,7,0
26,5,5,26,15.5,31,21,0
4,5,4,5,4.5,9,1,2
4,5,4,5,4.5,9,1,0
11,1,1,11,6.0,12,10,0
26,17,17,26,21.5,43,9,0
2,4,2,4,3.0,6,2,1
7,10,7,10,8.5,17,3,4
6,1,1,6,3.5,7,5,0
1,39,1,39,20.0,40,38,0
2,8,2,8,5.0,10,6,0
15,1,1,15,8.0,16,14,0
1,14,1,14,7.5,15,13,0
1,8,1,8,4.5,9,7,0
2,5,2,5,3.5,7,3,1
11,10,10,11,10.5,21,1,7
12,10,10,12,11.0,22,2,0
23,16,16,23,19.5,39,7,13
11,13,11,13,12.0,24,2,10
24,22,22,24,23.0,46,2,14
1,8,1,8,4.5,9,7,0
10,8,8,10,9.0,18,2,4
51,49,49,51,50.0,100,2,30
7,12,7,12,9.5,19,5,6
4,10,4,10,7.0,14,6,3
8,10,8,10,9.0,18,2,7
6,2,2,6,4.0,8,4,0
4,1,1,4,2.5,5,3,0
19,13,13,19,16.0,32,6,7
13,8,8,13,10.5,21,5,6
7,7,7,7,7.0,14,0,6
21,20,20,21,20.5,41,1,18
6,14,6,14,10.0,20,8,1
10,10,10,10,10.0,20,0,7
1,6,1,6,3.5,7,5,0
7,7,7,7,7.0,14,0,6
7,20,7,20,13.5,27,13,0
18,18,18,18,18.0,36,0,17
13,13,13,13,13.0,26,0,12
1,11,1,11,6.0,12,10,0
1,4,1,4,2.5,5,3,0
3,4,3,4,3.5,7,1,2
7,11,7,11,9.0,18,4,6
1,4,1,4,2.5,5,3,0
1,11,1,11,6.0,12,10,0
21,44,21,44,32.5,65,23,14
4,12,4,12,8.0,16,8,1
1,40,1,40,20.5,41,39,0
1,4,1,4,2.5,5,3,0
5,5,5,5,5.0,10,0,4
49,46,46,49,47.5,95,3,36
7,1,1,7,4.0,8,6,0
12,16,12,16,14.0,28,4,6
4,1,1,4,2.5,5,3,0
4,1,1,4,2.5,5,3,0
4,1,1,4,2.5,5,3,0
5,2,2,5,3.5,7,3,0
6,4,4,6,5.0,10,2,1
10,8,8,10,9.0,18,2,5
2,4,2,4,3.0,6,2,1
1,5,1,5,3.0,6,4,0
12,5,5,12,8.5,17,7,4
8,3,3,8,5.5,11,5,2
13,14,13,14,13.5,27,1,12
8,7,7,8,7.5,15,1,6
6,14,6,14,10.0,20,8,4
16,19,16,19,17.5,35,3,14
6,1,1,6,3.5,7,5,0
12,9,9,12,10.5,21,3,8
5,5,5,5,5.0,10,0,4
27,22,22,27,24.5,49,5,19
7,10,7,10,8.5,17,3,6
7,5,5,7,6.0,12,2,2
20,21,20,21,20.5,41,1,14
5,5,5,5,5.0,10,0,3
12,12,12,12,12.0,24,0,11
15,15,15,15,15.0,30,0,10
6,8,6,8,7.0,14,2,5
7,7,7,7,7.0,14,0,0
38,49,38,49,43.5,87,11,19
1,4,1,4,2.5,5,3,0
7,9,7,9,8.0,16,2,6
13,13,13,13,13.0,26,0,10
1,5,1,5,3.0,6,4,0
4,4,4,4,4.0,8,0,3
23,21,21,23,22.0,44,2,20
5,4,4,5,4.5,9,1,3
4,1,1,4,2.5,5,3,0
6,1,1,6,3.5,7,5,0
4,1,1,4,2.5,5,3,0
6,6,6,6,6.0,12,0,5
1,33,1,33,17.0,34,32,0
20,10,10,20,15.0,30,10,9
4,1,1,4,2.5,5,3,0
6,7,6,7,6.5,13,1,5
1,5,1,5,3.0,6,4,0
43,41,41,43,42.0,84,2,40
12,12,12,12,12.0,24,0,11
20,41,20,41,30.5,61,21,16
4,1,1,4,2.5,5,3,0
37,22,22,37,29.5,59,15,16
11,7,7,11,9.0,18,4,6
1,9,1,9,5.0,10,8,0
1,4,1,4,2.5,5,3,0
7,13,7,13,10.0,20,6,5
42,10,10,42,26.0,52,32,9
5,4,4,5,4.5,9,1,2
4,1,1,4,2.5,5,3,0
5,4,4,5,4.5,9,1,3
7,7,7,7,7.0,14,0,1
5,1,1,5,3.0,6,4,0
26,26,26,26,26.0,52,0,25
12,2,2,12,7.0,14,10,0
4,1,1,4,2.5,5,3,0
19,19,19,19,19.0,38,0,18
1,4,1,4,2.5,5,3,0
8,7,7,8,7.5,15,1,6
23,18,18,23,20.5,41,5,11
40,23,23,40,31.5,63,17,19
1,10,1,10,5.5,11,9,0
8,8,8,8,8.0,16,0,7
8,2,2,8,5.0,10,6,1
4,4,4,4,4.0,8,0,3
18,23,18,23,20.5,41,5,16
7,6,6,7,6.5,13,1,5
1,24,1,24,12.5,25,23,0
4,1,1,4,2.5,5,3,0
4,5,4,5,4.5,9,1,3
1,4,1,4,2.5,5,3,0
4,1,1,4,2.5,5,3,0
9,1,1,9,5.0,10,8,0
1,6,1,6,3.5,7,5,0
1,7,1,7,4.0,8,6,0
11,1,1,11,6.0,12,10,0
11,10,10,11,10.5,21,1,6
11,4,4,11,7.5,15,7,2
5,4,4,5,4.5,9,1,3
2,4,2,4,3.0,6,2,1
23,18,18,23,20.5,41,5,17
4,1,1,4,2.5,5,3,0
4,55,4,55,29.5,59,51,0
4,3,3,4,3.5,7,1,2
6,6,6,6,6.0,12,0,4
25,23,23,25,24.0,48,2,22
3,5,3,5,4.0,8,2,2
13,13,13,13,13.0,26,0,12
5,2,2,5,3.5,7,3,1
12,10,10,12,11.0,22,2,8
4,4,4,4,4.0,8,0,3
5,1,1,5,3.0,6,4,0
7,2,2,7,4.5,9,5,0
4,2,2,4,3.0,6,2,1
9,1,1,9,5.0,10,8,0
8,1,1,8,4.5,9,7,0
7,5,5,7,6.0,12,2,2
8,1,1,8,4.5,9,7,0
18,17,17,18,17.5,35,1,14
9,11,9,11,10.0,20,2,7
10,15,10,15,12.5,25,5,6
6,6,6,6,6.0,12,0,3
19,31,19,31,25.0,50,12,15
32,24,24,32,28.0,56,8,18
2,22,2,22,12.0,24,20,1
8,5,5,8,6.5,13,3,3
4,5,4,5,4.5,9,1,3
1,8,1,8,4.5,9,7,0
9,9,9,9,9.0,18,0,8
3,5,3,5,4.0,8,2,0
5,9,5,9,7.0,14,4,1
27,26,26,27,26.5,53,1,25
9,1,1,9,5.0,10,8,0
1,28,1,28,14.5,29,27,0
13,10,10,13,11.5,23,3,9
6,1,1,6,3.5,7,5,0
6,6,6,6,6.0,12,0,4
2,12,2,12,7.0,14,10,0
17,17,17,17,17.0,34,0,16
1,5,1,5,3.0,6,4,0
1,21,1,21,11.0,22,20,0
7,7,7,7,7.0,14,0,1
28,25,25,28,26.5,53,3,24
1,10,1,10,5.5,11,9,0
7,6,6,7,6.5,13,1,5
2,12,2,12,7.0,14,10,0
5,1,1,5,3.0,6,4,0
8,7,7,8,7.5,15,1,6
12,14,12,14,13.0,26,2,11
1,6,1,6,3.5,7,5,0
11,1,1,11,6.0,12,10,0
31,36,31,36,33.5,67,5,28
11,12,11,12,11.5,23,1,8
2,8,2,8,5.0,10,6,1
5,1,1,5,3.0,6,4,0
7,66,7,66,36.5,73,59,3
9,9,9,9,9.0,18,0,8
5,1,1,5,3.0,6,4,0
1,7,1,7,4.0,8,6,0
5,5,5,5,5.0,10,0,2
19,11,11,19,15.0,30,8,9
1,8,1,8,4.5,9,7,0
20,44,20,44,32.0,64,24,19
24,38,24,38,31.0,62,14,19
5,1,1,5,3.0,6,4,0
47,39,39,47,43.0,86,8,34
8,5,5,8,6.5,13,3,4
6,10,6,10,8.0,16,4,5
4,4,4,4,4.0,8,0,2
4,1,1,4,2.5,5,3,0
6,7,6,7,6.5,13,1,5
18,12,12,18,15.0,30,6,9
31,33,31,33,32.0,64,2,30
1,4,1,4,2.5,5,3,0
7,7,7,7,7.0,14,0,6
41,45,41,45,43.0,86,4,31
36,14,14,36,25.0,50,22,13
12,10,10,12,11.0,22,2,9
5,1,1,5,3.0,6,4,0
25,25,25,25,25.0,50,0,8
6,6,6,6,6.0,12,0,5
1,10,1,10,5.5,11,9,0
1,4,1,4,2.5,5,3,0
12,11,11,12,11.5,23,1,8
4,1,1,4,2.5,5,3,0
5,3,3,5,4.0,8,2,1
2,4,2,4,3.0,6,2,1
8,1,1,8,4.5,9,7,0
15,14,14,15,14.5,29,1,12
1,6,1,6,3.5,7,5,0
1,6,1,6,3.5,7,5,0
4,2,2,4,3.0,6,2,0
4,13,4,13,8.5,17,9,0
7,10,7,10,8.5,17,3,3
8,11,8,11,9.5,19,3,7
13,6,6,13,9.5,19,7,5
4,1,1,4,2.5,5,3,0
31,27,27,31,29.0,58,4,19
4,1,1,4,2.5,5,3,0
1,5,1,5,3.0,6,4,0
1,5,1,5,3.0,6,4,0
4,12,4,12,8.0,16,8,3
1,11,1,11,6.0,12,10,0
12,20,12,20,16.0,32,8,10
12,1,1,12,6.5,13,11,0
7,6,6,7,6.5,13,1,5
1,16,1,16,8.5,17,15,0
1,5,1,5,3.0,6,4,0
36,45,36,45,40.5,81,9,33
1,4,1,4,2.5,5,3,0
13,43,13,43,28.0,56,30,12
1,5,1,5,3.0,6,4,0
15,17,15,17,16.0,32,2,14
21,18,18,21,19.5,39,3,14
5,5,5,5,5.0,10,0,4
1,19,1,19,10.0,20,18,0
6,6,6,6,6.0,12,0,5
30,21,21,30,25.5,51,9,18
2,4,2,4,3.0,6,2,1
12,12,12,12,12.0,24,0,11
2,5,2,5,3.5,7,3,1
10,5,5,10,7.5,15,5,4
9,10,9,10,9.5,19,1,7
21,20,20,21,20.5,41,1,18
1,4,1,4,2.5,5,3,0
2,12,2,12,7.0,14,10,1
10,9,9,10,9.5,19,1,8
5,7,5,7,6.0,12,2,4
18,21,18,21,19.5,39,3,17
24,27,24,27,25.5,51,3,20
4,1,1,4,2.5,5,3,0
27,28,27,28,27.5,55,1,20
5,8,5,8,6.5,13,3,3
4,5,4,5,4.5,9,1,3
13,1,1,13,7.0,14,12,0
8,11,8,11,9.5,19,3,0
7,4,4,7,5.5,11,3,2
6,2,2,6,4.0,8,4,1
17,17,17,17,17.0,34,0,12
1,7,1,7,4.0,8,6,0
4,1,1,4,2.5,5,3,0
5,1,1,5,3.0,6,4,0
1,9,1,9,5.0,10,8,0
18,18,18,18,18.0,36,0,17
23,12,12,23,17.5,35,11,4
1,5,1,5,3.0,6,4,0
24,20,20,24,22.0,44,4,17
5,4,4,5,4.5,9,1,3
8,8,8,8,8.0,16,0,2
5,7,5,7,6.0,12,2,4
8,9,8,9,8.5,17,1,3
17,75,17,75,46.0,92,58,7
27,28,27,28,27.5,55,1,26
12,17,12,17,14.5,29,5,6
10,8,8,10,9.0,18,2,6
4,1,1,4,2.5,5,3,0
9,12,9,12,10.5,21,3,8
3,13,3,13,8.0,16,10,0
1,4,1,4,2.5,5,3,0
22,17,17,22,19.5,39,5,16
7,7,7,7,7.0,14,0,6
17,7,7,17,12.0,24,10,5
19,39,19,39,29.0,58,20,16
2,4,2,4,3.0,6,2,1
1,20,1,20,10.5,21,19,0
61,19,19,61,40.0,80,42,8
25,33,25,33,29.0,58,8,17
7,1,1,7,4.0,8,6,0
66,23,23,66,44.5,89,43,20
1,4,1,4,2.5,5,3,0
5,6,5,6,5.5,11,1,0
4,1,1,4,2.5,5,3,0
14,15,14,15,14.5,29,1,11
1,10,1,10,5.5,11,9,0
15,15,15,15,15.0,30,0,14
5,1,1,5,3.0,6,4,0
7,9,7,9,8.0,16,2,6
6,5,5,6,5.5,11,1,4
34,41,34,41,37.5,75,7,27
1,5,1,5,3.0,6,4,0
1,30,1,30,15.5,31,29,0
8,8,8,8,8.0,16,0,3
24,20,20,24,22.0,44,4,19
5,5,5,5,5.0,10,0,4
5,5,5,5,5.0,10,0,3
1,5,1,5,3.0,6,4,0
10,15,10,15,12.5,25,5,8
4,1,1,4,2.5,5,3,0
6,17,6,17,11.5,23,11,4
24,3,3,24,13.5,27,21,0
1,7,1,7,4.0,8,6,0
11,11,11,11,11.0,22,0,10
12,3,3,12,7.5,15,9,0
1,14,1,14,7.5,15,13,0
4,1,1,4,2.5,5,3,0
9,17,9,17,13.0,26,8,7
1,5,1,5,3.0,6,4,0
3,33,3,33,18.0,36,30,1
13,13,13,13,13.0,26,0,12
4,4,4,4,4.0,8,0,3
5,4,4,5,4.5,9,1,2
8,14,8,14,11.0,22,6,6
18,9,9,18,13.5,27,9,7
6,11,6,11,8.5,17,5,4
28,22,22,28,25.0,50,6,10
34,28,28,34,31.0,62,6,10
14,10,10,14,12.0,24,4,8
33,15,15,33,24.0,48,18,14
5,1,1,5,3.0,6,4,0
10,12,10,12,11.0,22,2,9
5,5,5,5,5.0,10,0,3
6,8,6,8,7.0,14,2,4
3,18,3,18,10.5,21,15,0
8,2,2,8,5.0,10,6,1
4,4,4,4,4.0,8,0,3
10,10,10,10,10.0,20,0,5
4,5,4,5,4.5,9,1,3
25,7,7,25,16.0,32,18,6
1,16,1,16,8.5,17,15,0
4,1,1,4,2.5,5,3,0
1,5,1,5,3.0,6,4,0
6,1,1,6,3.5,7,5,0
31,32,31,32,31.5,63,1,30
2,105,2,105,53.5,107,103,0
1,5,1,5,3.0,6,4,0
8,9,8,9,8.5,17,1,6
5,5,5,5,5.0,10,0,4
43,42,42,43,42.5,85,1,40
12,13,12,13,12.5,25,1,10
5,1,1,5,3.0,6,4,0
15,10,10,15,12.5,25,5,9
7,1,1,7,4.0,8,6,0
1,5,1,5,3.0,6,4,0
1,4,1,4,2.5,5,3,0
3,5,3,5,4.0,8,2,0
4,1,1,4,2.5,5,3,0
37,27,27,37,32.0,64,10,25
7,11,7,11,9.0,18,4,1
1,5,1,5,3.0,6,4,0
1,5,1,5,3.0,6,4,0
4,6,4,6,5.0,10,2,2
6,6,6,6,6.0,12,0,4
5,4,4,5,4.5,9,1,3
10,16,10,16,13.0,26,6,9
10,11,10,11,10.5,21,1,8
6,5,5,6,5.5,11,1,4
1,4,1,4,2.5,5,3,0
17,31,17,31,24.0,48,14,11
5,1,1,5,3.0,6,4,0
5,5,5,5,5.0,10,0,4
3,6,3,6,4.5,9,3,2
4,1,1,4,2.5,5,3,0
19,20,19,20,19.5,39,1,18
1,4,1,4,2.5,5,3,0
22,15,15,22,18.5,37,7,14
2,4,2,4,3.0,6,2,0
3,5,3,5,4.0,8,2,2
14,11,11,14,12.5,25,3,10
23,39,23,39,31.0,62,16,16
11,11,11,11,11.0,22,0,10
10,1,1,10,5.5,11,9,0
9,10,9,10,9.5,19,1,5
10,9,9,10,9.5,19,1,7
11,6,6,11,8.5,17,5,0
8,12,8,12,10.0,20,4,7
3,4,3,4,3.5,7,1,2
6,1,1,6,3.5,7,5,0
7,2,2,7,4.5,9,5,0
6,6,6,6,6.0,12,0,5
13,14,13,14,13.5,27,1,12
5,6,5,6,5.5,11,1,4
20,18,18,20,19.0,38,2,17
18,17,17,18,17.5,35,1,14
8,1,1,8,4.5,9,7,0
1,4,1,4,2.5,5,3,0
2,4,2,4,3.0,6,2,1
1,19,1,19,10.0,20,18,0
12,11,11,12,11.5,23,1,10
1,8,1,8,4.5,9,7,0
4,1,1,4,2.5,5,3,0
7,7,7,7,7.0,14,0,6
5,1,1,5,3.0,6,4,0
8,14,8,14,11.0,22,6,5
18,17,17,18,17.5,35,1,15
1,5,1,5,3.0,6,4,0
6,6,6,6,6.0,12,0,5
8,10,8,10,9.0,18,2,5
5,1,1,5,3.0,6,4,0
2,4,2,4,3.0,6,2,1
23,24,23,24,23.5,47,1,22
3,8,3,8,5.5,11,5,2
4,5,4,5,4.5,9,1,3
1,6,1,6,3.5,7,5,0
41,41,41,41,41.0,82,0,30
7,1,1,7,4.0,8,6,0
12,17,12,17,14.5,29,5,10
1,4,1,4,2.5,5,3,0
9,8,8,9,8.5,17,1,7
7,5,5,7,6.0,12,2,4
6,1,1,6,3.5,7,5,0
4,4,4,4,4.0,8,0,3
5,10,5,10,7.5,15,5,1
1,8,1,8,4.5,9,7,0
1,4,1,4,2.5,5,3,0
17,16,16,17,16.5,33,1,13
23,1,1,23,12.0,24,22,0
1,4,1,4,2.5,5,3,0
11,12,11,12,11.5,23,1,10
1,4,1,4,2.5,5,3,0
1,7,1,7,4.0,8,6,0
1,5,1,5,3.0,6,4,0
5,5,5,5,5.0,10,0,3
6,5,5,6,5.5,11,1,4
4,1,1,4,2.5,5,3,0
1,11,1,11,6.0,12,10,0
1,88,1,88,44.5,89,87,0
21,20,20,21,20.5,41,1,18
4,1,1,4,2.5,5,3,0
5,1,1,5,3.0,6,4,0
5,3,3,5,4.0,8,2,2
4,4,4,4,4.0,8,0,3
7,7,7,7,7.0,14,0,5
14,14,14,14,14.0,28,0,13
27,27,27,27,27.0,54,0,21
15,12,12,15,13.5,27,3,9
4,2,2,4,3.0,6,2,1
5,1,1,5,3.0,6,4,0
1,4,1,4,2.5,5,3,0
5,5,5,5,5.0,10,0,4
5,1,1,5,3.0,6,4,0
5,2,2,5,3.5,7,3,0
3,5,3,5,4.0,8,2,2
1,4,1,4,2.5,5,3,0
20,17,17,20,18.5,37,3,10
1,4,1,4,2.5,5,3,0
39,21,21,39,30.0,60,18,19
19,21,19,21,20.0,40,2,16
2,12,2,12,7.0,14,10,0
1,5,1,5,3.0,6,4,0
45,43,43,45,44.0,88,2,33
4,6,4,6,5.0,10,2,3
17,15,15,17,16.0,32,2,13
4,4,4,4,4.0,8,0,1
17,19,17,19,18.0,36,2,16
5,5,5,5,5.0,10,0,2
8,9,8,9,8.5,17,1,4
1,17,1,17,9.0,18,16,0
21,20,20,21,20.5,41,1,19
6,6,6,6,6.0,12,0,5
1,77,1,77,39.0,78,76,0
4,5,4,5,4.5,9,1,3
4,1,1,4,2.5,5,3,0
8,2,2,8,5.0,10,6,0
18,22,18,22,20.0,40,4,17
10,12,10,12,11.0,22,2,5
1,4,1,4,2.5,5,3,0
5,4,4,5,4.5,9,1,2
13,8,8,13,10.5,21,5,6
13,13,13,13,13.0,26,0,10
13,12,12,13,12.5,25,1,0
10,1,1,10,5.5,11,9,0
10,4,4,10,7.0,14,6,0
1,7,1,7,4.0,8,6,0
6,1,1,6,3.5,7,5,0
9,19,9,19,14.0,28,10,7
2,6,2,6,4.0,8,4,1
4,1,1,4,2.5,5,3,0
1,4,1,4,2.5,5,3,0
32,40,32,40,36.0,72,8,16
4,4,4,4,4.0,8,0,3
5,6,5,6,5.5,11,1,4
9,10,9,10,9.5,19,1,8
1,4,1,4,2.5,5,3,0
7,9,7,9,8.0,16,2,6
5,5,5,5,5.0,10,0,4
4,2,2,4,3.0,6,2,1
17,18,17,18,17.5,35,1,16
32,41,32,41,36.5,73,9,30
1,6,1,6,3.5,7,5,0
4,22,4,22,13.0,26,18,1
5,5,5,5,5.0,10,0,1
7,12,7,12,9.5,19,5,4
1,5,1,5,3.0,6,4,0
1,4,1,4,2.5,5,3,0
10,11,10,11,10.5,21,1,9
4,7,4,7,5.5,11,3,3
14,8,8,14,11.0,22,6,7
1,17,1,17,9.0,18,16,0
12,49,12,49,30.5,61,37,11
23,13,13,23,18.0,36,10,9
1,8,1,8,4.5,9,7,0
6,7,6,7,6.5,13,1,5
49,51,49,51,50.0,100,2,48
4,4,4,4,4.0,8,0,2
1,5,1,5,3.0,6,4,0
20,20,20,20,20.0,40,0,18
14,15,14,15,14.5,29,1,11
2,5,2,5,3.5,7,3,0
5,4,4,5,4.5,9,1,3
1,5,1,5,3.0,6,4,0
31,32,31,32,31.5,63,1,29
4,6,4,6,5.0,10,2,2
1,8,1,8,4.5,9,7,0
7,4,4,7,5.5,11,3,0
8,1,1,8,4.5,9,7,0
5,5,5,5,5.0,10,0,4
17,18,17,18,17.5,35,1,12
6,1,1,6,3.5,7,5,0
4,4,4,4,4.0,8,0,1
6,4,4,6,5.0,10,2,3
1,105,1,105,53.0,106,104,0
14,11,11,14,12.5,25,3,10
5,6,5,6,5.5,11,1,4
4,1,1,4,2.5,5,3,0
1,8,1,8,4.5,9,7,0
15,14,14,15,14.5,29,1,12
7,9,7,9,8.0,16,2,4
20,18,18,20,19.0,38,2,17
2,4,2,4,3.0,6,2,1
8,8,8,8,8.0,16,0,7
8,19,8,19,13.5,27,11,5
7,6,6,7,6.5,13,1,5
4,1,1,4,2.5,5,3,0
16,23,16,23,19.5,39,7,12
1,4,1,4,2.5,5,3,0
11,2,2,11,6.5,13,9,1
23,20,20,23,21.5,43,3,19
6,13,6,13,9.5,19,7,3
1,4,1,4,2.5,5,3,0
40,45,40,45,42.5,85,5,31
6,16,6,16,11.0,22,10,5
4,2,2,4,3.0,6,2,0
2,6,2,6,4.0,8,4,1
16,4,4,16,10.0,20,12,0
11,18,11,18,14.5,29,7,7
8,8,8,8,8.0,16,0,7
7,3,3,7,5.0,10,4,2
16,23,16,23,19.5,39,7,13
6,6,6,6,6.0,12,0,5
27,26,26,27,26.5,53,1,25
10,6,6,10,8.0,16,4,5
1,35,1,35,18.0,36,34,0
2,4,2,4,3.0,6,2,1
13,11,11,13,12.0,24,2,10
18,14,14,18,16.0,32,4,13
4,8,4,8,6.0,12,4,0
4,4,4,4,4.0,8,0,3
5,3,3,5,4.0,8,2,2
4,6,4,6,5.0,10,2,3
4,1,1,4,2.5,5,3,0
53,15,15,53,34.0,68,38,11
4,1,1,4,2.5,5,3,0
8,8,8,8,8.0,16,0,7
13,8,8,13,10.5,21,5,5
14,2,2,14,8.0,16,12,0
4,1,1,4,2.5,5,3,0
5,11,5,11,8.0,16,6,0
1,6,1,6,3.5,7,5,0
1,5,1,5,3.0,6,4,0
1,5,1,5,3.0,6,4,0
4,4,4,4,4.0,8,0,3
13,14,13,14,13.5,27,1,11
8,8,8,8,8.0,16,0,7
1,4,1,4,2.5,5,3,0
13,12,12,13,12.5,25,1,11
1,26,1,26,13.5,27,25,0
13,12,12,13,12.5,25,1,11
1,4,1,4,2.5,5,3,0
12,12,12,12,12.0,24,0,10
4,1,1,4,2.5,5,3,0
9,1,1,9,5.0,10,8,0
5,5,5,5,5.0,10,0,3
14,1,1,14,7.5,15,13,0
1,14,1,14,7.5,15,13,0
41,32,32,41,36.5,73,9,25
1,9,1,9,5.0,10,8,0
4,5,4,5,4.5,9,1,3
6,2,2,6,4.0,8,4,0
1,10,1,10,5.5,11,9,0
9,3,3,9,6.0,12,6,2
5,5,5,5,5.0,10,0,4
1,6,1,6,3.5,7,5,0
8,4,4,8,6.0,12,4,0
10,26,10,26,18.0,36,16,7
1,5,1,5,3.0,6,4,0
11,10,10,11,10.5,21,1,9
6,7,6,7,6.5,13,1,3
28,33,28,33,30.5,61,5,22
15,13,13,15,14.0,28,2,10
1,7,1,7,4.0,8,6,0
36,41,36,41,38.5,77,5,32
4,1,1,4,2.5,5,3,0
2,5,2,5,3.5,7,3,1
8,9,8,9,8.5,17,1,2
4,5,4,5,4.5,9,1,2
2,6,2,6,4.0,8,4,1
11,18,11,18,14.5,29,7,9
20,14,14,20,17.0,34,6,9
5,5,5,5,5.0,10,0,3
6,9,6,9,7.5,15,3,5
4,3,3,4,3.5,7,1,2
1,5,1,5,3.0,6,4,0
10,1,1,10,5.5,11,9,0
4,5,4,5,4.5,9,1,3
1,6,1,6,3.5,7,5,0
1,27,1,27,14.0,28,26,0
2,11,2,11,6.5,13,9,1
19,17,17,19,18.0,36,2,15
4,1,1,4,2.5,5,3,0
1,5,1,5,3.0,6,4,0
10,13,10,13,11.5,23,3,4
5,8,5,8,6.5,13,3,4
9,15,9,15,12.0,24,6,4
1,4,1,4,2.5,5,3,0
8,4,4,8,6.0,12,4,2
1,4,1,4,2.5,5,3,0
1,4,1,4,2.5,5,3,0
15,19,15,19,17.0,34,4,14
22,23,22,23,22.5,45,1,21
9,5,5,9,7.0,14,4,3
4,4,4,4,4.0,8,0,2
1,5,1,5,3.0,6,4,0
14,11,11,14,12.5,25,3,10
6,1,1,6,3.5,7,5,0
17,25,17,25,21.0,42,8,13
8,19,8,19,13.5,27,11,4
6,6,6,6,6.0,12,0,4
10,8,8,10,9.0,18,2,5
20,17,17,20,18.5,37,3,16
4,1,1,4,2.5,5,3,0
5,1,1,5,3.0,6,4,0
1,8,1,8,4.5,9,7,0
1,5,1,5,3.0,6,4,0
2,9,2,9,5.5,11,7,1
8,8,8,8,8.0,16,0,4
9,11,9,11,10.0,20,2,8
1,23,1,23,12.0,24,22,0
7,8,7,8,7.5,15,1,6
4,3,3,4,3.5,7,1,1
37,30,30,37,33.5,67,7,28
31,32,31,32,31.5,63,1,30
4,6,4,6,5.0,10,2,3
4,1,1,4,2.5,5,3,0
1,8,1,8,4.5,9,7,0
4,11,4,11,7.5,15,7,0
9,41,9,41,25.0,50,32,5
16,31,16,31,23.5,47,15,13
1,6,1,6,3.5,7,5,0
4,4,4,4,4.0,8,0,3
4,2,2,4,3.0,6,2,1
4,6,4,6,5.0,10,2,0
23,12,12,23,17.5,35,11,11
7,11,7,11,9.0,18,4,4
5,2,2,5,3.5,7,3,1
5,1,1,5,3.0,6,4,0
6,6,6,6,6.0,12,0,4
4,1,1,4,2.5,5,3,0
5,10,5,10,7.5,15,5,1
66,28,28,66,47.0,94,38,24
4,1,1,4,2.5,5,3,0
4,2,2,4,3.0,6,2,1
7,1,1,7,4.0,8,6,0
7,1,1,7,4.0,8,6,0
1,4,1,4,2.5,5,3,0
6,4,4,6,5.0,10,2,2
15,8,8,15,11.5,23,7,0
56,12,12,56,34.0,68,44,5
17,22,17,22,19.5,39,5,12
1,6,1,6,3.5,7,5,0
25,17,17,25,21.0,42,8,11
5,1,1,5,3.0,6,4,0
12,9,9,12,10.5,21,3,7
17,20,17,20,18.5,37,3,14
38,50,38,50,44.0,88,12,19
4,4,4,4,4.0,8,0,3
4,1,1,4,2.5,5,3,0
27,29,27,29,28.0,56,2,26
13,15,13,15,14.0,28,2,5
8,8,8,8,8.0,16,0,2
3,5,3,5,4.0,8,2,2
5,7,5,7,6.0,12,2,4
4,4,4,4,4.0,8,0,3
1,6,1,6,3.5,7,5,0
31,49,31,49,40.0,80,18,26
3,4,3,4,3.5,7,1,2
12,43,12,43,27.5,55,31,11
12,1,1,12,6.5,13,11,0
4,2,2,4,3.0,6,2,1
4,1,1,4,2.5,5,3,0
5,1,1,5,3.0,6,4,0
5,2,2,5,3.5,7,3,1
6,4,4,6,5.0,10,2,3
4,4,4,4,4.0,8,0,3
13,1,1,13,7.0,14,12,0
5,5,5,5,5.0,10,0,4
4,5,4,5,4.5,9,1,3
26,27,26,27,26.5,53,1,25
13,27,13,27,20.0,40,14,9
25,5,5,25,15.0,30,20,3
15,8,8,15,11.5,23,7,7
1,6,1,6,3.5,7,5,0
11,10,10,11,10.5,21,1,3
5,10,5,10,7.5,15,5,2
32,32,32,32,32.0,64,0,30
8,6,6,8,7.0,14,2,3
3,16,3,16,9.5,19,13,0
5,1,1,5,3.0,6,4,0
4,6,4,6,5.0,10,2,3
20,15,15,20,17.5,35,5,2
6,2,2,6,4.0,8,4,1
4,3,3,4,3.5,7,1,2
5,6,5,6,5.5,11,1,4
11,12,11,12,11.5,23,1,10
4,1,1,4,2.5,5,3,0
4,4,4,4,4.0,8,0,2
18,21,18,21,19.5,39,3,17
15,13,13,15,14.0,28,2,12
10,8,8,10,9.0,18,2,7
3,8,3,8,5.5,11,5,2
7,7,7,7,7.0,14,0,6
25,17,17,25,21.0,42,8,12
4,4,4,4,4.0,8,0,3
36,31,31,36,33.5,67,5,28
8,8,8,8,8.0,16,0,7
4,5,4,5,4.5,9,1,3
7,5,5,7,6.0,12,2,3
11,10,10,11,10.5,21,1,9
1,13,1,13,7.0,14,12,0
6,6,6,6,6.0,12,0,4
65,13,13,65,39.0,78,52,12
4,1,1,4,2.5,5,3,0
10,5,5,10,7.5,15,5,3
1,4,1,4,2.5,5,3,0
13,17,13,17,15.0,30,4,12
6,1,1,6,3.5,7,5,0
17,17,17,17,17.0,34,0,15
6,1,1,6,3.5,7,5,0
1,8,1,8,4.5,9,7,0
27,20,20,27,23.5,47,7,19
21,8,8,21,14.5,29,13,5
1,6,1,6,3.5,7,5,0
5,1,1,5,3.0,6,4,0
4,1,1,4,2.5,5,3,0
32,23,23,32,27.5,55,9,20
28,30,28,30,29.0,58,2,20
5,7,5,7,6.0,12,2,4
8,3,3,8,5.5,11,5,1
1,4,1,4,2.5,5,3,0
7,5,5,7,6.0,12,2,3
10,4,4,10,7.0,14,6,2
51,30,30,51,40.5,81,21,25
23,25,23,25,24.0,48,2,19
9,9,9,9,9.0,18,0,2
20,13,13,20,16.5,33,7,11
19,24,19,24,21.5,43,5,16
1,5,1,5,3.0,6,4,0
8,13,8,13,10.5,21,5,6
19,16,16,19,17.5,35,3,12
5,1,1,5,3.0,6,4,0
8,1,1,8,4.5,9,7,0
11,5,5,11,8.0,16,6,4
9,1,1,9,5.0,10,8,0
6,11,6,11,8.5,17,5,0
11,11,11,11,11.0,22,0,10
8,7,7,8,7.5,15,1,6
1,30,1,30,15.5,31,29,0
4,1,1,4,2.5,5,3,0
11,11,11,11,11.0,22,0,10
1,20,1,20,10.5,21,19,0
1,88,1,88,44.5,89,87,0
19,1,1,19,10.0,20,18,0
5,7,5,7,6.0,12,2,4
4,6,4,6,5.0,10,2,1
1,5,1,5,3.0,6,4,0
6,1,1,6,3.5,7,5,0
25,29,25,29,27.0,54,4,21
11,5,5,11,8.0,16,6,2
2,4,2,4,3.0,6,2,1
17,16,16,17,16.5,33,1,13
5,1,1,5,3.0,6,4,0
14,12,12,14,13.0,26,2,8
10,10,10,10,10.0,20,0,7
9,4,4,9,6.5,13,5,3
2,5,2,5,3.5,7,3,1
15,14,14,15,14.5,29,1,13
7,9,7,9,8.0,16,2,5
4,1,1,4,2.5,5,3,0
2,31,2,31,16.5,33,29,0
3,6,3,6,4.5,9,3,2
18,7,7,18,12.5,25,11,4
5,1,1,5,3.0,6,4,0
32,32,32,32,32.0,64,0,30
10,11,10,11,10.5,21,1,6
5,7,5,7,6.0,12,2,3
3,11,3,11,7.0,14,8,2
7,11,7,11,9.0,18,4,5
11,13,11,13,12.0,24,2,10
13,6,6,13,9.5,19,7,3
18,1,1,18,9.5,19,17,0
6,1,1,6,3.5,7,5,0
4,2,2,4,3.0,6,2,1
8,7,7,8,7.5,15,1,6
8,7,7,8,7.5,15,1,6
16,6,6,16,11.0,22,10,5
4,1,1,4,2.5,5,3,0
6,1,1,6,3.5,7,5,0
3,6,3,6,4.5,9,3,1
12,20,12,20,16.0,32,8,6
14,16,14,16,15.0,30,2,12
8,5,5,8,6.5,13,3,3
7,7,7,7,7.0,14,0,6
9,1,1,9,5.0,10,8,0
36,19,19,36,27.5,55,17,18
5,5,5,5,5.0,10,0,4
4,2,2,4,3.0,6,2,1
4,1,1,4,2.5,5,3,0
8,13,8,13,10.5,21,5,2
5,1,1,5,3.0,6,4,0
4,1,1,4,2.5,5,3,0
1,12,1,12,6.5,13,11,0
12,12,12,12,12.0,24,0,9
5,6,5,6,5.5,11,1,4
6,1,1,6,3.5,7,5,0
5,1,1,5,3.0,6,4,0
41,45,41,45,43.0,86,4,32
1,10,1,10,5.5,11,9,0
8,9,8,9,8.5,17,1,7
8,6,6,8,7.0,14,2,4
23,11,11,23,17.0,34,12,10
11,15,11,15,13.0,26,4,10
8,3,3,8,5.5,11,5,0
3,4,3,4,3.5,7,1,1
13,6,6,13,9.5,19,7,1
7,9,7,9,8.0,16,2,5
2,4,2,4,3.0,6,2,1
1,7,1,7,4.0,8,6,0
1,14,1,14,7.5,15,13,0
13,12,12,13,12.5,25,1,7
17,24,17,24,20.5,41,7,11
22,18,18,22,20.0,40,4,16
7,2,2,7,4.5,9,5,1
7,1,1,7,4.0,8,6,0
5,2,2,5,3.5,7,3,1
17,19,17,19,18.0,36,2,15
6,5,5,6,5.5,11,1,1
12,42,12,42,27.0,54,30,8
7,6,6,7,6.5,13,1,5
5,1,1,5,3.0,6,4,0
4,6,4,6,5.0,10,2,0
4,5,4,5,4.5,9,1,3
31,24,24,31,27.5,55,7,23
11,1,1,11,6.0,12,10,0
4,4,4,4,4.0,8,0,3
5,3,3,5,4.0,8,2,2
2,8,2,8,5.0,10,6,0
1,11,1,11,6.0,12,10,0
3,5,3,5,4.0,8,2,2
5,1,1,5,3.0,6,4,0
20,18,18,20,19.0,38,2,13
4,3,3,4,3.5,7,1,2
18,51,18,51,34.5,69,33,5
4,4,4,4,4.0,8,0,1
5,2,2,5,3.5,7,3,1
27,25,25,27,26.0,52,2,24
5,2,2,5,3.5,7,3,1
7,1,1,7,4.0,8,6,0
7,6,6,7,6.5,13,1,5
24,34,24,34,29.0,58,10,15
19,31,19,31,25.0,50,12,18
2,12,2,12,7.0,14,10,0
6,7,6,7,6.5,13,1,2
1,6,1,6,3.5,7,5,0
6,1,1,6,3.5,7,5,0
4,1,1,4,2.5,5,3,0
6,6,6,6,6.0,12,0,5
10,10,10,10,10.0,20,0,9
5,9,5,9,7.0,14,4,4
4,2,2,4,3.0,6,2,0
1,5,1,5,3.0,6,4,0
4,1,1,4,2.5,5,3,0
1,10,1,10,5.5,11,9,0
7,18,7,18,12.5,25,11,5
1,6,1,6,3.5,7,5,0
6,5,5,6,5.5,11,1,1
31,22,22,31,26.5,53,9,18
7,5,5,7,6.0,12,2,4
5,6,5,6,5.5,11,1,3
6,4,4,6,5.0,10,2,3
27,24,24,27,25.5,51,3,23
25,24,24,25,24.5,49,1,15
3,5,3,5,4.0,8,2,0
1,4,1,4,2.5,5,3,0
5,1,1,5,3.0,6,4,0
1,5,1,5,3.0,6,4,0
4,2,2,4,3.0,6,2,1
11,1,1,11,6.0,12,10,0
10,2,2,10,6.0,12,8,1
20,23,20,23,21.5,43,3,17
8,3,3,8,5.5,11,5,2
8,11,8,11,9.5,19,3,7
1,17,1,17,9.0,18,16,0
4,7,4,7,5.5,11,3,1
1,5,1,5,3.0,6,4,0
12,42,12,42,27.0,54,30,11
27,29,27,29,28.0,56,2,26
5,7,5,7,6.0,12,2,4
3,6,3,6,4.5,9,3,2
14,18,14,18,16.0,32,4,12
2,9,2,9,5.5,11,7,0
11,6,6,11,8.5,17,5,3
6,7,6,7,6.5,13,1,4
6,5,5,6,5.5,11,1,4
6,4,4,6,5.0,10,2,3
14,21,14,21,17.5,35,7,8
1,5,1,5,3.0,6,4,0
1,5,1,5,3.0,6,4,0
7,7,7,7,7.0,14,0,4
7,6,6,7,6.5,13,1,5
4,1,1,4,2.5,5,3,0
4,5,4,5,4.5,9,1,3
5,5,5,5,5.0,10,0,4
19,19,19,19,19.0,38,0,13
11,11,11,11,11.0,22,0,9
5,2,2,5,3.5,7,3,0
1,4,1,4,2.5,5,3,0
1,5,1,5,3.0,6,4,0
49,49,49,49,49.0,98,0,30
1,6,1,6,3.5,7,5,0
4,4,4,4,4.0,8,0,3
16,5,5,16,10.5,21,11,4
8,2,2,8,5.0,10,6,1
20,19,19,20,19.5,39,1,18
14,8,8,14,11.0,22,6,4
18,33,18,33,25.5,51,15,13
4,4,4,4,4.0,8,0,0
1,14,1,14,7.5,15,13,0
31,50,31,50,40.5,81,19,28
12,17,12,17,14.5,29,5,7
8,2,2,8,5.0,10,6,0
17,19,17,19,18.0,36,2,16
8,23,8,23,15.5,31,15,6
4,13,4,13,8.5,17,9,3
5,5,5,5,5.0,10,0,4
1,4,1,4,2.5,5,3,0
27,16,16,27,21.5,43,11,12
12,8,8,12,10.0,20,4,6
10,20,10,20,15.0,30,10,9
20,24,20,24,22.0,44,4,16
1,5,1,5,3.0,6,4,0
23,19,19,23,21.0,42,4,16
9,1,1,9,5.0,10,8,0
13,10,10,13,11.5,23,3,8
5,8,5,8,6.5,13,3,4
4,2,2,4,3.0,6,2,1
16,17,16,17,16.5,33,1,11
4,1,1,4,2.5,5,3,0
7,8,7,8,7.5,15,1,6
19,19,19,19,19.0,38,0,18
5,1,1,5,3.0,6,4,0
1,10,1,10,5.5,11,9,0
26,30,26,30,28.0,56,4,23
6,1,1,6,3.5,7,5,0
4,1,1,4,2.5,5,3,0
1,7,1,7,4.0,8,6,0
7,7,7,7,7.0,14,0,6
7,1,1,7,4.0,8,6,0
1,5,1,5,3.0,6,4,0
5,2,2,5,3.5,7,3,1
6,4,4,6,5.0,10,2,0
6,12,6,12,9.0,18,6,3
4,10,4,10,7.0,14,6,0
19,12,12,19,15.5,31,7,11
4,8,4,8,6.0,12,4,3
4,1,1,4,2.5,5,3,0
20,31,20,31,25.5,51,11,17
5,5,5,5,5.0,10,0,0
5,3,3,5,4.0,8,2,2
8,1,1,8,4.5,9,7,0
1,5,1,5,3.0,6,4,0
4,1,1,4,2.5,5,3,0
9,10,9,10,9.5,19,1,8
11,10,10,11,10.5,21,1,7
9,8,8,9,8.5,17,1,7
8,4,4,8,6.0,12,4,3
10,14,10,14,12.0,24,4,8
5,2,2,5,3.5,7,3,0
5,5,5,5,5.0,10,0,4
1,4,1,4,2.5,5,3,0
7,7,7,7,7.0,14,0,6
1,10,1,10,5.5,11,9,0
1,5,1,5,3.0,6,4,0
5,7,5,7,6.0,12,2,1
6,1,1,6,3.5,7,5,0
6,1,1,6,3.5,7,5,0
4,4,4,4,4.0,8,0,2
6,1,1,6,3.5,7,5,0
7,6,6,7,6.5,13,1,5
1,4,1,4,2.5,5,3,0
2,8,2,8,5.0,10,6,1
11,10,10,11,10.5,21,1,9
8,2,2,8,5.0,10,6,1
6,6,6,6,6.0,12,0,5
8,11,8,11,9.5,19,3,5
2,5,2,5,3.5,7,3,1
5,2,2,5,3.5,7,3,1
25,33,25,33,29.0,58,8,23
19,19,19,19,19.0,38,0,18
25,33,25,33,29.0,58,8,22
2,4,2,4,3.0,6,2,0
7,11,7,11,9.0,18,4,5
1,25,1,25,13.0,26,24,0
11,14,11,14,12.5,25,3,10
7,4,4,7,5.5,11,3,0
27,18,18,27,22.5,45,9,17
2,5,2,5,3.5,7,3,1
1,4,1,4,2.5,5,3,0
6,14,6,14,10.0,20,8,4
12,17,12,17,14.5,29,5,4
1,5,1,5,3.0,6,4,0
4,5,4,5,4.5,9,1,3
2,4,2,4,3.0,6,2,0
1,6,1,6,3.5,7,5,0
1,5,1,5,3.0,6,4,0
32,33,32,33,32.5,65,1,31
17,2,2,17,9.5,19,15,1
22,24,22,24,23.0,46,2,13
20,16,16,20,18.0,36,4,13
6,6,6,6,6.0,12,0,5
16,17,16,17,16.5,33,1,11
2,5,2,5,3.5,7,3,1
5,1,1,5,3.0,6,4,0
11,6,6,11,8.5,17,5,5
4,1,1,4,2.5,5,3,0
4,1,1,4,2.5,5,3,0
15,8,8,15,11.5,23,7,5
10,5,5,10,7.5,15,5,3
18,3,3,18,10.5,21,15,2
37,66,37,66,51.5,103,29,25
1,6,1,6,3.5,7,5,0
20,25,20,25,22.5,45,5,19
20,19,19,20,19.5,39,1,17
5,1,1,5,3.0,6,4,0
44,41,41,44,42.5,85,3,37
8,1,1,8,4.5,9,7,0
2,5,2,5,3.5,7,3,1
10,6,6,10,8.0,16,4,5
6,5,5,6,5.5,11,1,4
17,1,1,17,9.0,18,16,0
29,31,29,31,30.0,60,2,24
5,13,5,13,9.0,18,8,0
5,1,1,5,3.0,6,4,0
8,2,2,8,5.0,10,6,1
1,13,1,13,7.0,14,12,0
1,11,1,11,6.0,12,10,0
1,4,1,4,2.5,5,3,0
1,4,1,4,2.5,5,3,0
1,15,1,15,8.0,16,14,0
12,4,4,12,8.0,16,8,3
1,7,1,7,4.0,8,6,0
1,5,1,5,3.0,6,4,0
27,6,6,27,16.5,33,21,2
8,1,1,8,4.5,9,7,0
1,8,1,8,4.5,9,7,0
5,6,5,6,5.5,11,1,4
6,4,4,6,5.0,10,2,3
1,21,1,21,11.0,22,20,0
4,3,3,4,3.5,7,1,2
1,12,1,12,6.5,13,11,0
1,31,1,31,16.0,32,30,0
4,6,4,6,5.0,10,2,3
1,5,1,5,3.0,6,4,0
2,7,2,7,4.5,9,5,1
5,1,1,5,3.0,6,4,0
37,25,25,37,31.0,62,12,18
6,4,4,6,5.0,10,2,0
1,4,1,4,2.5,5,3,0
6,8,6,8,7.0,14,2,5
7,12,7,12,9.5,19,5,4
22,45,22,45,33.5,67,23,15
1,26,1,26,13.5,27,25,0
31,21,21,31,26.0,52,10,19
2,6,2,6,4.0,8,4,1
5,5,5,5,5.0,10,0,3
1,10,1,10,5.5,11,9,0
5,1,1,5,3.0,6,4,0
2,4,2,4,3.0,6,2,0
1,4,1,4,2.5,5,3,0
20,20,20,20,20.0,40,0,15
4,1,1,4,2.5,5,3,0
1,4,1,4,2.5,5,3,0
9,9,9,9,9.0,18,0,7
3,4,3,4,3.5,7,1,0
5,1,1,5,3.0,6,4,0
4,1,1,4,2.5,5,3,0
10,9,9,10,9.5,19,1,0
4,2,2,4,3.0,6,2,0
1,4,1,4,2.5,5,3,0
2,12,2,12,7.0,14,10,1
15,17,15,17,16.0,32,2,14
7,1,1,7,4.0,8,6,0
1,4,1,4,2.5,5,3,0
1,6,1,6,3.5,7,5,0
51,33,33,51,42.0,84,18,23
13,13,13,13,13.0,26,0,10
20,17,17,20,18.5,37,3,11
2,29,2,29,15.5,31,27,1
4,1,1,4,2.5,5,3,0
8,1,1,8,4.5,9,7,0
4,7,4,7,5.5,11,3,0
4,1,1,4,2.5,5,3,0
1,4,1,4,2.5,5,3,0
11,8,8,11,9.5,19,3,6
23,19,19,23,21.0,42,4,18
7,1,1,7,4.0,8,6,0
1,9,1,9,5.0,10,8,0
26,26,26,26,26.0,52,0,25
11,12,11,12,11.5,23,1,10
1,5,1,5,3.0,6,4,0
4,5,4,5,4.5,9,1,3
7,1,1,7,4.0,8,6,0
12,12,12,12,12.0,24,0,11
4,1,1,4,2.5,5,3,0
5,5,5,5,5.0,10,0,2
6,18,6,18,12.0,24,12,5
3,5,3,5,4.0,8,2,2
44,9,9,44,26.5,53,35,7
6,1,1,6,3.5,7,5,0
5,7,5,7,6.0,12,2,3
6,6,6,6,6.0,12,0,1
1,20,1,20,10.5,21,19,0
10,7,7,10,8.5,17,3,5
5,5,5,5,5.0,10,0,4
20,1,1,20,10.5,21,19,0
17,15,15,17,16.0,32,2,14
13,14,13,14,13.5,27,1,12
4,5,4,5,4.5,9,1,2
1,12,1,12,6.5,13,11,0
5,5,5,5,5.0,10,0,2
49,30,30,49,39.5,79,19,26
10,14,10,14,12.0,24,4,6
15,14,14,15,14.5,29,1,13
19,25,19,25,22.0,44,6,18
5,1,1,5,3.0,6,4,0
7,19,7,19,13.0,26,12,5
1,6,1,6,3.5,7,5,0
1,4,1,4,2.5,5,3,0
15,13,13,15,14.0,28,2,9
4,1,1,4,2.5,5,3,0
26,25,25,26,25.5,51,1,24
4,1,1,4,2.5,5,3,0
37,46,37,46,41.5,83,9,29
1,7,1,7,4.0,8,6,0
17,19,17,19,18.0,36,2,15
5,1,1,5,3.0,6,4,0
5,15,5,15,10.0,20,10,3
31,23,23,31,27.0,54,8,15
5,8,5,8,6.5,13,3,4
12,6,6,12,9.0,18,6,3
10,1,1,10,5.5,11,9,0
5,5,5,5,5.0,10,0,4
32,34,32,34,33.0,66,2,31
6,1,1,6,3.5,7,5,0
13,14,13,14,13.5,27,1,12
13,12,12,13,12.5,25,1,4
6,1,1,6,3.5,7,5,0
2,4,2,4,3.0,6,2,0
8,1,1,8,4.5,9,7,0
8,2,2,8,5.0,10,6,1
2,5,2,5,3.5,7,3,1
2,5,2,5,3.5,7,3,1
4,1,1,4,2.5,5,3,0
6,3,3,6,4.5,9,3,2
1,7,1,7,4.0,8,6,0
2,18,2,18,10.0,20,16,0
1,6,1,6,3.5,7,5,0
13,13,13,13,13.0,26,0,12
1,11,1,11,6.0,12,10,0
5,2,2,5,3.5,7,3,1
7,2,2,7,4.5,9,5,1
7,1,1,7,4.0,8,6,0
21,1,1,21,11.0,22,20,0
1,19,1,19,10.0,20,18,0
19,18,18,19,18.5,37,1,15
10,10,10,10,10.0,20,0,9
10,7,7,10,8.5,17,3,4
7,1,1,7,4.0,8,6,0
6,1,1,6,3.5,7,5,0
5,5,5,5,5.0,10,0,4
1,10,1,10,5.5,11,9,0
5,5,5,5,5.0,10,0,3
2,4,2,4,3.0,6,2,1
4,5,4,5,4.5,9,1,3
5,4,4,5,4.5,9,1,3
4,1,1,4,2.5,5,3,0
5,1,1,5,3.0,6,4,0
3,4,3,4,3.5,7,1,1
1,5,1,5,3.0,6,4,0
6,8,6,8,7.0,14,2,4
20,21,20,21,20.5,41,1,18
13,7,7,13,10.0,20,6,6
2,4,2,4,3.0,6,2,0
8,1,1,8,4.5,9,7,0
12,12,12,12,12.0,24,0,11
1,19,1,19,10.0,20,18,0
7,16,7,16,11.5,23,9,6
8,5,5,8,6.5,13,3,2
1,7,1,7,4.0,8,6,0
5,5,5,5,5.0,10,0,4
6,6,6,6,6.0,12,0,4
9,15,9,15,12.0,24,6,8
1,6,1,6,3.5,7,5,0
6,6,6,6,6.0,12,0,3
12,9,9,12,10.5,21,3,8
51,51,51,51,51.0,102,0,50
14,14,14,14,14.0,28,0,13
11,9,9,11,10.0,20,2,8
8,7,7,8,7.5,15,1,6
21,19,19,21,20.0,40,2,16
20,16,16,20,18.0,36,4,14
4,1,1,4,2.5,5,3,0
2,6,2,6,4.0,8,4,1
5,5,5,5,5.0,10,0,4
5,5,5,5,5.0,10,0,3
1,4,1,4,2.5,5,3,0
5,1,1,5,3.0,6,4,0
7,7,7,7,7.0,14,0,4
1,7,1,7,4.0,8,6,0
4,5,4,5,4.5,9,1,3
23,17,17,23,20.0,40,6,16
5,2,2,5,3.5,7,3,0
1,10,1,10,5.5,11,9,0
10,15,10,15,12.5,25,5,8
4,7,4,7,5.5,11,3,1
2,29,2,29,15.5,31,27,1
1,11,1,11,6.0,12,10,0
4,1,1,4,2.5,5,3,0
41,47,41,47,44.0,88,6,38
14,12,12,14,13.0,26,2,11
3,6,3,6,4.5,9,3,2
1,30,1,30,15.5,31,29,0
6,4,4,6,5.0,10,2,2
1,4,1,4,2.5,5,3,0
1,5,1,5,3.0,6,4,0
11,15,11,15,13.0,26,4,8
30,20,20,30,25.0,50,10,19
13,4,4,13,8.5,17,9,0
17,7,7,17,12.0,24,10,0
17,16,16,17,16.5,33,1,9
8,8,8,8,8.0,16,0,7
4,4,4,4,4.0,8,0,3
6,5,5,6,5.5,11,1,0
7,5,5,7,6.0,12,2,4
2,4,2,4,3.0,6,2,1
8,6,6,8,7.0,14,2,5
5,3,3,5,4.0,8,2,0
37,33,33,37,35.0,70,4,27
4,2,2,4,3.0,6,2,0
4,7,4,7,5.5,11,3,3
1,6,1,6,3.5,7,5,0
10,6,6,10,8.0,16,4,2
26,27,26,27,26.5,53,1,25
9,18,9,18,13.5,27,9,5
4,1,1,4,2.5,5,3,0
17,11,11,17,14.0,28,6,6
6,6,6,6,6.0,12,0,5
10,10,10,10,10.0,20,0,9
1,5,1,5,3.0,6,4,0
17,23,17,23,20.0,40,6,16
7,1,1,7,4.0,8,6,0
1,12,1,12,6.5,13,11,0
1,7,1,7,4.0,8,6,0
8,2,2,8,5.0,10,6,1
4,5,4,5,4.5,9,1,2
5,1,1,5,3.0,6,4,0
1,4,1,4,2.5,5,3,0
17,20,17,20,18.5,37,3,13
8,10,8,10,9.0,18,2,5
16,20,16,20,18.0,36,4,14
22,24,22,24,23.0,46,2,13
19,21,19,21,20.0,40,2,17
7,14,7,14,10.5,21,7,5
4,6,4,6,5.0,10,2,0
1,4,1,4,2.5,5,3,0
1,13,1,13,7.0,14,12,0
4,1,1,4,2.5,5,3,0
28,39,28,39,33.5,67,11,17
4,2,2,4,3.0,6,2,1
4,4,4,4,4.0,8,0,3
4,1,1,4,2.5,5,3,0
4,5,4,5,4.5,9,1,3
7,8,7,8,7.5,15,1,4
6,4,4,6,5.0,10,2,3
28,23,23,28,25.5,51,5,21
1,13,1,13,7.0,14,12,0
51,12,12,51,31.5,63,39,11
22,28,22,28,25.0,50,6,21
8,12,8,12,10.0,20,4,4
4,1,1,4,2.5,5,3,0
6,1,1,6,3.5,7,5,0
4,6,4,6,5.0,10,2,0
7,2,2,7,4.5,9,5,1
8,5,5,8,6.5,13,3,1
5,4,4,5,4.5,9,1,0
2,4,2,4,3.0,6,2,1
39,32,32,39,35.5,71,7,23
9,5,5,9,7.0,14,4,4
4,4,4,4,4.0,8,0,3
6,6,6,6,6.0,12,0,5
12,4,4,12,8.0,16,8,2
4,1,1,4,2.5,5,3,0
1,16,1,16,8.5,17,15,0
4,4,4,4,4.0,8,0,0
7,37,7,37,22.0,44,30,4
5,1,1,5,3.0,6,4,0
9,9,9,9,9.0,18,0,7
1,4,1,4,2.5,5,3,0
4,25,4,25,14.5,29,21,1
8,9,8,9,8.5,17,1,6
5,2,2,5,3.5,7,3,1
1,5,1,5,3.0,6,4,0
4,1,1,4,2.5,5,3,0
20,23,20,23,21.5,43,3,13
12,16,12,16,14.0,28,4,10
1,13,1,13,7.0,14,12,0
48,38,38,48,43.0,86,10,37
4,1,1,4,2.5,5,3,0
5,2,2,5,3.5,7,3,0
5,5,5,5,5.0,10,0,4
10,8,8,10,9.0,18,2,7
4,1,1,4,2.5,5,3,0
13,14,13,14,13.5,27,1,12
5,4,4,5,4.5,9,1,3
7,1,1,7,4.0,8,6,0
11,18,11,18,14.5,29,7,5
14,12,12,14,13.0,26,2,11
21,16,16,21,18.5,37,5,14
23,14,14,23,18.5,37,9,13
3,7,3,7,5.0,10,4,2
15,11,11,15,13.0,26,4,10
4,2,2,4,3.0,6,2,1
16,13,13,16,14.5,29,3,6
1,52,1,52,26.5,53,51,0
4,1,1,4,2.5,5,3,0
10,20,10,20,15.0,30,10,6
7,7,7,7,7.0,14,0,5
1,6,1,6,3.5,7,5,0
4,1,1,4,2.5,5,3,0
5,2,2,5,3.5,7,3,1
24,29,24,29,26.5,53,5,23
14,14,14,14,14.0,28,0,13
21,9,9,21,15.0,30,12,7
18,17,17,18,17.5,35,1,16
11,16,11,16,13.5,27,5,9
4,4,4,4,4.0,8,0,3
19,14,14,19,16.5,33,5,8
6,10,6,10,8.0,16,4,2
1,5,1,5,3.0,6,4,0
14,10,10,14,12.0,24,4,9
6,1,1,6,3.5,7,5,0
6,6,6,6,6.0,12,0,5
2,18,2,18,10.0,20,16,0
5,1,1,5,3.0,6,4,0
11,7,7,11,9.0,18,4,6
7,5,5,7,6.0,12,2,4
1,6,1,6,3.5,7,5,0
11,6,6,11,8.5,17,5,5
1,8,1,8,4.5,9,7,0
18,21,18,21,19.5,39,3,12
10,14,10,14,12.0,24,4,0
7,14,7,14,10.5,21,7,0
4,1,1,4,2.5,5,3,0
4,4,4,4,4.0,8,0,1
5,5,5,5,5.0,10,0,4
6,5,5,6,5.5,11,1,4
1,7,1,7,4.0,8,6,0
5,2,2,5,3.5,7,3,1
20,20,20,20,20.0,40,0,9
9,8,8,9,8.5,17,1,6
4,5,4,5,4.5,9,1,1
39,25,25,39,32.0,64,14,21
14,21,14,21,17.5,35,7,13
12,9,9,12,10.5,21,3,8
6,1,1,6,3.5,7,5,0
13,15,13,15,14.0,28,2,12
21,19,19,21,20.0,40,2,18
8,10,8,10,9.0,18,2,7
5,1,1,5,3.0,6,4,0
8,10,8,10,9.0,18,2,3
25,24,24,25,24.5,49,1,23
4,13,4,13,8.5,17,9,0
4,4,4,4,4.0,8,0,3
13,11,11,13,12.0,24,2,6
5,5,5,5,5.0,10,0,4
10,1,1,10,5.5,11,9,0
9,9,9,9,9.0,18,0,8
7,10,7,10,8.5,17,3,1
5,13,5,13,9.0,18,8,4
9,9,9,9,9.0,18,0,7
5,6,5,6,5.5,11,1,2
1,4,1,4,2.5,5,3,0
1,5,1,5,3.0,6,4,0
4,4,4,4,4.0,8,0,3
19,17,17,19,18.0,36,2,15
14,3,3,14,8.5,17,11,1
26,24,24,26,25.0,50,2,23
6,5,5,6,5.5,11,1,4
1,6,1,6,3.5,7,5,0
6,1,1,6,3.5,7,5,0
1,5,1,5,3.0,6,4,0
1,4,1,4,2.5,5,3,0
1,4,1,4,2.5,5,3,0
6,5,5,6,5.5,11,1,0
27,16,16,27,21.5,43,11,13
8,9,8,9,8.5,17,1,6
4,5,4,5,4.5,9,1,3
5,4,4,5,4.5,9,1,3
22,25,22,25,23.5,47,3,18
10,9,9,10,9.5,19,1,8
4,7,4,7,5.5,11,3,1
31,30,30,31,30.5,61,1,27
5,5,5,5,5.0,10,0,3
2,8,2,8,5.0,10,6,0
20,10,10,20,15.0,30,10,8
11,7,7,11,9.0,18,4,4
4,3,3,4,3.5,7,1,2
6,6,6,6,6.0,12,0,5
1,6,1,6,3.5,7,5,0
23,18,18,23,20.5,41,5,14
22,10,10,22,16.0,32,12,1
4,1,1,4,2.5,5,3,0
11,15,11,15,13.0,26,4,3
37,15,15,37,26.0,52,22,9
4,1,1,4,2.5,5,3,0
2,24,2,24,13.0,26,22,0
1,75,1,75,38.0,76,74,0
28,47,28,47,37.5,75,19,20
4,1,1,4,2.5,5,3,0
8,14,8,14,11.0,22,6,7
13,11,11,13,12.0,24,2,10
24,48,24,48,36.0,72,24,18
4,1,1,4,2.5,5,3,0
5,1,1,5,3.0,6,4,0
5,1,1,5,3.0,6,4,0
7,9,7,9,8.0,16,2,6
1,13,1,13,7.0,14,12,0
6,1,1,6,3.5,7,5,0
7,1,1,7,4.0,8,6,0
34,42,34,42,38.0,76,8,27
4,3,3,4,3.5,7,1,2
13,12,12,13,12.5,25,1,11
15,17,15,17,16.0,32,2,8
5,5,5,5,5.0,10,0,3
6,4,4,6,5.0,10,2,3
37,35,35,37,36.0,72,2,32
1,4,1,4,2.5,5,3,0
11,11,11,11,11.0,22,0,6
4,16,4,16,10.0,20,12,2
4,4,4,4,4.0,8,0,3
30,23,23,30,26.5,53,7,22
4,2,2,4,3.0,6,2,0
27,49,27,49,38.0,76,22,19
1,4,1,4,2.5,5,3,0
11,6,6,11,8.5,17,5,5
4,4,4,4,4.0,8,0,3
6,20,6,20,13.0,26,14,1
39,13,13,39,26.0,52,26,7
1,5,1,5,3.0,6,4,0
23,19,19,23,21.0,42,4,18
1,11,1,11,6.0,12,10,0
1,7,1,7,4.0,8,6,0
19,20,19,20,19.5,39,1,18
8,9,8,9,8.5,17,1,7
1,20,1,20,10.5,21,19,0
4,10,4,10,7.0,14,6,3
2,16,2,16,9.0,18,14,0
4,1,1,4,2.5,5,3,0
4,3,3,4,3.5,7,1,2
6,1,1,6,3.5,7,5,0
7,3,3,7,5.0,10,4,2
5,3,3,5,4.0,8,2,2
12,1,1,12,6.5,13,11,0
6,1,1,6,3.5,7,5,0
15,14,14,15,14.5,29,1,11
14,7,7,14,10.5,21,7,4
18,17,17,18,17.5,35,1,11
4,2,2,4,3.0,6,2,1
4,1,1,4,2.5,5,3,0
14,1,1,14,7.5,15,13,0
2,5,2,5,3.5,7,3,1
11,24,11,24,17.5,35,13,9
1,4,1,4,2.5,5,3,0
9,10,9,10,9.5,19,1,8
4,35,4,35,19.5,39,31,0
1,7,1,7,4.0,8,6,0
1,8,1,8,4.5,9,7,0
5,6,5,6,5.5,11,1,3
4,2,2,4,3.0,6,2,1
5,11,5,11,8.0,16,6,4
2,7,2,7,4.5,9,5,0
25,19,19,25,22.0,44,6,17
5,5,5,5,5.0,10,0,4
20,19,19,20,19.5,39,1,18
17,15,15,17,16.0,32,2,14
1,4,1,4,2.5,5,3,0
6,1,1,6,3.5,7,5,0
1,5,1,5,3.0,6,4,0
33,7,7,33,20.0,40,26,5
5,4,4,5,4.5,9,1,3
7,1,1,7,4.0,8,6,0
10,13,10,13,11.5,23,3,8
15,5,5,15,10.0,20,10,2
5,7,5,7,6.0,12,2,2
8,9,8,9,8.5,17,1,3
4,1,1,4,2.5,5,3,0
1,4,1,4,2.5,5,3,0
1,8,1,8,4.5,9,7,0
6,5,5,6,5.5,11,1,4
16,9,9,16,12.5,25,7,5
4,1,1,4,2.5,5,3,0
29,23,23,29,26.0,52,6,20
6,1,1,6,3.5,7,5,0
26,15,15,26,20.5,41,11,14
1,75,1,75,38.0,76,74,0
5,1,1,5,3.0,6,4,0
1,8,1,8,4.5,9,7,0
5,6,5,6,5.5,11,1,4
13,7,7,13,10.0,20,6,6
5,1,1,5,3.0,6,4,0
10,12,10,12,11.0,22,2,9
19,14,14,19,16.5,33,5,13
4,2,2,4,3.0,6,2,0
1,6,1,6,3.5,7,5,0
1,12,1,12,6.5,13,11,0
1,4,1,4,2.5,5,3,0
1,14,1,14,7.5,15,13,0
1,4,1,4,2.5,5,3,0
11,10,10,11,10.5,21,1,5
4,1,1,4,2.5,5,3,0
1,4,1,4,2.5,5,3,0
4,1,1,4,2.5,5,3,0
13,19,13,19,16.0,32,6,11
42,44,42,44,43.0,86,2,39
4,5,4,5,4.5,9,1,1
19,25,19,25,22.0,44,6,16
16,5,5,16,10.5,21,11,2
4,16,4,16,10.0,20,12,2
8,5,5,8,6.5,13,3,1
24,24,24,24,24.0,48,0,21
2,4,2,4,3.0,6,2,1
4,1,1,4,2.5,5,3,0
23,19,19,23,21.0,42,4,18
4,75,4,75,39.5,79,71,0
5,18,5,18,11.5,23,13,4
13,14,13,14,13.5,27,1,12
18,23,18,23,20.5,41,5,16
8,2,2,8,5.0,10,6,1
5,1,1,5,3.0,6,4,0
1,4,1,4,2.5,5,3,0
9,1,1,9,5.0,10,8,0
2,19,2,19,10.5,21,17,1
1,5,1,5,3.0,6,4,0
21,21,21,21,21.0,42,0,20
5,1,1,5,3.0,6,4,0
5,5,5,5,5.0,10,0,2
12,12,12,12,12.0,24,0,11
10,10,10,10,10.0,20,0,9
5,5,5,5,5.0,10,0,4
1,5,1,5,3.0,6,4,0
10,9,9,10,9.5,19,1,7
1,8,1,8,4.5,9,7,0
1,65,1,65,33.0,66,64,0
6,5,5,6,5.5,11,1,4
26,26,26,26,26.0,52,0,25
29,38,29,38,33.5,67,9,24
18,18,18,18,18.0,36,0,9
15,15,15,15,15.0,30,0,12
2,12,2,12,7.0,14,10,0
36,25,25,36,30.5,61,11,24
1,6,1,6,3.5,7,5,0
32,33,32,33,32.5,65,1,15
13,16,13,16,14.5,29,3,9
1,5,1,5,3.0,6,4,0
9,11,9,11,10.0,20,2,8
13,13,13,13,13.0,26,0,12
12,10,10,12,11.0,22,2,7
4,12,4,12,8.0,16,8,3
1,6,1,6,3.5,7,5,0
17,28,17,28,22.5,45,11,15
1,77,1,77,39.0,78,76,0
6,1,1,6,3.5,7,5,0
4,8,4,8,6.0,12,4,0
12,3,3,12,7.5,15,9,2
8,13,8,13,10.5,21,5,0
6,2,2,6,4.0,8,4,1
5,1,1,5,3.0,6,4,0
7,7,7,7,7.0,14,0,6
5,4,4,5,4.5,9,1,3
6,1,1,6,3.5,7,5,0
11,11,11,11,11.0,22,0,9
5,11,5,11,8.0,16,6,3
4,7,4,7,5.5,11,3,0
15,24,15,24,19.5,39,9,14
31,33,31,33,32.0,64,2,30
12,8,8,12,10.0,20,4,5
1,4,1,4,2.5,5,3,0
5,5,5,5,5.0,10,0,2
1,5,1,5,3.0,6,4,0
4,1,1,4,2.5,5,3,0
5,2,2,5,3.5,7,3,1
1,4,1,4,2.5,5,3,0
1,4,1,4,2.5,5,3,0
8,5,5,8,6.5,13,3,1
4,1,1,4,2.5,5,3,0
41,33,33,41,37.0,74,8,30
1,5,1,5,3.0,6,4,0
7,8,7,8,7.5,15,1,2
12,9,9,12,10.5,21,3,7
4,1,1,4,2.5,5,3,0
4,4,4,4,4.0,8,0,3
5,2,2,5,3.5,7,3,0
7,6,6,7,6.5,13,1,5
12,7,7,12,9.5,19,5,6
10,13,10,13,11.5,23,3,9
32,30,30,32,31.0,62,2,28
6,9,6,9,7.5,15,3,5
4,5,4,5,4.5,9,1,3
13,13,13,13,13.0,26,0,11
4,20,4,20,12.0,24,16,0
16,16,16,16,16.0,32,0,15
5,7,5,7,6.0,12,2,3
44,48,44,48,46.0,92,4,35
31,32,31,32,31.5,63,1,29
1,4,1,4,2.5,5,3,0
8,8,8,8,8.0,16,0,7
1,4,1,4,2.5,5,3,0
12,10,10,12,11.0,22,2,1
1,7,1,7,4.0,8,6,0
2,12,2,12,7.0,14,10,1
11,10,10,11,10.5,21,1,8
5,5,5,5,5.0,10,0,4
2,5,2,5,3.5,7,3,1
18,17,17,18,17.5,35,1,16
1,4,1,4,2.5,5,3,0
11,1,1,11,6.0,12,10,0
14,1,1,14,7.5,15,13,0
1,4,1,4,2.5,5,3,0
5,1,1,5,3.0,6,4,0
7,8,7,8,7.5,15,1,6
8,11,8,11,9.5,19,3,3
10,7,7,10,8.5,17,3,6
14,6,6,14,10.0,20,8,4
5,5,5,5,5.0,10,0,4
2,17,2,17,9.5,19,15,0
9,6,6,9,7.5,15,3,1
12,20,12,20,16.0,32,8,11
4,1,1,4,2.5,5,3,0
46,42,42,46,44.0,88,4,39
22,44,22,44,33.0,66,22,17
22,21,21,22,21.5,43,1,18
6,7,6,7,6.5,13,1,5
33,26,26,33,29.5,59,7,24
4,5,4,5,4.5,9,1,3
38,26,26,38,32.0,64,12,23
9,8,8,9,8.5,17,1,5
29,55,29,55,42.0,84,26,26
27,26,26,27,26.5,53,1,24
8,1,1,8,4.5,9,7,0
1,7,1,7,4.0,8,6,0
42,26,26,42,34.0,68,16,23
9,5,5,9,7.0,14,4,4
25,25,25,25,25.0,50,0,23
4,1,1,4,2.5,5,3,0
37,39,37,39,38.0,76,2,33
10,7,7,10,8.5,17,3,5
2,10,2,10,6.0,12,8,1
7,1,1,7,4.0,8,6,0
4,4,4,4,4.0,8,0,3
16,26,16,26,21.0,42,10,10
20,19,19,20,19.5,39,1,18
1,6,1,6,3.5,7,5,0
12,10,10,12,11.0,22,2,5
10,7,7,10,8.5,17,3,6
8,11,8,11,9.5,19,3,7
20,13,13,20,16.5,33,7,10
9,1,1,9,5.0,10,8,0
17,31,17,31,24.0,48,14,12
4,1,1,4,2.5,5,3,0
20,15,15,20,17.5,35,5,12
1,6,1,6,3.5,7,5,0
20,19,19,20,19.5,39,1,18
5,1,1,5,3.0,6,4,0
4,1,1,4,2.5,5,3,0
6,7,6,7,6.5,13,1,5
7,4,4,7,5.5,11,3,0
4,1,1,4,2.5,5,3,0
35,20,20,35,27.5,55,15,19
12,4,4,12,8.0,16,8,3
8,5,5,8,6.5,13,3,4
7,6,6,7,6.5,13,1,4
30,49,30,49,39.5,79,19,20
23,23,23,23,23.0,46,0,22
2,12,2,12,7.0,14,10,1
2,4,2,4,3.0,6,2,1
4,10,4,10,7.0,14,6,0
23,10,10,23,16.5,33,13,9
4,1,1,4,2.5,5,3,0
4,1,1,4,2.5,5,3,0
3,5,3,5,4.0,8,2,1
7,7,7,7,7.0,14,0,6
1,4,1,4,2.5,5,3,0
11,18,11,18,14.5,29,7,8
11,10,10,11,10.5,21,1,9
5,1,1,5,3.0,6,4,0
1,9,1,9,5.0,10,8,0
17,18,17,18,17.5,35,1,15
1,4,1,4,2.5,5,3,0
18,13,13,18,15.5,31,5,10
16,25,16,25,20.5,41,9,13
4,4,4,4,4.0,8,0,3
4,1,1,4,2.5,5,3,0
6,8,6,8,7.0,14,2,5
1,9,1,9,5.0,10,8,0
5,1,1,5,3.0,6,4,0
8,12,8,12,10.0,20,4,7
22,21,21,22,21.5,43,1,20
9,10,9,10,9.5,19,1,8
4,1,1,4,2.5,5,3,0
5,1,1,5,3.0,6,4,0
1,6,1,6,3.5,7,5,0
18,19,18,19,18.5,37,1,16
1,4,1,4,2.5,5,3,0
4,4,4,4,4.0,8,0,3
26,26,26,26,26.0,52,0,25
9,8,8,9,8.5,17,1,6
49,36,36,49,42.5,85,13,34
1,9,1,9,5.0,10,8,0
1,17,1,17,9.0,18,16,0
10,14,10,14,12.0,24,4,8
8,1,1,8,4.5,9,7,0
1,5,1,5,3.0,6,4,0
12,12,12,12,12.0,24,0,10
1,7,1,7,4.0,8,6,0
6,4,4,6,5.0,10,2,1
1,12,1,12,6.5,13,11,0
1,4,1,4,2.5,5,3,0
2,30,2,30,16.0,32,28,0
6,5,5,6,5.5,11,1,4
23,20,20,23,21.5,43,3,16
2,4,2,4,3.0,6,2,1
1,4,1,4,2.5,5,3,0
19,16,16,19,17.5,35,3,15
2,4,2,4,3.0,6,2,1
1,4,1,4,2.5,5,3,0
8,10,8,10,9.0,18,2,6
17,6,6,17,11.5,23,11,4
5,1,1,5,3.0,6,4,0
2,5,2,5,3.5,7,3,0
2,5,2,5,3.5,7,3,1
2,17,2,17,9.5,19,15,0
8,10,8,10,9.0,18,2,4
4,1,1,4,2.5,5,3,0
5,2,2,5,3.5,7,3,1
4,5,4,5,4.5,9,1,0
20,5,5,20,12.5,25,15,1
26,1,1,26,13.5,27,25,0
3,5,3,5,4.0,8,2,2
15,10,10,15,12.5,25,5,9
3,6,3,6,4.5,9,3,1
5,7,5,7,6.0,12,2,4
6,10,6,10,8.0,16,4,4
1,4,1,4,2.5,5,3,0
5,4,4,5,4.5,9,1,1
4,4,4,4,4.0,8,0,2
1,12,1,12,6.5,13,11,0
22,12,12,22,17.0,34,10,10
4,5,4,5,4.5,9,1,3
4,2,2,4,3.0,6,2,0
7,7,7,7,7.0,14,0,6
6,1,1,6,3.5,7,5,0
20,24,20,24,22.0,44,4,7
6,4,4,6,5.0,10,2,3
8,2,2,8,5.0,10,6,0
4,1,1,4,2.5,5,3,0
4,4,4,4,4.0,8,0,0
1,4,1,4,2.5,5,3,0
43,36,36,43,39.5,79,7,32
5,2,2,5,3.5,7,3,1
7,9,7,9,8.0,16,2,5
9,9,9,9,9.0,18,0,8
1,10,1,10,5.5,11,9,0
9,16,9,16,12.5,25,7,7
12,8,8,12,10.0,20,4,7
13,12,12,13,12.5,25,1,11
14,14,14,14,14.0,28,0,10
4,1,1,4,2.5,5,3,0
14,13,13,14,13.5,27,1,12
2,5,2,5,3.5,7,3,1
49,19,19,49,34.0,68,30,10
5,11,5,11,8.0,16,6,1
20,21,20,21,20.5,41,1,19
2,23,2,23,12.5,25,21,0
20,1,1,20,10.5,21,19,0
6,5,5,6,5.5,11,1,4
34,27,27,34,30.5,61,7,23
6,5,5,6,5.5,11,1,4
7,7,7,7,7.0,14,0,6
7,8,7,8,7.5,15,1,5
5,5,5,5,5.0,10,0,4
6,2,2,6,4.0,8,4,1
1,15,1,15,8.0,16,14,0
8,8,8,8,8.0,16,0,6
6,7,6,7,6.5,13,1,3
18,22,18,22,20.0,40,4,15
5,4,4,5,4.5,9,1,3
1,4,1,4,2.5,5,3,0
7,5,5,7,6.0,12,2,1
24,12,12,24,18.0,36,12,11
2,6,2,6,4.0,8,4,1
1,4,1,4,2.5,5,3,0
1,8,1,8,4.5,9,7,0
10,17,10,17,13.5,27,7,9
1,4,1,4,2.5,5,3,0
9,22,9,22,15.5,31,13,7
1,4,1,4,2.5,5,3,0
6,7,6,7,6.5,13,1,3
24,25,24,25,24.5,49,1,18
19,1,1,19,10.0,20,18,0
16,10,10,16,13.0,26,6,8
5,6,5,6,5.5,11,1,4
7,4,4,7,5.5,11,3,3
10,5,5,10,7.5,15,5,3
8,1,1,8,4.5,9,7,0
3,6,3,6,4.5,9,3,1
11,15,11,15,13.0,26,4,9
6,6,6,6,6.0,12,0,5
6,1,1,6,3.5,7,5,0
4,4,4,4,4.0,8,0,3
11,10,10,11,10.5,21,1,9
48,41,41,48,44.5,89,7,37
1,4,1,4,2.5,5,3,0
31,23,23,31,27.0,54,8,19
29,50,29,50,39.5,79,21,14
1,16,1,16,8.5,17,15,0
1,5,1,5,3.0,6,4,0
3,5,3,5,4.0,8,2,2
4,1,1,4,2.5,5,3,0
25,21,21,25,23.0,46,4,19
12,11,11,12,11.5,23,1,8
6,5,5,6,5.5,11,1,4
9,6,6,9,7.5,15,3,3
1,4,1,4,2.5,5,3,0
16,14,14,16,15.0,30,2,12
7,6,6,7,6.5,13,1,2
32,23,23,32,27.5,55,9,22
19,7,7,19,13.0,26,12,6
9,2,2,9,5.5,11,7,0
1,11,1,11,6.0,12,10,0
5,3,3,5,4.0,8,2,2
6,6,6,6,6.0,12,0,5
13,10,10,13,11.5,23,3,9
13,1,1,13,7.0,14,12,0
6,1,1,6,3.5,7,5,0
5,6,5,6,5.5,11,1,1
19,18,18,19,18.5,37,1,16
4,1,1,4,2.5,5,3,0
7,6,6,7,6.5,13,1,5
9,1,1,9,5.0,10,8,0
2,5,2,5,3.5,7,3,0
4,1,1,4,2.5,5,3,0
7,9,7,9,8.0,16,2,6
6,10,6,10,8.0,16,4,4
4,1,1,4,2.5,5,3,0
1,12,1,12,6.5,13,11,0
4,1,1,4,2.5,5,3,0
2,4,2,4,3.0,6,2,0
5,5,5,5,5.0,10,0,4
4,3,3,4,3.5,7,1,2
4,5,4,5,4.5,9,1,1
29,22,22,29,25.5,51,7,21
2,5,2,5,3.5,7,3,1
1,11,1,11,6.0,12,10,0
18,14,14,18,16.0,32,4,13
10,16,10,16,13.0,26,6,8
1,5,1,5,3.0,6,4,0
3,9,3,9,6.0,12,6,1
7,5,5,7,6.0,12,2,4
7,10,7,10,8.5,17,3,1
11,13,11,13,12.0,24,2,7
3,9,3,9,6.0,12,6,0
10,1,1,10,5.5,11,9,0
5,5,5,5,5.0,10,0,4
22,42,22,42,32.0,64,20,18
5,6,5,6,5.5,11,1,4
6,6,6,6,6.0,12,0,4
7,1,1,7,4.0,8,6,0
4,5,4,5,4.5,9,1,3
8,2,2,8,5.0,10,6,0
2,15,2,15,8.5,17,13,1
1,5,1,5,3.0,6,4,0
5,1,1,5,3.0,6,4,0
1,4,1,4,2.5,5,3,0
4,1,1,4,2.5,5,3,0
18,30,18,30,24.0,48,12,13
1,9,1,9,5.0,10,8,0
31,32,31,32,31.5,63,1,30
4,1,1,4,2.5,5,3,0
1,4,1,4,2.5,5,3,0
12,20,12,20,16.0,32,8,6
2,11,2,11,6.5,13,9,0
1,4,1,4,2.5,5,3,0
4,1,1,4,2.5,5,3,0
8,1,1,8,4.5,9,7,0
18,1,1,18,9.5,19,17,0
1,11,1,11,6.0,12,10,0
16,37,16,37,26.5,53,21,10
1,5,1,5,3.0,6,4,0
4,1,1,4,2.5,5,3,0
4,1,1,4,2.5,5,3,0
13,12,12,13,12.5,25,1,9
8,7,7,8,7.5,15,1,6
6,3,3,6,4.5,9,3,2
2,5,2,5,3.5,7,3,0
33,33,33,33,33.0,66,0,32
26,26,26,26,26.0,52,0,25
12,13,12,13,12.5,25,1,11
17,5,5,17,11.0,22,12,3
5,6,5,6,5.5,11,1,4
1,5,1,5,3.0,6,4,0
7,9,7,9,8.0,16,2,6
22,27,22,27,24.5,49,5,21
12,12,12,12,12.0,24,0,11
7,14,7,14,10.5,21,7,4
4,5,4,5,4.5,9,1,2
4,4,4,4,4.0,8,0,3
5,1,1,5,3.0,6,4,0
7,6,6,7,6.5,13,1,5
7,4,4,7,5.5,11,3,3
19,3,3,19,11.0,22,16,0
12,11,11,12,11.5,23,1,9
40,27,27,40,33.5,67,13,24
6,5,5,6,5.5,11,1,4
7,1,1,7,4.0,8,6,0
16,8,8,16,12.0,24,8,7
5,1,1,5,3.0,6,4,0
2,6,2,6,4.0,8,4,1
3,6,3,6,4.5,9,3,0
21,21,21,21,21.0,42,0,14
9,11,9,11,10.0,20,2,6
6,4,4,6,5.0,10,2,0
1,4,1,4,2.5,5,3,0
8,1,1,8,4.5,9,7,0
6,36,6,36,21.0,42,30,1
7,2,2,7,4.5,9,5,0
20,11,11,20,15.5,31,9,9
10,5,5,10,7.5,15,5,0
5,2,2,5,3.5,7,3,1
1,4,1,4,2.5,5,3,0
7,7,7,7,7.0,14,0,6
4,1,1,4,2.5,5,3,0
5,2,2,5,3.5,7,3,1
16,22,16,22,19.0,38,6,12
2,4,2,4,3.0,6,2,1
9,6,6,9,7.5,15,3,5
4,1,1,4,2.5,5,3,0
1,4,1,4,2.5,5,3,0
5,1,1,5,3.0,6,4,0
6,1,1,6,3.5,7,5,0
4,4,4,4,4.0,8,0,3
10,9,9,10,9.5,19,1,6
31,33,31,33,32.0,64,2,30
5,10,5,10,7.5,15,5,1
47,34,34,47,40.5,81,13,28
6,1,1,6,3.5,7,5,0
5,1,1,5,3.0,6,4,0
1,6,1,6,3.5,7,5,0
9,1,1,9,5.0,10,8,0
1,6,1,6,3.5,7,5,0
1,6,1,6,3.5,7,5,0
49,51,49,51,50.0,100,2,48
14,13,13,14,13.5,27,1,12
1,5,1,5,3.0,6,4,0
15,14,14,15,14.5,29,1,11
26,27,26,27,26.5,53,1,25
4,1,1,4,2.5,5,3,0
9,3,3,9,6.0,12,6,2
40,24,24,40,32.0,64,16,23
31,2,2,31,16.5,33,29,1
4,1,1,4,2.5,5,3,0
7,2,2,7,4.5,9,5,0
8,9,8,9,8.5,17,1,1
6,7,6,7,6.5,13,1,4
1,12,1,12,6.5,13,11,0
1,4,1,4,2.5,5,3,0
37,28,28,37,32.5,65,9,19
2,35,2,35,18.5,37,33,0
11,10,10,11,10.5,21,1,9
20,30,20,30,25.0,50,10,16
11,11,11,11,11.0,22,0,8
4,8,4,8,6.0,12,4,1
4,5,4,5,4.5,9,1,1
1,4,1,4,2.5,5,3,0
13,13,13,13,13.0,26,0,11
9,9,9,9,9.0,18,0,2
18,17,17,18,17.5,35,1,15
13,15,13,15,14.0,28,2,9
5,5,5,5,5.0,10,0,1
4,49,4,49,26.5,53,45,0
2,4,2,4,3.0,6,2,1
4,4,4,4,4.0,8,0,0
5,5,5,5,5.0,10,0,4
1,5,1,5,3.0,6,4,0
10,3,3,10,6.5,13,7,1
1,4,1,4,2.5,5,3,0
25,28,25,28,26.5,53,3,19
1,5,1,5,3.0,6,4,0
5,3,3,5,4.0,8,2,2
5,11,5,11,8.0,16,6,0
5,1,1,5,3.0,6,4,0
19,21,19,21,20.0,40,2,17
17,6,6,17,11.5,23,11,5
17,2,2,17,9.5,19,15,1
6,6,6,6,6.0,12,0,4
5,1,1,5,3.0,6,4,0
1,7,1,7,4.0,8,6,0
23,27,23,27,25.0,50,4,20
18,1,1,18,9.5,19,17,0
3,4,3,4,3.5,7,1,0
43,41,41,43,42.0,84,2,30
6,1,1,6,3.5,7,5,0
1,5,1,5,3.0,6,4,0
8,8,8,8,8.0,16,0,7
5,30,5,30,17.5,35,25,3
4,1,1,4,2.5,5,3,0
5,6,5,6,5.5,11,1,3
5,1,1,5,3.0,6,4,0
4,4,4,4,4.0,8,0,3
1,5,1,5,3.0,6,4,0
27,15,15,27,21.0,42,12,13
1,5,1,5,3.0,6,4,0
9,4,4,9,6.5,13,5,3
14,14,14,14,14.0,28,0,13
1,13,1,13,7.0,14,12,0
1,4,1,4,2.5,5,3,0
4,107,4,107,55.5,111,103,0
10,5,5,10,7.5,15,5,4
1,6,1,6,3.5,7,5,0
7,7,7,7,7.0,14,0,6
8,7,7,8,7.5,15,1,6
4,1,1,4,2.5,5,3,0
4,4,4,4,4.0,8,0,3
11,11,11,11,11.0,22,0,10
22,21,21,22,21.5,43,1,20
15,16,15,16,15.5,31,1,13
4,2,2,4,3.0,6,2,1
6,1,1,6,3.5,7,5,0
1,4,1,4,2.5,5,3,0
25,32,25,32,28.5,57,7,18
1,4,1,4,2.5,5,3,0
34,34,34,34,34.0,68,0,28
5,5,5,5,5.0,10,0,4
2,7,2,7,4.5,9,5,0
4,4,4,4,4.0,8,0,0
6,1,1,6,3.5,7,5,0
11,6,6,11,8.5,17,5,4
11,10,10,11,10.5,21,1,8
22,24,22,24,23.0,46,2,12
1,5,1,5,3.0,6,4,0
5,1,1,5,3.0,6,4,0
11,14,11,14,12.5,25,3,8
4,5,4,5,4.5,9,1,3
5,3,3,5,4.0,8,2,2
32,32,32,32,32.0,64,0,30
5,10,5,10,7.5,15,5,2
9,25,9,25,17.0,34,16,4
19,19,19,19,19.0,38,0,18
1,7,1,7,4.0,8,6,0
32,34,32,34,33.0,66,2,22
14,17,14,17,15.5,31,3,12
5,1,1,5,3.0,6,4,0
28,10,10,28,19.0,38,18,3
2,10,2,10,6.0,12,8,0
34,40,34,40,37.0,74,6,23
19,13,13,19,16.0,32,6,11
8,1,1,8,4.5,9,7,0
25,37,25,37,31.0,62,12,23
34,35,34,35,34.5,69,1,22
49,42,42,49,45.5,91,7,33
6,7,6,7,6.5,13,1,0
5,4,4,5,4.5,9,1,3
5,1,1,5,3.0,6,4,0
6,1,1,6,3.5,7,5,0
18,10,10,18,14.0,28,8,8
5,1,1,5,3.0,6,4,0
5,5,5,5,5.0,10,0,4
6,5,5,6,5.5,11,1,4
10,13,10,13,11.5,23,3,9
2,4,2,4,3.0,6,2,0
5,5,5,5,5.0,10,0,4
5,1,1,5,3.0,6,4,0
2,4,2,4,3.0,6,2,0
3,9,3,9,6.0,12,6,0
4,1,1,4,2.5,5,3,0
11,10,10,11,10.5,21,1,9
1,5,1,5,3.0,6,4,0
6,5,5,6,5.5,11,1,3
14,9,9,14,11.5,23,5,8
5,5,5,5,5.0,10,0,4
9,10,9,10,9.5,19,1,6
7,7,7,7,7.0,14,0,6
12,12,12,12,12.0,24,0,9
8,7,7,8,7.5,15,1,4
5,10,5,10,7.5,15,5,4
6,7,6,7,6.5,13,1,5
45,44,44,45,44.5,89,1,32
7,3,3,7,5.0,10,4,2
1,40,1,40,20.5,41,39,0
1,7,1,7,4.0,8,6,0
4,1,1,4,2.5,5,3,0
8,10,8,10,9.0,18,2,6
11,12,11,12,11.5,23,1,10
6,1,1,6,3.5,7,5,0
2,5,2,5,3.5,7,3,1
7,7,7,7,7.0,14,0,4
7,6,6,7,6.5,13,1,3
19,19,19,19,19.0,38,0,16
5,1,1,5,3.0,6,4,0
8,8,8,8,8.0,16,0,7
14,38,14,38,26.0,52,24,6
28,3,3,28,15.5,31,25,2
11,1,1,11,6.0,12,10,0
11,11,11,11,11.0,22,0,8
17,17,17,17,17.0,34,0,13
12,4,4,12,8.0,16,8,3
29,42,29,42,35.5,71,13,24
1,4,1,4,2.5,5,3,0
8,13,8,13,10.5,21,5,4
9,4,4,9,6.5,13,5,3
5,7,5,7,6.0,12,2,1
18,18,18,18,18.0,36,0,14
1,5,1,5,3.0,6,4,0
40,23,23,40,31.5,63,17,19
1,4,1,4,2.5,5,3,0
22,17,17,22,19.5,39,5,16
1,4,1,4,2.5,5,3,0
12,12,12,12,12.0,24,0,10
19,17,17,19,18.0,36,2,16
10,8,8,10,9.0,18,2,5
9,17,9,17,13.0,26,8,4
35,41,35,41,38.0,76,6,21
1,8,1,8,4.5,9,7,0
19,22,19,22,20.5,41,3,14
6,12,6,12,9.0,18,6,3
3,4,3,4,3.5,7,1,0
49,25,25,49,37.0,74,24,24
7,1,1,7,4.0,8,6,0
9,11,9,11,10.0,20,2,8
43,25,25,43,34.0,68,18,22
4,1,1,4,2.5,5,3,0
26,13,13,26,19.5,39,13,10
5,4,4,5,4.5,9,1,3
10,6,6,10,8.0,16,4,5
16,4,4,16,10.0,20,12,0
4,2,2,4,3.0,6,2,1
9,1,1,9,5.0,10,8,0
2,5,2,5,3.5,7,3,0
1,4,1,4,2.5,5,3,0
25,44,25,44,34.5,69,19,14
10,7,7,10,8.5,17,3,4
9,9,9,9,9.0,18,0,7
4,3,3,4,3.5,7,1,2
2,6,2,6,4.0,8,4,0
5,9,5,9,7.0,14,4,1
19,23,19,23,21.0,42,4,15
4,8,4,8,6.0,12,4,3
10,9,9,10,9.5,19,1,8
2,5,2,5,3.5,7,3,0
18,15,15,18,16.5,33,3,10
12,13,12,13,12.5,25,1,11
4,4,4,4,4.0,8,0,3
2,29,2,29,15.5,31,27,0
1,4,1,4,2.5,5,3,0
1,146,1,146,73.5,147,145,0
31,18,18,31,24.5,49,13,12
4,1,1,4,2.5,5,3,0
23,34,23,34,28.5,57,11,19
27,27,27,27,27.0,54,0,26
9,1,1,9,5.0,10,8,0
6,7,6,7,6.5,13,1,2
5,2,2,5,3.5,7,3,1
17,1,1,17,9.0,18,16,0
4,1,1,4,2.5,5,3,0
12,12,12,12,12.0,24,0,11
12,15,12,15,13.5,27,3,11
8,9,8,9,8.5,17,1,6
36,37,36,37,36.5,73,1,27
5,8,5,8,6.5,13,3,3
8,11,8,11,9.5,19,3,7
9,5,5,9,7.0,14,4,4
8,9,8,9,8.5,17,1,7
1,7,1,7,4.0,8,6,0
6,7,6,7,6.5,13,1,4
6,6,6,6,6.0,12,0,4
6,6,6,6,6.0,12,0,5
1,19,1,19,10.0,20,18,0
10,6,6,10,8.0,16,4,5
5,1,1,5,3.0,6,4,0
18,14,14,18,16.0,32,4,13
10,14,10,14,12.0,24,4,7
23,19,19,23,21.0,42,4,7
4,5,4,5,4.5,9,1,3
1,16,1,16,8.5,17,15,0
4,1,1,4,2.5,5,3,0
4,1,1,4,2.5,5,3,0
1,5,1,5,3.0,6,4,0
5,2,2,5,3.5,7,3,1
13,11,11,13,12.0,24,2,10
7,7,7,7,7.0,14,0,5
1,5,1,5,3.0,6,4,0
16,17,16,17,16.5,33,1,13
10,20,10,20,15.0,30,10,2
30,31,30,31,30.5,61,1,22
24,8,8,24,16.0,32,16,6
8,9,8,9,8.5,17,1,7
6,1,1,6,3.5,7,5,0
21,5,5,21,13.0,26,16,2
4,2,2,4,3.0,6,2,1
12,17,12,17,14.5,29,5,10
1,5,1,5,3.0,6,4,0
37,28,28,37,32.5,65,9,23
16,2,2,16,9.0,18,14,0
1,10,1,10,5.5,11,9,0
3,21,3,21,12.0,24,18,1
5,1,1,5,3.0,6,4,0
4,5,4,5,4.5,9,1,1
5,11,5,11,8.0,16,6,4
9,1,1,9,5.0,10,8,0
14,15,14,15,14.5,29,1,11
5,10,5,10,7.5,15,5,3
1,4,1,4,2.5,5,3,0
6,5,5,6,5.5,11,1,4
1,7,1,7,4.0,8,6,0
1,6,1,6,3.5,7,5,0
5,2,2,5,3.5,7,3,1
6,1,1,6,3.5,7,5,0
42,18,18,42,30.0,60,24,16
14,13,13,14,13.5,27,1,8
11,10,10,11,10.5,21,1,9
2,9,2,9,5.5,11,7,1
17,2,2,17,9.5,19,15,0
19,23,19,23,21.0,42,4,14
4,4,4,4,4.0,8,0,3
25,30,25,30,27.5,55,5,0
2,23,2,23,12.5,25,21,1
4,1,1,4,2.5,5,3,0
16,12,12,16,14.0,28,4,11
16,7,7,16,11.5,23,9,6
6,5,5,6,5.5,11,1,4
19,13,13,19,16.0,32,6,12
1,4,1,4,2.5,5,3,0
4,1,1,4,2.5,5,3,0
5,8,5,8,6.5,13,3,4
6,5,5,6,5.5,11,1,2
4,6,4,6,5.0,10,2,2
19,28,19,28,23.5,47,9,9
6,1,1,6,3.5,7,5,0
1,11,1,11,6.0,12,10,0
4,8,4,8,6.0,12,4,0
55,18,18,55,36.5,73,37,12
27,22,22,27,24.5,49,5,21
22,19,19,22,20.5,41,3,17
28,19,19,28,23.5,47,9,18
1,14,1,14,7.5,15,13,0
4,5,4,5,4.5,9,1,2
6,6,6,6,6.0,12,0,5
4,4,4,4,4.0,8,0,2
4,1,1,4,2.5,5,3,0
56,1,1,56,28.5,57,55,0
1,7,1,7,4.0,8,6,0
8,1,1,8,4.5,9,7,0
12,12,12,12,12.0,24,0,10
12,15,12,15,13.5,27,3,11
6,12,6,12,9.0,18,6,3
1,4,1,4,2.5,5,3,0
7,8,7,8,7.5,15,1,6
1,12,1,12,6.5,13,11,0
7,8,7,8,7.5,15,1,3
14,16,14,16,15.0,30,2,12
2,5,2,5,3.5,7,3,1
10,2,2,10,6.0,12,8,0
6,5,5,6,5.5,11,1,3
4,3,3,4,3.5,7,1,2
4,1,1,4,2.5,5,3,0
17,20,17,20,18.5,37,3,13
4,2,2,4,3.0,6,2,0
1,11,1,11,6.0,12,10,0
8,10,8,10,9.0,18,2,7
1,5,1,5,3.0,6,4,0
4,5,4,5,4.5,9,1,3
1,18,1,18,9.5,19,17,0
8,15,8,15,11.5,23,7,7
1,21,1,21,11.0,22,20,0
49,24,24,49,36.5,73,25,20
1,4,1,4,2.5,5,3,0
35,43,35,43,39.0,78,8,27
4,2,2,4,3.0,6,2,1
5,8,5,8,6.5,13,3,2
12,12,12,12,12.0,24,0,11
1,4,1,4,2.5,5,3,0
4,1,1,4,2.5,5,3,0
10,7,7,10,8.5,17,3,6
5,6,5,6,5.5,11,1,4
1,5,1,5,3.0,6,4,0
4,1,1,4,2.5,5,3,0
4,1,1,4,2.5,5,3,0
20,12,12,20,16.0,32,8,2
4,5,4,5,4.5,9,1,3
5,1,1,5,3.0,6,4,0
11,11,11,11,11.0,22,0,8
1,8,1,8,4.5,9,7,0
1,21,1,21,11.0,22,20,0
6,4,4,6,5.0,10,2,3
4,4,4,4,4.0,8,0,3
19,23,19,23,21.0,42,4,6
12,12,12,12,12.0,24,0,11
1,4,1,4,2.5,5,3,0
8,7,7,8,7.5,15,1,6
5,3,3,5,4.0,8,2,2
7,10,7,10,8.5,17,3,6
7,8,7,8,7.5,15,1,6
1,4,1,4,2.5,5,3,0
5,2,2,5,3.5,7,3,0
7,13,7,13,10.0,20,6,5
1,10,1,10,5.5,11,9,0
4,1,1,4,2.5,5,3,0
5,4,4,5,4.5,9,1,3
15,11,11,15,13.0,26,4,10
5,2,2,5,3.5,7,3,1
2,8,2,8,5.0,10,6,1
6,7,6,7,6.5,13,1,4
3,6,3,6,4.5,9,3,2
5,5,5,5,5.0,10,0,4
10,9,9,10,9.5,19,1,7
4,4,4,4,4.0,8,0,3
1,5,1,5,3.0,6,4,0
21,38,21,38,29.5,59,17,18
1,6,1,6,3.5,7,5,0
5,7,5,7,6.0,12,2,2
6,1,1,6,3.5,7,5,0
11,7,7,11,9.0,18,4,5
24,15,15,24,19.5,39,9,14
31,11,11,31,21.0,42,20,10
2,6,2,6,4.0,8,4,1
1,6,1,6,3.5,7,5,0
5,10,5,10,7.5,15,5,4
2,107,2,107,54.5,109,105,0
9,11,9,11,10.0,20,2,8
24,44,24,44,34.0,68,20,21
1,17,1,17,9.0,18,16,0
7,7,7,7,7.0,14,0,5
1,7,1,7,4.0,8,6,0
4,12,4,12,8.0,16,8,3
15,15,15,15,15.0,30,0,12
1,6,1,6,3.5,7,5,0
5,1,1,5,3.0,6,4,0
4,6,4,6,5.0,10,2,3
4,1,1,4,2.5,5,3,0
13,10,10,13,11.5,23,3,9
6,7,6,7,6.5,13,1,1
1,5,1,5,3.0,6,4,0
13,14,13,14,13.5,27,1,11
11,2,2,11,6.5,13,9,1
11,10,10,11,10.5,21,1,8
1,15,1,15,8.0,16,14,0
4,1,1,4,2.5,5,3,0
8,1,1,8,4.5,9,7,0
6,6,6,6,6.0,12,0,5
8,9,8,9,8.5,17,1,7
5,1,1,5,3.0,6,4,0
4,1,1,4,2.5,5,3,0
1,10,1,10,5.5,11,9,0
8,8,8,8,8.0,16,0,7
6,7,6,7,6.5,13,1,5
5,3,3,5,4.0,8,2,2
4,1,1,4,2.5,5,3,0
5,1,1,5,3.0,6,4,0
5,5,5,5,5.0,10,0,4
4,8,4,8,6.0,12,4,2
2,12,2,12,7.0,14,10,1
8,11,8,11,9.5,19,3,7
1,25,1,25,13.0,26,24,0
6,1,1,6,3.5,7,5,0
40,29,29,40,34.5,69,11,26
4,5,4,5,4.5,9,1,3
5,1,1,5,3.0,6,4,0
8,5,5,8,6.5,13,3,3
16,11,11,16,13.5,27,5,9
6,7,6,7,6.5,13,1,3
12,13,12,13,12.5,25,1,11
6,1,1,6,3.5,7,5,0
2,77,2,77,39.5,79,75,0
4,2,2,4,3.0,6,2,1
4,2,2,4,3.0,6,2,1
8,13,8,13,10.5,21,5,6
6,6,6,6,6.0,12,0,4
15,17,15,17,16.0,32,2,13
6,1,1,6,3.5,7,5,0
4,1,1,4,2.5,5,3,0
6,1,1,6,3.5,7,5,0
8,5,5,8,6.5,13,3,4
11,9,9,11,10.0,20,2,5
43,41,41,43,42.0,84,2,31
13,23,13,23,18.0,36,10,4
9,33,9,33,21.0,42,24,8
2,5,2,5,3.5,7,3,1
19,19,19,19,19.0,38,0,18
8,12,8,12,10.0,20,4,7
11,16,11,16,13.5,27,5,8
8,10,8,10,9.0,18,2,5
22,16,16,22,19.0,38,6,12
46,36,36,46,41.0,82,10,34
1,7,1,7,4.0,8,6,0
17,16,16,17,16.5,33,1,14
4,5,4,5,4.5,9,1,2
17,11,11,17,14.0,28,6,10
12,8,8,12,10.0,20,4,6
4,2,2,4,3.0,6,2,0
25,21,21,25,23.0,46,4,20
1,28,1,28,14.5,29,27,0
10,8,8,10,9.0,18,2,6
5,6,5,6,5.5,11,1,4
8,1,1,8,4.5,9,7,0
19,21,19,21,20.0,40,2,18
4,1,1,4,2.5,5,3,0
7,1,1,7,4.0,8,6,0
1,15,1,15,8.0,16,14,0
1,4,1,4,2.5,5,3,0
7,5,5,7,6.0,12,2,4
29,23,23,29,26.0,52,6,20
1,6,1,6,3.5,7,5,0
1,15,1,15,8.0,16,14,0
6,14,6,14,10.0,20,8,4
5,1,1,5,3.0,6,4,0
2,4,2,4,3.0,6,2,0
4,5,4,5,4.5,9,1,3
6,5,5,6,5.5,11,1,4
2,19,2,19,10.5,21,17,0
27,11,11,27,19.0,38,16,8
10,7,7,10,8.5,17,3,5
16,25,16,25,20.5,41,9,13
4,4,4,4,4.0,8,0,3
1,5,1,5,3.0,6,4,0
23,25,23,25,24.0,48,2,22
2,5,2,5,3.5,7,3,0
5,5,5,5,5.0,10,0,4
1,12,1,12,6.5,13,11,0
8,7,7,8,7.5,15,1,6
7,6,6,7,6.5,13,1,5
1,6,1,6,3.5,7,5,0
1,13,1,13,7.0,14,12,0
1,4,1,4,2.5,5,3,0
16,15,15,16,15.5,31,1,11
1,14,1,14,7.5,15,13,0
7,8,7,8,7.5,15,1,6
4,1,1,4,2.5,5,3,0
6,13,6,13,9.5,19,7,4
16,11,11,16,13.5,27,5,10
9,11,9,11,10.0,20,2,8
19,1,1,19,10.0,20,18,0
25,45,25,45,35.0,70,20,21
4,4,4,4,4.0,8,0,3
4,4,4,4,4.0,8,0,0
1,5,1,5,3.0,6,4,0
6,6,6,6,6.0,12,0,5
1,5,1,5,3.0,6,4,0
4,1,1,4,2.5,5,3,0
1,4,1,4,2.5,5,3,0
4,1,1,4,2.5,5,3,0
1,4,1,4,2.5,5,3,0
5,4,4,5,4.5,9,1,0
21,18,18,21,19.5,39,3,14
3,26,3,26,14.5,29,23,0
18,18,18,18,18.0,36,0,7
1,17,1,17,9.0,18,16,0
7,2,2,7,4.5,9,5,1
5,13,5,13,9.0,18,8,1
7,1,1,7,4.0,8,6,0
1,4,1,4,2.5,5,3,0
1,7,1,7,4.0,8,6,0
7,5,5,7,6.0,12,2,4
19,19,19,19,19.0,38,0,18
4,5,4,5,4.5,9,1,3
8,6,6,8,7.0,14,2,5
10,8,8,10,9.0,18,2,7
12,15,12,15,13.5,27,3,10
10,1,1,10,5.5,11,9,0
16,15,15,16,15.5,31,1,12
22,24,22,24,23.0,46,2,21
5,5,5,5,5.0,10,0,2
10,16,10,16,13.0,26,6,7
31,33,31,33,32.0,64,2,29
12,10,10,12,11.0,22,2,8
1,15,1,15,8.0,16,14,0
1,4,1,4,2.5,5,3,0
5,1,1,5,3.0,6,4,0
7,1,1,7,4.0,8,6,0
15,15,15,15,15.0,30,0,11
13,4,4,13,8.5,17,9,0
7,7,7,7,7.0,14,0,6
14,14,14,14,14.0,28,0,13
52,4,4,52,28.0,56,48,3
12,9,9,12,10.5,21,3,4
10,7,7,10,8.5,17,3,6
1,5,1,5,3.0,6,4,0
1,12,1,12,6.5,13,11,0
12,9,9,12,10.5,21,3,8
49,42,42,49,45.5,91,7,25
6,2,2,6,4.0,8,4,1
9,8,8,9,8.5,17,1,4
4,1,1,4,2.5,5,3,0
4,16,4,16,10.0,20,12,0
11,6,6,11,8.5,17,5,2
5,1,1,5,3.0,6,4,0
6,5,5,6,5.5,11,1,4
37,40,37,40,38.5,77,3,28
43,42,42,43,42.5,85,1,40
5,7,5,7,6.0,12,2,0
6,5,5,6,5.5,11,1,4
26,27,26,27,26.5,53,1,25
1,6,1,6,3.5,7,5,0
4,1,1,4,2.5,5,3,0
22,2,2,22,12.0,24,20,1
12,9,9,12,10.5,21,3,7
66,29,29,66,47.5,95,37,24
6,4,4,6,5.0,10,2,3
4,1,1,4,2.5,5,3,0
5,12,5,12,8.5,17,7,2
38,25,25,38,31.5,63,13,21
10,9,9,10,9.5,19,1,6
27,27,27,27,27.0,54,0,25
1,4,1,4,2.5,5,3,0
4,1,1,4,2.5,5,3,0
6,1,1,6,3.5,7,5,0
10,10,10,10,10.0,20,0,8
2,5,2,5,3.5,7,3,1
7,8,7,8,7.5,15,1,2
4,1,1,4,2.5,5,3,0
8,1,1,8,4.5,9,7,0
9,6,6,9,7.5,15,3,5
16,15,15,16,15.5,31,1,12
13,14,13,14,13.5,27,1,12
4,1,1,4,2.5,5,3,0
6,5,5,6,5.5,11,1,4
31,31,31,31,31.0,62,0,29
4,3,3,4,3.5,7,1,2
1,13,1,13,7.0,14,12,0
26,34,26,34,30.0,60,8,16
1,6,1,6,3.5,7,5,0
4,4,4,4,4.0,8,0,3
37,23,23,37,30.0,60,14,12
7,8,7,8,7.5,15,1,6
19,11,11,19,15.0,30,8,6
18,18,18,18,18.0,36,0,12
13,1,1,13,7.0,14,12,0
5,3,3,5,4.0,8,2,2
22,13,13,22,17.5,35,9,11
5,7,5,7,6.0,12,2,4
12,18,12,18,15.0,30,6,9
24,27,24,27,25.5,51,3,21
11,16,11,16,13.5,27,5,5
5,6,5,6,5.5,11,1,4
4,7,4,7,5.5,11,3,3
12,14,12,14,13.0,26,2,9
26,26,26,26,26.0,52,0,24
2,4,2,4,3.0,6,2,1
5,8,5,8,6.5,13,3,1
7,11,7,11,9.0,18,4,4
11,10,10,11,10.5,21,1,9
39,20,20,39,29.5,59,19,8
26,27,26,27,26.5,53,1,25
1,6,1,6,3.5,7,5,0
5,1,1,5,3.0,6,4,0
11,9,9,11,10.0,20,2,8
6,6,6,6,6.0,12,0,5
5,4,4,5,4.5,9,1,3
4,4,4,4,4.0,8,0,3
8,4,4,8,6.0,12,4,3
14,21,14,21,17.5,35,7,13
5,1,1,5,3.0,6,4,0
5,5,5,5,5.0,10,0,4
4,1,1,4,2.5,5,3,0
3,5,3,5,4.0,8,2,2
6,12,6,12,9.0,18,6,5
4,1,1,4,2.5,5,3,0
6,7,6,7,6.5,13,1,4
14,12,12,14,13.0,26,2,5
5,5,5,5,5.0,10,0,3
5,6,5,6,5.5,11,1,3
5,5,5,5,5.0,10,0,4
1,9,1,9,5.0,10,8,0
5,1,1,5,3.0,6,4,0
44,47,44,47,45.5,91,3,34
12,14,12,14,13.0,26,2,11
8,1,1,8,4.5,9,7,0
5,7,5,7,6.0,12,2,4
12,15,12,15,13.5,27,3,10
1,5,1,5,3.0,6,4,0
8,15,8,15,11.5,23,7,0
6,25,6,25,15.5,31,19,0
17,14,14,17,15.5,31,3,13
16,47,16,47,31.5,63,31,12
9,6,6,9,7.5,15,3,4
12,13,12,13,12.5,25,1,11
5,11,5,11,8.0,16,6,4
8,7,7,8,7.5,15,1,4
18,49,18,49,33.5,67,31,10
34,28,28,34,31.0,62,6,23
9,6,6,9,7.5,15,3,5
19,21,19,21,20.0,40,2,18
12,22,12,22,17.0,34,10,11
8,7,7,8,7.5,15,1,6
41,23,23,41,32.0,64,18,22
1,14,1,14,7.5,15,13,0
6,1,1,6,3.5,7,5,0
5,1,1,5,3.0,6,4,0
4,1,1,4,2.5,5,3,0
1,6,1,6,3.5,7,5,0
4,1,1,4,2.5,5,3,0
1,5,1,5,3.0,6,4,0
1,5,1,5,3.0,6,4,0
6,6,6,6,6.0,12,0,5
6,3,3,6,4.5,9,3,2
4,1,1,4,2.5,5,3,0
30,20,20,30,25.0,50,10,14
6,14,6,14,10.0,20,8,4
25,35,25,35,30.0,60,10,22
13,5,5,13,9.0,18,8,0
1,22,1,22,11.5,23,21,0
9,7,7,9,8.0,16,2,2
31,31,31,31,31.0,62,0,30
16,1,1,16,8.5,17,15,0
5,5,5,5,5.0,10,0,3
17,2,2,17,9.5,19,15,1
4,2,2,4,3.0,6,2,0
4,1,1,4,2.5,5,3,0
11,1,1,11,6.0,12,10,0
53,32,32,53,42.5,85,21,25
9,12,9,12,10.5,21,3,2
4,22,4,22,13.0,26,18,0
16,16,16,16,16.0,32,0,15
7,2,2,7,4.5,9,5,1
7,6,6,7,6.5,13,1,3
1,8,1,8,4.5,9,7,0
7,1,1,7,4.0,8,6,0
1,5,1,5,3.0,6,4,0
8,11,8,11,9.5,19,3,4
5,4,4,5,4.5,9,1,3
24,19,19,24,21.5,43,5,15
20,17,17,20,18.5,37,3,16
1,105,1,105,53.0,106,104,0
8,10,8,10,9.0,18,2,7
6,6,6,6,6.0,12,0,5
3,7,3,7,5.0,10,4,2
6,1,1,6,3.5,7,5,0
10,10,10,10,10.0,20,0,7
1,4,1,4,2.5,5,3,0
8,4,4,8,6.0,12,4,3
1,4,1,4,2.5,5,3,0
4,1,1,4,2.5,5,3,0
3,5,3,5,4.0,8,2,2
41,28,28,41,34.5,69,13,25
29,10,10,29,19.5,39,19,9
4,1,1,4,2.5,5,3,0
8,7,7,8,7.5,15,1,6
25,28,25,28,26.5,53,3,20
5,5,5,5,5.0,10,0,4
1,5,1,5,3.0,6,4,0
14,15,14,15,14.5,29,1,12
7,7,7,7,7.0,14,0,6
4,1,1,4,2.5,5,3,0
6,7,6,7,6.5,13,1,2
7,10,7,10,8.5,17,3,6
10,12,10,12,11.0,22,2,7
1,4,1,4,2.5,5,3,0
3,5,3,5,4.0,8,2,1
5,1,1,5,3.0,6,4,0
1,4,1,4,2.5,5,3,0
7,1,1,7,4.0,8,6,0
1,11,1,11,6.0,12,10,0
1,15,1,15,8.0,16,14,0
49,39,39,49,44.0,88,10,37
1,4,1,4,2.5,5,3,0
4,1,1,4,2.5,5,3,0
13,12,12,13,12.5,25,1,11
5,3,3,5,4.0,8,2,0
1,4,1,4,2.5,5,3,0
37,27,27,37,32.0,64,10,25
66,33,33,66,49.5,99,33,29
1,7,1,7,4.0,8,6,0
5,6,5,6,5.5,11,1,4
4,10,4,10,7.0,14,6,0
18,14,14,18,16.0,32,4,10
4,5,4,5,4.5,9,1,1
2,8,2,8,5.0,10,6,0
4,2,2,4,3.0,6,2,1
4,1,1,4,2.5,5,3,0
1,105,1,105,53.0,106,104,0
21,16,16,21,18.5,37,5,14
14,14,14,14,14.0,28,0,13
3,18,3,18,10.5,21,15,2
1,12,1,12,6.5,13,11,0
8,5,5,8,6.5,13,3,4
15,20,15,20,17.5,35,5,12
4,15,4,15,9.5,19,11,3
10,13,10,13,11.5,23,3,3
18,31,18,31,24.5,49,13,17
17,17,17,17,17.0,34,0,14
6,6,6,6,6.0,12,0,5
26,27,26,27,26.5,53,1,25
4,3,3,4,3.5,7,1,2
28,10,10,28,19.0,38,18,8
1,5,1,5,3.0,6,4,0
1,55,1,55,28.0,56,54,0
1,10,1,10,5.5,11,9,0
13,2,2,13,7.5,15,11,1
11,1,1,11,6.0,12,10,0
1,7,1,7,4.0,8,6,0
18,23,18,23,20.5,41,5,16
1,11,1,11,6.0,12,10,0
4,1,1,4,2.5,5,3,0
8,1,1,8,4.5,9,7,0
2,4,2,4,3.0,6,2,1
11,9,9,11,10.0,20,2,5
1,6,1,6,3.5,7,5,0
18,21,18,21,19.5,39,3,17
6,6,6,6,6.0,12,0,5
43,47,43,47,45.0,90,4,33
5,1,1,5,3.0,6,4,0
2,9,2,9,5.5,11,7,1
1,28,1,28,14.5,29,27,0
49,20,20,49,34.5,69,29,16
1,5,1,5,3.0,6,4,0
4,4,4,4,4.0,8,0,1
17,17,17,17,17.0,34,0,13
6,1,1,6,3.5,7,5,0
2,24,2,24,13.0,26,22,0
19,12,12,19,15.5,31,7,9
8,4,4,8,6.0,12,4,3
33,25,25,33,29.0,58,8,24
13,13,13,13,13.0,26,0,12
2,4,2,4,3.0,6,2,1
12,13,12,13,12.5,25,1,11
5,2,2,5,3.5,7,3,1
1,8,1,8,4.5,9,7,0
5,6,5,6,5.5,11,1,4
16,1,1,16,8.5,17,15,0
1,12,1,12,6.5,13,11,0
20,21,20,21,20.5,41,1,15
11,31,11,31,21.0,42,20,8
8,12,8,12,10.0,20,4,5
14,7,7,14,10.5,21,7,3
5,20,5,20,12.5,25,15,4
1,5,1,5,3.0,6,4,0
16,14,14,16,15.0,30,2,13
8,2,2,8,5.0,10,6,1
6,1,1,6,3.5,7,5,0
2,6,2,6,4.0,8,4,1
1,4,1,4,2.5,5,3,0
1,5,1,5,3.0,6,4,0
18,20,18,20,19.0,38,2,14
1,8,1,8,4.5,9,7,0
6,2,2,6,4.0,8,4,1
22,45,22,45,33.5,67,23,21
4,14,4,14,9.0,18,10,2
8,1,1,8,4.5,9,7,0
10,19,10,19,14.5,29,9,6
17,5,5,17,11.0,22,12,4
5,1,1,5,3.0,6,4,0
47,17,17,47,32.0,64,30,14
1,4,1,4,2.5,5,3,0
43,42,42,43,42.5,85,1,40
18,2,2,18,10.0,20,16,0
22,24,22,24,23.0,46,2,21
1,5,1,5,3.0,6,4,0
2,6,2,6,4.0,8,4,1
6,7,6,7,6.5,13,1,5
4,2,2,4,3.0,6,2,1
8,7,7,8,7.5,15,1,6
2,5,2,5,3.5,7,3,1
6,6,6,6,6.0,12,0,5
6,1,1,6,3.5,7,5,0
10,11,10,11,10.5,21,1,8
8,8,8,8,8.0,16,0,6
1,11,1,11,6.0,12,10,0
7,8,7,8,7.5,15,1,6
1,9,1,9,5.0,10,8,0
8,9,8,9,8.5,17,1,7
13,13,13,13,13.0,26,0,12
8,8,8,8,8.0,16,0,7
7,6,6,7,6.5,13,1,5
10,16,10,16,13.0,26,6,6
23,20,20,23,21.5,43,3,18
3,6,3,6,4.5,9,3,2
41,42,41,42,41.5,83,1,30
1,4,1,4,2.5,5,3,0
2,7,2,7,4.5,9,5,1
11,12,11,12,11.5,23,1,10
7,7,7,7,7.0,14,0,6
23,21,21,23,22.0,44,2,19
4,1,1,4,2.5,5,3,0
1,4,1,4,2.5,5,3,0
4,13,4,13,8.5,17,9,0
7,24,7,24,15.5,31,17,2
19,11,11,19,15.0,30,8,5
2,4,2,4,3.0,6,2,1
3,20,3,20,11.5,23,17,1
5,5,5,5,5.0,10,0,4
3,7,3,7,5.0,10,4,1
1,5,1,5,3.0,6,4,0
12,13,12,13,12.5,25,1,11
8,4,4,8,6.0,12,4,3
6,5,5,6,5.5,11,1,4
2,8,2,8,5.0,10,6,0
5,4,4,5,4.5,9,1,2
17,18,17,18,17.5,35,1,13
8,1,1,8,4.5,9,7,0
8,5,5,8,6.5,13,3,4
4,20,4,20,12.0,24,16,0
39,38,38,39,38.5,77,1,37
5,4,4,5,4.5,9,1,3
16,1,1,16,8.5,17,15,0
4,1,1,4,2.5,5,3,0
4,1,1,4,2.5,5,3,0
47,29,29,47,38.0,76,18,28
12,9,9,12,10.5,21,3,4
14,14,14,14,14.0,28,0,13
5,6,5,6,5.5,11,1,4
8,9,8,9,8.5,17,1,6
26,27,26,27,26.5,53,1,25
14,15,14,15,14.5,29,1,13
4,1,1,4,2.5,5,3,0
1,17,1,17,9.0,18,16,0
26,27,26,27,26.5,53,1,25
5,1,1,5,3.0,6,4,0
6,2,2,6,4.0,8,4,0
1,8,1,8,4.5,9,7,0
4,4,4,4,4.0,8,0,1
26,25,25,26,25.5,51,1,22
6,6,6,6,6.0,12,0,2
50,20,20,50,35.0,70,30,19
25,25,25,25,25.0,50,0,24
1,5,1,5,3.0,6,4,0
18,19,18,19,18.5,37,1,17
6,9,6,9,7.5,15,3,3
6,6,6,6,6.0,12,0,4
7,1,1,7,4.0,8,6,0
11,24,11,24,17.5,35,13,6
24,22,22,24,23.0,46,2,20
13,12,12,13,12.5,25,1,10
17,16,16,17,16.5,33,1,12
25,23,23,25,24.0,48,2,22
4,4,4,4,4.0,8,0,3
18,17,17,18,17.5,35,1,9
4,4,4,4,4.0,8,0,3
41,41,41,41,41.0,82,0,30
1,4,1,4,2.5,5,3,0
4,1,1,4,2.5,5,3,0
6,1,1,6,3.5,7,5,0
5,5,5,5,5.0,10,0,4
4,2,2,4,3.0,6,2,0
2,7,2,7,4.5,9,5,1
7,9,7,9,8.0,16,2,5
9,8,8,9,8.5,17,1,5
8,8,8,8,8.0,16,0,6
1,5,1,5,3.0,6,4,0
25,49,25,49,37.0,74,24,24
7,2,2,7,4.5,9,5,1
1,5,1,5,3.0,6,4,0
10,6,6,10,8.0,16,4,5
2,5,2,5,3.5,7,3,1
4,4,4,4,4.0,8,0,2
4,4,4,4,4.0,8,0,3
10,11,10,11,10.5,21,1,9
6,5,5,6,5.5,11,1,4
4,4,4,4,4.0,8,0,3
5,1,1,5,3.0,6,4,0
1,9,1,9,5.0,10,8,0
1,18,1,18,9.5,19,17,0
1,5,1,5,3.0,6,4,0
3,17,3,17,10.0,20,14,0
8,1,1,8,4.5,9,7,0
31,27,27,31,29.0,58,4,26
1,7,1,7,4.0,8,6,0
1,19,1,19,10.0,20,18,0
6,6,6,6,6.0,12,0,5
5,4,4,5,4.5,9,1,3
1,4,1,4,2.5,5,3,0
1,4,1,4,2.5,5,3,0
1,23,1,23,12.0,24,22,0
18,1,1,18,9.5,19,17,0
9,6,6,9,7.5,15,3,2
1,5,1,5,3.0,6,4,0
4,1,1,4,2.5,5,3,0
16,3,3,16,9.5,19,13,2
17,7,7,17,12.0,24,10,5
8,5,5,8,6.5,13,3,4
5,5,5,5,5.0,10,0,4
1,9,1,9,5.0,10,8,0
4,2,2,4,3.0,6,2,1
4,10,4,10,7.0,14,6,2
1,4,1,4,2.5,5,3,0
4,1,1,4,2.5,5,3,0
3,5,3,5,4.0,8,2,2
10,8,8,10,9.0,18,2,6
1,4,1,4,2.5,5,3,0
4,1,1,4,2.5,5,3,0
21,23,21,23,22.0,44,2,20
5,8,5,8,6.5,13,3,3
4,3,3,4,3.5,7,1,2
5,4,4,5,4.5,9,1,2
23,2,2,23,12.5,25,21,1
3,4,3,4,3.5,7,1,0
4,4,4,4,4.0,8,0,3
4,5,4,5,4.5,9,1,3
7,3,3,7,5.0,10,4,2
2,6,2,6,4.0,8,4,1
20,13,13,20,16.5,33,7,10
4,2,2,4,3.0,6,2,0
5,5,5,5,5.0,10,0,4
1,5,1,5,3.0,6,4,0
4,7,4,7,5.5,11,3,3
4,4,4,4,4.0,8,0,3
5,6,5,6,5.5,11,1,2
37,22,22,37,29.5,59,15,18
25,23,23,25,24.0,48,2,19
3,6,3,6,4.5,9,3,0
23,23,23,23,23.0,46,0,21
12,7,7,12,9.5,19,5,4
20,17,17,20,18.5,37,3,14
10,22,10,22,16.0,32,12,8
5,7,5,7,6.0,12,2,4
7,11,7,11,9.0,18,4,5
5,5,5,5,5.0,10,0,0
5,1,1,5,3.0,6,4,0
1,5,1,5,3.0,6,4,0
6,5,5,6,5.5,11,1,4
10,11,10,11,10.5,21,1,9
1,5,1,5,3.0,6,4,0
4,1,1,4,2.5,5,3,0
1,5,1,5,3.0,6,4,0
1,9,1,9,5.0,10,8,0
5,5,5,5,5.0,10,0,4
5,5,5,5,5.0,10,0,3
4,2,2,4,3.0,6,2,1
6,5,5,6,5.5,11,1,4
8,2,2,8,5.0,10,6,1
42,44,42,44,43.0,86,2,39
2,9,2,9,5.5,11,7,1
4,1,1,4,2.5,5,3,0
13,11,11,13,12.0,24,2,10
4,1,1,4,2.5,5,3,0
6,8,6,8,7.0,14,2,5
26,26,26,26,26.0,52,0,25
1,10,1,10,5.5,11,9,0
3,6,3,6,4.5,9,3,2
5,3,3,5,4.0,8,2,2
6,1,1,6,3.5,7,5,0
8,7,7,8,7.5,15,1,6
6,10,6,10,8.0,16,4,4
9,7,7,9,8.0,16,2,5
4,2,2,4,3.0,6,2,1
27,30,27,30,28.5,57,3,26
4,1,1,4,2.5,5,3,0
4,5,4,5,4.5,9,1,3
11,25,11,25,18.0,36,14,10
1,5,1,5,3.0,6,4,0
4,1,1,4,2.5,5,3,0
22,13,13,22,17.5,35,9,12
17,18,17,18,17.5,35,1,15
1,14,1,14,7.5,15,13,0
7,1,1,7,4.0,8,6,0
5,6,5,6,5.5,11,1,3
5,4,4,5,4.5,9,1,3
6,1,1,6,3.5,7,5,0
6,1,1,6,3.5,7,5,0
9,2,2,9,5.5,11,7,0
12,2,2,12,7.0,14,10,0
27,40,27,40,33.5,67,13,26
7,3,3,7,5.0,10,4,2
4,1,1,4,2.5,5,3,0
10,7,7,10,8.5,17,3,1
1,5,1,5,3.0,6,4,0
25,27,25,27,26.0,52,2,24
15,1,1,15,8.0,16,14,0
29,27,27,29,28.0,56,2,24
1,6,1,6,3.5,7,5,0
1,4,1,4,2.5,5,3,0
1,6,1,6,3.5,7,5,0
7,1,1,7,4.0,8,6,0
4,1,1,4,2.5,5,3,0
3,7,3,7,5.0,10,4,0
15,6,6,15,10.5,21,9,4
5,6,5,6,5.5,11,1,1
9,19,9,19,14.0,28,10,8
5,5,5,5,5.0,10,0,3
8,1,1,8,4.5,9,7,0
1,4,1,4,2.5,5,3,0
5,1,1,5,3.0,6,4,0
12,10,10,12,11.0,22,2,6
18,21,18,21,19.5,39,3,17
5,1,1,5,3.0,6,4,0
4,1,1,4,2.5,5,3,0
5,1,1,5,3.0,6,4,0
1,4,1,4,2.5,5,3,0
12,15,12,15,13.5,27,3,9
5,15,5,15,10.0,20,10,3
15,8,8,15,11.5,23,7,0
7,9,7,9,8.0,16,2,4
12,9,9,12,10.5,21,3,8
34,18,18,34,26.0,52,16,16
56,2,2,56,29.0,58,54,0
6,6,6,6,6.0,12,0,4
48,49,48,49,48.5,97,1,38
1,7,1,7,4.0,8,6,0
1,5,1,5,3.0,6,4,0
11,3,3,11,7.0,14,8,0
8,6,6,8,7.0,14,2,0
6,1,1,6,3.5,7,5,0
5,5,5,5,5.0,10,0,4
4,4,4,4,4.0,8,0,3
2,5,2,5,3.5,7,3,1
8,11,8,11,9.5,19,3,7
8,7,7,8,7.5,15,1,6
6,1,1,6,3.5,7,5,0
1,4,1,4,2.5,5,3,0
33,33,33,33,33.0,66,0,32
13,1,1,13,7.0,14,12,0
7,6,6,7,6.5,13,1,5
13,13,13,13,13.0,26,0,12
5,6,5,6,5.5,11,1,1
33,19,19,33,26.0,52,14,18
15,23,15,23,19.0,38,8,11
5,4,4,5,4.5,9,1,2
1,7,1,7,4.0,8,6,0
18,19,18,19,18.5,37,1,17
4,2,2,4,3.0,6,2,1
1,4,1,4,2.5,5,3,0
5,1,1,5,3.0,6,4,0
5,15,5,15,10.0,20,10,4
4,6,4,6,5.0,10,2,2
5,5,5,5,5.0,10,0,4
9,7,7,9,8.0,16,2,6
15,1,1,15,8.0,16,14,0
9,8,8,9,8.5,17,1,6
20,21,20,21,20.5,41,1,19
7,4,4,7,5.5,11,3,1
4,2,2,4,3.0,6,2,0
16,13,13,16,14.5,29,3,11
2,4,2,4,3.0,6,2,0
5,5,5,5,5.0,10,0,4
6,5,5,6,5.5,11,1,4
6,7,6,7,6.5,13,1,5
25,21,21,25,23.0,46,4,20
4,4,4,4,4.0,8,0,3
1,4,1,4,2.5,5,3,0
1,5,1,5,3.0,6,4,0
5,4,4,5,4.5,9,1,0
2,5,2,5,3.5,7,3,1
49,25,25,49,37.0,74,24,23
34,20,20,34,27.0,54,14,16
5,1,1,5,3.0,6,4,0
7,13,7,13,10.0,20,6,3
21,65,21,65,43.0,86,44,15
4,9,4,9,6.5,13,5,1
1,4,1,4,2.5,5,3,0
6,5,5,6,5.5,11,1,4
5,10,5,10,7.5,15,5,1
31,13,13,31,22.0,44,18,12
17,24,17,24,20.5,41,7,16
25,31,25,31,28.0,56,6,21
4,4,4,4,4.0,8,0,3
7,7,7,7,7.0,14,0,5
23,6,6,23,14.5,29,17,3
9,9,9,9,9.0,18,0,8
1,4,1,4,2.5,5,3,0
4,5,4,5,4.5,9,1,3
5,2,2,5,3.5,7,3,1
21,20,20,21,20.5,41,1,17
4,4,4,4,4.0,8,0,2
4,4,4,4,4.0,8,0,0
7,1,1,7,4.0,8,6,0
32,32,32,32,32.0,64,0,30
6,1,1,6,3.5,7,5,0
4,4,4,4,4.0,8,0,1
4,17,4,17,10.5,21,13,1
2,4,2,4,3.0,6,2,1
10,6,6,10,8.0,16,4,5
1,4,1,4,2.5,5,3,0
12,1,1,12,6.5,13,11,0
4,1,1,4,2.5,5,3,0
16,16,16,16,16.0,32,0,9
28,40,28,40,34.0,68,12,26
6,1,1,6,3.5,7,5,0
5,6,5,6,5.5,11,1,4
10,10,10,10,10.0,20,0,9
1,5,1,5,3.0,6,4,0
4,1,1,4,2.5,5,3,0
2,13,2,13,7.5,15,11,1
4,15,4,15,9.5,19,11,0
8,10,8,10,9.0,18,2,7
7,9,7,9,8.0,16,2,6
1,25,1,25,13.0,26,24,0
21,12,12,21,16.5,33,9,11
3,7,3,7,5.0,10,4,2
6,6,6,6,6.0,12,0,5
5,1,1,5,3.0,6,4,0
5,4,4,5,4.5,9,1,3
2,22,2,22,12.0,24,20,0
1,4,1,4,2.5,5,3,0
29,22,22,29,25.5,51,7,13
5,1,1,5,3.0,6,4,0
45,29,29,45,37.0,74,16,27
3,6,3,6,4.5,9,3,2
2,33,2,33,17.5,35,31,0
5,4,4,5,4.5,9,1,3
4,1,1,4,2.5,5,3,0
8,13,8,13,10.5,21,5,6
1,8,1,8,4.5,9,7,0
1,5,1,5,3.0,6,4,0
4,2,2,4,3.0,6,2,0
1,5,1,5,3.0,6,4,0
29,34,29,34,31.5,63,5,24
8,4,4,8,6.0,12,4,1
7,1,1,7,4.0,8,6,0
11,13,11,13,12.0,24,2,9
4,4,4,4,4.0,8,0,3
1,11,1,11,6.0,12,10,0
27,25,25,27,26.0,52,2,24
1,5,1,5,3.0,6,4,0
15,7,7,15,11.0,22,8,6
5,5,5,5,5.0,10,0,3
5,4,4,5,4.5,9,1,3
24,20,20,24,22.0,44,4,17
8,11,8,11,9.5,19,3,7
26,107,26,107,66.5,133,81,22
15,13,13,15,14.0,28,2,12
4,1,1,4,2.5,5,3,0
37,23,23,37,30.0,60,14,15
20,19,19,20,19.5,39,1,18
9,8,8,9,8.5,17,1,5
5,1,1,5,3.0,6,4,0
32,22,22,32,27.0,54,10,21
1,5,1,5,3.0,6,4,0
3,5,3,5,4.0,8,2,2
5,15,5,15,10.0,20,10,1
1,5,1,5,3.0,6,4,0
6,1,1,6,3.5,7,5,0
8,6,6,8,7.0,14,2,0
2,4,2,4,3.0,6,2,1
7,1,1,7,4.0,8,6,0
1,17,1,17,9.0,18,16,0
32,47,32,47,39.5,79,15,24
7,9,7,9,8.0,16,2,5
9,7,7,9,8.0,16,2,5
1,9,1,9,5.0,10,8,0
5,6,5,6,5.5,11,1,4
2,10,2,10,6.0,12,8,0
6,1,1,6,3.5,7,5,0
13,6,6,13,9.5,19,7,0
4,2,2,4,3.0,6,2,1
28,20,20,28,24.0,48,8,18
7,8,7,8,7.5,15,1,6
4,1,1,4,2.5,5,3,0
11,10,10,11,10.5,21,1,9
4,2,2,4,3.0,6,2,0
13,9,9,13,11.0,22,4,7
25,27,25,27,26.0,52,2,23
8,1,1,8,4.5,9,7,0
13,13,13,13,13.0,26,0,10
6,5,5,6,5.5,11,1,4
32,16,16,32,24.0,48,16,9
7,1,1,7,4.0,8,6,0
5,2,2,5,3.5,7,3,1
3,6,3,6,4.5,9,3,2
6,12,6,12,9.0,18,6,5
7,3,3,7,5.0,10,4,2
1,5,1,5,3.0,6,4,0
1,5,1,5,3.0,6,4,0
21,1,1,21,11.0,22,20,0
5,5,5,5,5.0,10,0,3
1,9,1,9,5.0,10,8,0
8,7,7,8,7.5,15,1,5
49,41,41,49,45.0,90,8,36
4,1,1,4,2.5,5,3,0
1,23,1,23,12.0,24,22,0
1,6,1,6,3.5,7,5,0
36,6,6,36,21.0,42,30,5
15,16,15,16,15.5,31,1,13
4,1,1,4,2.5,5,3,0
15,13,13,15,14.0,28,2,12
4,2,2,4,3.0,6,2,0
4,4,4,4,4.0,8,0,1
33,31,31,33,32.0,64,2,30
11,6,6,11,8.5,17,5,5
4,1,1,4,2.5,5,3,0
6,7,6,7,6.5,13,1,5
9,8,8,9,8.5,17,1,7
17,18,17,18,17.5,35,1,16
32,33,32,33,32.5,65,1,30
11,1,1,11,6.0,12,10,0
7,6,6,7,6.5,13,1,5
4,1,1,4,2.5,5,3,0
24,22,22,24,23.0,46,2,21
6,8,6,8,7.0,14,2,2
14,7,7,14,10.5,21,7,6
10,11,10,11,10.5,21,1,6
13,9,9,13,11.0,22,4,5
8,1,1,8,4.5,9,7,0
12,45,12,45,28.5,57,33,11
13,17,13,17,15.0,30,4,11
1,7,1,7,4.0,8,6,0
10,1,1,10,5.5,11,9,0
1,16,1,16,8.5,17,15,0
8,7,7,8,7.5,15,1,2
16,5,5,16,10.5,21,11,1
4,1,1,4,2.5,5,3,0
14,65,14,65,39.5,79,51,13
13,19,13,19,16.0,32,6,11
4,4,4,4,4.0,8,0,2
24,20,20,24,22.0,44,4,18
1,4,1,4,2.5,5,3,0
1,5,1,5,3.0,6,4,0
146,25,25,146,85.5,171,121,7
10,12,10,12,11.0,22,2,8
23,12,12,23,17.5,35,11,5
2,5,2,5,3.5,7,3,1
5,5,5,5,5.0,10,0,4
14,15,14,15,14.5,29,1,11
5,1,1,5,3.0,6,4,0
11,26,11,26,18.5,37,15,5
10,9,9,10,9.5,19,1,7
8,1,1,8,4.5,9,7,0
2,5,2,5,3.5,7,3,1
12,6,6,12,9.0,18,6,5
2,21,2,21,11.5,23,19,1
5,1,1,5,3.0,6,4,0
1,4,1,4,2.5,5,3,0
5,5,5,5,5.0,10,0,3
1,4,1,4,2.5,5,3,0
10,9,9,10,9.5,19,1,6
5,1,1,5,3.0,6,4,0
19,15,15,19,17.0,34,4,13
1,4,1,4,2.5,5,3,0
9,8,8,9,8.5,17,1,5
29,33,29,33,31.0,62,4,22
19,19,19,19,19.0,38,0,18
31,35,31,35,33.0,66,4,28
7,9,7,9,8.0,16,2,5
27,19,19,27,23.0,46,8,18
6,1,1,6,3.5,7,5,0
1,4,1,4,2.5,5,3,0
12,1,1,12,6.5,13,11,0
25,24,24,25,24.5,49,1,21
4,1,1,4,2.5,5,3,0
1,5,1,5,3.0,6,4,0
4,1,1,4,2.5,5,3,0
4,1,1,4,2.5,5,3,0
1,4,1,4,2.5,5,3,0
6,1,1,6,3.5,7,5,0
2,5,2,5,3.5,7,3,1
5,53,5,53,29.0,58,48,2
9,16,9,16,12.5,25,7,5
18,17,17,18,17.5,35,1,8
5,7,5,7,6.0,12,2,4
11,15,11,15,13.0,26,4,7
4,1,1,4,2.5,5,3,0
6,5,5,6,5.5,11,1,4
8,1,1,8,4.5,9,7,0
9,7,7,9,8.0,16,2,5
19,9,9,19,14.0,28,10,8
23,20,20,23,21.5,43,3,18
16,18,16,18,17.0,34,2,8
15,15,15,15,15.0,30,0,7
7,2,2,7,4.5,9,5,0
61,19,19,61,40.0,80,42,8
1,6,1,6,3.5,7,5,0
6,5,5,6,5.5,11,1,4
7,6,6,7,6.5,13,1,3
1,25,1,25,13.0,26,24,0
1,6,1,6,3.5,7,5,0
16,13,13,16,14.5,29,3,10
8,7,7,8,7.5,15,1,6
1,29,1,29,15.0,30,28,0
8,4,4,8,6.0,12,4,2
25,23,23,25,24.0,48,2,21
4,1,1,4,2.5,5,3,0
14,14,14,14,14.0,28,0,13
1,6,1,6,3.5,7,5,0
1,4,1,4,2.5,5,3,0
20,19,19,20,19.5,39,1,18
4,1,1,4,2.5,5,3,0
8,10,8,10,9.0,18,2,5
1,4,1,4,2.5,5,3,0
29,12,12,29,20.5,41,17,11
8,1,1,8,4.5,9,7,0
6,5,5,6,5.5,11,1,4
5,5,5,5,5.0,10,0,4
18,31,18,31,24.5,49,13,17
4,4,4,4,4.0,8,0,3
23,23,23,23,23.0,46,0,9
21,20,20,21,20.5,41,1,16
9,6,6,9,7.5,15,3,5
22,32,22,32,27.0,54,10,21
29,27,27,29,28.0,56,2,24
19,23,19,23,21.0,42,4,13
21,20,20,21,20.5,41,1,19
5,1,1,5,3.0,6,4,0
4,5,4,5,4.5,9,1,3
10,7,7,10,8.5,17,3,6
15,9,9,15,12.0,24,6,7
5,2,2,5,3.5,7,3,1
4,5,4,5,4.5,9,1,3
15,3,3,15,9.0,18,12,1
4,10,4,10,7.0,14,6,2
4,4,4,4,4.0,8,0,3
4,2,2,4,3.0,6,2,1
18,25,18,25,21.5,43,7,17
2,4,2,4,3.0,6,2,1
23,16,16,23,19.5,39,7,12
17,17,17,17,17.0,34,0,16
2,7,2,7,4.5,9,5,0
10,10,10,10,10.0,20,0,7
5,4,4,5,4.5,9,1,2
11,6,6,11,8.5,17,5,2
1,9,1,9,5.0,10,8,0
5,5,5,5,5.0,10,0,4
2,6,2,6,4.0,8,4,1
1,10,1,10,5.5,11,9,0
4,1,1,4,2.5,5,3,0
12,13,12,13,12.5,25,1,8
28,24,24,28,26.0,52,4,13
5,8,5,8,6.5,13,3,4
19,19,19,19,19.0,38,0,16
27,26,26,27,26.5,53,1,21
4,1,1,4,2.5,5,3,0
7,2,2,7,4.5,9,5,0
1,14,1,14,7.5,15,13,0
7,6,6,7,6.5,13,1,4
10,13,10,13,11.5,23,3,8
15,1,1,15,8.0,16,14,0
10,9,9,10,9.5,19,1,3
4,4,4,4,4.0,8,0,0
4,5,4,5,4.5,9,1,3
25,36,25,36,30.5,61,11,21
2,22,2,22,12.0,24,20,0
28,38,28,38,33.0,66,10,23
2,30,2,30,16.0,32,28,0
10,13,10,13,11.5,23,3,8
5,6,5,6,5.5,11,1,3
42,36,36,42,39.0,78,6,30
7,1,1,7,4.0,8,6,0
8,6,6,8,7.0,14,2,5
5,1,1,5,3.0,6,4,0
1,48,1,48,24.5,49,47,0
7,5,5,7,6.0,12,2,4
9,10,9,10,9.5,19,1,8
16,13,13,16,14.5,29,3,11
12,7,7,12,9.5,19,5,5
13,17,13,17,15.0,30,4,11
34,39,34,39,36.5,73,5,28
3,7,3,7,5.0,10,4,2
4,4,4,4,4.0,8,0,3
23,11,11,23,17.0,34,12,10
6,5,5,6,5.5,11,1,4
4,1,1,4,2.5,5,3,0
5,7,5,7,6.0,12,2,4
2,5,2,5,3.5,7,3,1
32,32,32,32,32.0,64,0,30
2,8,2,8,5.0,10,6,1
7,7,7,7,7.0,14,0,5
1,9,1,9,5.0,10,8,0
1,14,1,14,7.5,15,13,0
14,15,14,15,14.5,29,1,11
1,14,1,14,7.5,15,13,0
1,5,1,5,3.0,6,4,0
12,29,12,29,20.5,41,17,4
1,56,1,56,28.5,57,55,0
1,20,1,20,10.5,21,19,0
25,21,21,25,23.0,46,4,20
6,1,1,6,3.5,7,5,0
4,8,4,8,6.0,12,4,3
6,1,1,6,3.5,7,5,0
8,6,6,8,7.0,14,2,1
25,24,24,25,24.5,49,1,23
11,12,11,12,11.5,23,1,9
1,4,1,4,2.5,5,3,0
3,6,3,6,4.5,9,3,2
5,1,1,5,3.0,6,4,0
6,1,1,6,3.5,7,5,0
1,19,1,19,10.0,20,18,0
12,3,3,12,7.5,15,9,1
15,14,14,15,14.5,29,1,12
5,2,2,5,3.5,7,3,1
4,12,4,12,8.0,16,8,3
45,36,36,45,40.5,81,9,33
5,7,5,7,6.0,12,2,4
4,5,4,5,4.5,9,1,3
9,10,9,10,9.5,19,1,7
4,5,4,5,4.5,9,1,3
1,4,1,4,2.5,5,3,0
1,5,1,5,3.0,6,4,0
18,14,14,18,16.0,32,4,13
35,13,13,35,24.0,48,22,11
7,39,7,39,23.0,46,32,5
1,4,1,4,2.5,5,3,0
38,39,38,39,38.5,77,1,31
9,7,7,9,8.0,16,2,5
4,1,1,4,2.5,5,3,0
9,12,9,12,10.5,21,3,8
33,34,33,34,33.5,67,1,29
1,23,1,23,12.0,24,22,0
8,1,1,8,4.5,9,7,0
10,10,10,10,10.0,20,0,8
2,30,2,30,16.0,32,28,1
1,4,1,4,2.5,5,3,0
7,6,6,7,6.5,13,1,4
8,5,5,8,6.5,13,3,4
7,6,6,7,6.5,13,1,5
13,10,10,13,11.5,23,3,7
10,9,9,10,9.5,19,1,8
10,8,8,10,9.0,18,2,7
36,32,32,36,34.0,68,4,29
8,8,8,8,8.0,16,0,6
4,1,1,4,2.5,5,3,0
26,12,12,26,19.0,38,14,10
36,24,24,36,30.0,60,12,19
51,35,35,51,43.0,86,16,30
6,7,6,7,6.5,13,1,5
3,5,3,5,4.0,8,2,0
1,12,1,12,6.5,13,11,0
6,1,1,6,3.5,7,5,0
1,4,1,4,2.5,5,3,0
14,8,8,14,11.0,22,6,7
4,1,1,4,2.5,5,3,0
1,7,1,7,4.0,8,6,0
4,2,2,4,3.0,6,2,1
8,3,3,8,5.5,11,5,2
6,7,6,7,6.5,13,1,1
10,4,4,10,7.0,14,6,2
5,4,4,5,4.5,9,1,3
5,1,1,5,3.0,6,4,0
6,2,2,6,4.0,8,4,1
4,5,4,5,4.5,9,1,3
9,9,9,9,9.0,18,0,7
10,13,10,13,11.5,23,3,7
15,13,13,15,14.0,28,2,12
8,20,8,20,14.0,28,12,2
4,4,4,4,4.0,8,0,2
8,8,8,8,8.0,16,0,6
5,5,5,5,5.0,10,0,4
1,17,1,17,9.0,18,16,0
7,7,7,7,7.0,14,0,6
25,41,25,41,33.0,66,16,23
4,1,1,4,2.5,5,3,0
14,9,9,14,11.5,23,5,2
7,1,1,7,4.0,8,6,0
1,6,1,6,3.5,7,5,0
6,29,6,29,17.5,35,23,1
13,11,11,13,12.0,24,2,10
1,4,1,4,2.5,5,3,0
25,23,23,25,24.0,48,2,22
1,10,1,10,5.5,11,9,0
5,22,5,22,13.5,27,17,4
10,5,5,10,7.5,15,5,0
1,6,1,6,3.5,7,5,0
2,4,2,4,3.0,6,2,1
8,8,8,8,8.0,16,0,7
3,4,3,4,3.5,7,1,2
6,11,6,11,8.5,17,5,5
1,11,1,11,6.0,12,10,0
13,9,9,13,11.0,22,4,8
10,12,10,12,11.0,22,2,7
7,7,7,7,7.0,14,0,4
34,43,34,43,38.5,77,9,27
16,4,4,16,10.0,20,12,1
2,10,2,10,6.0,12,8,0
16,14,14,16,15.0,30,2,10
8,6,6,8,7.0,14,2,4
10,12,10,12,11.0,22,2,8
4,1,1,4,2.5,5,3,0
4,4,4,4,4.0,8,0,2
5,6,5,6,5.5,11,1,3
7,1,1,7,4.0,8,6,0
29,20,20,29,24.5,49,9,14
34,24,24,34,29.0,58,10,17
5,1,1,5,3.0,6,4,0
5,6,5,6,5.5,11,1,3
12,8,8,12,10.0,20,4,6
12,2,2,12,7.0,14,10,1
11,10,10,11,10.5,21,1,9
8,11,8,11,9.5,19,3,4
8,1,1,8,4.5,9,7,0
13,12,12,13,12.5,25,1,11
4,1,1,4,2.5,5,3,0
1,5,1,5,3.0,6,4,0
5,1,1,5,3.0,6,4,0
1,7,1,7,4.0,8,6,0
18,36,18,36,27.0,54,18,15
1,5,1,5,3.0,6,4,0
1,4,1,4,2.5,5,3,0
4,1,1,4,2.5,5,3,0
1,5,1,5,3.0,6,4,0
17,9,9,17,13.0,26,8,6
4,1,1,4,2.5,5,3,0
4,2,2,4,3.0,6,2,1
7,6,6,7,6.5,13,1,5
5,5,5,5,5.0,10,0,4
7,1,1,7,4.0,8,6,0
29,26,26,29,27.5,55,3,24
7,8,7,8,7.5,15,1,5
14,14,14,14,14.0,28,0,13
4,5,4,5,4.5,9,1,1
1,6,1,6,3.5,7,5,0
5,1,1,5,3.0,6,4,0
5,1,1,5,3.0,6,4,0
14,24,14,24,19.0,38,10,2
6,6,6,6,6.0,12,0,5
1,10,1,10,5.5,11,9,0
20,13,13,20,16.5,33,7,11
5,4,4,5,4.5,9,1,2
10,10,10,10,10.0,20,0,9
9,7,7,9,8.0,16,2,3
5,4,4,5,4.5,9,1,2
10,11,10,11,10.5,21,1,9
26,23,23,26,24.5,49,3,22
3,4,3,4,3.5,7,1,2
4,7,4,7,5.5,11,3,3
1,9,1,9,5.0,10,8,0
17,14,14,17,15.5,31,3,13
1,4,1,4,2.5,5,3,0
3,4,3,4,3.5,7,1,2
15,14,14,15,14.5,29,1,12
1,6,1,6,3.5,7,5,0
2,4,2,4,3.0,6,2,1
10,9,9,10,9.5,19,1,8
4,2,2,4,3.0,6,2,1
6,21,6,21,13.5,27,15,4
4,1,1,4,2.5,5,3,0
5,4,4,5,4.5,9,1,3
2,9,2,9,5.5,11,7,1
4,1,1,4,2.5,5,3,0
6,5,5,6,5.5,11,1,4
5,10,5,10,7.5,15,5,4
4,1,1,4,2.5,5,3,0
9,1,1,9,5.0,10,8,0
34,44,34,44,39.0,78,10,21
5,8,5,8,6.5,13,3,3
3,5,3,5,4.0,8,2,2
10,9,9,10,9.5,19,1,8
3,10,3,10,6.5,13,7,2
1,5,1,5,3.0,6,4,0
1,4,1,4,2.5,5,3,0
1,6,1,6,3.5,7,5,0
19,6,6,19,12.5,25,13,0
38,35,35,38,36.5,73,3,28
1,4,1,4,2.5,5,3,0
25,25,25,25,25.0,50,0,24
15,15,15,15,15.0,30,0,12
9,13,9,13,11.0,22,4,7
6,5,5,6,5.5,11,1,4
5,1,1,5,3.0,6,4,0
4,1,1,4,2.5,5,3,0
9,9,9,9,9.0,18,0,8
2,26,2,26,14.0,28,24,0
27,34,27,34,30.5,61,7,23
6,6,6,6,6.0,12,0,3
5,5,5,5,5.0,10,0,3
1,31,1,31,16.0,32,30,0
2,10,2,10,6.0,12,8,0
5,5,5,5,5.0,10,0,4
12,4,4,12,8.0,16,8,3
23,15,15,23,19.0,38,8,13
1,4,1,4,2.5,5,3,0
3,5,3,5,4.0,8,2,2
4,1,1,4,2.5,5,3,0
13,13,13,13,13.0,26,0,12
18,18,18,18,18.0,36,0,16
5,5,5,5,5.0,10,0,4
6,6,6,6,6.0,12,0,5
12,10,10,12,11.0,22,2,8
1,7,1,7,4.0,8,6,0
1,11,1,11,6.0,12,10,0
9,16,9,16,12.5,25,7,6
9,1,1,9,5.0,10,8,0
13,16,13,16,14.5,29,3,9
5,1,1,5,3.0,6,4,0
4,1,1,4,2.5,5,3,0
4,5,4,5,4.5,9,1,0
7,1,1,7,4.0,8,6,0
4,4,4,4,4.0,8,0,3
33,32,32,33,32.5,65,1,31
6,6,6,6,6.0,12,0,5
18,10,10,18,14.0,28,8,8
1,7,1,7,4.0,8,6,0
6,8,6,8,7.0,14,2,2
6,1,1,6,3.5,7,5,0
16,19,16,19,17.5,35,3,13
15,15,15,15,15.0,30,0,14
23,30,23,30,26.5,53,7,22
27,27,27,27,27.0,54,0,26
1,4,1,4,2.5,5,3,0
1,16,1,16,8.5,17,15,0
1,25,1,25,13.0,26,24,0
5,1,1,5,3.0,6,4,0
9,1,1,9,5.0,10,8,0
6,2,2,6,4.0,8,4,1
18,16,16,18,17.0,34,2,8
1,10,1,10,5.5,11,9,0
2,6,2,6,4.0,8,4,1
1,6,1,6,3.5,7,5,0
16,17,16,17,16.5,33,1,9
5,1,1,5,3.0,6,4,0
1,5,1,5,3.0,6,4,0
1,4,1,4,2.5,5,3,0
6,40,6,40,23.0,46,34,0
18,37,18,37,27.5,55,19,16
19,17,17,19,18.0,36,2,16
8,12,8,12,10.0,20,4,6
5,1,1,5,3.0,6,4,0
1,4,1,4,2.5,5,3,0
1,5,1,5,3.0,6,4,0
5,1,1,5,3.0,6,4,0
5,5,5,5,5.0,10,0,4
2,7,2,7,4.5,9,5,0
5,1,1,5,3.0,6,4,0
1,4,1,4,2.5,5,3,0
4,1,1,4,2.5,5,3,0
9,2,2,9,5.5,11,7,0
40,44,40,44,42.0,84,4,33
13,10,10,13,11.5,23,3,9
10,11,10,11,10.5,21,1,9
19,21,19,21,20.0,40,2,18
1,8,1,8,4.5,9,7,0
2,4,2,4,3.0,6,2,0
22,19,19,22,20.5,41,3,16
6,6,6,6,6.0,12,0,5
13,9,9,13,11.0,22,4,8
18,30,18,30,24.0,48,12,14
41,22,22,41,31.5,63,19,18
44,32,32,44,38.0,76,12,24
40,20,20,40,30.0,60,20,15
16,15,15,16,15.5,31,1,12
26,19,19,26,22.5,45,7,13
27,30,27,30,28.5,57,3,25
49,28,28,49,38.5,77,21,27
5,4,4,5,4.5,9,1,0
10,7,7,10,8.5,17,3,6
4,1,1,4,2.5,5,3,0
3,5,3,5,4.0,8,2,0
34,22,22,34,28.0,56,12,18
5,5,5,5,5.0,10,0,4
1,8,1,8,4.5,9,7,0
5,5,5,5,5.0,10,0,4
14,16,14,16,15.0,30,2,12
5,3,3,5,4.0,8,2,2
3,24,3,24,13.5,27,21,0
7,1,1,7,4.0,8,6,0
1,5,1,5,3.0,6,4,0
1,6,1,6,3.5,7,5,0
8,1,1,8,4.5,9,7,0
8,9,8,9,8.5,17,1,7
17,16,16,17,16.5,33,1,10
5,2,2,5,3.5,7,3,1
4,4,4,4,4.0,8,0,3
15,11,11,15,13.0,26,4,10
14,13,13,14,13.5,27,1,12
10,1,1,10,5.5,11,9,0
10,11,10,11,10.5,21,1,7
8,9,8,9,8.5,17,1,7
7,6,6,7,6.5,13,1,5
3,5,3,5,4.0,8,2,2
19,27,19,27,23.0,46,8,18
1,8,1,8,4.5,9,7,0
1,4,1,4,2.5,5,3,0
14,14,14,14,14.0,28,0,11
51,24,24,51,37.5,75,27,20
22,1,1,22,11.5,23,21,0
12,11,11,12,11.5,23,1,9
5,1,1,5,3.0,6,4,0
4,1,1,4,2.5,5,3,0
7,7,7,7,7.0,14,0,5
17,15,15,17,16.0,32,2,14
1,6,1,6,3.5,7,5,0
3,4,3,4,3.5,7,1,1
4,1,1,4,2.5,5,3,0
7,6,6,7,6.5,13,1,3
38,48,38,48,43.0,86,10,31
8,7,7,8,7.5,15,1,4
8,9,8,9,8.5,17,1,7
4,4,4,4,4.0,8,0,3
1,5,1,5,3.0,6,4,0
15,11,11,15,13.0,26,4,10
29,29,29,29,29.0,58,0,2
6,6,6,6,6.0,12,0,3
17,15,15,17,16.0,32,2,12
9,5,5,9,7.0,14,4,1
13,3,3,13,8.0,16,10,0
2,6,2,6,4.0,8,4,0
21,1,1,21,11.0,22,20,0
4,1,1,4,2.5,5,3,0
17,17,17,17,17.0,34,0,16
5,1,1,5,3.0,6,4,0
7,10,7,10,8.5,17,3,5
7,7,7,7,7.0,14,0,5
4,1,1,4,2.5,5,3,0
1,4,1,4,2.5,5,3,0
7,8,7,8,7.5,15,1,6
14,18,14,18,16.0,32,4,8
4,1,1,4,2.5,5,3,0
1,5,1,5,3.0,6,4,0
7,5,5,7,6.0,12,2,2
5,1,1,5,3.0,6,4,0
7,6,6,7,6.5,13,1,5
9,9,9,9,9.0,18,0,8
4,8,4,8,6.0,12,4,2
6,1,1,6,3.5,7,5,0
6,7,6,7,6.5,13,1,4
10,11,10,11,10.5,21,1,9
4,13,4,13,8.5,17,9,0
7,8,7,8,7.5,15,1,4
5,4,4,5,4.5,9,1,3
4,4,4,4,4.0,8,0,3
1,65,1,65,33.0,66,64,0
7,10,7,10,8.5,17,3,5
4,1,1,4,2.5,5,3,0
4,1,1,4,2.5,5,3,0
1,8,1,8,4.5,9,7,0
4,5,4,5,4.5,9,1,3
1,8,1,8,4.5,9,7,0
4,1,1,4,2.5,5,3,0
4,1,1,4,2.5,5,3,0
35,38,35,38,36.5,73,3,10
16,17,16,17,16.5,33,1,15
7,6,6,7,6.5,13,1,1
4,1,1,4,2.5,5,3,0
27,11,11,27,19.0,38,16,10
5,1,1,5,3.0,6,4,0
9,1,1,9,5.0,10,8,0
36,27,27,36,31.5,63,9,25
2,10,2,10,6.0,12,8,1
28,20,20,28,24.0,48,8,19
5,1,1,5,3.0,6,4,0
11,11,11,11,11.0,22,0,9
7,7,7,7,7.0,14,0,6
5,11,5,11,8.0,16,6,0
9,9,9,9,9.0,18,0,8
2,17,2,17,9.5,19,15,0
5,5,5,5,5.0,10,0,2
5,5,5,5,5.0,10,0,4
29,29,29,29,29.0,58,0,26
18,10,10,18,14.0,28,8,7
1,4,1,4,2.5,5,3,0
2,4,2,4,3.0,6,2,0
1,4,1,4,2.5,5,3,0
1,5,1,5,3.0,6,4,0
6,2,2,6,4.0,8,4,0
5,8,5,8,6.5,13,3,4
1,4,1,4,2.5,5,3,0
12,7,7,12,9.5,19,5,6
25,25,25,25,25.0,50,0,20
10,12,10,12,11.0,22,2,8
2,7,2,7,4.5,9,5,0
4,2,2,4,3.0,6,2,0
8,1,1,8,4.5,9,7,0
3,14,3,14,8.5,17,11,1
20,14,14,20,17.0,34,6,11
17,16,16,17,16.5,33,1,13
13,12,12,13,12.5,25,1,11
43,42,42,43,42.5,85,1,40
20,9,9,20,14.5,29,11,6
14,17,14,17,15.5,31,3,13
5,6,5,6,5.5,11,1,4
19,22,19,22,20.5,41,3,17
20,9,9,20,14.5,29,11,8
1,5,1,5,3.0,6,4,0
8,9,8,9,8.5,17,1,6
1,8,1,8,4.5,9,7,0
5,3,3,5,4.0,8,2,1
12,8,8,12,10.0,20,4,4
3,7,3,7,5.0,10,4,2
39,35,35,39,37.0,74,4,26
5,5,5,5,5.0,10,0,1
11,6,6,11,8.5,17,5,5
13,5,5,13,9.0,18,8,1
4,4,4,4,4.0,8,0,3
1,4,1,4,2.5,5,3,0
5,3,3,5,4.0,8,2,2
6,2,2,6,4.0,8,4,1
11,1,1,11,6.0,12,10,0
1,4,1,4,2.5,5,3,0
8,1,1,8,4.5,9,7,0
8,1,1,8,4.5,9,7,0
5,6,5,6,5.5,11,1,4
11,10,10,11,10.5,21,1,9
10,1,1,10,5.5,11,9,0
21,12,12,21,16.5,33,9,6
13,21,13,21,17.0,34,8,4
5,4,4,5,4.5,9,1,3
17,12,12,17,14.5,29,5,8
50,32,32,50,41.0,82,18,28
4,4,4,4,4.0,8,0,3
4,6,4,6,5.0,10,2,2
5,4,4,5,4.5,9,1,1
1,4,1,4,2.5,5,3,0
5,1,1,5,3.0,6,4,0
10,8,8,10,9.0,18,2,6
21,23,21,23,22.0,44,2,16
8,8,8,8,8.0,16,0,5
5,8,5,8,6.5,13,3,2
5,2,2,5,3.5,7,3,1
9,4,4,9,6.5,13,5,0
10,6,6,10,8.0,16,4,5
26,26,26,26,26.0,52,0,25
18,14,14,18,16.0,32,4,13
19,16,16,19,17.5,35,3,11
13,5,5,13,9.0,18,8,4
1,30,1,30,15.5,31,29,0
10,7,7,10,8.5,17,3,2
13,1,1,13,7.0,14,12,0
1,7,1,7,4.0,8,6,0
5,1,1,5,3.0,6,4,0
4,3,3,4,3.5,7,1,2
1,5,1,5,3.0,6,4,0
15,8,8,15,11.5,23,7,7
7,6,6,7,6.5,13,1,5
1,4,1,4,2.5,5,3,0
1,16,1,16,8.5,17,15,0
4,1,1,4,2.5,5,3,0
1,13,1,13,7.0,14,12,0
6,2,2,6,4.0,8,4,1
17,20,17,20,18.5,37,3,16
6,7,6,7,6.5,13,1,5
15,8,8,15,11.5,23,7,6
9,7,7,9,8.0,16,2,3
1,5,1,5,3.0,6,4,0
33,48,33,48,40.5,81,15,29
3,5,3,5,4.0,8,2,2
6,5,5,6,5.5,11,1,4
5,1,1,5,3.0,6,4,0
25,36,25,36,30.5,61,11,7
1,6,1,6,3.5,7,5,0
1,4,1,4,2.5,5,3,0
1,4,1,4,2.5,5,3,0
7,5,5,7,6.0,12,2,4
4,1,1,4,2.5,5,3,0
8,9,8,9,8.5,17,1,7
12,17,12,17,14.5,29,5,8
1,7,1,7,4.0,8,6,0
9,9,9,9,9.0,18,0,5
2,26,2,26,14.0,28,24,0
10,13,10,13,11.5,23,3,7
16,12,12,16,14.0,28,4,11
18,12,12,18,15.0,30,6,11
7,5,5,7,6.0,12,2,4
18,16,16,18,17.0,34,2,13
36,21,21,36,28.5,57,15,18
11,11,11,11,11.0,22,0,8
5,5,5,5,5.0,10,0,4
14,12,12,14,13.0,26,2,9
1,4,1,4,2.5,5,3,0
1,9,1,9,5.0,10,8,0
11,13,11,13,12.0,24,2,10
28,45,28,45,36.5,73,17,20
4,1,1,4,2.5,5,3,0
7,1,1,7,4.0,8,6,0
6,4,4,6,5.0,10,2,3
1,6,1,6,3.5,7,5,0
4,12,4,12,8.0,16,8,2
6,1,1,6,3.5,7,5,0
2,6,2,6,4.0,8,4,0
13,8,8,13,10.5,21,5,7
8,2,2,8,5.0,10,6,0
4,5,4,5,4.5,9,1,3
3,22,3,22,12.5,25,19,2
15,18,15,18,16.5,33,3,11
8,8,8,8,8.0,16,0,7
4,1,1,4,2.5,5,3,0
21,24,21,24,22.5,45,3,17
14,1,1,14,7.5,15,13,0
2,6,2,6,4.0,8,4,0
2,4,2,4,3.0,6,2,1
21,11,11,21,16.0,32,10,8
11,11,11,11,11.0,22,0,10
4,2,2,4,3.0,6,2,1
6,5,5,6,5.5,11,1,4
2,4,2,4,3.0,6,2,0
40,1,1,40,20.5,41,39,0
8,8,8,8,8.0,16,0,7
4,5,4,5,4.5,9,1,3
17,13,13,17,15.0,30,4,10
2,9,2,9,5.5,11,7,0
8,7,7,8,7.5,15,1,4
4,1,1,4,2.5,5,3,0
16,16,16,16,16.0,32,0,11
1,146,1,146,73.5,147,145,0
1,4,1,4,2.5,5,3,0
4,4,4,4,4.0,8,0,3
4,3,3,4,3.5,7,1,2
51,44,44,51,47.5,95,7,26
4,1,1,4,2.5,5,3,0
8,1,1,8,4.5,9,7,0
23,38,23,38,30.5,61,15,22
14,11,11,14,12.5,25,3,7
5,6,5,6,5.5,11,1,4
8,30,8,30,19.0,38,22,4
4,1,1,4,2.5,5,3,0
25,27,25,27,26.0,52,2,23
4,2,2,4,3.0,6,2,1
11,11,11,11,11.0,22,0,10
1,11,1,11,6.0,12,10,0
3,4,3,4,3.5,7,1,1
6,6,6,6,6.0,12,0,5
1,15,1,15,8.0,16,14,0
17,10,10,17,13.5,27,7,9
4,2,2,4,3.0,6,2,0
12,17,12,17,14.5,29,5,11
11,10,10,11,10.5,21,1,8
14,19,14,19,16.5,33,5,5
3,15,3,15,9.0,18,12,2
7,4,4,7,5.5,11,3,2
1,7,1,7,4.0,8,6,0
11,11,11,11,11.0,22,0,10
10,15,10,15,12.5,25,5,8
1,4,1,4,2.5,5,3,0
7,13,7,13,10.0,20,6,0
8,1,1,8,4.5,9,7,0
1,9,1,9,5.0,10,8,0
6,6,6,6,6.0,12,0,5
1,7,1,7,4.0,8,6,0
1,4,1,4,2.5,5,3,0
3,6,3,6,4.5,9,3,1
11,1,1,11,6.0,12,10,0
5,1,1,5,3.0,6,4,0
5,5,5,5,5.0,10,0,3
38,48,38,48,43.0,86,10,37
27,25,25,27,26.0,52,2,24
5,1,1,5,3.0,6,4,0
2,6,2,6,4.0,8,4,1
2,4,2,4,3.0,6,2,1
9,10,9,10,9.5,19,1,8
27,21,21,27,24.0,48,6,11
6,6,6,6,6.0,12,0,5
6,3,3,6,4.5,9,3,2
22,11,11,22,16.5,33,11,6
18,31,18,31,24.5,49,13,17
4,1,1,4,2.5,5,3,0
13,1,1,13,7.0,14,12,0
8,7,7,8,7.5,15,1,5
30,32,30,32,31.0,62,2,28
12,11,11,12,11.5,23,1,8
33,33,33,33,33.0,66,0,32
4,1,1,4,2.5,5,3,0
1,4,1,4,2.5,5,3,0
4,1,1,4,2.5,5,3,0
1,4,1,4,2.5,5,3,0
38,1,1,38,19.5,39,37,0
23,23,23,23,23.0,46,0,22
12,13,12,13,12.5,25,1,9
5,2,2,5,3.5,7,3,1
7,1,1,7,4.0,8,6,0
1,10,1,10,5.5,11,9,0
11,7,7,11,9.0,18,4,4
7,11,7,11,9.0,18,4,6
4,4,4,4,4.0,8,0,3
9,1,1,9,5.0,10,8,0
8,12,8,12,10.0,20,4,6
11,5,5,11,8.0,16,6,0
2,6,2,6,4.0,8,4,0
4,3,3,4,3.5,7,1,2
1,6,1,6,3.5,7,5,0
2,4,2,4,3.0,6,2,1
9,6,6,9,7.5,15,3,5
6,1,1,6,3.5,7,5,0
28,35,28,35,31.5,63,7,24
1,5,1,5,3.0,6,4,0
4,1,1,4,2.5,5,3,0
40,29,29,40,34.5,69,11,26
12,13,12,13,12.5,25,1,11
25,34,25,34,29.5,59,9,18
7,1,1,7,4.0,8,6,0
5,1,1,5,3.0,6,4,0
25,31,25,31,28.0,56,6,24
1,20,1,20,10.5,21,19,0
28,31,28,31,29.5,59,3,23
21,18,18,21,19.5,39,3,17
1,6,1,6,3.5,7,5,0
4,1,1,4,2.5,5,3,0
14,52,14,52,33.0,66,38,0
1,10,1,10,5.5,11,9,0
8,4,4,8,6.0,12,4,3
2,8,2,8,5.0,10,6,0
1,9,1,9,5.0,10,8,0
5,1,1,5,3.0,6,4,0
10,7,7,10,8.5,17,3,5
1,7,1,7,4.0,8,6,0
1,4,1,4,2.5,5,3,0
1,6,1,6,3.5,7,5,0
4,4,4,4,4.0,8,0,3
45,31,31,45,38.0,76,14,30
21,18,18,21,19.5,39,3,16
1,8,1,8,4.5,9,7,0
32,32,32,32,32.0,64,0,31
39,41,39,41,40.0,80,2,38
8,21,8,21,14.5,29,13,4
6,5,5,6,5.5,11,1,3
23,1,1,23,12.0,24,22,0
9,7,7,9,8.0,16,2,6
22,25,22,25,23.5,47,3,20
18,17,17,18,17.5,35,1,15
4,5,4,5,4.5,9,1,3
2,12,2,12,7.0,14,10,0
1,5,1,5,3.0,6,4,0
9,8,8,9,8.5,17,1,7
1,4,1,4,2.5,5,3,0
19,15,15,19,17.0,34,4,13
1,5,1,5,3.0,6,4,0
15,20,15,20,17.5,35,5,12
4,5,4,5,4.5,9,1,3
12,13,12,13,12.5,25,1,11
2,4,2,4,3.0,6,2,0
1,107,1,107,54.0,108,106,0
43,41,41,43,42.0,84,2,40
1,4,1,4,2.5,5,3,0
27,34,27,34,30.5,61,7,25
18,11,11,18,14.5,29,7,0
4,1,1,4,2.5,5,3,0
25,24,24,25,24.5,49,1,21
2,4,2,4,3.0,6,2,1
16,1,1,16,8.5,17,15,0
4,4,4,4,4.0,8,0,3
8,1,1,8,4.5,9,7,0
4,5,4,5,4.5,9,1,2
1,5,1,5,3.0,6,4,0
9,11,9,11,10.0,20,2,6
5,5,5,5,5.0,10,0,4
45,24,24,45,34.5,69,21,22
20,30,20,30,25.0,50,10,19
18,20,18,20,19.0,38,2,17
6,9,6,9,7.5,15,3,5
7,9,7,9,8.0,16,2,6
1,7,1,7,4.0,8,6,0
5,2,2,5,3.5,7,3,1
11,9,9,11,10.0,20,2,8
27,26,26,27,26.5,53,1,24
9,9,9,9,9.0,18,0,8
4,1,1,4,2.5,5,3,0
7,6,6,7,6.5,13,1,5
4,7,4,7,5.5,11,3,3
7,8,7,8,7.5,15,1,5
2,4,2,4,3.0,6,2,0
22,23,22,23,22.5,45,1,21
17,18,17,18,17.5,35,1,12
10,22,10,22,16.0,32,12,9
2,21,2,21,11.5,23,19,1
6,7,6,7,6.5,13,1,5
5,4,4,5,4.5,9,1,3
1,5,1,5,3.0,6,4,0
1,36,1,36,18.5,37,35,0
6,4,4,6,5.0,10,2,1
1,10,1,10,5.5,11,9,0
1,5,1,5,3.0,6,4,0
6,1,1,6,3.5,7,5,0
19,14,14,19,16.5,33,5,13
6,1,1,6,3.5,7,5,0
16,18,16,18,17.0,34,2,15
27,7,7,27,17.0,34,20,6
12,1,1,12,6.5,13,11,0
7,9,7,9,8.0,16,2,1
14,20,14,20,17.0,34,6,4
28,50,28,50,39.0,78,22,26
8,8,8,8,8.0,16,0,6
15,15,15,15,15.0,30,0,13
12,16,12,16,14.0,28,4,9
5,1,1,5,3.0,6,4,0
25,23,23,25,24.0,48,2,20
34,49,34,49,41.5,83,15,30
29,32,29,32,30.5,61,3,24
5,1,1,5,3.0,6,4,0
18,36,18,36,27.0,54,18,17
6,11,6,11,8.5,17,5,3
6,6,6,6,6.0,12,0,4
6,9,6,9,7.5,15,3,4
35,43,35,43,39.0,78,8,27
23,15,15,23,19.0,38,8,12
20,11,11,20,15.5,31,9,9
4,1,1,4,2.5,5,3,0
7,6,6,7,6.5,13,1,5
21,22,21,22,21.5,43,1,20
17,20,17,20,18.5,37,3,14
1,4,1,4,2.5,5,3,0
8,3,3,8,5.5,11,5,1
7,4,4,7,5.5,11,3,3
5,5,5,5,5.0,10,0,4
8,7,7,8,7.5,15,1,5
3,8,3,8,5.5,11,5,2
7,1,1,7,4.0,8,6,0
41,49,41,49,45.0,90,8,24
14,12,12,14,13.0,26,2,10
1,9,1,9,5.0,10,8,0
1,17,1,17,9.0,18,16,0
12,42,12,42,27.0,54,30,11
33,33,33,33,33.0,66,0,31
19,17,17,19,18.0,36,2,16
6,10,6,10,8.0,16,4,5
25,20,20,25,22.5,45,5,19
4,1,1,4,2.5,5,3,0
4,4,4,4,4.0,8,0,3
9,6,6,9,7.5,15,3,4
24,21,21,24,22.5,45,3,18
11,12,11,12,11.5,23,1,10
11,13,11,13,12.0,24,2,8
6,5,5,6,5.5,11,1,4
12,8,8,12,10.0,20,4,5
36,33,33,36,34.5,69,3,18
6,7,6,7,6.5,13,1,5
8,8,8,8,8.0,16,0,6
5,1,1,5,3.0,6,4,0
2,4,2,4,3.0,6,2,1
11,6,6,11,8.5,17,5,5
5,1,1,5,3.0,6,4,0
8,1,1,8,4.5,9,7,0
37,36,36,37,36.5,73,1,29
16,2,2,16,9.0,18,14,0
30,31,30,31,30.5,61,1,27
1,5,1,5,3.0,6,4,0
1,4,1,4,2.5,5,3,0
6,6,6,6,6.0,12,0,5
6,5,5,6,5.5,11,1,4
17,31,17,31,24.0,48,14,12
7,5,5,7,6.0,12,2,1
6,5,5,6,5.5,11,1,0
12,9,9,12,10.5,21,3,7
7,8,7,8,7.5,15,1,6
8,7,7,8,7.5,15,1,6
14,14,14,14,14.0,28,0,13
42,41,41,42,41.5,83,1,40
14,11,11,14,12.5,25,3,10
8,2,2,8,5.0,10,6,1
5,4,4,5,4.5,9,1,3
1,7,1,7,4.0,8,6,0
5,5,5,5,5.0,10,0,4
7,11,7,11,9.0,18,4,1
11,9,9,11,10.0,20,2,7
4,2,2,4,3.0,6,2,0
11,12,11,12,11.5,23,1,9
14,22,14,22,18.0,36,8,13
13,5,5,13,9.0,18,8,2
1,4,1,4,2.5,5,3,0
5,4,4,5,4.5,9,1,2
2,5,2,5,3.5,7,3,1
6,5,5,6,5.5,11,1,3
6,5,5,6,5.5,11,1,4
4,11,4,11,7.5,15,7,0
1,4,1,4,2.5,5,3,0
2,5,2,5,3.5,7,3,0
4,6,4,6,5.0,10,2,3
10,1,1,10,5.5,11,9,0
4,5,4,5,4.5,9,1,3
5,3,3,5,4.0,8,2,1
8,7,7,8,7.5,15,1,6
10,25,10,25,17.5,35,15,6
4,2,2,4,3.0,6,2,1
9,21,9,21,15.0,30,12,8
15,10,10,15,12.5,25,5,8
15,13,13,15,14.0,28,2,9
4,4,4,4,4.0,8,0,3
5,6,5,6,5.5,11,1,3
1,4,1,4,2.5,5,3,0
1,9,1,9,5.0,10,8,0
6,2,2,6,4.0,8,4,1
7,5,5,7,6.0,12,2,3
19,19,19,19,19.0,38,0,18
23,21,21,23,22.0,44,2,20
1,6,1,6,3.5,7,5,0
22,43,22,43,32.5,65,21,15
1,5,1,5,3.0,6,4,0
1,10,1,10,5.5,11,9,0
7,2,2,7,4.5,9,5,0
1,6,1,6,3.5,7,5,0
9,7,7,9,8.0,16,2,6
12,7,7,12,9.5,19,5,1
55,3,3,55,29.0,58,52,2
4,1,1,4,2.5,5,3,0
18,13,13,18,15.5,31,5,8
5,5,5,5,5.0,10,0,3
1,5,1,5,3.0,6,4,0
4,4,4,4,4.0,8,0,2
20,18,18,20,19.0,38,2,17
10,11,10,11,10.5,21,1,9
1,7,1,7,4.0,8,6,0
4,1,1,4,2.5,5,3,0
32,23,23,32,27.5,55,9,22
19,16,16,19,17.5,35,3,13
16,2,2,16,9.0,18,14,0
1,44,1,44,22.5,45,43,0
37,26,26,37,31.5,63,11,24
8,9,8,9,8.5,17,1,7
3,6,3,6,4.5,9,3,2
29,41,29,41,35.0,70,12,25
10,14,10,14,12.0,24,4,6
6,11,6,11,8.5,17,5,4
1,15,1,15,8.0,16,14,0
1,4,1,4,2.5,5,3,0
24,46,24,46,35.0,70,22,20
4,9,4,9,6.5,13,5,3
1,4,1,4,2.5,5,3,0
6,7,6,7,6.5,13,1,3
5,1,1,5,3.0,6,4,0
11,13,11,13,12.0,24,2,10
1,5,1,5,3.0,6,4,0
19,2,2,19,10.5,21,17,0
7,2,2,7,4.5,9,5,1
8,7,7,8,7.5,15,1,4
11,14,11,14,12.5,25,3,10
23,24,23,24,23.5,47,1,22
1,6,1,6,3.5,7,5,0
5,7,5,7,6.0,12,2,1
24,26,24,26,25.0,50,2,22
1,10,1,10,5.5,11,9,0
6,5,5,6,5.5,11,1,4
21,19,19,21,20.0,40,2,18
10,8,8,10,9.0,18,2,7
1,4,1,4,2.5,5,3,0
5,5,5,5,5.0,10,0,1
1,6,1,6,3.5,7,5,0
6,1,1,6,3.5,7,5,0
4,4,4,4,4.0,8,0,2
30,36,30,36,33.0,66,6,22
13,9,9,13,11.0,22,4,7
23,21,21,23,22.0,44,2,18
10,12,10,12,11.0,22,2,9
4,4,4,4,4.0,8,0,3
1,7,1,7,4.0,8,6,0
1,4,1,4,2.5,5,3,0
5,5,5,5,5.0,10,0,2
11,11,11,11,11.0,22,0,10
4,4,4,4,4.0,8,0,3
5,2,2,5,3.5,7,3,1
13,13,13,13,13.0,26,0,10
4,3,3,4,3.5,7,1,1
12,4,4,12,8.0,16,8,0
1,4,1,4,2.5,5,3,0
1,6,1,6,3.5,7,5,0
6,4,4,6,5.0,10,2,0
11,20,11,20,15.5,31,9,8
1,4,1,4,2.5,5,3,0
5,5,5,5,5.0,10,0,3
1,19,1,19,10.0,20,18,0
5,4,4,5,4.5,9,1,2
1,6,1,6,3.5,7,5,0
2,5,2,5,3.5,7,3,1
17,12,12,17,14.5,29,5,8
31,18,18,31,24.5,49,13,12
28,33,28,33,30.5,61,5,20
10,9,9,10,9.5,19,1,8
1,7,1,7,4.0,8,6,0
5,3,3,5,4.0,8,2,2
1,5,1,5,3.0,6,4,0
1,8,1,8,4.5,9,7,0
4,3,3,4,3.5,7,1,2
4,2,2,4,3.0,6,2,0
8,8,8,8,8.0,16,0,4
4,1,1,4,2.5,5,3,0
1,4,1,4,2.5,5,3,0
11,5,5,11,8.0,16,6,4
7,5,5,7,6.0,12,2,4
11,17,11,17,14.0,28,6,7
8,1,1,8,4.5,9,7,0
6,6,6,6,6.0,12,0,5
2,7,2,7,4.5,9,5,0
1,6,1,6,3.5,7,5,0
8,4,4,8,6.0,12,4,3
1,4,1,4,2.5,5,3,0
2,8,2,8,5.0,10,6,1
1,8,1,8,4.5,9,7,0
4,6,4,6,5.0,10,2,3
1,6,1,6,3.5,7,5,0
24,25,24,25,24.5,49,1,13
1,25,1,25,13.0,26,24,0
4,6,4,6,5.0,10,2,3
5,2,2,5,3.5,7,3,1
6,4,4,6,5.0,10,2,1
9,9,9,9,9.0,18,0,8
22,21,21,22,21.5,43,1,20
1,105,1,105,53.0,106,104,0
44,88,44,88,66.0,132,44,30
6,1,1,6,3.5,7,5,0
7,9,7,9,8.0,16,2,6
5,146,5,146,75.5,151,141,2
1,88,1,88,44.5,89,87,0
19,20,19,20,19.5,39,1,17
2,5,2,5,3.5,7,3,1
4,1,1,4,2.5,5,3,0
2,4,2,4,3.0,6,2,1
13,14,13,14,13.5,27,1,12
1,7,1,7,4.0,8,6,0
1,6,1,6,3.5,7,5,0
31,38,31,38,34.5,69,7,26
1,5,1,5,3.0,6,4,0
5,5,5,5,5.0,10,0,3
4,4,4,4,4.0,8,0,2
12,5,5,12,8.5,17,7,3
4,22,4,22,13.0,26,18,1
21,20,20,21,20.5,41,1,19
7,4,4,7,5.5,11,3,3
13,14,13,14,13.5,27,1,5
7,1,1,7,4.0,8,6,0
1,5,1,5,3.0,6,4,0
11,12,11,12,11.5,23,1,8
13,12,12,13,12.5,25,1,10
5,5,5,5,5.0,10,0,4
8,10,8,10,9.0,18,2,7
18,25,18,25,21.5,43,7,17
5,4,4,5,4.5,9,1,3
11,13,11,13,12.0,24,2,8
7,8,7,8,7.5,15,1,6
14,27,14,27,20.5,41,13,13
1,4,1,4,2.5,5,3,0
1,6,1,6,3.5,7,5,0
4,2,2,4,3.0,6,2,0
7,6,6,7,6.5,13,1,5
5,3,3,5,4.0,8,2,2
2,4,2,4,3.0,6,2,1
5,1,1,5,3.0,6,4,0
3,28,3,28,15.5,31,25,1
1,4,1,4,2.5,5,3,0
9,22,9,22,15.5,31,13,8
28,35,28,35,31.5,63,7,20
4,1,1,4,2.5,5,3,0
2,13,2,13,7.5,15,11,1
1,7,1,7,4.0,8,6,0
44,49,44,49,46.5,93,5,26
5,5,5,5,5.0,10,0,4
5,1,1,5,3.0,6,4,0
32,44,32,44,38.0,76,12,31
27,20,20,27,23.5,47,7,19
4,2,2,4,3.0,6,2,0
5,5,5,5,5.0,10,0,4
2,14,2,14,8.0,16,12,1
14,15,14,15,14.5,29,1,11
9,9,9,9,9.0,18,0,7
4,1,1,4,2.5,5,3,0
5,2,2,5,3.5,7,3,1
12,23,12,23,17.5,35,11,10
1,18,1,18,9.5,19,17,0
5,6,5,6,5.5,11,1,4
5,1,1,5,3.0,6,4,0
8,10,8,10,9.0,18,2,6
12,13,12,13,12.5,25,1,11
8,8,8,8,8.0,16,0,3
15,11,11,15,13.0,26,4,10
1,9,1,9,5.0,10,8,0
12,13,12,13,12.5,25,1,11
11,11,11,11,11.0,22,0,10
9,5,5,9,7.0,14,4,4
2,7,2,7,4.5,9,5,1
9,21,9,21,15.0,30,12,2
7,19,7,19,13.0,26,12,3
4,2,2,4,3.0,6,2,0
19,16,16,19,17.5,35,3,12
3,5,3,5,4.0,8,2,2
25,16,16,25,20.5,41,9,4
9,6,6,9,7.5,15,3,4
6,1,1,6,3.5,7,5,0
10,11,10,11,10.5,21,1,9
4,1,1,4,2.5,5,3,0
2,4,2,4,3.0,6,2,1
1,9,1,9,5.0,10,8,0
1,9,1,9,5.0,10,8,0
1,7,1,7,4.0,8,6,0
1,4,1,4,2.5,5,3,0
7,7,7,7,7.0,14,0,4
1,4,1,4,2.5,5,3,0
1,5,1,5,3.0,6,4,0
3,4,3,4,3.5,7,1,1
4,4,4,4,4.0,8,0,2
4,1,1,4,2.5,5,3,0
22,11,11,22,16.5,33,11,10
5,5,5,5,5.0,10,0,4
3,7,3,7,5.0,10,4,2
31,32,31,32,31.5,63,1,29
11,1,1,11,6.0,12,10,0
1,12,1,12,6.5,13,11,0
11,1,1,11,6.0,12,10,0
8,8,8,8,8.0,16,0,6
18,17,17,18,17.5,35,1,7
12,18,12,18,15.0,30,6,10
13,6,6,13,9.5,19,7,4
20,1,1,20,10.5,21,19,0
6,6,6,6,6.0,12,0,4
4,1,1,4,2.5,5,3,0
6,2,2,6,4.0,8,4,1
1,5,1,5,3.0,6,4,0
1,65,1,65,33.0,66,64,0
2,8,2,8,5.0,10,6,0
6,7,6,7,6.5,13,1,5
43,1,1,43,22.0,44,42,0
1,15,1,15,8.0,16,14,0
10,12,10,12,11.0,22,2,9
5,2,2,5,3.5,7,3,0
9,8,8,9,8.5,17,1,7
1,11,1,11,6.0,12,10,0
10,10,10,10,10.0,20,0,8
7,5,5,7,6.0,12,2,3
5,1,1,5,3.0,6,4,0
8,7,7,8,7.5,15,1,0
7,6,6,7,6.5,13,1,5
10,10,10,10,10.0,20,0,6
11,11,11,11,11.0,22,0,9
32,22,22,32,27.0,54,10,19
4,1,1,4,2.5,5,3,0
4,1,1,4,2.5,5,3,0
5,1,1,5,3.0,6,4,0
15,20,15,20,17.5,35,5,10
6,1,1,6,3.5,7,5,0
7,9,7,9,8.0,16,2,5
1,6,1,6,3.5,7,5,0
7,12,7,12,9.5,19,5,6
37,25,25,37,31.0,62,12,19
1,4,1,4,2.5,5,3,0
6,6,6,6,6.0,12,0,5
4,4,4,4,4.0,8,0,3
4,1,1,4,2.5,5,3,0
2,7,2,7,4.5,9,5,0
16,25,16,25,20.5,41,9,12
4,1,1,4,2.5,5,3,0
4,1,1,4,2.5,5,3,0
8,5,5,8,6.5,13,3,4
38,22,22,38,30.0,60,16,17
1,6,1,6,3.5,7,5,0
1,28,1,28,14.5,29,27,0
32,32,32,32,32.0,64,0,31
23,41,23,41,32.0,64,18,21
2,4,2,4,3.0,6,2,1
4,20,4,20,12.0,24,16,2
5,8,5,8,6.5,13,3,4
16,1,1,16,8.5,17,15,0
1,4,1,4,2.5,5,3,0
4,9,4,9,6.5,13,5,3
1,6,1,6,3.5,7,5,0
3,14,3,14,8.5,17,11,2
41,55,41,55,48.0,96,14,39
7,15,7,15,11.0,22,8,3
5,5,5,5,5.0,10,0,3
4,6,4,6,5.0,10,2,3
1,6,1,6,3.5,7,5,0
1,15,1,15,8.0,16,14,0
2,7,2,7,4.5,9,5,1
3,7,3,7,5.0,10,4,2
6,1,1,6,3.5,7,5,0
9,11,9,11,10.0,20,2,8
31,25,25,31,28.0,56,6,24
26,28,26,28,27.0,54,2,23
2,5,2,5,3.5,7,3,1
1,5,1,5,3.0,6,4,0
19,19,19,19,19.0,38,0,18
7,1,1,7,4.0,8,6,0
7,4,4,7,5.5,11,3,0
2,4,2,4,3.0,6,2,1
4,2,2,4,3.0,6,2,1
5,8,5,8,6.5,13,3,2
8,8,8,8,8.0,16,0,7
6,6,6,6,6.0,12,0,4
8,8,8,8,8.0,16,0,6
38,20,20,38,29.0,58,18,18
1,9,1,9,5.0,10,8,0
14,9,9,14,11.5,23,5,0
1,4,1,4,2.5,5,3,0
3,6,3,6,4.5,9,3,2
9,10,9,10,9.5,19,1,8
8,7,7,8,7.5,15,1,4
15,14,14,15,14.5,29,1,12
4,1,1,4,2.5,5,3,0
2,4,2,4,3.0,6,2,1
6,11,6,11,8.5,17,5,5
15,13,13,15,14.0,28,2,12
3,17,3,17,10.0,20,14,0
2,4,2,4,3.0,6,2,1
3,5,3,5,4.0,8,2,2
6,1,1,6,3.5,7,5,0
16,7,7,16,11.5,23,9,6
4,5,4,5,4.5,9,1,3
7,8,7,8,7.5,15,1,3
1,8,1,8,4.5,9,7,0
7,4,4,7,5.5,11,3,3
1,14,1,14,7.5,15,13,0
6,2,2,6,4.0,8,4,0
1,5,1,5,3.0,6,4,0
15,20,15,20,17.5,35,5,11
11,4,4,11,7.5,15,7,2
16,19,16,19,17.5,35,3,13
26,24,24,26,25.0,50,2,16
1,9,1,9,5.0,10,8,0
6,7,6,7,6.5,13,1,5
9,4,4,9,6.5,13,5,2
1,4,1,4,2.5,5,3,0
32,28,28,32,30.0,60,4,27
14,14,14,14,14.0,28,0,12
6,1,1,6,3.5,7,5,0
11,8,8,11,9.5,19,3,7
4,2,2,4,3.0,6,2,1
11,11,11,11,11.0,22,0,8
9,10,9,10,9.5,19,1,6
1,4,1,4,2.5,5,3,0
26,26,26,26,26.0,52,0,25
6,1,1,6,3.5,7,5,0
22,8,8,22,15.0,30,14,5
31,33,31,33,32.0,64,2,30
2,4,2,4,3.0,6,2,0
6,4,4,6,5.0,10,2,3
10,10,10,10,10.0,20,0,8
61,24,24,61,42.5,85,37,21
12,14,12,14,13.0,26,2,10
1,10,1,10,5.5,11,9,0
14,1,1,14,7.5,15,13,0
41,28,28,41,34.5,69,13,23
12,8,8,12,10.0,20,4,6
21,10,10,21,15.5,31,11,5
7,8,7,8,7.5,15,1,6
6,5,5,6,5.5,11,1,3
6,1,1,6,3.5,7,5,0
5,5,5,5,5.0,10,0,4
8,10,8,10,9.0,18,2,7
4,1,1,4,2.5,5,3,0
4,1,1,4,2.5,5,3,0
17,20,17,20,18.5,37,3,16
17,5,5,17,11.0,22,12,1
4,3,3,4,3.5,7,1,2
7,5,5,7,6.0,12,2,4
1,4,1,4,2.5,5,3,0
6,12,6,12,9.0,18,6,4
2,14,2,14,8.0,16,12,0
18,14,14,18,16.0,32,4,13
2,4,2,4,3.0,6,2,1
4,1,1,4,2.5,5,3,0
13,12,12,13,12.5,25,1,10
1,11,1,11,6.0,12,10,0
18,20,18,20,19.0,38,2,17
1,4,1,4,2.5,5,3,0
16,7,7,16,11.5,23,9,5
42,41,41,42,41.5,83,1,40
26,26,26,26,26.0,52,0,25
35,33,33,35,34.0,68,2,29
1,4,1,4,2.5,5,3,0
5,1,1,5,3.0,6,4,0
17,14,14,17,15.5,31,3,12
11,7,7,11,9.0,18,4,6
4,1,1,4,2.5,5,3,0
12,1,1,12,6.5,13,11,0
4,1,1,4,2.5,5,3,0
27,34,27,34,30.5,61,7,16
20,31,20,31,25.5,51,11,17
4,6,4,6,5.0,10,2,3
17,16,16,17,16.5,33,1,15
14,12,12,14,13.0,26,2,10
14,3,3,14,8.5,17,11,1
38,16,16,38,27.0,54,22,15
21,22,21,22,21.5,43,1,20
16,14,14,16,15.0,30,2,11
3,22,3,22,12.5,25,19,0
5,2,2,5,3.5,7,3,1
6,6,6,6,6.0,12,0,5
4,2,2,4,3.0,6,2,0
11,10,10,11,10.5,21,1,9
9,8,8,9,8.5,17,1,5
1,4,1,4,2.5,5,3,0
15,10,10,15,12.5,25,5,8
19,15,15,19,17.0,34,4,14
1,4,1,4,2.5,5,3,0
2,12,2,12,7.0,14,10,1
4,1,1,4,2.5,5,3,0
10,10,10,10,10.0,20,0,8
3,7,3,7,5.0,10,4,2
4,5,4,5,4.5,9,1,3
4,2,2,4,3.0,6,2,1
8,8,8,8,8.0,16,0,5
8,12,8,12,10.0,20,4,5
19,24,19,24,21.5,43,5,18
1,6,1,6,3.5,7,5,0
7,8,7,8,7.5,15,1,4
11,12,11,12,11.5,23,1,9
11,12,11,12,11.5,23,1,10
7,2,2,7,4.5,9,5,1
1,19,1,19,10.0,20,18,0
16,9,9,16,12.5,25,7,8
1,5,1,5,3.0,6,4,0
4,5,4,5,4.5,9,1,3
4,9,4,9,6.5,13,5,1
7,6,6,7,6.5,13,1,4
1,5,1,5,3.0,6,4,0
4,1,1,4,2.5,5,3,0
17,14,14,17,15.5,31,3,13
1,6,1,6,3.5,7,5,0
8,11,8,11,9.5,19,3,0
1,5,1,5,3.0,6,4,0
4,5,4,5,4.5,9,1,0
12,1,1,12,6.5,13,11,0
6,7,6,7,6.5,13,1,4
27,21,21,27,24.0,48,6,20
5,7,5,7,6.0,12,2,2
1,4,1,4,2.5,5,3,0
34,44,34,44,39.0,78,10,27
4,7,4,7,5.5,11,3,3
10,6,6,10,8.0,16,4,2
1,7,1,7,4.0,8,6,0
1,4,1,4,2.5,5,3,0
4,1,1,4,2.5,5,3,0
17,11,11,17,14.0,28,6,9
10,10,10,10,10.0,20,0,9
18,1,1,18,9.5,19,17,0
1,8,1,8,4.5,9,7,0
7,8,7,8,7.5,15,1,6
1,5,1,5,3.0,6,4,0
40,24,24,40,32.0,64,16,22
28,50,28,50,39.0,78,22,27
4,1,1,4,2.5,5,3,0
5,1,1,5,3.0,6,4,0
1,4,1,4,2.5,5,3,0
20,5,5,20,12.5,25,15,3
1,5,1,5,3.0,6,4,0
6,6,6,6,6.0,12,0,5
1,4,1,4,2.5,5,3,0
1,4,1,4,2.5,5,3,0
4,1,1,4,2.5,5,3,0
6,1,1,6,3.5,7,5,0
5,7,5,7,6.0,12,2,4
7,1,1,7,4.0,8,6,0
2,5,2,5,3.5,7,3,1
11,9,9,11,10.0,20,2,8
1,5,1,5,3.0,6,4,0
11,12,11,12,11.5,23,1,9
4,1,1,4,2.5,5,3,0
1,4,1,4,2.5,5,3,0
2,6,2,6,4.0,8,4,0
1,4,1,4,2.5,5,3,0
4,3,3,4,3.5,7,1,2
6,1,1,6,3.5,7,5,0
1,6,1,6,3.5,7,5,0
2,5,2,5,3.5,7,3,1
5,8,5,8,6.5,13,3,0
1,4,1,4,2.5,5,3,0
12,1,1,12,6.5,13,11,0
7,1,1,7,4.0,8,6,0
1,16,1,16,8.5,17,15,0
1,7,1,7,4.0,8,6,0
4,1,1,4,2.5,5,3,0
11,13,11,13,12.0,24,2,5
8,17,8,17,12.5,25,9,7
9,1,1,9,5.0,10,8,0
5,2,2,5,3.5,7,3,1
19,21,19,21,20.0,40,2,17
15,15,15,15,15.0,30,0,13
5,5,5,5,5.0,10,0,4
4,4,4,4,4.0,8,0,3
7,8,7,8,7.5,15,1,6
14,1,1,14,7.5,15,13,0
3,4,3,4,3.5,7,1,2
1,9,1,9,5.0,10,8,0
20,22,20,22,21.0,42,2,9
7,10,7,10,8.5,17,3,6
8,1,1,8,4.5,9,7,0
1,8,1,8,4.5,9,7,0
4,1,1,4,2.5,5,3,0
45,30,30,45,37.5,75,15,16
1,4,1,4,2.5,5,3,0
5,1,1,5,3.0,6,4,0
1,6,1,6,3.5,7,5,0
7,14,7,14,10.5,21,7,2
1,4,1,4,2.5,5,3,0
4,5,4,5,4.5,9,1,3
19,24,19,24,21.5,43,5,17
22,31,22,31,26.5,53,9,18
5,14,5,14,9.5,19,9,0
5,1,1,5,3.0,6,4,0
18,9,9,18,13.5,27,9,1
20,19,19,20,19.5,39,1,18
1,11,1,11,6.0,12,10,0
5,4,4,5,4.5,9,1,3
5,7,5,7,6.0,12,2,3
11,12,11,12,11.5,23,1,9
11,13,11,13,12.0,24,2,9
5,5,5,5,5.0,10,0,3
1,10,1,10,5.5,11,9,0
1,5,1,5,3.0,6,4,0
5,1,1,5,3.0,6,4,0
4,7,4,7,5.5,11,3,2
4,1,1,4,2.5,5,3,0
12,19,12,19,15.5,31,7,11
1,5,1,5,3.0,6,4,0
2,4,2,4,3.0,6,2,1
4,3,3,4,3.5,7,1,2
4,4,4,4,4.0,8,0,3
41,44,41,44,42.5,85,3,32
1,5,1,5,3.0,6,4,0
12,11,11,12,11.5,23,1,10
2,16,2,16,9.0,18,14,1
1,5,1,5,3.0,6,4,0
9,10,9,10,9.5,19,1,8
1,5,1,5,3.0,6,4,0
8,7,7,8,7.5,15,1,6
1,17,1,17,9.0,18,16,0
8,8,8,8,8.0,16,0,5
2,6,2,6,4.0,8,4,1
19,24,19,24,21.5,43,5,18
13,5,5,13,9.0,18,8,2
5,7,5,7,6.0,12,2,3
1,4,1,4,2.5,5,3,0
1,4,1,4,2.5,5,3,0
5,5,5,5,5.0,10,0,4
9,6,6,9,7.5,15,3,0
14,22,14,22,18.0,36,8,12
20,19,19,20,19.5,39,1,18
3,9,3,9,6.0,12,6,2
19,16,16,19,17.5,35,3,15
7,8,7,8,7.5,15,1,6
5,10,5,10,7.5,15,5,4
19,19,19,19,19.0,38,0,18
8,8,8,8,8.0,16,0,7
8,14,8,14,11.0,22,6,7
28,27,27,28,27.5,55,1,26
5,11,5,11,8.0,16,6,1
14,5,5,14,9.5,19,9,4
12,1,1,12,6.5,13,11,0
4,4,4,4,4.0,8,0,3
15,18,15,18,16.5,33,3,11
18,27,18,27,22.5,45,9,16
1,5,1,5,3.0,6,4,0
24,25,24,25,24.5,49,1,22
15,9,9,15,12.0,24,6,7
24,15,15,24,19.5,39,9,14
4,4,4,4,4.0,8,0,3
32,31,31,32,31.5,63,1,28
33,13,13,33,23.0,46,20,7
1,4,1,4,2.5,5,3,0
5,5,5,5,5.0,10,0,4
1,9,1,9,5.0,10,8,0
15,5,5,15,10.0,20,10,4
19,19,19,19,19.0,38,0,18
14,4,4,14,9.0,18,10,3
5,3,3,5,4.0,8,2,2
7,7,7,7,7.0,14,0,6
6,1,1,6,3.5,7,5,0
5,16,5,16,10.5,21,11,1
7,9,7,9,8.0,16,2,6
9,8,8,9,8.5,17,1,4
4,1,1,4,2.5,5,3,0
5,9,5,9,7.0,14,4,3
4,1,1,4,2.5,5,3,0
1,5,1,5,3.0,6,4,0
6,1,1,6,3.5,7,5,0
10,7,7,10,8.5,17,3,5
11,1,1,11,6.0,12,10,0
1,6,1,6,3.5,7,5,0
6,4,4,6,5.0,10,2,3
4,1,1,4,2.5,5,3,0
5,5,5,5,5.0,10,0,4
9,4,4,9,6.5,13,5,3
2,4,2,4,3.0,6,2,1
16,2,2,16,9.0,18,14,1
34,23,23,34,28.5,57,11,19
50,25,25,50,37.5,75,25,24
12,9,9,12,10.5,21,3,8
4,2,2,4,3.0,6,2,0
15,23,15,23,19.0,38,8,12
5,7,5,7,6.0,12,2,4
38,24,24,38,31.0,62,14,19
3,4,3,4,3.5,7,1,2
5,8,5,8,6.5,13,3,0
2,30,2,30,16.0,32,28,0
15,1,1,15,8.0,16,14,0
1,4,1,4,2.5,5,3,0
1,5,1,5,3.0,6,4,0
5,8,5,8,6.5,13,3,3
8,7,7,8,7.5,15,1,2
23,24,23,24,23.5,47,1,15
15,12,12,15,13.5,27,3,11
4,1,1,4,2.5,5,3,0
11,12,11,12,11.5,23,1,10
2,5,2,5,3.5,7,3,0
14,9,9,14,11.5,23,5,6
14,6,6,14,10.0,20,8,4
11,11,11,11,11.0,22,0,10
8,6,6,8,7.0,14,2,4
2,13,2,13,7.5,15,11,1
4,2,2,4,3.0,6,2,0
2,6,2,6,4.0,8,4,0
5,5,5,5,5.0,10,0,4
17,8,8,17,12.5,25,9,7
5,8,5,8,6.5,13,3,4
1,8,1,8,4.5,9,7,0
6,6,6,6,6.0,12,0,5
36,27,27,36,31.5,63,9,22
4,1,1,4,2.5,5,3,0
10,1,1,10,5.5,11,9,0
1,5,1,5,3.0,6,4,0
2,6,2,6,4.0,8,4,1
5,1,1,5,3.0,6,4,0
1,4,1,4,2.5,5,3,0
8,8,8,8,8.0,16,0,5
6,6,6,6,6.0,12,0,5
20,17,17,20,18.5,37,3,14
8,9,8,9,8.5,17,1,7
4,1,1,4,2.5,5,3,0
1,4,1,4,2.5,5,3,0
42,51,42,51,46.5,93,9,25
4,4,4,4,4.0,8,0,3
1,4,1,4,2.5,5,3,0
7,6,6,7,6.5,13,1,5
4,1,1,4,2.5,5,3,0
4,21,4,21,12.5,25,17,1
1,4,1,4,2.5,5,3,0
10,16,10,16,13.0,26,6,9
4,1,1,4,2.5,5,3,0
8,1,1,8,4.5,9,7,0
6,7,6,7,6.5,13,1,5
4,3,3,4,3.5,7,1,2
7,6,6,7,6.5,13,1,5
48,45,45,48,46.5,93,3,35
1,5,1,5,3.0,6,4,0
20,23,20,23,21.5,43,3,19
18,17,17,18,17.5,35,1,8
7,5,5,7,6.0,12,2,4
5,2,2,5,3.5,7,3,1
7,1,1,7,4.0,8,6,0
1,4,1,4,2.5,5,3,0
5,7,5,7,6.0,12,2,2
10,12,10,12,11.0,22,2,6
5,11,5,11,8.0,16,6,4
6,5,5,6,5.5,11,1,4
39,43,39,43,41.0,82,4,38
5,2,2,5,3.5,7,3,0
1,5,1,5,3.0,6,4,0
1,5,1,5,3.0,6,4,0
11,7,7,11,9.0,18,4,6
5,1,1,5,3.0,6,4,0
2,5,2,5,3.5,7,3,1
27,15,15,27,21.0,42,12,14
13,21,13,21,17.0,34,8,12
1,7,1,7,4.0,8,6,0
7,2,2,7,4.5,9,5,1
6,1,1,6,3.5,7,5,0
1,6,1,6,3.5,7,5,0
4,4,4,4,4.0,8,0,1
8,5,5,8,6.5,13,3,4
37,49,37,49,43.0,86,12,25
11,9,9,11,10.0,20,2,4
4,7,4,7,5.5,11,3,1
13,23,13,23,18.0,36,10,10
4,4,4,4,4.0,8,0,3
5,7,5,7,6.0,12,2,3
15,17,15,17,16.0,32,2,9
24,18,18,24,21.0,42,6,12
1,5,1,5,3.0,6,4,0
1,5,1,5,3.0,6,4,0
4,4,4,4,4.0,8,0,3
7,7,7,7,7.0,14,0,6
31,47,31,47,39.0,78,16,28
49,29,29,49,39.0,78,20,27
1,10,1,10,5.5,11,9,0
12,11,11,12,11.5,23,1,8
13,6,6,13,9.5,19,7,0
6,6,6,6,6.0,12,0,5
1,6,1,6,3.5,7,5,0
2,26,2,26,14.0,28,24,0
2,12,2,12,7.0,14,10,0
4,4,4,4,4.0,8,0,3
11,1,1,11,6.0,12,10,0
25,24,24,25,24.5,49,1,22
5,4,4,5,4.5,9,1,2
10,12,10,12,11.0,22,2,9
8,19,8,19,13.5,27,11,4
5,10,5,10,7.5,15,5,4
21,33,21,33,27.0,54,12,15
7,6,6,7,6.5,13,1,5
4,1,1,4,2.5,5,3,0
8,43,8,43,25.5,51,35,7
5,1,1,5,3.0,6,4,0
41,32,32,41,36.5,73,9,20
5,2,2,5,3.5,7,3,0
39,48,39,48,43.5,87,9,37
6,5,5,6,5.5,11,1,4
5,6,5,6,5.5,11,1,3
18,31,18,31,24.5,49,13,16
4,5,4,5,4.5,9,1,3
1,7,1,7,4.0,8,6,0
8,2,2,8,5.0,10,6,1
7,5,5,7,6.0,12,2,4
9,8,8,9,8.5,17,1,6
4,1,1,4,2.5,5,3,0
4,1,1,4,2.5,5,3,0
10,1,1,10,5.5,11,9,0
4,1,1,4,2.5,5,3,0
4,23,4,23,13.5,27,19,3
6,14,6,14,10.0,20,8,5
8,3,3,8,5.5,11,5,2
16,12,12,16,14.0,28,4,11
4,7,4,7,5.5,11,3,3
8,1,1,8,4.5,9,7,0
10,7,7,10,8.5,17,3,5
11,12,11,12,11.5,23,1,8
9,8,8,9,8.5,17,1,7
4,1,1,4,2.5,5,3,0
31,33,31,33,32.0,64,2,20
5,6,5,6,5.5,11,1,3
19,19,19,19,19.0,38,0,18
10,9,9,10,9.5,19,1,7
23,26,23,26,24.5,49,3,22
7,1,1,7,4.0,8,6,0
2,5,2,5,3.5,7,3,0
7,1,1,7,4.0,8,6,0
19,2,2,19,10.5,21,17,1
3,4,3,4,3.5,7,1,1
11,1,1,11,6.0,12,10,0
7,6,6,7,6.5,13,1,4
10,8,8,10,9.0,18,2,5
5,1,1,5,3.0,6,4,0
4,5,4,5,4.5,9,1,3
8,9,8,9,8.5,17,1,5
15,2,2,15,8.5,17,13,0
26,7,7,26,16.5,33,19,4
7,7,7,7,7.0,14,0,6
9,2,2,9,5.5,11,7,0
1,4,1,4,2.5,5,3,0
4,4,4,4,4.0,8,0,3
7,7,7,7,7.0,14,0,6
13,20,13,20,16.5,33,7,12
2,6,2,6,4.0,8,4,0
3,5,3,5,4.0,8,2,2
16,17,16,17,16.5,33,1,8
18,12,12,18,15.0,30,6,5
1,5,1,5,3.0,6,4,0
1,4,1,4,2.5,5,3,0
6,4,4,6,5.0,10,2,3
8,8,8,8,8.0,16,0,6
11,11,11,11,11.0,22,0,6
10,10,10,10,10.0,20,0,8
1,4,1,4,2.5,5,3,0
20,7,7,20,13.5,27,13,5
16,6,6,16,11.0,22,10,2
1,5,1,5,3.0,6,4,0
10,2,2,10,6.0,12,8,0
19,31,19,31,25.0,50,12,15
17,5,5,17,11.0,22,12,4
4,6,4,6,5.0,10,2,0
8,12,8,12,10.0,20,4,6
5,2,2,5,3.5,7,3,1
28,24,24,28,26.0,52,4,23
25,33,25,33,29.0,58,8,14
30,16,16,30,23.0,46,14,12
13,10,10,13,11.5,23,3,9
7,17,7,17,12.0,24,10,0
14,13,13,14,13.5,27,1,3
11,11,11,11,11.0,22,0,5
8,2,2,8,5.0,10,6,0
2,9,2,9,5.5,11,7,0
1,4,1,4,2.5,5,3,0
2,5,2,5,3.5,7,3,1
1,15,1,15,8.0,16,14,0
5,12,5,12,8.5,17,7,0
5,2,2,5,3.5,7,3,1
18,21,18,21,19.5,39,3,17
6,1,1,6,3.5,7,5,0
5,1,1,5,3.0,6,4,0
4,1,1,4,2.5,5,3,0
4,2,2,4,3.0,6,2,1
6,8,6,8,7.0,14,2,4
5,5,5,5,5.0,10,0,3
2,4,2,4,3.0,6,2,1
4,6,4,6,5.0,10,2,2
1,8,1,8,4.5,9,7,0
15,14,14,15,14.5,29,1,5
2,5,2,5,3.5,7,3,1
9,8,8,9,8.5,17,1,6
13,11,11,13,12.0,24,2,9
1,5,1,5,3.0,6,4,0
6,7,6,7,6.5,13,1,4
5,1,1,5,3.0,6,4,0
4,1,1,4,2.5,5,3,0
1,11,1,11,6.0,12,10,0
1,7,1,7,4.0,8,6,0
4,1,1,4,2.5,5,3,0
1,6,1,6,3.5,7,5,0
1,6,1,6,3.5,7,5,0
6,6,6,6,6.0,12,0,4
15,16,15,16,15.5,31,1,10
16,16,16,16,16.0,32,0,9
8,7,7,8,7.5,15,1,6
1,4,1,4,2.5,5,3,0
27,34,27,34,30.5,61,7,21
1,4,1,4,2.5,5,3,0
9,1,1,9,5.0,10,8,0
5,6,5,6,5.5,11,1,2
5,1,1,5,3.0,6,4,0
4,11,4,11,7.5,15,7,3
16,13,13,16,14.5,29,3,10
24,20,20,24,22.0,44,4,19
28,41,28,41,34.5,69,13,25
23,25,23,25,24.0,48,2,21
3,8,3,8,5.5,11,5,1
4,9,4,9,6.5,13,5,0
19,20,19,20,19.5,39,1,18
1,5,1,5,3.0,6,4,0
41,36,36,41,38.5,77,5,31
7,7,7,7,7.0,14,0,6
4,3,3,4,3.5,7,1,2
1,4,1,4,2.5,5,3,0
2,4,2,4,3.0,6,2,1
13,12,12,13,12.5,25,1,10
24,38,24,38,31.0,62,14,21
1,9,1,9,5.0,10,8,0
12,13,12,13,12.5,25,1,11
1,11,1,11,6.0,12,10,0
13,12,12,13,12.5,25,1,11
37,42,37,42,39.5,79,5,28
7,5,5,7,6.0,12,2,2
11,8,8,11,9.5,19,3,3
12,2,2,12,7.0,14,10,0
4,6,4,6,5.0,10,2,0
5,31,5,31,18.0,36,26,4
9,6,6,9,7.5,15,3,5
4,1,1,4,2.5,5,3,0
29,46,29,46,37.5,75,17,20
6,4,4,6,5.0,10,2,3
1,4,1,4,2.5,5,3,0
5,3,3,5,4.0,8,2,2
3,10,3,10,6.5,13,7,1
8,19,8,19,13.5,27,11,7
1,10,1,10,5.5,11,9,0
1,4,1,4,2.5,5,3,0
1,5,1,5,3.0,6,4,0
21,22,21,22,21.5,43,1,20
5,6,5,6,5.5,11,1,4
14,17,14,17,15.5,31,3,11
7,4,4,7,5.5,11,3,1
4,1,1,4,2.5,5,3,0
6,1,1,6,3.5,7,5,0
2,4,2,4,3.0,6,2,1
7,9,7,9,8.0,16,2,6
5,6,5,6,5.5,11,1,4
1,4,1,4,2.5,5,3,0
1,4,1,4,2.5,5,3,0
8,9,8,9,8.5,17,1,7
5,6,5,6,5.5,11,1,2
8,1,1,8,4.5,9,7,0
8,8,8,8,8.0,16,0,3
28,23,23,28,25.5,51,5,21
11,11,11,11,11.0,22,0,10
6,4,4,6,5.0,10,2,0
6,10,6,10,8.0,16,4,2
21,22,21,22,21.5,43,1,18
1,7,1,7,4.0,8,6,0
10,12,10,12,11.0,22,2,6
2,14,2,14,8.0,16,12,0
5,13,5,13,9.0,18,8,2
7,1,1,7,4.0,8,6,0
2,4,2,4,3.0,6,2,1
12,16,12,16,14.0,28,4,7
1,6,1,6,3.5,7,5,0
1,5,1,5,3.0,6,4,0
11,12,11,12,11.5,23,1,10
5,5,5,5,5.0,10,0,3
4,5,4,5,4.5,9,1,0
1,6,1,6,3.5,7,5,0
5,7,5,7,6.0,12,2,2
7,5,5,7,6.0,12,2,4
7,4,4,7,5.5,11,3,3
6,5,5,6,5.5,11,1,4
25,20,20,25,22.5,45,5,8
1,5,1,5,3.0,6,4,0
6,5,5,6,5.5,11,1,2
4,2,2,4,3.0,6,2,1
7,1,1,7,4.0,8,6,0
19,19,19,19,19.0,38,0,18
16,8,8,16,12.0,24,8,7
5,8,5,8,6.5,13,3,3
6,6,6,6,6.0,12,0,5
43,38,38,43,40.5,81,5,28
15,16,15,16,15.5,31,1,11
44,35,35,44,39.5,79,9,33
36,44,36,44,40.0,80,8,30
7,8,7,8,7.5,15,1,6
27,21,21,27,24.0,48,6,18
15,17,15,17,16.0,32,2,13
8,6,6,8,7.0,14,2,4
1,5,1,5,3.0,6,4,0
1,7,1,7,4.0,8,6,0
11,17,11,17,14.0,28,6,8
23,8,8,23,15.5,31,15,5
15,26,15,26,20.5,41,11,12
27,22,22,27,24.5,49,5,19
1,43,1,43,22.0,44,42,0
5,1,1,5,3.0,6,4,0
7,6,6,7,6.5,13,1,5
1,5,1,5,3.0,6,4,0
1,8,1,8,4.5,9,7,0
1,6,1,6,3.5,7,5,0
12,18,12,18,15.0,30,6,10
1,4,1,4,2.5,5,3,0
1,4,1,4,2.5,5,3,0
1,6,1,6,3.5,7,5,0
21,1,1,21,11.0,22,20,0
4,1,1,4,2.5,5,3,0
39,47,39,47,43.0,86,8,37
1,11,1,11,6.0,12,10,0
7,4,4,7,5.5,11,3,2
1,6,1,6,3.5,7,5,0
5,1,1,5,3.0,6,4,0
6,8,6,8,7.0,14,2,2
1,6,1,6,3.5,7,5,0
13,23,13,23,18.0,36,10,10
5,1,1,5,3.0,6,4,0
5,1,1,5,3.0,6,4,0
4,2,2,4,3.0,6,2,1
2,5,2,5,3.5,7,3,1
5,1,1,5,3.0,6,4,0
6,9,6,9,7.5,15,3,1
5,5,5,5,5.0,10,0,2
25,4,4,25,14.5,29,21,0
4,4,4,4,4.0,8,0,3
1,5,1,5,3.0,6,4,0
4,5,4,5,4.5,9,1,3
5,1,1,5,3.0,6,4,0
11,8,8,11,9.5,19,3,5
4,6,4,6,5.0,10,2,0
14,16,14,16,15.0,30,2,13
17,10,10,17,13.5,27,7,0
4,4,4,4,4.0,8,0,3
8,7,7,8,7.5,15,1,6
6,4,4,6,5.0,10,2,3
5,5,5,5,5.0,10,0,2
20,11,11,20,15.5,31,9,9
6,1,1,6,3.5,7,5,0
25,36,25,36,30.5,61,11,22
13,17,13,17,15.0,30,4,10
14,12,12,14,13.0,26,2,11
1,4,1,4,2.5,5,3,0
2,4,2,4,3.0,6,2,1
6,5,5,6,5.5,11,1,3
7,1,1,7,4.0,8,6,0
5,2,2,5,3.5,7,3,1
11,12,11,12,11.5,23,1,10
4,1,1,4,2.5,5,3,0
1,9,1,9,5.0,10,8,0
15,11,11,15,13.0,26,4,10
5,5,5,5,5.0,10,0,4
3,7,3,7,5.0,10,4,2
49,21,21,49,35.0,70,28,19
18,13,13,18,15.5,31,5,11
6,5,5,6,5.5,11,1,2
1,19,1,19,10.0,20,18,0
15,12,12,15,13.5,27,3,10
7,7,7,7,7.0,14,0,6
7,4,4,7,5.5,11,3,1
8,7,7,8,7.5,15,1,6
17,1,1,17,9.0,18,16,0
1,4,1,4,2.5,5,3,0
11,19,11,19,15.0,30,8,10
1,5,1,5,3.0,6,4,0
9,9,9,9,9.0,18,0,5
4,1,1,4,2.5,5,3,0
3,4,3,4,3.5,7,1,2
1,5,1,5,3.0,6,4,0
1,4,1,4,2.5,5,3,0
6,2,2,6,4.0,8,4,1
7,1,1,7,4.0,8,6,0
3,5,3,5,4.0,8,2,2
7,4,4,7,5.5,11,3,3
29,19,19,29,24.0,48,10,14
8,2,2,8,5.0,10,6,0
49,44,44,49,46.5,93,5,26
10,18,10,18,14.0,28,8,7
11,10,10,11,10.5,21,1,9
7,11,7,11,9.0,18,4,6
6,11,6,11,8.5,17,5,5
1,5,1,5,3.0,6,4,0
1,6,1,6,3.5,7,5,0
21,21,21,21,21.0,42,0,19
2,5,2,5,3.5,7,3,1
23,25,23,25,24.0,48,2,21
3,4,3,4,3.5,7,1,2
5,1,1,5,3.0,6,4,0
5,2,2,5,3.5,7,3,1
7,7,7,7,7.0,14,0,6
8,9,8,9,8.5,17,1,0
4,2,2,4,3.0,6,2,1
10,146,10,146,78.0,156,136,0
20,20,20,20,20.0,40,0,18
5,1,1,5,3.0,6,4,0
8,3,3,8,5.5,11,5,2
11,15,11,15,13.0,26,4,9
20,21,20,21,20.5,41,1,18
1,4,1,4,2.5,5,3,0
5,36,5,36,20.5,41,31,0
5,1,1,5,3.0,6,4,0
7,7,7,7,7.0,14,0,6
1,4,1,4,2.5,5,3,0
6,3,3,6,4.5,9,3,0
8,4,4,8,6.0,12,4,3
11,1,1,11,6.0,12,10,0
6,4,4,6,5.0,10,2,1
1,5,1,5,3.0,6,4,0
1,43,1,43,22.0,44,42,0
5,6,5,6,5.5,11,1,4
12,1,1,12,6.5,13,11,0
7,8,7,8,7.5,15,1,6
12,10,10,12,11.0,22,2,7
7,1,1,7,4.0,8,6,0
2,4,2,4,3.0,6,2,1
7,13,7,13,10.0,20,6,4
49,24,24,49,36.5,73,25,22
2,5,2,5,3.5,7,3,1
4,2,2,4,3.0,6,2,1
1,5,1,5,3.0,6,4,0
12,8,8,12,10.0,20,4,6
6,5,5,6,5.5,11,1,4
5,1,1,5,3.0,6,4,0
9,7,7,9,8.0,16,2,4
17,13,13,17,15.0,30,4,11
7,7,7,7,7.0,14,0,6
1,5,1,5,3.0,6,4,0
6,4,4,6,5.0,10,2,3
6,6,6,6,6.0,12,0,5
4,2,2,4,3.0,6,2,0
2,19,2,19,10.5,21,17,0
17,7,7,17,12.0,24,10,5
7,7,7,7,7.0,14,0,6
9,1,1,9,5.0,10,8,0
8,10,8,10,9.0,18,2,7
12,11,11,12,11.5,23,1,9
8,12,8,12,10.0,20,4,7
9,6,6,9,7.5,15,3,1
1,65,1,65,33.0,66,64,0
8,5,5,8,6.5,13,3,4
4,8,4,8,6.0,12,4,0
8,8,8,8,8.0,16,0,7
4,7,4,7,5.5,11,3,3
21,1,1,21,11.0,22,20,0
1,11,1,11,6.0,12,10,0
21,16,16,21,18.5,37,5,4
2,12,2,12,7.0,14,10,0
39,39,39,39,39.0,78,0,36
1,11,1,11,6.0,12,10,0
1,15,1,15,8.0,16,14,0
18,22,18,22,20.0,40,4,7
5,6,5,6,5.5,11,1,0
32,33,32,33,32.5,65,1,31
8,17,8,17,12.5,25,9,6
5,5,5,5,5.0,10,0,4
46,45,45,46,45.5,91,1,44
32,25,25,32,28.5,57,7,18
31,32,31,32,31.5,63,1,24
4,4,4,4,4.0,8,0,3
1,5,1,5,3.0,6,4,0
5,1,1,5,3.0,6,4,0
10,12,10,12,11.0,22,2,8
4,1,1,4,2.5,5,3,0
16,14,14,16,15.0,30,2,9
13,12,12,13,12.5,25,1,11
12,16,12,16,14.0,28,4,11
4,4,4,4,4.0,8,0,3
4,6,4,6,5.0,10,2,3
6,1,1,6,3.5,7,5,0
6,4,4,6,5.0,10,2,2
4,1,1,4,2.5,5,3,0
49,41,41,49,45.0,90,8,24
19,20,19,20,19.5,39,1,17
1,28,1,28,14.5,29,27,0
1,6,1,6,3.5,7,5,0
1,5,1,5,3.0,6,4,0
4,4,4,4,4.0,8,0,3
15,4,4,15,9.5,19,11,2
7,5,5,7,6.0,12,2,3
4,4,4,4,4.0,8,0,3
15,27,15,27,21.0,42,12,14
1,5,1,5,3.0,6,4,0
17,10,10,17,13.5,27,7,8
8,1,1,8,4.5,9,7,0
22,6,6,22,14.0,28,16,4
5,5,5,5,5.0,10,0,4
11,18,11,18,14.5,29,7,6
44,32,32,44,38.0,76,12,27
4,1,1,4,2.5,5,3,0
20,18,18,20,19.0,38,2,14
1,10,1,10,5.5,11,9,0
7,7,7,7,7.0,14,0,6
5,1,1,5,3.0,6,4,0
9,5,5,9,7.0,14,4,4
6,1,1,6,3.5,7,5,0
1,9,1,9,5.0,10,8,0
8,4,4,8,6.0,12,4,2
4,1,1,4,2.5,5,3,0
14,15,14,15,14.5,29,1,12
5,12,5,12,8.5,17,7,4
5,5,5,5,5.0,10,0,4
6,5,5,6,5.5,11,1,0
5,7,5,7,6.0,12,2,4
4,2,2,4,3.0,6,2,1
11,20,11,20,15.5,31,9,8
11,8,8,11,9.5,19,3,4
49,27,27,49,38.0,76,22,19
26,24,24,26,25.0,50,2,19
6,6,6,6,6.0,12,0,4
5,1,1,5,3.0,6,4,0
21,25,21,25,23.0,46,4,20
2,5,2,5,3.5,7,3,1
4,5,4,5,4.5,9,1,2
1,65,1,65,33.0,66,64,0
5,5,5,5,5.0,10,0,0
24,25,24,25,24.5,49,1,23
11,10,10,11,10.5,21,1,7
13,14,13,14,13.5,27,1,11
10,4,4,10,7.0,14,6,1
1,7,1,7,4.0,8,6,0
6,7,6,7,6.5,13,1,4
7,8,7,8,7.5,15,1,4
20,18,18,20,19.0,38,2,15
6,6,6,6,6.0,12,0,5
48,40,40,48,44.0,88,8,37
12,1,1,12,6.5,13,11,0
4,4,4,4,4.0,8,0,3
1,6,1,6,3.5,7,5,0
26,24,24,26,25.0,50,2,15
11,16,11,16,13.5,27,5,9
5,1,1,5,3.0,6,4,0
11,8,8,11,9.5,19,3,4
17,17,17,17,17.0,34,0,15
5,1,1,5,3.0,6,4,0
10,10,10,10,10.0,20,0,8
11,13,11,13,12.0,24,2,10
2,7,2,7,4.5,9,5,0
14,7,7,14,10.5,21,7,5
7,17,7,17,12.0,24,10,6
8,8,8,8,8.0,16,0,7
41,41,41,41,41.0,82,0,40
4,13,4,13,8.5,17,9,0
2,6,2,6,4.0,8,4,0
4,1,1,4,2.5,5,3,0
21,21,21,21,21.0,42,0,18
51,40,40,51,45.5,91,11,20
11,1,1,11,6.0,12,10,0
20,14,14,20,17.0,34,6,10
1,4,1,4,2.5,5,3,0
10,6,6,10,8.0,16,4,3
1,11,1,11,6.0,12,10,0
19,1,1,19,10.0,20,18,0
1,5,1,5,3.0,6,4,0
8,3,3,8,5.5,11,5,2
1,6,1,6,3.5,7,5,0
4,5,4,5,4.5,9,1,3
24,44,24,44,34.0,68,20,23
1,4,1,4,2.5,5,3,0
4,5,4,5,4.5,9,1,2
17,23,17,23,20.0,40,6,12
1,10,1,10,5.5,11,9,0
24,19,19,24,21.5,43,5,17
19,2,2,19,10.5,21,17,0
4,3,3,4,3.5,7,1,0
2,5,2,5,3.5,7,3,1
26,26,26,26,26.0,52,0,25
42,50,42,50,46.0,92,8,25
7,10,7,10,8.5,17,3,6
5,2,2,5,3.5,7,3,1
5,1,1,5,3.0,6,4,0
1,4,1,4,2.5,5,3,0
18,15,15,18,16.5,33,3,10
1,4,1,4,2.5,5,3,0
4,1,1,4,2.5,5,3,0
4,4,4,4,4.0,8,0,3
5,6,5,6,5.5,11,1,1
5,3,3,5,4.0,8,2,2
17,23,17,23,20.0,40,6,0
7,7,7,7,7.0,14,0,6
16,18,16,18,17.0,34,2,8
1,6,1,6,3.5,7,5,0
4,5,4,5,4.5,9,1,3
1,5,1,5,3.0,6,4,0
25,36,25,36,30.5,61,11,19
13,11,11,13,12.0,24,2,9
1,4,1,4,2.5,5,3,0
1,4,1,4,2.5,5,3,0
36,34,34,36,35.0,70,2,33
7,8,7,8,7.5,15,1,5
7,1,1,7,4.0,8,6,0
18,17,17,18,17.5,35,1,13
11,1,1,11,6.0,12,10,0
4,3,3,4,3.5,7,1,2
10,75,10,75,42.5,85,65,0
2,7,2,7,4.5,9,5,0
6,5,5,6,5.5,11,1,4
4,1,1,4,2.5,5,3,0
4,4,4,4,4.0,8,0,0
9,1,1,9,5.0,10,8,0
13,1,1,13,7.0,14,12,0
8,17,8,17,12.5,25,9,0
11,31,11,31,21.0,42,20,7
1,4,1,4,2.5,5,3,0
23,24,23,24,23.5,47,1,22
1,4,1,4,2.5,5,3,0
4,1,1,4,2.5,5,3,0
11,9,9,11,10.0,20,2,7
1,6,1,6,3.5,7,5,0
29,36,29,36,32.5,65,7,27
9,5,5,9,7.0,14,4,3
1,4,1,4,2.5,5,3,0
15,14,14,15,14.5,29,1,13
1,21,1,21,11.0,22,20,0
5,5,5,5,5.0,10,0,4
11,11,11,11,11.0,22,0,10
25,27,25,27,26.0,52,2,11
1,8,1,8,4.5,9,7,0
1,20,1,20,10.5,21,19,0
9,12,9,12,10.5,21,3,0
12,5,5,12,8.5,17,7,3
5,1,1,5,3.0,6,4,0
1,15,1,15,8.0,16,14,0
2,4,2,4,3.0,6,2,1
8,8,8,8,8.0,16,0,7
12,4,4,12,8.0,16,8,3
6,1,1,6,3.5,7,5,0
4,4,4,4,4.0,8,0,3
13,13,13,13,13.0,26,0,11
2,8,2,8,5.0,10,6,1
21,38,21,38,29.5,59,17,18
4,5,4,5,4.5,9,1,3
13,10,10,13,11.5,23,3,9
1,25,1,25,13.0,26,24,0
3,5,3,5,4.0,8,2,2
1,4,1,4,2.5,5,3,0
2,13,2,13,7.5,15,11,1
1,11,1,11,6.0,12,10,0
1,4,1,4,2.5,5,3,0
5,7,5,7,6.0,12,2,3
8,1,1,8,4.5,9,7,0
38,22,22,38,30.0,60,16,15
7,7,7,7,7.0,14,0,5
9,9,9,9,9.0,18,0,8
13,13,13,13,13.0,26,0,11
1,9,1,9,5.0,10,8,0
4,5,4,5,4.5,9,1,3
13,1,1,13,7.0,14,12,0
5,2,2,5,3.5,7,3,1
25,22,22,25,23.5,47,3,21
13,11,11,13,12.0,24,2,10
6,1,1,6,3.5,7,5,0
12,9,9,12,10.5,21,3,8
22,22,22,22,22.0,44,0,20
10,13,10,13,11.5,23,3,9
4,4,4,4,4.0,8,0,3
1,4,1,4,2.5,5,3,0
5,2,2,5,3.5,7,3,0
5,4,4,5,4.5,9,1,3
5,6,5,6,5.5,11,1,0
1,4,1,4,2.5,5,3,0
11,8,8,11,9.5,19,3,7
16,24,16,24,20.0,40,8,14
27,40,27,40,33.5,67,13,22
4,1,1,4,2.5,5,3,0
25,51,25,51,38.0,76,26,24
5,1,1,5,3.0,6,4,0
19,1,1,19,10.0,20,18,0
8,1,1,8,4.5,9,7,0
23,43,23,43,33.0,66,20,21
12,6,6,12,9.0,18,6,5
9,9,9,9,9.0,18,0,5
7,10,7,10,8.5,17,3,5
4,1,1,4,2.5,5,3,0
9,1,1,9,5.0,10,8,0
13,9,9,13,11.0,22,4,7
1,6,1,6,3.5,7,5,0
5,1,1,5,3.0,6,4,0
1,5,1,5,3.0,6,4,0
1,39,1,39,20.0,40,38,0
1,5,1,5,3.0,6,4,0
4,1,1,4,2.5,5,3,0
16,8,8,16,12.0,24,8,7
21,16,16,21,18.5,37,5,12
4,5,4,5,4.5,9,1,2
8,13,8,13,10.5,21,5,7
1,146,1,146,73.5,147,145,0
1,4,1,4,2.5,5,3,0
4,1,1,4,2.5,5,3,0
3,7,3,7,5.0,10,4,1
20,11,11,20,15.5,31,9,10
33,35,33,35,34.0,68,2,29
3,8,3,8,5.5,11,5,1
7,7,7,7,7.0,14,0,6
21,21,21,21,21.0,42,0,18
10,29,10,29,19.5,39,19,2
5,4,4,5,4.5,9,1,2
6,6,6,6,6.0,12,0,5
11,10,10,11,10.5,21,1,5
4,1,1,4,2.5,5,3,0
9,8,8,9,8.5,17,1,7
12,10,10,12,11.0,22,2,9
19,2,2,19,10.5,21,17,0
5,5,5,5,5.0,10,0,1
12,1,1,12,6.5,13,11,0
8,1,1,8,4.5,9,7,0
24,25,24,25,24.5,49,1,14
4,6,4,6,5.0,10,2,3
18,5,5,18,11.5,23,13,4
1,6,1,6,3.5,7,5,0
18,18,18,18,18.0,36,0,16
4,1,1,4,2.5,5,3,0
6,5,5,6,5.5,11,1,4
5,1,1,5,3.0,6,4,0
5,20,5,20,12.5,25,15,1
10,17,10,17,13.5,27,7,8
3,7,3,7,5.0,10,4,1
6,2,2,6,4.0,8,4,1
4,1,1,4,2.5,5,3,0
5,3,3,5,4.0,8,2,2
1,5,1,5,3.0,6,4,0
6,1,1,6,3.5,7,5,0
51,49,49,51,50.0,100,2,48
1,5,1,5,3.0,6,4,0
2,4,2,4,3.0,6,2,0
40,47,40,47,43.5,87,7,32
4,4,4,4,4.0,8,0,3
4,4,4,4,4.0,8,0,3
26,18,18,26,22.0,44,8,13
18,20,18,20,19.0,38,2,16
17,9,9,17,13.0,26,8,8
5,107,5,107,56.0,112,102,1
48,49,48,49,48.5,97,1,32
33,33,33,33,33.0,66,0,22
1,35,1,35,18.0,36,34,0
5,1,1,5,3.0,6,4,0
1,6,1,6,3.5,7,5,0
14,15,14,15,14.5,29,1,12
14,10,10,14,12.0,24,4,5
24,26,24,26,25.0,50,2,18
10,10,10,10,10.0,20,0,7
9,16,9,16,12.5,25,7,6
5,1,1,5,3.0,6,4,0
1,5,1,5,3.0,6,4,0
8,8,8,8,8.0,16,0,7
5,1,1,5,3.0,6,4,0
3,6,3,6,4.5,9,3,2
1,5,1,5,3.0,6,4,0
5,9,5,9,7.0,14,4,4
10,12,10,12,11.0,22,2,7
5,2,2,5,3.5,7,3,0
6,2,2,6,4.0,8,4,0
5,5,5,5,5.0,10,0,4
18,21,18,21,19.5,39,3,13
8,1,1,8,4.5,9,7,0
12,12,12,12,12.0,24,0,11
1,6,1,6,3.5,7,5,0
19,19,19,19,19.0,38,0,17
20,20,20,20,20.0,40,0,17
4,4,4,4,4.0,8,0,3
4,4,4,4,4.0,8,0,3
20,13,13,20,16.5,33,7,9
29,46,29,46,37.5,75,17,18
4,4,4,4,4.0,8,0,0
1,4,1,4,2.5,5,3,0
6,5,5,6,5.5,11,1,3
26,13,13,26,19.5,39,13,10
5,1,1,5,3.0,6,4,0
4,5,4,5,4.5,9,1,2
5,1,1,5,3.0,6,4,0
7,11,7,11,9.0,18,4,3
1,4,1,4,2.5,5,3,0
7,5,5,7,6.0,12,2,4
9,1,1,9,5.0,10,8,0
4,1,1,4,2.5,5,3,0
1,77,1,77,39.0,78,76,0
4,10,4,10,7.0,14,6,1
49,32,32,49,40.5,81,17,29
6,6,6,6,6.0,12,0,4
1,8,1,8,4.5,9,7,0
4,3,3,4,3.5,7,1,2
12,13,12,13,12.5,25,1,11
5,4,4,5,4.5,9,1,2
9,1,1,9,5.0,10,8,0
4,4,4,4,4.0,8,0,2
5,1,1,5,3.0,6,4,0
23,20,20,23,21.5,43,3,18
1,19,1,19,10.0,20,18,0
2,5,2,5,3.5,7,3,1
1,14,1,14,7.5,15,13,0
1,5,1,5,3.0,6,4,0
2,4,2,4,3.0,6,2,0
9,15,9,15,12.0,24,6,7
13,12,12,13,12.5,25,1,10
7,7,7,7,7.0,14,0,6
7,6,6,7,6.5,13,1,3
24,18,18,24,21.0,42,6,17
4,3,3,4,3.5,7,1,2
5,6,5,6,5.5,11,1,4
1,6,1,6,3.5,7,5,0
8,8,8,8,8.0,16,0,7
2,7,2,7,4.5,9,5,1
5,9,5,9,7.0,14,4,1
10,6,6,10,8.0,16,4,5
1,5,1,5,3.0,6,4,0
1,5,1,5,3.0,6,4,0
8,1,1,8,4.5,9,7,0
33,48,33,48,40.5,81,15,24
6,5,5,6,5.5,11,1,0
1,4,1,4,2.5,5,3,0
1,14,1,14,7.5,15,13,0
4,6,4,6,5.0,10,2,0
24,18,18,24,21.0,42,6,14
23,20,20,23,21.5,43,3,15
1,9,1,9,5.0,10,8,0
1,8,1,8,4.5,9,7,0
1,5,1,5,3.0,6,4,0
5,4,4,5,4.5,9,1,3
9,2,2,9,5.5,11,7,1
4,1,1,4,2.5,5,3,0
16,11,11,16,13.5,27,5,10
27,27,27,27,27.0,54,0,26
11,11,11,11,11.0,22,0,10
29,45,29,45,37.0,74,16,20
5,7,5,7,6.0,12,2,2
1,4,1,4,2.5,5,3,0
4,2,2,4,3.0,6,2,1
2,6,2,6,4.0,8,4,1
1,25,1,25,13.0,26,24,0
16,11,11,16,13.5,27,5,10
7,5,5,7,6.0,12,2,3
4,2,2,4,3.0,6,2,1
9,27,9,27,18.0,36,18,4
8,7,7,8,7.5,15,1,4
5,7,5,7,6.0,12,2,4
6,1,1,6,3.5,7,5,0
4,5,4,5,4.5,9,1,2
43,45,43,45,44.0,88,2,33
9,15,9,15,12.0,24,6,0
15,16,15,16,15.5,31,1,10
13,7,7,13,10.0,20,6,6
7,7,7,7,7.0,14,0,6
2,11,2,11,6.5,13,9,1
20,16,16,20,18.0,36,4,10
1,9,1,9,5.0,10,8,0
12,7,7,12,9.5,19,5,5
5,5,5,5,5.0,10,0,0
4,1,1,4,2.5,5,3,0
4,4,4,4,4.0,8,0,3
42,29,29,42,35.5,71,13,27
11,8,8,11,9.5,19,3,6
4,1,1,4,2.5,5,3,0
1,77,1,77,39.0,78,76,0
10,2,2,10,6.0,12,8,0
1,5,1,5,3.0,6,4,0
1,4,1,4,2.5,5,3,0
5,1,1,5,3.0,6,4,0
8,10,8,10,9.0,18,2,4
15,13,13,15,14.0,28,2,9
4,4,4,4,4.0,8,0,2
4,4,4,4,4.0,8,0,3
1,4,1,4,2.5,5,3,0
7,6,6,7,6.5,13,1,5
1,8,1,8,4.5,9,7,0
6,10,6,10,8.0,16,4,5
11,1,1,11,6.0,12,10,0
1,7,1,7,4.0,8,6,0
3,4,3,4,3.5,7,1,2
9,1,1,9,5.0,10,8,0
12,13,12,13,12.5,25,1,10
1,5,1,5,3.0,6,4,0
1,11,1,11,6.0,12,10,0
16,8,8,16,12.0,24,8,6
1,5,1,5,3.0,6,4,0
5,1,1,5,3.0,6,4,0
9,15,9,15,12.0,24,6,0
4,3,3,4,3.5,7,1,2
2,5,2,5,3.5,7,3,0
2,9,2,9,5.5,11,7,1
24,26,24,26,25.0,50,2,21
14,16,14,16,15.0,30,2,12
2,4,2,4,3.0,6,2,0
14,12,12,14,13.0,26,2,8
5,1,1,5,3.0,6,4,0
5,1,1,5,3.0,6,4,0
18,26,18,26,22.0,44,8,16
6,4,4,6,5.0,10,2,3
15,17,15,17,16.0,32,2,14
2,4,2,4,3.0,6,2,0
4,8,4,8,6.0,12,4,0
1,5,1,5,3.0,6,4,0
1,4,1,4,2.5,5,3,0
2,20,2,20,11.0,22,18,1
8,17,8,17,12.5,25,9,7
9,5,5,9,7.0,14,4,4
4,9,4,9,6.5,13,5,0
2,5,2,5,3.5,7,3,1
2,4,2,4,3.0,6,2,0
5,9,5,9,7.0,14,4,4
23,34,23,34,28.5,57,11,15
1,8,1,8,4.5,9,7,0
5,1,1,5,3.0,6,4,0
8,8,8,8,8.0,16,0,5
8,8,8,8,8.0,16,0,5
15,15,15,15,15.0,30,0,14
6,1,1,6,3.5,7,5,0
1,4,1,4,2.5,5,3,0
9,10,9,10,9.5,19,1,8
8,1,1,8,4.5,9,7,0
1,6,1,6,3.5,7,5,0
9,12,9,12,10.5,21,3,5
8,8,8,8,8.0,16,0,7
1,4,1,4,2.5,5,3,0
4,2,2,4,3.0,6,2,1
5,1,1,5,3.0,6,4,0
4,16,4,16,10.0,20,12,3
2,8,2,8,5.0,10,6,1
25,26,25,26,25.5,51,1,18
2,7,2,7,4.5,9,5,1
1,4,1,4,2.5,5,3,0
19,18,18,19,18.5,37,1,14
5,1,1,5,3.0,6,4,0
2,8,2,8,5.0,10,6,1
49,20,20,49,34.5,69,29,16
39,28,28,39,33.5,67,11,26
4,5,4,5,4.5,9,1,2
1,7,1,7,4.0,8,6,0
12,12,12,12,12.0,24,0,10
2,4,2,4,3.0,6,2,1
20,8,8,20,14.0,28,12,6
6,6,6,6,6.0,12,0,1
3,14,3,14,8.5,17,11,1
1,28,1,28,14.5,29,27,0
9,10,9,10,9.5,19,1,8
4,24,4,24,14.0,28,20,2
9,1,1,9,5.0,10,8,0
2,6,2,6,4.0,8,4,1
18,25,18,25,21.5,43,7,15
7,7,7,7,7.0,14,0,6
4,5,4,5,4.5,9,1,3
1,4,1,4,2.5,5,3,0
4,1,1,4,2.5,5,3,0
7,11,7,11,9.0,18,4,5
11,13,11,13,12.0,24,2,10
7,8,7,8,7.5,15,1,5
11,8,8,11,9.5,19,3,5
8,10,8,10,9.0,18,2,7
4,1,1,4,2.5,5,3,0
1,10,1,10,5.5,11,9,0
9,11,9,11,10.0,20,2,8
26,22,22,26,24.0,48,4,21
5,2,2,5,3.5,7,3,0
13,10,10,13,11.5,23,3,8
9,13,9,13,11.0,22,4,8
14,11,11,14,12.5,25,3,7
11,10,10,11,10.5,21,1,7
46,25,25,46,35.5,71,21,21
1,4,1,4,2.5,5,3,0
6,6,6,6,6.0,12,0,5
4,10,4,10,7.0,14,6,0
1,28,1,28,14.5,29,27,0
10,11,10,11,10.5,21,1,9
1,5,1,5,3.0,6,4,0
14,15,14,15,14.5,29,1,12
1,10,1,10,5.5,11,9,0
7,6,6,7,6.5,13,1,5
4,4,4,4,4.0,8,0,3
8,8,8,8,8.0,16,0,7
1,4,1,4,2.5,5,3,0
24,26,24,26,25.0,50,2,19
7,6,6,7,6.5,13,1,2
14,2,2,14,8.0,16,12,1
5,6,5,6,5.5,11,1,4
45,37,37,45,41.0,82,8,35
4,8,4,8,6.0,12,4,3
20,20,20,20,20.0,40,0,17
4,4,4,4,4.0,8,0,3
5,1,1,5,3.0,6,4,0
10,6,6,10,8.0,16,4,4
5,6,5,6,5.5,11,1,4
6,1,1,6,3.5,7,5,0
7,7,7,7,7.0,14,0,6
2,6,2,6,4.0,8,4,1
34,33,33,34,33.5,67,1,26
8,7,7,8,7.5,15,1,5
4,5,4,5,4.5,9,1,3
49,46,46,49,47.5,95,3,31
41,30,30,41,35.5,71,11,29
1,5,1,5,3.0,6,4,0
13,2,2,13,7.5,15,11,1
4,5,4,5,4.5,9,1,3
8,2,2,8,5.0,10,6,0
4,5,4,5,4.5,9,1,2
16,8,8,16,12.0,24,8,5
10,10,10,10,10.0,20,0,9
10,8,8,10,9.0,18,2,7
5,1,1,5,3.0,6,4,0
6,9,6,9,7.5,15,3,5
1,5,1,5,3.0,6,4,0
1,15,1,15,8.0,16,14,0
21,24,21,24,22.5,45,3,18
4,2,2,4,3.0,6,2,1
1,4,1,4,2.5,5,3,0
6,1,1,6,3.5,7,5,0
1,4,1,4,2.5,5,3,0
12,6,6,12,9.0,18,6,5
10,5,5,10,7.5,15,5,2
11,23,11,23,17.0,34,12,9
21,25,21,25,23.0,46,4,20
12,11,11,12,11.5,23,1,10
4,5,4,5,4.5,9,1,3
1,7,1,7,4.0,8,6,0
9,10,9,10,9.5,19,1,8
1,4,1,4,2.5,5,3,0
1,39,1,39,20.0,40,38,0
4,2,2,4,3.0,6,2,0
13,20,13,20,16.5,33,7,10
31,4,4,31,17.5,35,27,3
4,3,3,4,3.5,7,1,2
5,5,5,5,5.0,10,0,3
11,7,7,11,9.0,18,4,6
1,9,1,9,5.0,10,8,0
10,9,9,10,9.5,19,1,8
34,23,23,34,28.5,57,11,22
16,13,13,16,14.5,29,3,11
11,11,11,11,11.0,22,0,10
13,11,11,13,12.0,24,2,10
10,10,10,10,10.0,20,0,7
5,10,5,10,7.5,15,5,4
5,4,4,5,4.5,9,1,3
7,5,5,7,6.0,12,2,4
8,8,8,8,8.0,16,0,6
5,5,5,5,5.0,10,0,3
19,25,19,25,22.0,44,6,13
6,9,6,9,7.5,15,3,5
7,11,7,11,9.0,18,4,4
1,17,1,17,9.0,18,16,0
15,11,11,15,13.0,26,4,8
1,4,1,4,2.5,5,3,0
10,10,10,10,10.0,20,0,4
1,6,1,6,3.5,7,5,0
34,20,20,34,27.0,54,14,19
9,25,9,25,17.0,34,16,6
7,12,7,12,9.5,19,5,0
1,4,1,4,2.5,5,3,0
6,6,6,6,6.0,12,0,2
1,10,1,10,5.5,11,9,0
3,5,3,5,4.0,8,2,2
4,1,1,4,2.5,5,3,0
1,4,1,4,2.5,5,3,0
1,8,1,8,4.5,9,7,0
7,4,4,7,5.5,11,3,3
10,7,7,10,8.5,17,3,1
1,7,1,7,4.0,8,6,0
35,28,28,35,31.5,63,7,23
5,3,3,5,4.0,8,2,2
14,36,14,36,25.0,50,22,13
1,7,1,7,4.0,8,6,0
4,4,4,4,4.0,8,0,3
2,8,2,8,5.0,10,6,1
1,9,1,9,5.0,10,8,0
32,36,32,36,34.0,68,4,31
1,7,1,7,4.0,8,6,0
19,16,16,19,17.5,35,3,14
13,13,13,13,13.0,26,0,12
1,52,1,52,26.5,53,51,0
1,8,1,8,4.5,9,7,0
2,4,2,4,3.0,6,2,1
5,2,2,5,3.5,7,3,0
6,8,6,8,7.0,14,2,5
11,1,1,11,6.0,12,10,0
18,22,18,22,20.0,40,4,12
18,20,18,20,19.0,38,2,17
11,11,11,11,11.0,22,0,8
32,31,31,32,31.5,63,1,29
6,5,5,6,5.5,11,1,4
3,15,3,15,9.0,18,12,0
20,7,7,20,13.5,27,13,5
5,2,2,5,3.5,7,3,0
1,6,1,6,3.5,7,5,0
2,6,2,6,4.0,8,4,0
12,12,12,12,12.0,24,0,11
14,7,7,14,10.5,21,7,6
5,2,2,5,3.5,7,3,1
12,1,1,12,6.5,13,11,0
4,5,4,5,4.5,9,1,3
5,1,1,5,3.0,6,4,0
38,25,25,38,31.5,63,13,20
27,16,16,27,21.5,43,11,15
1,5,1,5,3.0,6,4,0
20,20,20,20,20.0,40,0,18
9,7,7,9,8.0,16,2,5
14,21,14,21,17.5,35,7,13
7,4,4,7,5.5,11,3,3
19,29,19,29,24.0,48,10,15
4,4,4,4,4.0,8,0,3
7,13,7,13,10.0,20,6,6
14,61,14,61,37.5,75,47,3
5,1,1,5,3.0,6,4,0
7,7,7,7,7.0,14,0,6
33,7,7,33,20.0,40,26,3
5,4,4,5,4.5,9,1,3
3,5,3,5,4.0,8,2,2
4,4,4,4,4.0,8,0,3
7,6,6,7,6.5,13,1,4
38,29,29,38,33.5,67,9,26
1,8,1,8,4.5,9,7,0
4,1,1,4,2.5,5,3,0
7,4,4,7,5.5,11,3,3
2,8,2,8,5.0,10,6,1
10,10,10,10,10.0,20,0,6
16,17,16,17,16.5,33,1,11
27,29,27,29,28.0,56,2,26
3,4,3,4,3.5,7,1,1
1,43,1,43,22.0,44,42,0
5,1,1,5,3.0,6,4,0
26,25,25,26,25.5,51,1,24
1,5,1,5,3.0,6,4,0
26,26,26,26,26.0,52,0,23
1,13,1,13,7.0,14,12,0
28,21,21,28,24.5,49,7,18
2,6,2,6,4.0,8,4,0
7,4,4,7,5.5,11,3,1
4,7,4,7,5.5,11,3,1
9,8,8,9,8.5,17,1,4
19,16,16,19,17.5,35,3,15
16,18,16,18,17.0,34,2,14
15,12,12,15,13.5,27,3,11
1,5,1,5,3.0,6,4,0
9,9,9,9,9.0,18,0,8
40,45,40,45,42.5,85,5,31
1,5,1,5,3.0,6,4,0
9,4,4,9,6.5,13,5,2
4,2,2,4,3.0,6,2,1
6,8,6,8,7.0,14,2,4
1,6,1,6,3.5,7,5,0
14,13,13,14,13.5,27,1,12
1,9,1,9,5.0,10,8,0
5,1,1,5,3.0,6,4,0
1,4,1,4,2.5,5,3,0
4,5,4,5,4.5,9,1,3
1,4,1,4,2.5,5,3,0
24,24,24,24,24.0,48,0,23
5,1,1,5,3.0,6,4,0
5,1,1,5,3.0,6,4,0
6,2,2,6,4.0,8,4,0
14,1,1,14,7.5,15,13,0
5,5,5,5,5.0,10,0,4
7,1,1,7,4.0,8,6,0
7,7,7,7,7.0,14,0,6
6,4,4,6,5.0,10,2,1
10,8,8,10,9.0,18,2,7
34,49,34,49,41.5,83,15,23
7,10,7,10,8.5,17,3,6
2,5,2,5,3.5,7,3,1
3,5,3,5,4.0,8,2,2
18,56,18,56,37.0,74,38,8
10,11,10,11,10.5,21,1,7
7,7,7,7,7.0,14,0,6
11,10,10,11,10.5,21,1,9
1,4,1,4,2.5,5,3,0
13,17,13,17,15.0,30,4,9
1,9,1,9,5.0,10,8,0
8,1,1,8,4.5,9,7,0
17,20,17,20,18.5,37,3,11
23,23,23,23,23.0,46,0,21
21,8,8,21,14.5,29,13,6
6,5,5,6,5.5,11,1,2
4,1,1,4,2.5,5,3,0
4,4,4,4,4.0,8,0,3
8,1,1,8,4.5,9,7,0
3,12,3,12,7.5,15,9,2
1,5,1,5,3.0,6,4,0
5,1,1,5,3.0,6,4,0
9,10,9,10,9.5,19,1,8
6,8,6,8,7.0,14,2,5
1,4,1,4,2.5,5,3,0
1,5,1,5,3.0,6,4,0
21,1,1,21,11.0,22,20,0
3,5,3,5,4.0,8,2,0
4,2,2,4,3.0,6,2,1
2,10,2,10,6.0,12,8,0
7,10,7,10,8.5,17,3,6
18,17,17,18,17.5,35,1,16
5,1,1,5,3.0,6,4,0
7,5,5,7,6.0,12,2,4
1,7,1,7,4.0,8,6,0
10,18,10,18,14.0,28,8,6
5,1,1,5,3.0,6,4,0
18,2,2,18,10.0,20,16,0
2,10,2,10,6.0,12,8,1
12,4,4,12,8.0,16,8,3
7,5,5,7,6.0,12,2,4
1,7,1,7,4.0,8,6,0
44,12,12,44,28.0,56,32,10
22,45,22,45,33.5,67,23,21
3,7,3,7,5.0,10,4,2
33,33,33,33,33.0,66,0,31
14,14,14,14,14.0,28,0,13
12,15,12,15,13.5,27,3,11
4,4,4,4,4.0,8,0,3
4,1,1,4,2.5,5,3,0
17,17,17,17,17.0,34,0,15
4,1,1,4,2.5,5,3,0
1,9,1,9,5.0,10,8,0
1,8,1,8,4.5,9,7,0
13,6,6,13,9.5,19,7,5
12,12,12,12,12.0,24,0,11
1,5,1,5,3.0,6,4,0
1,7,1,7,4.0,8,6,0
4,5,4,5,4.5,9,1,3
1,16,1,16,8.5,17,15,0
5,1,1,5,3.0,6,4,0
1,4,1,4,2.5,5,3,0
4,1,1,4,2.5,5,3,0
1,5,1,5,3.0,6,4,0
1,8,1,8,4.5,9,7,0
1,4,1,4,2.5,5,3,0
1,6,1,6,3.5,7,5,0
5,1,1,5,3.0,6,4,0
6,6,6,6,6.0,12,0,4
10,17,10,17,13.5,27,7,4
3,5,3,5,4.0,8,2,1
19,19,19,19,19.0,38,0,17
15,28,15,28,21.5,43,13,12
9,1,1,9,5.0,10,8,0
3,5,3,5,4.0,8,2,2
6,13,6,13,9.5,19,7,5
9,10,9,10,9.5,19,1,5
9,9,9,9,9.0,18,0,8
10,9,9,10,9.5,19,1,8
4,39,4,39,21.5,43,35,2
2,6,2,6,4.0,8,4,1
6,2,2,6,4.0,8,4,1
1,6,1,6,3.5,7,5,0
1,5,1,5,3.0,6,4,0
5,4,4,5,4.5,9,1,3
7,15,7,15,11.0,22,8,6
6,18,6,18,12.0,24,12,2
4,2,2,4,3.0,6,2,1
4,1,1,4,2.5,5,3,0
19,22,19,22,20.5,41,3,16
4,1,1,4,2.5,5,3,0
5,5,5,5,5.0,10,0,2
5,1,1,5,3.0,6,4,0
5,21,5,21,13.0,26,16,4
1,9,1,9,5.0,10,8,0
6,5,5,6,5.5,11,1,3
1,13,1,13,7.0,14,12,0
4,3,3,4,3.5,7,1,2
9,3,3,9,6.0,12,6,0
20,11,11,20,15.5,31,9,8
15,5,5,15,10.0,20,10,4
4,2,2,4,3.0,6,2,1
7,22,7,22,14.5,29,15,0
1,14,1,14,7.5,15,13,0
10,1,1,10,5.5,11,9,0
10,8,8,10,9.0,18,2,4
10,6,6,10,8.0,16,4,0
7,1,1,7,4.0,8,6,0
6,6,6,6,6.0,12,0,4
6,7,6,7,6.5,13,1,1
9,8,8,9,8.5,17,1,7
5,6,5,6,5.5,11,1,3
9,8,8,9,8.5,17,1,6
1,4,1,4,2.5,5,3,0
33,37,33,37,35.0,70,4,29
5,7,5,7,6.0,12,2,3
4,1,1,4,2.5,5,3,0
14,22,14,22,18.0,36,8,12
1,4,1,4,2.5,5,3,0
1,6,1,6,3.5,7,5,0
41,39,39,41,40.0,80,2,34
32,31,31,32,31.5,63,1,30
1,5,1,5,3.0,6,4,0
7,8,7,8,7.5,15,1,5
14,20,14,20,17.0,34,6,13
1,5,1,5,3.0,6,4,0
5,10,5,10,7.5,15,5,4
1,9,1,9,5.0,10,8,0
16,4,4,16,10.0,20,12,0
18,1,1,18,9.5,19,17,0
41,43,41,43,42.0,84,2,39
4,18,4,18,11.0,22,14,0
9,7,7,9,8.0,16,2,6
32,33,32,33,32.5,65,1,31
6,6,6,6,6.0,12,0,2
6,1,1,6,3.5,7,5,0
1,61,1,61,31.0,62,60,0
1,14,1,14,7.5,15,13,0
1,11,1,11,6.0,12,10,0
18,17,17,18,17.5,35,1,12
5,1,1,5,3.0,6,4,0
1,7,1,7,4.0,8,6,0
20,20,20,20,20.0,40,0,19
4,1,1,4,2.5,5,3,0
4,8,4,8,6.0,12,4,3
13,11,11,13,12.0,24,2,1
4,6,4,6,5.0,10,2,3
8,10,8,10,9.0,18,2,7
4,4,4,4,4.0,8,0,3
19,7,7,19,13.0,26,12,6
6,1,1,6,3.5,7,5,0
6,7,6,7,6.5,13,1,5
37,41,37,41,39.0,78,4,28
19,22,19,22,20.5,41,3,18
1,4,1,4,2.5,5,3,0
1,4,1,4,2.5,5,3,0
12,1,1,12,6.5,13,11,0
1,4,1,4,2.5,5,3,0
6,6,6,6,6.0,12,0,5
1,4,1,4,2.5,5,3,0
8,5,5,8,6.5,13,3,4
8,7,7,8,7.5,15,1,6
8,1,1,8,4.5,9,7,0
6,5,5,6,5.5,11,1,3
2,4,2,4,3.0,6,2,1
5,6,5,6,5.5,11,1,2
1,6,1,6,3.5,7,5,0
4,1,1,4,2.5,5,3,0
13,9,9,13,11.0,22,4,7
5,1,1,5,3.0,6,4,0
26,39,26,39,32.5,65,13,22
4,4,4,4,4.0,8,0,2
20,18,18,20,19.0,38,2,16
5,4,4,5,4.5,9,1,1
4,1,1,4,2.5,5,3,0
5,1,1,5,3.0,6,4,0
1,4,1,4,2.5,5,3,0
1,5,1,5,3.0,6,4,0
4,1,1,4,2.5,5,3,0
18,6,6,18,12.0,24,12,0
3,9,3,9,6.0,12,6,0
12,1,1,12,6.5,13,11,0
4,4,4,4,4.0,8,0,3
5,5,5,5,5.0,10,0,4
9,10,9,10,9.5,19,1,7
1,6,1,6,3.5,7,5,0
8,3,3,8,5.5,11,5,0
6,1,1,6,3.5,7,5,0
10,7,7,10,8.5,17,3,6
1,15,1,15,8.0,16,14,0
5,5,5,5,5.0,10,0,4
1,4,1,4,2.5,5,3,0
2,8,2,8,5.0,10,6,1
1,4,1,4,2.5,5,3,0
5,1,1,5,3.0,6,4,0
5,5,5,5,5.0,10,0,2
19,18,18,19,18.5,37,1,16
9,17,9,17,13.0,26,8,8
50,41,41,50,45.5,91,9,24
5,5,5,5,5.0,10,0,4
7,6,6,7,6.5,13,1,5
13,15,13,15,14.0,28,2,9
6,1,1,6,3.5,7,5,0
6,8,6,8,7.0,14,2,3
3,5,3,5,4.0,8,2,2
18,1,1,18,9.5,19,17,0
6,31,6,31,18.5,37,25,5
15,8,8,15,11.5,23,7,6
7,1,1,7,4.0,8,6,0
4,1,1,4,2.5,5,3,0
4,6,4,6,5.0,10,2,3
10,9,9,10,9.5,19,1,5
9,4,4,9,6.5,13,5,3
7,10,7,10,8.5,17,3,6
25,35,25,35,30.0,60,10,21
5,1,1,5,3.0,6,4,0
9,8,8,9,8.5,17,1,2
1,11,1,11,6.0,12,10,0
28,35,28,35,31.5,63,7,20
6,4,4,6,5.0,10,2,2
7,9,7,9,8.0,16,2,2
1,4,1,4,2.5,5,3,0
1,10,1,10,5.5,11,9,0
7,13,7,13,10.0,20,6,6
1,4,1,4,2.5,5,3,0
9,9,9,9,9.0,18,0,7
1,9,1,9,5.0,10,8,0
18,22,18,22,20.0,40,4,15
1,18,1,18,9.5,19,17,0
2,5,2,5,3.5,7,3,1
5,5,5,5,5.0,10,0,4
1,43,1,43,22.0,44,42,0
6,7,6,7,6.5,13,1,5
27,28,27,28,27.5,55,1,26
9,11,9,11,10.0,20,2,6
7,5,5,7,6.0,12,2,4
32,33,32,33,32.5,65,1,31
26,49,26,49,37.5,75,23,23
4,1,1,4,2.5,5,3,0
4,5,4,5,4.5,9,1,3
1,4,1,4,2.5,5,3,0
4,1,1,4,2.5,5,3,0
13,19,13,19,16.0,32,6,11
5,10,5,10,7.5,15,5,4
8,8,8,8,8.0,16,0,7
21,20,20,21,20.5,41,1,15
2,5,2,5,3.5,7,3,1
4,1,1,4,2.5,5,3,0
17,17,17,17,17.0,34,0,14
7,1,1,7,4.0,8,6,0
2,20,2,20,11.0,22,18,0
7,8,7,8,7.5,15,1,6
8,11,8,11,9.5,19,3,7
9,6,6,9,7.5,15,3,5
7,12,7,12,9.5,19,5,5
20,22,20,22,21.0,42,2,18
9,1,1,9,5.0,10,8,0
17,21,17,21,19.0,38,4,16
5,4,4,5,4.5,9,1,3
11,13,11,13,12.0,24,2,9
6,8,6,8,7.0,14,2,4
31,27,27,31,29.0,58,4,24
6,1,1,6,3.5,7,5,0
18,5,5,18,11.5,23,13,4
10,12,10,12,11.0,22,2,7
19,32,19,32,25.5,51,13,18
8,1,1,8,4.5,9,7,0
5,1,1,5,3.0,6,4,0
6,6,6,6,6.0,12,0,5
1,5,1,5,3.0,6,4,0
1,4,1,4,2.5,5,3,0
4,1,1,4,2.5,5,3,0
15,8,8,15,11.5,23,7,7
2,4,2,4,3.0,6,2,1
1,20,1,20,10.5,21,19,0
5,1,1,5,3.0,6,4,0
25,24,24,25,24.5,49,1,21
5,1,1,5,3.0,6,4,0
1,4,1,4,2.5,5,3,0
5,1,1,5,3.0,6,4,0
23,36,23,36,29.5,59,13,20
26,24,24,26,25.0,50,2,23
13,17,13,17,15.0,30,4,11
4,2,2,4,3.0,6,2,0
11,18,11,18,14.5,29,7,5
5,1,1,5,3.0,6,4,0
6,7,6,7,6.5,13,1,5
10,8,8,10,9.0,18,2,3
6,1,1,6,3.5,7,5,0
1,6,1,6,3.5,7,5,0
30,30,30,30,30.0,60,0,19
1,11,1,11,6.0,12,10,0
29,32,29,32,30.5,61,3,25
3,6,3,6,4.5,9,3,1
11,10,10,11,10.5,21,1,9
6,2,2,6,4.0,8,4,1
1,5,1,5,3.0,6,4,0
3,5,3,5,4.0,8,2,2
1,52,1,52,26.5,53,51,0
19,19,19,19,19.0,38,0,18
21,21,21,21,21.0,42,0,20
5,1,1,5,3.0,6,4,0
2,6,2,6,4.0,8,4,1
26,26,26,26,26.0,52,0,25
4,1,1,4,2.5,5,3,0
20,17,17,20,18.5,37,3,15
46,45,45,46,45.5,91,1,33
3,4,3,4,3.5,7,1,2
9,10,9,10,9.5,19,1,5
15,17,15,17,16.0,32,2,13
41,10,10,41,25.5,51,31,9
1,4,1,4,2.5,5,3,0
4,1,1,4,2.5,5,3,0
4,1,1,4,2.5,5,3,0
4,1,1,4,2.5,5,3,0
11,11,11,11,11.0,22,0,10
1,6,1,6,3.5,7,5,0
4,1,1,4,2.5,5,3,0
6,5,5,6,5.5,11,1,4
2,5,2,5,3.5,7,3,1
11,5,5,11,8.0,16,6,4
5,11,5,11,8.0,16,6,3
29,1,1,29,15.0,30,28,0
7,4,4,7,5.5,11,3,3
24,23,23,24,23.5,47,1,22
6,2,2,6,4.0,8,4,0
2,8,2,8,5.0,10,6,0
1,22,1,22,11.5,23,21,0
1,7,1,7,4.0,8,6,0
1,9,1,9,5.0,10,8,0
14,21,14,21,17.5,35,7,10
30,32,30,32,31.0,62,2,28
4,6,4,6,5.0,10,2,0
1,4,1,4,2.5,5,3,0
5,6,5,6,5.5,11,1,4
5,5,5,5,5.0,10,0,4
5,6,5,6,5.5,11,1,4
10,10,10,10,10.0,20,0,6
1,28,1,28,14.5,29,27,0
17,7,7,17,12.0,24,10,6
11,13,11,13,12.0,24,2,10
6,1,1,6,3.5,7,5,0
11,17,11,17,14.0,28,6,7
5,2,2,5,3.5,7,3,1
36,42,36,42,39.0,78,6,28
42,22,22,42,32.0,64,20,18
7,7,7,7,7.0,14,0,6
6,2,2,6,4.0,8,4,1
1,22,1,22,11.5,23,21,0
8,3,3,8,5.5,11,5,2
4,1,1,4,2.5,5,3,0
19,17,17,19,18.0,36,2,13
49,21,21,49,35.0,70,28,20
34,31,31,34,32.5,65,3,10
4,1,1,4,2.5,5,3,0
4,1,1,4,2.5,5,3,0
1,4,1,4,2.5,5,3,0
16,1,1,16,8.5,17,15,0
28,27,27,28,27.5,55,1,26
19,49,19,49,34.0,68,30,18
1,23,1,23,12.0,24,22,0
2,4,2,4,3.0,6,2,0
4,1,1,4,2.5,5,3,0
2,7,2,7,4.5,9,5,1
1,14,1,14,7.5,15,13,0
9,7,7,9,8.0,16,2,5
1,5,1,5,3.0,6,4,0
19,21,19,21,20.0,40,2,18
1,17,1,17,9.0,18,16,0
20,20,20,20,20.0,40,0,18
1,5,1,5,3.0,6,4,0
4,1,1,4,2.5,5,3,0
21,24,21,24,22.5,45,3,20
1,6,1,6,3.5,7,5,0
7,10,7,10,8.5,17,3,0
4,1,1,4,2.5,5,3,0
2,12,2,12,7.0,14,10,1
4,6,4,6,5.0,10,2,3
11,29,11,29,20.0,40,18,9
2,7,2,7,4.5,9,5,0
5,2,2,5,3.5,7,3,1
5,5,5,5,5.0,10,0,4
18,9,9,18,13.5,27,9,6
1,9,1,9,5.0,10,8,0
8,16,8,16,12.0,24,8,5
10,17,10,17,13.5,27,7,6
11,7,7,11,9.0,18,4,5
37,20,20,37,28.5,57,17,2
5,1,1,5,3.0,6,4,0
1,4,1,4,2.5,5,3,0
11,7,7,11,9.0,18,4,3
8,7,7,8,7.5,15,1,5
1,4,1,4,2.5,5,3,0
31,32,31,32,31.5,63,1,29
2,27,2,27,14.5,29,25,0
7,1,1,7,4.0,8,6,0
10,15,10,15,12.5,25,5,7
6,3,3,6,4.5,9,3,2
1,13,1,13,7.0,14,12,0
5,1,1,5,3.0,6,4,0
1,22,1,22,11.5,23,21,0
5,6,5,6,5.5,11,1,3
1,4,1,4,2.5,5,3,0
4,1,1,4,2.5,5,3,0
7,7,7,7,7.0,14,0,6
14,33,14,33,23.5,47,19,10
14,10,10,14,12.0,24,4,9
11,8,8,11,9.5,19,3,7
3,5,3,5,4.0,8,2,2
14,5,5,14,9.5,19,9,4
47,45,45,47,46.0,92,2,42
1,6,1,6,3.5,7,5,0
5,1,1,5,3.0,6,4,0
23,22,22,23,22.5,45,1,19
8,7,7,8,7.5,15,1,6
28,49,28,49,38.5,77,21,27
4,1,1,4,2.5,5,3,0
6,8,6,8,7.0,14,2,5
16,10,10,16,13.0,26,6,0
4,4,4,4,4.0,8,0,3
12,24,12,24,18.0,36,12,9
15,10,10,15,12.5,25,5,8
12,1,1,12,6.5,13,11,0
15,15,15,15,15.0,30,0,12
9,7,7,9,8.0,16,2,4
1,19,1,19,10.0,20,18,0
5,1,1,5,3.0,6,4,0
1,5,1,5,3.0,6,4,0
6,6,6,6,6.0,12,0,4
4,4,4,4,4.0,8,0,3
7,4,4,7,5.5,11,3,3
4,4,4,4,4.0,8,0,3
7,6,6,7,6.5,13,1,4
10,5,5,10,7.5,15,5,4
13,12,12,13,12.5,25,1,11
1,5,1,5,3.0,6,4,0
4,1,1,4,2.5,5,3,0
6,10,6,10,8.0,16,4,4
24,28,24,28,26.0,52,4,16
1,4,1,4,2.5,5,3,0
4,5,4,5,4.5,9,1,3
9,11,9,11,10.0,20,2,6
10,1,1,10,5.5,11,9,0
12,5,5,12,8.5,17,7,2
2,6,2,6,4.0,8,4,0
4,4,4,4,4.0,8,0,3
1,4,1,4,2.5,5,3,0
16,15,15,16,15.5,31,1,8
23,25,23,25,24.0,48,2,15
4,1,1,4,2.5,5,3,0
1,5,1,5,3.0,6,4,0
4,6,4,6,5.0,10,2,3
13,12,12,13,12.5,25,1,11
7,1,1,7,4.0,8,6,0
6,6,6,6,6.0,12,0,5
19,6,6,19,12.5,25,13,5
5,1,1,5,3.0,6,4,0
4,5,4,5,4.5,9,1,3
15,10,10,15,12.5,25,5,9
1,5,1,5,3.0,6,4,0
7,6,6,7,6.5,13,1,5
1,6,1,6,3.5,7,5,0
10,9,9,10,9.5,19,1,7
25,25,25,25,25.0,50,0,21
39,47,39,47,43.0,86,8,38
19,17,17,19,18.0,36,2,16
6,3,3,6,4.5,9,3,2
1,19,1,19,10.0,20,18,0
1,4,1,4,2.5,5,3,0
11,18,11,18,14.5,29,7,8
12,21,12,21,16.5,33,9,10
5,1,1,5,3.0,6,4,0
4,6,4,6,5.0,10,2,0
38,19,19,38,28.5,57,19,15
14,15,14,15,14.5,29,1,12
1,7,1,7,4.0,8,6,0
3,5,3,5,4.0,8,2,2
29,26,26,29,27.5,55,3,25
5,4,4,5,4.5,9,1,3
2,4,2,4,3.0,6,2,1
5,1,1,5,3.0,6,4,0
29,39,29,39,34.0,68,10,16
6,6,6,6,6.0,12,0,5
9,8,8,9,8.5,17,1,4
28,28,28,28,28.0,56,0,26
1,6,1,6,3.5,7,5,0
6,1,1,6,3.5,7,5,0
10,10,10,10,10.0,20,0,9
49,49,49,49,49.0,98,0,48
1,5,1,5,3.0,6,4,0
7,4,4,7,5.5,11,3,2
11,16,11,16,13.5,27,5,6
10,22,10,22,16.0,32,12,9
5,5,5,5,5.0,10,0,4
49,44,44,49,46.5,93,5,41
12,2,2,12,7.0,14,10,0
4,1,1,4,2.5,5,3,0
8,7,7,8,7.5,15,1,6
5,5,5,5,5.0,10,0,4
4,4,4,4,4.0,8,0,3
6,11,6,11,8.5,17,5,5
5,4,4,5,4.5,9,1,3
20,24,20,24,22.0,44,4,19
1,17,1,17,9.0,18,16,0
4,1,1,4,2.5,5,3,0
1,7,1,7,4.0,8,6,0
36,16,16,36,26.0,52,20,13
6,6,6,6,6.0,12,0,4
5,2,2,5,3.5,7,3,1
7,23,7,23,15.0,30,16,0
13,13,13,13,13.0,26,0,12
10,2,2,10,6.0,12,8,1
1,27,1,27,14.0,28,26,0
13,10,10,13,11.5,23,3,9
18,21,18,21,19.5,39,3,17
1,5,1,5,3.0,6,4,0
6,5,5,6,5.5,11,1,3
4,1,1,4,2.5,5,3,0
36,27,27,36,31.5,63,9,25
6,1,1,6,3.5,7,5,0
8,6,6,8,7.0,14,2,5
9,66,9,66,37.5,75,57,0
17,9,9,17,13.0,26,8,6
5,1,1,5,3.0,6,4,0
12,1,1,12,6.5,13,11,0
25,24,24,25,24.5,49,1,17
4,10,4,10,7.0,14,6,0
1,10,1,10,5.5,11,9,0
4,2,2,4,3.0,6,2,1
15,13,13,15,14.0,28,2,12
5,6,5,6,5.5,11,1,4
1,4,1,4,2.5,5,3,0
29,23,23,29,26.0,52,6,12
6,1,1,6,3.5,7,5,0
18,18,18,18,18.0,36,0,13
10,12,10,12,11.0,22,2,5
1,7,1,7,4.0,8,6,0
1,9,1,9,5.0,10,8,0
1,5,1,5,3.0,6,4,0
16,14,14,16,15.0,30,2,10
20,21,20,21,20.5,41,1,17
8,7,7,8,7.5,15,1,6
23,15,15,23,19.0,38,8,12
26,26,26,26,26.0,52,0,25
2,4,2,4,3.0,6,2,1
17,13,13,17,15.0,30,4,11
26,22,22,26,24.0,48,4,20
9,10,9,10,9.5,19,1,6
7,8,7,8,7.5,15,1,6
7,2,2,7,4.5,9,5,0
1,11,1,11,6.0,12,10,0
5,5,5,5,5.0,10,0,4
8,1,1,8,4.5,9,7,0
10,1,1,10,5.5,11,9,0
9,1,1,9,5.0,10,8,0
2,6,2,6,4.0,8,4,1
1,4,1,4,2.5,5,3,0
4,4,4,4,4.0,8,0,2
1,6,1,6,3.5,7,5,0
5,5,5,5,5.0,10,0,4
4,6,4,6,5.0,10,2,3
6,1,1,6,3.5,7,5,0
5,9,5,9,7.0,14,4,4
1,5,1,5,3.0,6,4,0
8,1,1,8,4.5,9,7,0
4,2,2,4,3.0,6,2,1
12,10,10,12,11.0,22,2,8
1,5,1,5,3.0,6,4,0
4,4,4,4,4.0,8,0,2
11,11,11,11,11.0,22,0,8
21,18,18,21,19.5,39,3,16
5,1,1,5,3.0,6,4,0
9,2,2,9,5.5,11,7,1
3,14,3,14,8.5,17,11,1
1,8,1,8,4.5,9,7,0
12,6,6,12,9.0,18,6,3
4,1,1,4,2.5,5,3,0
7,9,7,9,8.0,16,2,6
16,11,11,16,13.5,27,5,7
2,6,2,6,4.0,8,4,0
2,9,2,9,5.5,11,7,0
14,14,14,14,14.0,28,0,13
1,6,1,6,3.5,7,5,0
4,1,1,4,2.5,5,3,0
1,4,1,4,2.5,5,3,0
7,7,7,7,7.0,14,0,5
7,8,7,8,7.5,15,1,3
2,26,2,26,14.0,28,24,0
18,18,18,18,18.0,36,0,11
4,1,1,4,2.5,5,3,0
4,9,4,9,6.5,13,5,2
34,35,34,35,34.5,69,1,30
9,6,6,9,7.5,15,3,4
8,5,5,8,6.5,13,3,2
2,6,2,6,4.0,8,4,0
20,19,19,20,19.5,39,1,18
4,1,1,4,2.5,5,3,0
8,1,1,8,4.5,9,7,0
4,1,1,4,2.5,5,3,0
6,6,6,6,6.0,12,0,5
4,7,4,7,5.5,11,3,1
1,8,1,8,4.5,9,7,0
11,16,11,16,13.5,27,5,8
4,1,1,4,2.5,5,3,0
5,5,5,5,5.0,10,0,4
1,5,1,5,3.0,6,4,0
10,10,10,10,10.0,20,0,8
7,5,5,7,6.0,12,2,4
20,24,20,24,22.0,44,4,18
11,4,4,11,7.5,15,7,2
1,9,1,9,5.0,10,8,0
2,4,2,4,3.0,6,2,1
1,15,1,15,8.0,16,14,0
17,1,1,17,9.0,18,16,0
6,9,6,9,7.5,15,3,4
4,4,4,4,4.0,8,0,3
1,27,1,27,14.0,28,26,0
4,3,3,4,3.5,7,1,2
16,12,12,16,14.0,28,4,10
15,17,15,17,16.0,32,2,13
8,8,8,8,8.0,16,0,7
17,14,14,17,15.5,31,3,11
4,1,1,4,2.5,5,3,0
15,12,12,15,13.5,27,3,5
18,15,15,18,16.5,33,3,14
2,4,2,4,3.0,6,2,0
8,9,8,9,8.5,17,1,7
1,4,1,4,2.5,5,3,0
20,24,20,24,22.0,44,4,17
17,15,15,17,16.0,32,2,3
32,33,32,33,32.5,65,1,31
5,1,1,5,3.0,6,4,0
5,4,4,5,4.5,9,1,3
7,107,7,107,57.0,114,100,0
11,12,11,12,11.5,23,1,10
6,2,2,6,4.0,8,4,1
1,4,1,4,2.5,5,3,0
5,4,4,5,4.5,9,1,2
2,4,2,4,3.0,6,2,1
4,12,4,12,8.0,16,8,2
5,5,5,5,5.0,10,0,4
32,31,31,32,31.5,63,1,29
4,3,3,4,3.5,7,1,2
15,26,15,26,20.5,41,11,9
18,12,12,18,15.0,30,6,11
1,10,1,10,5.5,11,9,0
11,10,10,11,10.5,21,1,9
12,25,12,25,18.5,37,13,8
1,77,1,77,39.0,78,76,0
4,1,1,4,2.5,5,3,0
17,15,15,17,16.0,32,2,9
4,4,4,4,4.0,8,0,3
8,1,1,8,4.5,9,7,0
5,3,3,5,4.0,8,2,2
26,27,26,27,26.5,53,1,25
5,1,1,5,3.0,6,4,0
11,1,1,11,6.0,12,10,0
5,5,5,5,5.0,10,0,3
1,16,1,16,8.5,17,15,0
5,2,2,5,3.5,7,3,1
14,19,14,19,16.5,33,5,13
7,6,6,7,6.5,13,1,5
5,5,5,5,5.0,10,0,4
13,13,13,13,13.0,26,0,10
5,10,5,10,7.5,15,5,4
7,8,7,8,7.5,15,1,6
15,21,15,21,18.0,36,6,14
1,6,1,6,3.5,7,5,0
9,1,1,9,5.0,10,8,0
9,14,9,14,11.5,23,5,6
5,8,5,8,6.5,13,3,4
5,5,5,5,5.0,10,0,4
1,6,1,6,3.5,7,5,0
15,8,8,15,11.5,23,7,6
4,1,1,4,2.5,5,3,0
27,13,13,27,20.0,40,14,11
5,6,5,6,5.5,11,1,4
8,15,8,15,11.5,23,7,7
1,7,1,7,4.0,8,6,0
7,7,7,7,7.0,14,0,6
7,1,1,7,4.0,8,6,0
6,2,2,6,4.0,8,4,1
6,10,6,10,8.0,16,4,5
5,4,4,5,4.5,9,1,3
2,4,2,4,3.0,6,2,0
26,25,25,26,25.5,51,1,23
5,2,2,5,3.5,7,3,1
11,15,11,15,13.0,26,4,9
6,18,6,18,12.0,24,12,5
1,105,1,105,53.0,106,104,0
15,10,10,15,12.5,25,5,9
4,22,4,22,13.0,26,18,2
2,9,2,9,5.5,11,7,0
10,1,1,10,5.5,11,9,0
13,16,13,16,14.5,29,3,9
1,4,1,4,2.5,5,3,0
7,9,7,9,8.0,16,2,6
7,4,4,7,5.5,11,3,2
18,38,18,38,28.0,56,20,12
8,9,8,9,8.5,17,1,7
8,5,5,8,6.5,13,3,1
18,43,18,43,30.5,61,25,17
20,16,16,20,18.0,36,4,15
15,34,15,34,24.5,49,19,8
8,8,8,8,8.0,16,0,6
11,11,11,11,11.0,22,0,10
14,14,14,14,14.0,28,0,13
22,15,15,22,18.5,37,7,13
4,5,4,5,4.5,9,1,3
1,6,1,6,3.5,7,5,0
2,9,2,9,5.5,11,7,0
1,8,1,8,4.5,9,7,0
2,8,2,8,5.0,10,6,1
15,13,13,15,14.0,28,2,12
5,3,3,5,4.0,8,2,2
1,8,1,8,4.5,9,7,0
9,8,8,9,8.5,17,1,3
6,4,4,6,5.0,10,2,3
13,10,10,13,11.5,23,3,7
2,11,2,11,6.5,13,9,1
25,28,25,28,26.5,53,3,14
1,7,1,7,4.0,8,6,0
8,3,3,8,5.5,11,5,0
2,4,2,4,3.0,6,2,1
17,11,11,17,14.0,28,6,9
14,9,9,14,11.5,23,5,7
6,1,1,6,3.5,7,5,0
14,9,9,14,11.5,23,5,6
10,11,10,11,10.5,21,1,9
33,22,22,33,27.5,55,11,19
2,4,2,4,3.0,6,2,1
17,15,15,17,16.0,32,2,13
15,16,15,16,15.5,31,1,8
8,8,8,8,8.0,16,0,7
8,3,3,8,5.5,11,5,2
2,5,2,5,3.5,7,3,0
7,6,6,7,6.5,13,1,5
16,3,3,16,9.5,19,13,2
4,1,1,4,2.5,5,3,0
5,5,5,5,5.0,10,0,4
14,15,14,15,14.5,29,1,8
1,6,1,6,3.5,7,5,0
17,17,17,17,17.0,34,0,16
1,5,1,5,3.0,6,4,0
9,11,9,11,10.0,20,2,7
21,20,20,21,20.5,41,1,18
5,3,3,5,4.0,8,2,2
15,8,8,15,11.5,23,7,0
1,7,1,7,4.0,8,6,0
1,4,1,4,2.5,5,3,0
4,6,4,6,5.0,10,2,3
8,9,8,9,8.5,17,1,1
4,5,4,5,4.5,9,1,3
11,14,11,14,12.5,25,3,9
3,17,3,17,10.0,20,14,1
9,2,2,9,5.5,11,7,0
12,13,12,13,12.5,25,1,10
5,6,5,6,5.5,11,1,3
1,4,1,4,2.5,5,3,0
4,9,4,9,6.5,13,5,3
1,27,1,27,14.0,28,26,0
9,1,1,9,5.0,10,8,0
1,5,1,5,3.0,6,4,0
1,4,1,4,2.5,5,3,0
5,6,5,6,5.5,11,1,4
1,4,1,4,2.5,5,3,0
11,10,10,11,10.5,21,1,8
14,11,11,14,12.5,25,3,10
3,4,3,4,3.5,7,1,2
6,10,6,10,8.0,16,4,4
4,1,1,4,2.5,5,3,0
26,26,26,26,26.0,52,0,25
5,5,5,5,5.0,10,0,4
1,6,1,6,3.5,7,5,0
1,7,1,7,4.0,8,6,0
4,2,2,4,3.0,6,2,0
3,10,3,10,6.5,13,7,1
1,9,1,9,5.0,10,8,0
1,12,1,12,6.5,13,11,0
5,6,5,6,5.5,11,1,0
1,4,1,4,2.5,5,3,0
1,6,1,6,3.5,7,5,0
18,20,18,20,19.0,38,2,16
6,6,6,6,6.0,12,0,4
17,1,1,17,9.0,18,16,0
10,12,10,12,11.0,22,2,9
1,4,1,4,2.5,5,3,0
19,19,19,19,19.0,38,0,18
9,4,4,9,6.5,13,5,3
20,21,20,21,20.5,41,1,19
8,1,1,8,4.5,9,7,0
17,13,13,17,15.0,30,4,9
1,5,1,5,3.0,6,4,0
1,6,1,6,3.5,7,5,0
15,33,15,33,24.0,48,18,12
10,1,1,10,5.5,11,9,0
5,1,1,5,3.0,6,4,0
5,5,5,5,5.0,10,0,4
6,5,5,6,5.5,11,1,1
9,1,1,9,5.0,10,8,0
34,18,18,34,26.0,52,16,16
11,12,11,12,11.5,23,1,8
34,29,29,34,31.5,63,5,18
9,4,4,9,6.5,13,5,3
26,27,26,27,26.5,53,1,25
1,4,1,4,2.5,5,3,0
7,8,7,8,7.5,15,1,4
4,1,1,4,2.5,5,3,0
18,13,13,18,15.5,31,5,11
2,7,2,7,4.5,9,5,0
1,8,1,8,4.5,9,7,0
19,22,19,22,20.5,41,3,18
5,3,3,5,4.0,8,2,2
2,4,2,4,3.0,6,2,0
8,8,8,8,8.0,16,0,7
10,7,7,10,8.5,17,3,6
3,5,3,5,4.0,8,2,2
13,11,11,13,12.0,24,2,10
1,7,1,7,4.0,8,6,0
8,10,8,10,9.0,18,2,6
1,4,1,4,2.5,5,3,0
1,4,1,4,2.5,5,3,0
5,4,4,5,4.5,9,1,3
6,1,1,6,3.5,7,5,0
1,5,1,5,3.0,6,4,0
27,27,27,27,27.0,54,0,26
12,11,11,12,11.5,23,1,9
5,1,1,5,3.0,6,4,0
4,4,4,4,4.0,8,0,3
4,1,1,4,2.5,5,3,0
17,14,14,17,15.5,31,3,13
2,10,2,10,6.0,12,8,1
1,6,1,6,3.5,7,5,0
1,20,1,20,10.5,21,19,0
1,11,1,11,6.0,12,10,0
22,24,22,24,23.0,46,2,20
6,1,1,6,3.5,7,5,0
8,9,8,9,8.5,17,1,7
1,17,1,17,9.0,18,16,0
4,3,3,4,3.5,7,1,2
2,5,2,5,3.5,7,3,0
2,55,2,55,28.5,57,53,0
6,6,6,6,6.0,12,0,3
6,1,1,6,3.5,7,5,0
4,4,4,4,4.0,8,0,0
3,18,3,18,10.5,21,15,0
6,37,6,37,21.5,43,31,2
14,14,14,14,14.0,28,0,10
5,4,4,5,4.5,9,1,3
4,1,1,4,2.5,5,3,0
28,21,21,28,24.5,49,7,19
1,5,1,5,3.0,6,4,0
6,6,6,6,6.0,12,0,5
9,9,9,9,9.0,18,0,8
7,4,4,7,5.5,11,3,1
21,16,16,21,18.5,37,5,13
7,8,7,8,7.5,15,1,5
1,23,1,23,12.0,24,22,0
6,1,1,6,3.5,7,5,0
5,1,1,5,3.0,6,4,0
25,24,24,25,24.5,49,1,22
7,1,1,7,4.0,8,6,0
2,5,2,5,3.5,7,3,1
4,4,4,4,4.0,8,0,3
4,4,4,4,4.0,8,0,3
16,6,6,16,11.0,22,10,5
20,19,19,20,19.5,39,1,18
12,11,11,12,11.5,23,1,9
23,28,23,28,25.5,51,5,22
4,4,4,4,4.0,8,0,3
16,19,16,19,17.5,35,3,14
1,7,1,7,4.0,8,6,0
10,6,6,10,8.0,16,4,4
9,8,8,9,8.5,17,1,7
1,12,1,12,6.5,13,11,0
21,12,12,21,16.5,33,9,11
9,1,1,9,5.0,10,8,0
4,7,4,7,5.5,11,3,2
8,9,8,9,8.5,17,1,7
12,14,12,14,13.0,26,2,11
1,5,1,5,3.0,6,4,0
1,6,1,6,3.5,7,5,0
5,4,4,5,4.5,9,1,3
5,1,1,5,3.0,6,4,0
8,28,8,28,18.0,36,20,6
1,5,1,5,3.0,6,4,0
11,9,9,11,10.0,20,2,7
8,1,1,8,4.5,9,7,0
9,7,7,9,8.0,16,2,4
37,6,6,37,21.5,43,31,3
20,18,18,20,19.0,38,2,17
1,5,1,5,3.0,6,4,0
9,11,9,11,10.0,20,2,8
4,1,1,4,2.5,5,3,0
5,1,1,5,3.0,6,4,0
1,7,1,7,4.0,8,6,0
4,1,1,4,2.5,5,3,0
4,1,1,4,2.5,5,3,0
6,7,6,7,6.5,13,1,5
2,5,2,5,3.5,7,3,1
8,2,2,8,5.0,10,6,1
6,4,4,6,5.0,10,2,1
4,17,4,17,10.5,21,13,2
5,22,5,22,13.5,27,17,3
1,7,1,7,4.0,8,6,0
46,45,45,46,45.5,91,1,39
5,5,5,5,5.0,10,0,1
32,41,32,41,36.5,73,9,25
26,26,26,26,26.0,52,0,25
4,4,4,4,4.0,8,0,3
1,4,1,4,2.5,5,3,0
1,4,1,4,2.5,5,3,0
8,11,8,11,9.5,19,3,5
4,1,1,4,2.5,5,3,0
12,11,11,12,11.5,23,1,1
6,10,6,10,8.0,16,4,5
7,1,1,7,4.0,8,6,0
9,13,9,13,11.0,22,4,5
4,1,1,4,2.5,5,3,0
4,1,1,4,2.5,5,3,0
2,4,2,4,3.0,6,2,1
1,4,1,4,2.5,5,3,0
1,9,1,9,5.0,10,8,0
17,9,9,17,13.0,26,8,7
5,1,1,5,3.0,6,4,0
31,21,21,31,26.0,52,10,19
21,23,21,23,22.0,44,2,19
6,1,1,6,3.5,7,5,0
8,8,8,8,8.0,16,0,7
42,25,25,42,33.5,67,17,23
5,2,2,5,3.5,7,3,1
7,7,7,7,7.0,14,0,5
1,4,1,4,2.5,5,3,0
6,13,6,13,9.5,19,7,5
15,11,11,15,13.0,26,4,9
35,44,35,44,39.5,79,9,28
18,20,18,20,19.0,38,2,17
1,14,1,14,7.5,15,13,0
13,5,5,13,9.0,18,8,0
1,11,1,11,6.0,12,10,0
5,5,5,5,5.0,10,0,4
14,13,13,14,13.5,27,1,12
12,12,12,12,12.0,24,0,10
1,5,1,5,3.0,6,4,0
8,6,6,8,7.0,14,2,3
3,4,3,4,3.5,7,1,2
45,34,34,45,39.5,79,11,27
20,15,15,20,17.5,35,5,13
6,9,6,9,7.5,15,3,0
5,6,5,6,5.5,11,1,1
12,1,1,12,6.5,13,11,0
1,146,1,146,73.5,147,145,0
2,5,2,5,3.5,7,3,1
5,1,1,5,3.0,6,4,0
4,5,4,5,4.5,9,1,3
2,107,2,107,54.5,109,105,0
1,8,1,8,4.5,9,7,0
5,2,2,5,3.5,7,3,1
7,4,4,7,5.5,11,3,1
1,5,1,5,3.0,6,4,0
7,7,7,7,7.0,14,0,3
3,5,3,5,4.0,8,2,2
3,21,3,21,12.0,24,18,0
47,21,21,47,34.0,68,26,19
8,10,8,10,9.0,18,2,6
1,7,1,7,4.0,8,6,0
11,1,1,11,6.0,12,10,0
18,2,2,18,10.0,20,16,1
1,6,1,6,3.5,7,5,0
6,6,6,6,6.0,12,0,5
19,10,10,19,14.5,29,9,6
2,4,2,4,3.0,6,2,1
34,27,27,34,30.5,61,7,21
10,4,4,10,7.0,14,6,3
1,4,1,4,2.5,5,3,0
13,12,12,13,12.5,25,1,10
14,10,10,14,12.0,24,4,8
5,1,1,5,3.0,6,4,0
9,6,6,9,7.5,15,3,4
4,1,1,4,2.5,5,3,0
9,15,9,15,12.0,24,6,5
4,4,4,4,4.0,8,0,3
14,1,1,14,7.5,15,13,0
23,24,23,24,23.5,47,1,11
3,7,3,7,5.0,10,4,2
2,10,2,10,6.0,12,8,1
9,2,2,9,5.5,11,7,0
22,13,13,22,17.5,35,9,10
1,7,1,7,4.0,8,6,0
1,21,1,21,11.0,22,20,0
8,5,5,8,6.5,13,3,1
15,16,15,16,15.5,31,1,9
25,21,21,25,23.0,46,4,17
5,4,4,5,4.5,9,1,3
8,5,5,8,6.5,13,3,3
4,4,4,4,4.0,8,0,3
6,9,6,9,7.5,15,3,0
34,33,33,34,33.5,67,1,24
18,37,18,37,27.5,55,19,16
37,8,8,37,22.5,45,29,7
2,4,2,4,3.0,6,2,0
10,11,10,11,10.5,21,1,9
6,11,6,11,8.5,17,5,0
20,21,20,21,20.5,41,1,16
8,8,8,8,8.0,16,0,7
4,1,1,4,2.5,5,3,0
12,5,5,12,8.5,17,7,1
4,6,4,6,5.0,10,2,3
13,10,10,13,11.5,23,3,9
31,1,1,31,16.0,32,30,0
1,30,1,30,15.5,31,29,0
11,11,11,11,11.0,22,0,10
1,4,1,4,2.5,5,3,0
9,2,2,9,5.5,11,7,1
4,1,1,4,2.5,5,3,0
10,10,10,10,10.0,20,0,9
55,17,17,55,36.0,72,38,11
1,11,1,11,6.0,12,10,0
4,1,1,4,2.5,5,3,0
1,7,1,7,4.0,8,6,0
6,1,1,6,3.5,7,5,0
9,1,1,9,5.0,10,8,0
19,24,19,24,21.5,43,5,18
1,6,1,6,3.5,7,5,0
1,5,1,5,3.0,6,4,0
5,2,2,5,3.5,7,3,1
1,28,1,28,14.5,29,27,0
1,5,1,5,3.0,6,4,0
5,1,1,5,3.0,6,4,0
12,12,12,12,12.0,24,0,11
15,15,15,15,15.0,30,0,12
4,7,4,7,5.5,11,3,2
28,15,15,28,21.5,43,13,14
12,11,11,12,11.5,23,1,8
22,17,17,22,19.5,39,5,16
1,40,1,40,20.5,41,39,0
8,6,6,8,7.0,14,2,4
8,35,8,35,21.5,43,27,7
5,5,5,5,5.0,10,0,3
21,25,21,25,23.0,46,4,20
38,47,38,47,42.5,85,9,37
1,5,1,5,3.0,6,4,0
4,1,1,4,2.5,5,3,0
22,12,12,22,17.0,34,10,10
13,17,13,17,15.0,30,4,12
4,1,1,4,2.5,5,3,0
1,11,1,11,6.0,12,10,0
5,5,5,5,5.0,10,0,4
1,19,1,19,10.0,20,18,0
5,1,1,5,3.0,6,4,0
6,1,1,6,3.5,7,5,0
1,18,1,18,9.5,19,17,0
17,17,17,17,17.0,34,0,16
1,18,1,18,9.5,19,17,0
5,18,5,18,11.5,23,13,1
7,1,1,7,4.0,8,6,0
21,17,17,21,19.0,38,4,15
4,2,2,4,3.0,6,2,1
1,5,1,5,3.0,6,4,0
49,41,41,49,45.0,90,8,24
20,13,13,20,16.5,33,7,8
7,2,2,7,4.5,9,5,1
13,13,13,13,13.0,26,0,11
2,5,2,5,3.5,7,3,1
2,4,2,4,3.0,6,2,0
4,1,1,4,2.5,5,3,0
4,23,4,23,13.5,27,19,0
1,55,1,55,28.0,56,54,0
13,19,13,19,16.0,32,6,10
5,1,1,5,3.0,6,4,0
6,4,4,6,5.0,10,2,3
5,1,1,5,3.0,6,4,0
1,4,1,4,2.5,5,3,0
26,16,16,26,21.0,42,10,3
12,6,6,12,9.0,18,6,5
1,11,1,11,6.0,12,10,0
2,6,2,6,4.0,8,4,1
1,5,1,5,3.0,6,4,0
1,6,1,6,3.5,7,5,0
2,4,2,4,3.0,6,2,1
13,6,6,13,9.5,19,7,5
10,10,10,10,10.0,20,0,9
4,1,1,4,2.5,5,3,0
6,6,6,6,6.0,12,0,5
12,12,12,12,12.0,24,0,11
5,5,5,5,5.0,10,0,4
5,7,5,7,6.0,12,2,3
3,4,3,4,3.5,7,1,2
11,17,11,17,14.0,28,6,9
7,6,6,7,6.5,13,1,4
14,25,14,25,19.5,39,11,13
6,2,2,6,4.0,8,4,1
21,20,20,21,20.5,41,1,19
21,33,21,33,27.0,54,12,18
8,8,8,8,8.0,16,0,7
3,4,3,4,3.5,7,1,2
1,5,1,5,3.0,6,4,0
7,5,5,7,6.0,12,2,4
4,5,4,5,4.5,9,1,2
1,4,1,4,2.5,5,3,0
1,22,1,22,11.5,23,21,0
1,15,1,15,8.0,16,14,0
4,12,4,12,8.0,16,8,3
24,22,22,24,23.0,46,2,14
3,8,3,8,5.5,11,5,0
7,1,1,7,4.0,8,6,0
6,6,6,6,6.0,12,0,5
7,1,1,7,4.0,8,6,0
10,1,1,10,5.5,11,9,0
7,10,7,10,8.5,17,3,0
7,11,7,11,9.0,18,4,0
8,1,1,8,4.5,9,7,0
10,10,10,10,10.0,20,0,9
33,45,33,45,39.0,78,12,27
9,10,9,10,9.5,19,1,6
10,11,10,11,10.5,21,1,7
1,27,1,27,14.0,28,26,0
6,5,5,6,5.5,11,1,4
3,16,3,16,9.5,19,13,0
19,39,19,39,29.0,58,20,12
7,7,7,7,7.0,14,0,6
5,2,2,5,3.5,7,3,1
25,24,24,25,24.5,49,1,20
5,1,1,5,3.0,6,4,0
41,28,28,41,34.5,69,13,27
20,11,11,20,15.5,31,9,10
12,1,1,12,6.5,13,11,0
7,7,7,7,7.0,14,0,6
15,4,4,15,9.5,19,11,3
13,25,13,25,19.0,38,12,10
5,4,4,5,4.5,9,1,0
1,13,1,13,7.0,14,12,0
2,4,2,4,3.0,6,2,1
5,5,5,5,5.0,10,0,4
1,8,1,8,4.5,9,7,0
5,1,1,5,3.0,6,4,0
29,25,25,29,27.0,54,4,24
1,6,1,6,3.5,7,5,0
4,1,1,4,2.5,5,3,0
8,13,8,13,10.5,21,5,5
7,1,1,7,4.0,8,6,0
2,16,2,16,9.0,18,14,1
1,7,1,7,4.0,8,6,0
6,4,4,6,5.0,10,2,0
5,4,4,5,4.5,9,1,2
7,6,6,7,6.5,13,1,2
5,5,5,5,5.0,10,0,4
4,2,2,4,3.0,6,2,1
1,6,1,6,3.5,7,5,0
9,1,1,9,5.0,10,8,0
2,5,2,5,3.5,7,3,0
1,5,1,5,3.0,6,4,0
5,1,1,5,3.0,6,4,0
55,15,15,55,35.0,70,40,9
4,6,4,6,5.0,10,2,3
17,2,2,17,9.5,19,15,1
10,13,10,13,11.5,23,3,7
13,13,13,13,13.0,26,0,9
1,5,1,5,3.0,6,4,0
6,1,1,6,3.5,7,5,0
2,7,2,7,4.5,9,5,0
2,9,2,9,5.5,11,7,1
4,9,4,9,6.5,13,5,0
23,9,9,23,16.0,32,14,5
1,5,1,5,3.0,6,4,0
5,5,5,5,5.0,10,0,4
4,1,1,4,2.5,5,3,0
5,2,2,5,3.5,7,3,1
5,4,4,5,4.5,9,1,3
4,1,1,4,2.5,5,3,0
10,10,10,10,10.0,20,0,9
7,1,1,7,4.0,8,6,0
1,10,1,10,5.5,11,9,0
13,13,13,13,13.0,26,0,12
2,5,2,5,3.5,7,3,1
6,2,2,6,4.0,8,4,0
1,22,1,22,11.5,23,21,0
1,4,1,4,2.5,5,3,0
7,1,1,7,4.0,8,6,0
1,9,1,9,5.0,10,8,0
1,5,1,5,3.0,6,4,0
1,146,1,146,73.5,147,145,0
10,8,8,10,9.0,18,2,7
8,1,1,8,4.5,9,7,0
4,1,1,4,2.5,5,3,0
5,11,5,11,8.0,16,6,0
23,20,20,23,21.5,43,3,17
11,11,11,11,11.0,22,0,10
2,6,2,6,4.0,8,4,0
4,1,1,4,2.5,5,3,0
4,5,4,5,4.5,9,1,0
5,8,5,8,6.5,13,3,2
2,7,2,7,4.5,9,5,0
3,5,3,5,4.0,8,2,0
10,11,10,11,10.5,21,1,9
7,6,6,7,6.5,13,1,2
11,7,7,11,9.0,18,4,6
34,41,34,41,37.5,75,7,21
8,6,6,8,7.0,14,2,5
4,1,1,4,2.5,5,3,0
11,9,9,11,10.0,20,2,8
2,5,2,5,3.5,7,3,1
12,22,12,22,17.0,34,10,7
10,1,1,10,5.5,11,9,0
3,5,3,5,4.0,8,2,0
15,1,1,15,8.0,16,14,0
4,6,4,6,5.0,10,2,3
8,8,8,8,8.0,16,0,7
4,7,4,7,5.5,11,3,2
4,2,2,4,3.0,6,2,1
10,18,10,18,14.0,28,8,9
5,7,5,7,6.0,12,2,0
17,55,17,55,36.0,72,38,16
26,27,26,27,26.5,53,1,25
26,28,26,28,27.0,54,2,17
8,10,8,10,9.0,18,2,6
10,11,10,11,10.5,21,1,9
6,1,1,6,3.5,7,5,0
6,9,6,9,7.5,15,3,5
1,4,1,4,2.5,5,3,0
20,20,20,20,20.0,40,0,19
1,4,1,4,2.5,5,3,0
7,5,5,7,6.0,12,2,1
4,7,4,7,5.5,11,3,3
1,5,1,5,3.0,6,4,0
6,3,3,6,4.5,9,3,2
4,1,1,4,2.5,5,3,0
20,9,9,20,14.5,29,11,6
6,6,6,6,6.0,12,0,5
14,14,14,14,14.0,28,0,13
49,28,28,49,38.5,77,21,24
9,8,8,9,8.5,17,1,2
25,20,20,25,22.5,45,5,19
8,14,8,14,11.0,22,6,3
11,10,10,11,10.5,21,1,9
4,2,2,4,3.0,6,2,0
24,38,24,38,31.0,62,14,21
10,8,8,10,9.0,18,2,4
7,7,7,7,7.0,14,0,5
4,1,1,4,2.5,5,3,0
1,14,1,14,7.5,15,13,0
1,9,1,9,5.0,10,8,0
12,18,12,18,15.0,30,6,2
1,4,1,4,2.5,5,3,0
4,4,4,4,4.0,8,0,3
14,17,14,17,15.5,31,3,12
16,18,16,18,17.0,34,2,10
11,10,10,11,10.5,21,1,8
1,4,1,4,2.5,5,3,0
20,21,20,21,20.5,41,1,17
19,20,19,20,19.5,39,1,16
5,1,1,5,3.0,6,4,0
4,7,4,7,5.5,11,3,3
15,12,12,15,13.5,27,3,10
21,21,21,21,21.0,42,0,19
1,4,1,4,2.5,5,3,0
1,25,1,25,13.0,26,24,0
1,20,1,20,10.5,21,19,0
4,4,4,4,4.0,8,0,3
8,17,8,17,12.5,25,9,7
13,9,9,13,11.0,22,4,5
2,5,2,5,3.5,7,3,1
5,1,1,5,3.0,6,4,0
27,19,19,27,23.0,46,8,18
22,21,21,22,21.5,43,1,20
4,4,4,4,4.0,8,0,3
1,5,1,5,3.0,6,4,0
6,6,6,6,6.0,12,0,5
18,20,18,20,19.0,38,2,14
1,4,1,4,2.5,5,3,0
6,1,1,6,3.5,7,5,0
1,5,1,5,3.0,6,4,0
23,13,13,23,18.0,36,10,12
5,9,5,9,7.0,14,4,4
20,41,20,41,30.5,61,21,18
6,8,6,8,7.0,14,2,5
5,7,5,7,6.0,12,2,0
31,11,11,31,21.0,42,20,9
5,6,5,6,5.5,11,1,4
11,4,4,11,7.5,15,7,3
20,22,20,22,21.0,42,2,19
1,6,1,6,3.5,7,5,0
20,20,20,20,20.0,40,0,18
2,7,2,7,4.5,9,5,1
6,7,6,7,6.5,13,1,4
9,7,7,9,8.0,16,2,5
41,42,41,42,41.5,83,1,30
9,2,2,9,5.5,11,7,0
5,3,3,5,4.0,8,2,2
15,5,5,15,10.0,20,10,1
32,32,32,32,32.0,64,0,29
4,1,1,4,2.5,5,3,0
5,1,1,5,3.0,6,4,0
5,4,4,5,4.5,9,1,3
14,14,14,14,14.0,28,0,13
6,1,1,6,3.5,7,5,0
5,4,4,5,4.5,9,1,0
10,8,8,10,9.0,18,2,3
2,88,2,88,45.0,90,86,0
26,24,24,26,25.0,50,2,20
17,1,1,17,9.0,18,16,0
8,8,8,8,8.0,16,0,7
7,9,7,9,8.0,16,2,6
30,8,8,30,19.0,38,22,4
5,1,1,5,3.0,6,4,0
1,8,1,8,4.5,9,7,0
3,4,3,4,3.5,7,1,2
1,5,1,5,3.0,6,4,0
25,11,11,25,18.0,36,14,7
8,1,1,8,4.5,9,7,0
8,7,7,8,7.5,15,1,4
9,9,9,9,9.0,18,0,8
1,5,1,5,3.0,6,4,0
2,61,2,61,31.5,63,59,0
3,8,3,8,5.5,11,5,2
6,11,6,11,8.5,17,5,5
10,7,7,10,8.5,17,3,5
12,10,10,12,11.0,22,2,8
9,4,4,9,6.5,13,5,3
7,1,1,7,4.0,8,6,0
6,4,4,6,5.0,10,2,3
12,9,9,12,10.5,21,3,7
1,9,1,9,5.0,10,8,0
14,2,2,14,8.0,16,12,0
9,6,6,9,7.5,15,3,4
25,37,25,37,31.0,62,12,13
2,10,2,10,6.0,12,8,0
26,1,1,26,13.5,27,25,0
1,6,1,6,3.5,7,5,0
14,8,8,14,11.0,22,6,6
1,43,1,43,22.0,44,42,0
1,16,1,16,8.5,17,15,0
15,16,15,16,15.5,31,1,10
1,6,1,6,3.5,7,5,0
38,18,18,38,28.0,56,20,16
5,1,1,5,3.0,6,4,0
12,1,1,12,6.5,13,11,0
5,2,2,5,3.5,7,3,0
10,1,1,10,5.5,11,9,0
11,21,11,21,16.0,32,10,9
6,4,4,6,5.0,10,2,3
1,6,1,6,3.5,7,5,0
11,12,11,12,11.5,23,1,10
4,4,4,4,4.0,8,0,3
9,8,8,9,8.5,17,1,3
9,7,7,9,8.0,16,2,6
11,13,11,13,12.0,24,2,8
7,14,7,14,10.5,21,7,6
8,11,8,11,9.5,19,3,7
2,6,2,6,4.0,8,4,0
18,17,17,18,17.5,35,1,16
4,1,1,4,2.5,5,3,0
11,1,1,11,6.0,12,10,0
1,7,1,7,4.0,8,6,0
5,5,5,5,5.0,10,0,4
8,1,1,8,4.5,9,7,0
4,5,4,5,4.5,9,1,1
4,5,4,5,4.5,9,1,1
9,13,9,13,11.0,22,4,7
4,1,1,4,2.5,5,3,0
20,20,20,20,20.0,40,0,19
17,18,17,18,17.5,35,1,15
6,6,6,6,6.0,12,0,4
1,5,1,5,3.0,6,4,0
8,6,6,8,7.0,14,2,5
1,5,1,5,3.0,6,4,0
1,4,1,4,2.5,5,3,0
1,24,1,24,12.5,25,23,0
27,24,24,27,25.5,51,3,23
4,1,1,4,2.5,5,3,0
4,18,4,18,11.0,22,14,3
3,13,3,13,8.0,16,10,0
8,15,8,15,11.5,23,7,6
9,9,9,9,9.0,18,0,8
12,28,12,28,20.0,40,16,10
9,7,7,9,8.0,16,2,5
11,5,5,11,8.0,16,6,4
12,9,9,12,10.5,21,3,7
18,10,10,18,14.0,28,8,4
12,4,4,12,8.0,16,8,3
1,4,1,4,2.5,5,3,0
4,1,1,4,2.5,5,3,0
5,1,1,5,3.0,6,4,0
40,44,40,44,42.0,84,4,37
1,31,1,31,16.0,32,30,0
5,1,1,5,3.0,6,4,0
14,13,13,14,13.5,27,1,11
25,23,23,25,24.0,48,2,21
51,29,29,51,40.0,80,22,19
4,9,4,9,6.5,13,5,0
11,9,9,11,10.0,20,2,8
2,6,2,6,4.0,8,4,0
4,6,4,6,5.0,10,2,3
5,4,4,5,4.5,9,1,2
20,20,20,20,20.0,40,0,17
7,5,5,7,6.0,12,2,4
19,20,19,20,19.5,39,1,18
5,2,2,5,3.5,7,3,0
6,4,4,6,5.0,10,2,3
1,4,1,4,2.5,5,3,0
1,5,1,5,3.0,6,4,0
7,3,3,7,5.0,10,4,0
6,1,1,6,3.5,7,5,0
18,13,13,18,15.5,31,5,10
1,4,1,4,2.5,5,3,0
5,3,3,5,4.0,8,2,2
4,1,1,4,2.5,5,3,0
5,6,5,6,5.5,11,1,3
12,1,1,12,6.5,13,11,0
13,13,13,13,13.0,26,0,8
10,4,4,10,7.0,14,6,2
1,5,1,5,3.0,6,4,0
7,2,2,7,4.5,9,5,0
1,55,1,55,28.0,56,54,0
4,1,1,4,2.5,5,3,0
5,2,2,5,3.5,7,3,1
1,4,1,4,2.5,5,3,0
1,9,1,9,5.0,10,8,0
6,5,5,6,5.5,11,1,4
15,13,13,15,14.0,28,2,10
1,10,1,10,5.5,11,9,0
1,4,1,4,2.5,5,3,0
20,1,1,20,10.5,21,19,0
4,7,4,7,5.5,11,3,3
16,14,14,16,15.0,30,2,11
8,6,6,8,7.0,14,2,5
10,15,10,15,12.5,25,5,9
31,32,31,32,31.5,63,1,24
4,1,1,4,2.5,5,3,0
1,10,1,10,5.5,11,9,0
17,9,9,17,13.0,26,8,7
4,61,4,61,32.5,65,57,0
1,4,1,4,2.5,5,3,0
11,9,9,11,10.0,20,2,8
9,5,5,9,7.0,14,4,1
1,4,1,4,2.5,5,3,0
2,10,2,10,6.0,12,8,0
8,8,8,8,8.0,16,0,1
4,13,4,13,8.5,17,9,2
6,6,6,6,6.0,12,0,5
6,6,6,6,6.0,12,0,5
4,4,4,4,4.0,8,0,3
2,4,2,4,3.0,6,2,1
1,7,1,7,4.0,8,6,0
13,9,9,13,11.0,22,4,7
13,9,9,13,11.0,22,4,8
18,15,15,18,16.5,33,3,14
4,1,1,4,2.5,5,3,0
6,2,2,6,4.0,8,4,0
4,1,1,4,2.5,5,3,0
10,10,10,10,10.0,20,0,9
12,12,12,12,12.0,24,0,11
16,21,16,21,18.5,37,5,15
14,20,14,20,17.0,34,6,11
21,21,21,21,21.0,42,0,19
9,2,2,9,5.5,11,7,1
6,6,6,6,6.0,12,0,3
16,21,16,21,18.5,37,5,12
1,39,1,39,20.0,40,38,0
1,8,1,8,4.5,9,7,0
32,32,32,32,32.0,64,0,31
4,1,1,4,2.5,5,3,0
4,4,4,4,4.0,8,0,2
18,18,18,18,18.0,36,0,14
3,13,3,13,8.0,16,10,1
9,4,4,9,6.5,13,5,2
1,5,1,5,3.0,6,4,0
5,5,5,5,5.0,10,0,4
1,4,1,4,2.5,5,3,0
1,5,1,5,3.0,6,4,0
5,4,4,5,4.5,9,1,2
6,7,6,7,6.5,13,1,5
16,5,5,16,10.5,21,11,4
14,8,8,14,11.0,22,6,6
32,32,32,32,32.0,64,0,30
1,5,1,5,3.0,6,4,0
12,10,10,12,11.0,22,2,9
4,1,1,4,2.5,5,3,0
5,5,5,5,5.0,10,0,4
6,11,6,11,8.5,17,5,5
1,4,1,4,2.5,5,3,0
6,1,1,6,3.5,7,5,0
4,2,2,4,3.0,6,2,1
4,4,4,4,4.0,8,0,3
24,29,24,29,26.5,53,5,23
8,8,8,8,8.0,16,0,7
8,8,8,8,8.0,16,0,1
7,3,3,7,5.0,10,4,1
48,14,14,48,31.0,62,34,13
7,5,5,7,6.0,12,2,2
1,26,1,26,13.5,27,25,0
8,1,1,8,4.5,9,7,0
7,7,7,7,7.0,14,0,4
8,10,8,10,9.0,18,2,6
4,1,1,4,2.5,5,3,0
3,7,3,7,5.0,10,4,0
23,6,6,23,14.5,29,17,3
9,3,3,9,6.0,12,6,0
22,22,22,22,22.0,44,0,20
3,5,3,5,4.0,8,2,1
10,6,6,10,8.0,16,4,1
18,24,18,24,21.0,42,6,17
16,12,12,16,14.0,28,4,9
18,22,18,22,20.0,40,4,12
17,49,17,49,33.0,66,32,16
5,1,1,5,3.0,6,4,0
6,7,6,7,6.5,13,1,5
8,1,1,8,4.5,9,7,0
1,7,1,7,4.0,8,6,0
5,3,3,5,4.0,8,2,1
30,32,30,32,31.0,62,2,29
1,12,1,12,6.5,13,11,0
3,4,3,4,3.5,7,1,2
5,6,5,6,5.5,11,1,4
11,18,11,18,14.5,29,7,9
1,6,1,6,3.5,7,5,0
2,7,2,7,4.5,9,5,0
15,20,15,20,17.5,35,5,14
4,4,4,4,4.0,8,0,3
5,8,5,8,6.5,13,3,4
27,21,21,27,24.0,48,6,17
1,4,1,4,2.5,5,3,0
1,4,1,4,2.5,5,3,0
19,17,17,19,18.0,36,2,15
14,12,12,14,13.0,26,2,11
3,7,3,7,5.0,10,4,0
1,13,1,13,7.0,14,12,0
5,2,2,5,3.5,7,3,1
1,8,1,8,4.5,9,7,0
6,1,1,6,3.5,7,5,0
4,5,4,5,4.5,9,1,3
19,20,19,20,19.5,39,1,18
9,19,9,19,14.0,28,10,7
45,47,45,47,46.0,92,2,44
10,9,9,10,9.5,19,1,8
1,4,1,4,2.5,5,3,0
12,9,9,12,10.5,21,3,7
1,9,1,9,5.0,10,8,0
4,1,1,4,2.5,5,3,0
1,9,1,9,5.0,10,8,0
1,6,1,6,3.5,7,5,0
4,1,1,4,2.5,5,3,0
14,61,14,61,37.5,75,47,3
6,1,1,6,3.5,7,5,0
7,2,2,7,4.5,9,5,1
1,4,1,4,2.5,5,3,0
9,8,8,9,8.5,17,1,5
12,12,12,12,12.0,24,0,11
8,8,8,8,8.0,16,0,6
1,5,1,5,3.0,6,4,0
13,13,13,13,13.0,26,0,12
26,38,26,38,32.0,64,12,22
5,2,2,5,3.5,7,3,1
20,20,20,20,20.0,40,0,18
2,5,2,5,3.5,7,3,0
10,4,4,10,7.0,14,6,0
4,4,4,4,4.0,8,0,3
6,8,6,8,7.0,14,2,5
8,9,8,9,8.5,17,1,7
8,15,8,15,11.5,23,7,5
4,4,4,4,4.0,8,0,3
6,5,5,6,5.5,11,1,4
7,6,6,7,6.5,13,1,5
1,4,1,4,2.5,5,3,0
1,4,1,4,2.5,5,3,0
1,6,1,6,3.5,7,5,0
5,6,5,6,5.5,11,1,4
1,4,1,4,2.5,5,3,0
9,7,7,9,8.0,16,2,4
2,14,2,14,8.0,16,12,0
1,4,1,4,2.5,5,3,0
6,6,6,6,6.0,12,0,2
5,1,1,5,3.0,6,4,0
13,12,12,13,12.5,25,1,11
11,4,4,11,7.5,15,7,3
8,8,8,8,8.0,16,0,7
11,15,11,15,13.0,26,4,9
15,14,14,15,14.5,29,1,13
14,12,12,14,13.0,26,2,11
5,1,1,5,3.0,6,4,0
24,24,24,24,24.0,48,0,23
8,1,1,8,4.5,9,7,0
4,1,1,4,2.5,5,3,0
10,10,10,10,10.0,20,0,6
10,5,5,10,7.5,15,5,3
2,6,2,6,4.0,8,4,1
6,1,1,6,3.5,7,5,0
6,1,1,6,3.5,7,5,0
2,5,2,5,3.5,7,3,0
13,13,13,13,13.0,26,0,8
12,12,12,12,12.0,24,0,11
4,4,4,4,4.0,8,0,3
32,28,28,32,30.0,60,4,21
6,4,4,6,5.0,10,2,3
15,4,4,15,9.5,19,11,0
7,7,7,7,7.0,14,0,2
7,8,7,8,7.5,15,1,6
4,31,4,31,17.5,35,27,0
19,9,9,19,14.0,28,10,6
26,1,1,26,13.5,27,25,0
13,1,1,13,7.0,14,12,0
4,3,3,4,3.5,7,1,1
4,3,3,4,3.5,7,1,2
8,8,8,8,8.0,16,0,5
12,11,11,12,11.5,23,1,9
4,4,4,4,4.0,8,0,3
7,7,7,7,7.0,14,0,6
4,4,4,4,4.0,8,0,3
1,7,1,7,4.0,8,6,0
15,10,10,15,12.5,25,5,1
4,1,1,4,2.5,5,3,0
1,4,1,4,2.5,5,3,0
5,2,2,5,3.5,7,3,1
11,6,6,11,8.5,17,5,5
5,1,1,5,3.0,6,4,0
9,8,8,9,8.5,17,1,7
11,11,11,11,11.0,22,0,8
2,7,2,7,4.5,9,5,1
16,14,14,16,15.0,30,2,13
4,1,1,4,2.5,5,3,0
1,4,1,4,2.5,5,3,0
1,17,1,17,9.0,18,16,0
7,6,6,7,6.5,13,1,5
1,4,1,4,2.5,5,3,0
17,16,16,17,16.5,33,1,15
4,3,3,4,3.5,7,1,1
13,5,5,13,9.0,18,8,0
5,1,1,5,3.0,6,4,0
5,1,1,5,3.0,6,4,0
30,4,4,30,17.0,34,26,1
18,13,13,18,15.5,31,5,12
17,15,15,17,16.0,32,2,13
10,5,5,10,7.5,15,5,3
4,5,4,5,4.5,9,1,3
1,4,1,4,2.5,5,3,0
12,11,11,12,11.5,23,1,10
6,1,1,6,3.5,7,5,0
3,5,3,5,4.0,8,2,2
22,10,10,22,16.0,32,12,5
13,17,13,17,15.0,30,4,12
4,4,4,4,4.0,8,0,3
5,1,1,5,3.0,6,4,0
10,20,10,20,15.0,30,10,1
5,4,4,5,4.5,9,1,3
5,4,4,5,4.5,9,1,3
17,35,17,35,26.0,52,18,13
1,4,1,4,2.5,5,3,0
4,1,1,4,2.5,5,3,0
18,21,18,21,19.5,39,3,16
6,8,6,8,7.0,14,2,5
11,1,1,11,6.0,12,10,0
5,5,5,5,5.0,10,0,4
1,6,1,6,3.5,7,5,0
7,1,1,7,4.0,8,6,0
5,3,3,5,4.0,8,2,2
8,5,5,8,6.5,13,3,4
7,6,6,7,6.5,13,1,5
8,12,8,12,10.0,20,4,2
5,6,5,6,5.5,11,1,4
5,1,1,5,3.0,6,4,0
7,7,7,7,7.0,14,0,5
9,11,9,11,10.0,20,2,6
8,5,5,8,6.5,13,3,3
7,1,1,7,4.0,8,6,0
37,22,22,37,29.5,59,15,16
34,15,15,34,24.5,49,19,9
8,88,8,88,48.0,96,80,0
29,35,29,35,32.0,64,6,23
4,1,1,4,2.5,5,3,0
5,5,5,5,5.0,10,0,3
14,1,1,14,7.5,15,13,0
11,13,11,13,12.0,24,2,6
18,15,15,18,16.5,33,3,11
40,44,40,44,42.0,84,4,38
31,33,31,33,32.0,64,2,25
5,1,1,5,3.0,6,4,0
8,10,8,10,9.0,18,2,7
22,37,22,37,29.5,59,15,20
1,6,1,6,3.5,7,5,0
1,10,1,10,5.5,11,9,0
14,13,13,14,13.5,27,1,11
8,9,8,9,8.5,17,1,7
5,2,2,5,3.5,7,3,0
32,33,32,33,32.5,65,1,31
6,7,6,7,6.5,13,1,5
14,17,14,17,15.5,31,3,11
15,22,15,22,18.5,37,7,13
5,1,1,5,3.0,6,4,0
11,6,6,11,8.5,17,5,5
10,1,1,10,5.5,11,9,0
4,1,1,4,2.5,5,3,0
8,1,1,8,4.5,9,7,0
7,4,4,7,5.5,11,3,3
13,18,13,18,15.5,31,5,12
2,6,2,6,4.0,8,4,0
1,24,1,24,12.5,25,23,0
10,10,10,10,10.0,20,0,8
13,19,13,19,16.0,32,6,9
14,14,14,14,14.0,28,0,13
41,36,36,41,38.5,77,5,32
9,3,3,9,6.0,12,6,2
1,5,1,5,3.0,6,4,0
1,4,1,4,2.5,5,3,0
15,10,10,15,12.5,25,5,9
18,25,18,25,21.5,43,7,15
4,7,4,7,5.5,11,3,0
39,19,19,39,29.0,58,20,18
8,1,1,8,4.5,9,7,0
10,1,1,10,5.5,11,9,0
8,7,7,8,7.5,15,1,6
5,5,5,5,5.0,10,0,1
4,9,4,9,6.5,13,5,3
4,1,1,4,2.5,5,3,0
1,14,1,14,7.5,15,13,0
2,11,2,11,6.5,13,9,1
28,27,27,28,27.5,55,1,26
4,1,1,4,2.5,5,3,0
1,8,1,8,4.5,9,7,0
10,13,10,13,11.5,23,3,9
7,7,7,7,7.0,14,0,6
5,5,5,5,5.0,10,0,4
6,5,5,6,5.5,11,1,0
10,1,1,10,5.5,11,9,0
3,6,3,6,4.5,9,3,2
15,16,15,16,15.5,31,1,12
1,6,1,6,3.5,7,5,0
3,14,3,14,8.5,17,11,2
8,25,8,25,16.5,33,17,4
9,6,6,9,7.5,15,3,2
1,10,1,10,5.5,11,9,0
36,7,7,36,21.5,43,29,5
1,6,1,6,3.5,7,5,0
1,5,1,5,3.0,6,4,0
6,5,5,6,5.5,11,1,3
9,8,8,9,8.5,17,1,3
11,10,10,11,10.5,21,1,8
7,5,5,7,6.0,12,2,3
1,4,1,4,2.5,5,3,0
11,2,2,11,6.5,13,9,1
8,8,8,8,8.0,16,0,7
4,1,1,4,2.5,5,3,0
5,5,5,5,5.0,10,0,4
10,12,10,12,11.0,22,2,9
1,6,1,6,3.5,7,5,0
11,11,11,11,11.0,22,0,10
9,1,1,9,5.0,10,8,0
14,8,8,14,11.0,22,6,5
17,25,17,25,21.0,42,8,15
2,4,2,4,3.0,6,2,1
10,9,9,10,9.5,19,1,8
1,8,1,8,4.5,9,7,0
12,9,9,12,10.5,21,3,6
40,26,26,40,33.0,66,14,21
12,1,1,12,6.5,13,11,0
5,4,4,5,4.5,9,1,3
5,5,5,5,5.0,10,0,3
1,6,1,6,3.5,7,5,0
13,11,11,13,12.0,24,2,10
5,1,1,5,3.0,6,4,0
6,1,1,6,3.5,7,5,0
55,18,18,55,36.5,73,37,11
6,1,1,6,3.5,7,5,0
12,1,1,12,6.5,13,11,0
42,15,15,42,28.5,57,27,10
4,1,1,4,2.5,5,3,0
29,34,29,34,31.5,63,5,15
10,1,1,10,5.5,11,9,0
4,3,3,4,3.5,7,1,2
5,1,1,5,3.0,6,4,0
12,9,9,12,10.5,21,3,5
9,13,9,13,11.0,22,4,8
1,4,1,4,2.5,5,3,0
5,1,1,5,3.0,6,4,0
27,28,27,28,27.5,55,1,26
1,44,1,44,22.5,45,43,0
4,6,4,6,5.0,10,2,3
9,11,9,11,10.0,20,2,8
20,19,19,20,19.5,39,1,18
3,6,3,6,4.5,9,3,1
13,10,10,13,11.5,23,3,7
7,5,5,7,6.0,12,2,4
11,12,11,12,11.5,23,1,8
12,11,11,12,11.5,23,1,10
7,6,6,7,6.5,13,1,5
5,20,5,20,12.5,25,15,4
1,4,1,4,2.5,5,3,0
18,33,18,33,25.5,51,15,14
7,7,7,7,7.0,14,0,6
11,22,11,22,16.5,33,11,10
32,33,32,33,32.5,65,1,25
4,5,4,5,4.5,9,1,3
8,1,1,8,4.5,9,7,0
4,1,1,4,2.5,5,3,0
4,6,4,6,5.0,10,2,1
4,1,1,4,2.5,5,3,0
1,4,1,4,2.5,5,3,0
41,43,41,43,42.0,84,2,32
17,10,10,17,13.5,27,7,8
2,4,2,4,3.0,6,2,1
11,2,2,11,6.5,13,9,1
7,8,7,8,7.5,15,1,0
12,15,12,15,13.5,27,3,11
29,27,27,29,28.0,56,2,24
7,36,7,36,21.5,43,29,5
4,4,4,4,4.0,8,0,3
10,9,9,10,9.5,19,1,7
10,105,10,105,57.5,115,95,3
4,1,1,4,2.5,5,3,0
8,8,8,8,8.0,16,0,5
12,12,12,12,12.0,24,0,11
1,28,1,28,14.5,29,27,0
12,22,12,22,17.0,34,10,10
9,19,9,19,14.0,28,10,4
28,40,28,40,34.0,68,12,22
9,9,9,9,9.0,18,0,4
17,26,17,26,21.5,43,9,16
9,5,5,9,7.0,14,4,4
4,3,3,4,3.5,7,1,2
1,30,1,30,15.5,31,29,0
6,1,1,6,3.5,7,5,0
7,6,6,7,6.5,13,1,4
1,5,1,5,3.0,6,4,0
5,4,4,5,4.5,9,1,3
2,9,2,9,5.5,11,7,1
1,10,1,10,5.5,11,9,0
1,32,1,32,16.5,33,31,0
14,5,5,14,9.5,19,9,2
6,11,6,11,8.5,17,5,3
9,7,7,9,8.0,16,2,6
12,17,12,17,14.5,29,5,10
10,7,7,10,8.5,17,3,6
4,1,1,4,2.5,5,3,0
4,5,4,5,4.5,9,1,3
7,9,7,9,8.0,16,2,5
1,6,1,6,3.5,7,5,0
6,2,2,6,4.0,8,4,0
12,8,8,12,10.0,20,4,5
3,4,3,4,3.5,7,1,2
1,9,1,9,5.0,10,8,0
4,2,2,4,3.0,6,2,1
5,4,4,5,4.5,9,1,2
7,5,5,7,6.0,12,2,4
15,15,15,15,15.0,30,0,13
26,22,22,26,24.0,48,4,19
7,2,2,7,4.5,9,5,1
18,25,18,25,21.5,43,7,17
20,21,20,21,20.5,41,1,19
8,12,8,12,10.0,20,4,7
8,1,1,8,4.5,9,7,0
10,6,6,10,8.0,16,4,4
5,5,5,5,5.0,10,0,4
6,5,5,6,5.5,11,1,3
3,8,3,8,5.5,11,5,0
2,8,2,8,5.0,10,6,0
5,2,2,5,3.5,7,3,1
7,7,7,7,7.0,14,0,6
5,3,3,5,4.0,8,2,2
36,19,19,36,27.5,55,17,17
18,17,17,18,17.5,35,1,14
5,1,1,5,3.0,6,4,0
6,3,3,6,4.5,9,3,2
5,5,5,5,5.0,10,0,4
12,22,12,22,17.0,34,10,9
11,12,11,12,11.5,23,1,10
9,1,1,9,5.0,10,8,0
1,7,1,7,4.0,8,6,0
5,6,5,6,5.5,11,1,4
11,10,10,11,10.5,21,1,9
13,6,6,13,9.5,19,7,5
9,7,7,9,8.0,16,2,6
1,5,1,5,3.0,6,4,0
4,5,4,5,4.5,9,1,3
38,49,38,49,43.5,87,11,19
26,17,17,26,21.5,43,9,13
5,1,1,5,3.0,6,4,0
2,12,2,12,7.0,14,10,1
11,1,1,11,6.0,12,10,0
1,29,1,29,15.0,30,28,0
24,27,24,27,25.5,51,3,19
5,1,1,5,3.0,6,4,0
33,27,27,33,30.0,60,6,19
2,6,2,6,4.0,8,4,0
17,1,1,17,9.0,18,16,0
25,22,22,25,23.5,47,3,19
146,23,23,146,84.5,169,123,17
2,4,2,4,3.0,6,2,1
9,22,9,22,15.5,31,13,8
7,8,7,8,7.5,15,1,6
1,4,1,4,2.5,5,3,0
9,6,6,9,7.5,15,3,3
5,1,1,5,3.0,6,4,0
4,1,1,4,2.5,5,3,0
11,13,11,13,12.0,24,2,9
6,15,6,15,10.5,21,9,4
5,1,1,5,3.0,6,4,0
24,16,16,24,20.0,40,8,13
1,4,1,4,2.5,5,3,0
8,6,6,8,7.0,14,2,5
8,1,1,8,4.5,9,7,0
6,2,2,6,4.0,8,4,0
5,6,5,6,5.5,11,1,4
8,7,7,8,7.5,15,1,4
33,25,25,33,29.0,58,8,24
1,6,1,6,3.5,7,5,0
7,5,5,7,6.0,12,2,3
8,7,7,8,7.5,15,1,5
9,1,1,9,5.0,10,8,0
1,5,1,5,3.0,6,4,0
1,12,1,12,6.5,13,11,0
12,12,12,12,12.0,24,0,11
1,5,1,5,3.0,6,4,0
2,14,2,14,8.0,16,12,1
7,28,7,28,17.5,35,21,2
6,7,6,7,6.5,13,1,5
1,4,1,4,2.5,5,3,0
4,5,4,5,4.5,9,1,3
4,1,1,4,2.5,5,3,0
8,5,5,8,6.5,13,3,4
4,1,1,4,2.5,5,3,0
7,1,1,7,4.0,8,6,0
1,107,1,107,54.0,108,106,0
1,5,1,5,3.0,6,4,0
10,9,9,10,9.5,19,1,8
6,7,6,7,6.5,13,1,5
1,24,1,24,12.5,25,23,0
1,4,1,4,2.5,5,3,0
7,4,4,7,5.5,11,3,2
4,2,2,4,3.0,6,2,1
14,16,14,16,15.0,30,2,7
4,1,1,4,2.5,5,3,0
8,5,5,8,6.5,13,3,3
8,9,8,9,8.5,17,1,7
1,4,1,4,2.5,5,3,0
3,4,3,4,3.5,7,1,2
11,10,10,11,10.5,21,1,8
4,1,1,4,2.5,5,3,0
12,7,7,12,9.5,19,5,0
33,25,25,33,29.0,58,8,17
1,10,1,10,5.5,11,9,0
4,6,4,6,5.0,10,2,3
12,17,12,17,14.5,29,5,9
9,1,1,9,5.0,10,8,0
8,4,4,8,6.0,12,4,3
7,6,6,7,6.5,13,1,5
10,12,10,12,11.0,22,2,5
6,1,1,6,3.5,7,5,0
7,19,7,19,13.0,26,12,6
1,28,1,28,14.5,29,27,0
8,1,1,8,4.5,9,7,0
1,5,1,5,3.0,6,4,0
1,10,1,10,5.5,11,9,0
1,21,1,21,11.0,22,20,0
1,19,1,19,10.0,20,18,0
18,20,18,20,19.0,38,2,14
4,1,1,4,2.5,5,3,0
6,2,2,6,4.0,8,4,1
31,26,26,31,28.5,57,5,18
5,17,5,17,11.0,22,12,0
5,1,1,5,3.0,6,4,0
7,8,7,8,7.5,15,1,6
5,1,1,5,3.0,6,4,0
3,6,3,6,4.5,9,3,1
5,26,5,26,15.5,31,21,0
11,11,11,11,11.0,22,0,10
8,8,8,8,8.0,16,0,7
4,1,1,4,2.5,5,3,0
3,4,3,4,3.5,7,1,2
2,4,2,4,3.0,6,2,1
16,20,16,20,18.0,36,4,12
5,1,1,5,3.0,6,4,0
48,34,34,48,41.0,82,14,23
5,5,5,5,5.0,10,0,2
2,4,2,4,3.0,6,2,1
9,2,2,9,5.5,11,7,0
24,18,18,24,21.0,42,6,14
5,1,1,5,3.0,6,4,0
8,1,1,8,4.5,9,7,0
5,4,4,5,4.5,9,1,3
12,18,12,18,15.0,30,6,6
14,13,13,14,13.5,27,1,12
1,4,1,4,2.5,5,3,0
11,1,1,11,6.0,12,10,0
9,1,1,9,5.0,10,8,0
12,22,12,22,17.0,34,10,11
4,4,4,4,4.0,8,0,2
49,23,23,49,36.0,72,26,20
23,9,9,23,16.0,32,14,1
5,30,5,30,17.5,35,25,1
5,5,5,5,5.0,10,0,4
9,5,5,9,7.0,14,4,4
9,2,2,9,5.5,11,7,1
17,1,1,17,9.0,18,16,0
7,8,7,8,7.5,15,1,3
1,7,1,7,4.0,8,6,0
29,46,29,46,37.5,75,17,24
9,26,9,26,17.5,35,17,0
4,1,1,4,2.5,5,3,0
23,22,22,23,22.5,45,1,3
2,7,2,7,4.5,9,5,0
12,30,12,30,21.0,42,18,8
2,4,2,4,3.0,6,2,1
25,15,15,25,20.0,40,10,11
38,38,38,38,38.0,76,0,33
54,38,38,54,46.0,92,16,30
7,19,7,19,13.0,26,12,5
9,1,1,9,5.0,10,8,0
4,4,4,4,4.0,8,0,3
1,4,1,4,2.5,5,3,0
4,1,1,4,2.5,5,3,0
4,3,3,4,3.5,7,1,2
6,2,2,6,4.0,8,4,0
11,10,10,11,10.5,21,1,9
3,7,3,7,5.0,10,4,2
6,1,1,6,3.5,7,5,0
4,16,4,16,10.0,20,12,3
4,5,4,5,4.5,9,1,3
22,27,22,27,24.5,49,5,19
11,10,10,11,10.5,21,1,8
1,13,1,13,7.0,14,12,0
12,8,8,12,10.0,20,4,6
29,2,2,29,15.5,31,27,1
4,1,1,4,2.5,5,3,0
13,1,1,13,7.0,14,12,0
42,18,18,42,30.0,60,24,17
1,75,1,75,38.0,76,74,0
4,1,1,4,2.5,5,3,0
2,4,2,4,3.0,6,2,1
2,5,2,5,3.5,7,3,1
2,21,2,21,11.5,23,19,0
8,7,7,8,7.5,15,1,6
4,1,1,4,2.5,5,3,0
26,25,25,26,25.5,51,1,23
9,29,9,29,19.0,38,20,0
13,15,13,15,14.0,28,2,12
4,12,4,12,8.0,16,8,3
5,7,5,7,6.0,12,2,3
5,5,5,5,5.0,10,0,4
5,1,1,5,3.0,6,4,0
4,1,1,4,2.5,5,3,0
8,1,1,8,4.5,9,7,0
4,1,1,4,2.5,5,3,0
5,1,1,5,3.0,6,4,0
1,4,1,4,2.5,5,3,0
5,4,4,5,4.5,9,1,3
1,6,1,6,3.5,7,5,0
4,1,1,4,2.5,5,3,0
1,5,1,5,3.0,6,4,0
7,9,7,9,8.0,16,2,6
7,8,7,8,7.5,15,1,6
19,19,19,19,19.0,38,0,18
1,4,1,4,2.5,5,3,0
10,1,1,10,5.5,11,9,0
7,14,7,14,10.5,21,7,6
9,9,9,9,9.0,18,0,7
15,15,15,15,15.0,30,0,14
1,4,1,4,2.5,5,3,0
30,10,10,30,20.0,40,20,3
14,12,12,14,13.0,26,2,7
1,8,1,8,4.5,9,7,0
9,8,8,9,8.5,17,1,7
4,1,1,4,2.5,5,3,0
6,9,6,9,7.5,15,3,4
13,8,8,13,10.5,21,5,2
14,8,8,14,11.0,22,6,0
1,7,1,7,4.0,8,6,0
1,6,1,6,3.5,7,5,0
8,17,8,17,12.5,25,9,7
6,2,2,6,4.0,8,4,1
6,10,6,10,8.0,16,4,5
24,23,23,24,23.5,47,1,22
23,32,23,32,27.5,55,9,20
16,4,4,16,10.0,20,12,1
7,5,5,7,6.0,12,2,4
9,10,9,10,9.5,19,1,8
54,27,27,54,40.5,81,27,25
6,6,6,6,6.0,12,0,5
23,16,16,23,19.5,39,7,14
11,10,10,11,10.5,21,1,9
1,77,1,77,39.0,78,76,0
26,26,26,26,26.0,52,0,25
6,9,6,9,7.5,15,3,5
12,14,12,14,13.0,26,2,11
7,10,7,10,8.5,17,3,6
6,1,1,6,3.5,7,5,0
29,34,29,34,31.5,63,5,27
1,105,1,105,53.0,106,104,0
1,40,1,40,20.5,41,39,0
3,6,3,6,4.5,9,3,2
23,17,17,23,20.0,40,6,13
4,1,1,4,2.5,5,3,0
5,1,1,5,3.0,6,4,0
1,5,1,5,3.0,6,4,0
20,30,20,30,25.0,50,10,17
5,5,5,5,5.0,10,0,2
1,5,1,5,3.0,6,4,0
4,8,4,8,6.0,12,4,3
7,2,2,7,4.5,9,5,0
16,6,6,16,11.0,22,10,4
4,1,1,4,2.5,5,3,0
4,4,4,4,4.0,8,0,3
7,7,7,7,7.0,14,0,6
29,6,6,29,17.5,35,23,5
4,1,1,4,2.5,5,3,0
9,9,9,9,9.0,18,0,7
19,22,19,22,20.5,41,3,18
6,8,6,8,7.0,14,2,3
9,8,8,9,8.5,17,1,7
41,29,29,41,35.0,70,12,21
19,14,14,19,16.5,33,5,13
1,5,1,5,3.0,6,4,0
1,4,1,4,2.5,5,3,0
41,40,40,41,40.5,81,1,39
5,5,5,5,5.0,10,0,4
2,4,2,4,3.0,6,2,1
4,1,1,4,2.5,5,3,0
31,32,31,32,31.5,63,1,29
5,5,5,5,5.0,10,0,4
8,8,8,8,8.0,16,0,7
6,8,6,8,7.0,14,2,2
4,1,1,4,2.5,5,3,0
4,1,1,4,2.5,5,3,0
4,1,1,4,2.5,5,3,0
6,4,4,6,5.0,10,2,3
9,8,8,9,8.5,17,1,7
23,17,17,23,20.0,40,6,12
6,2,2,6,4.0,8,4,1
1,4,1,4,2.5,5,3,0
32,25,25,32,28.5,57,7,15
1,5,1,5,3.0,6,4,0
1,4,1,4,2.5,5,3,0
9,10,9,10,9.5,19,1,8
4,1,1,4,2.5,5,3,0
11,10,10,11,10.5,21,1,9
1,4,1,4,2.5,5,3,0
38,1,1,38,19.5,39,37,0
1,6,1,6,3.5,7,5,0
4,1,1,4,2.5,5,3,0
8,1,1,8,4.5,9,7,0
2,5,2,5,3.5,7,3,0
13,1,1,13,7.0,14,12,0
12,15,12,15,13.5,27,3,11
1,5,1,5,3.0,6,4,0
5,6,5,6,5.5,11,1,3
1,4,1,4,2.5,5,3,0
6,1,1,6,3.5,7,5,0
10,5,5,10,7.5,15,5,4
7,8,7,8,7.5,15,1,6
5,1,1,5,3.0,6,4,0
8,9,8,9,8.5,17,1,6
15,10,10,15,12.5,25,5,7
3,4,3,4,3.5,7,1,2
1,13,1,13,7.0,14,12,0
5,1,1,5,3.0,6,4,0
4,4,4,4,4.0,8,0,3
5,6,5,6,5.5,11,1,2
4,1,1,4,2.5,5,3,0
1,4,1,4,2.5,5,3,0
2,4,2,4,3.0,6,2,0
5,1,1,5,3.0,6,4,0
8,5,5,8,6.5,13,3,2
1,8,1,8,4.5,9,7,0
32,32,32,32,32.0,64,0,31
3,4,3,4,3.5,7,1,2
15,1,1,15,8.0,16,14,0
1,9,1,9,5.0,10,8,0
24,5,5,24,14.5,29,19,4
26,27,26,27,26.5,53,1,25
1,88,1,88,44.5,89,87,0
43,26,26,43,34.5,69,17,20
5,5,5,5,5.0,10,0,3
10,7,7,10,8.5,17,3,6
4,3,3,4,3.5,7,1,2
7,1,1,7,4.0,8,6,0
2,8,2,8,5.0,10,6,0
16,1,1,16,8.5,17,15,0
5,7,5,7,6.0,12,2,3
9,9,9,9,9.0,18,0,8
4,4,4,4,4.0,8,0,1
2,24,2,24,13.0,26,22,0
19,19,19,19,19.0,38,0,17
13,18,13,18,15.5,31,5,10
9,8,8,9,8.5,17,1,6
2,4,2,4,3.0,6,2,1
4,1,1,4,2.5,5,3,0
21,15,15,21,18.0,36,6,14
9,6,6,9,7.5,15,3,0
1,5,1,5,3.0,6,4,0
25,31,25,31,28.0,56,6,22
27,24,24,27,25.5,51,3,23
4,1,1,4,2.5,5,3,0
21,31,21,31,26.0,52,10,14
26,25,25,26,25.5,51,1,23
4,4,4,4,4.0,8,0,3
5,1,1,5,3.0,6,4,0
12,27,12,27,19.5,39,15,11
5,1,1,5,3.0,6,4,0
1,4,1,4,2.5,5,3,0
7,7,7,7,7.0,14,0,4
17,6,6,17,11.5,23,11,4
1,5,1,5,3.0,6,4,0
13,13,13,13,13.0,26,0,12
5,3,3,5,4.0,8,2,2
47,40,40,47,43.5,87,7,37
20,12,12,20,16.0,32,8,11
7,12,7,12,9.5,19,5,6
6,1,1,6,3.5,7,5,0
7,5,5,7,6.0,12,2,2
1,5,1,5,3.0,6,4,0
15,18,15,18,16.5,33,3,8
2,4,2,4,3.0,6,2,1
5,1,1,5,3.0,6,4,0
7,1,1,7,4.0,8,6,0
7,7,7,7,7.0,14,0,6
20,16,16,20,18.0,36,4,13
4,3,3,4,3.5,7,1,2
10,10,10,10,10.0,20,0,9
9,1,1,9,5.0,10,8,0
1,6,1,6,3.5,7,5,0
1,14,1,14,7.5,15,13,0
4,4,4,4,4.0,8,0,1
18,18,18,18,18.0,36,0,6
10,13,10,13,11.5,23,3,9
2,9,2,9,5.5,11,7,0
5,1,1,5,3.0,6,4,0
25,38,25,38,31.5,63,13,14
1,4,1,4,2.5,5,3,0
6,5,5,6,5.5,11,1,3
4,1,1,4,2.5,5,3,0
7,12,7,12,9.5,19,5,0
5,5,5,5,5.0,10,0,4
1,11,1,11,6.0,12,10,0
44,25,25,44,34.5,69,19,20
21,7,7,21,14.0,28,14,5
1,4,1,4,2.5,5,3,0
5,13,5,13,9.0,18,8,2
38,25,25,38,31.5,63,13,10
6,1,1,6,3.5,7,5,0
4,1,1,4,2.5,5,3,0
4,6,4,6,5.0,10,2,0
1,5,1,5,3.0,6,4,0
4,1,1,4,2.5,5,3,0
16,17,16,17,16.5,33,1,8
4,6,4,6,5.0,10,2,2
15,7,7,15,11.0,22,8,5
4,1,1,4,2.5,5,3,0
32,28,28,32,30.0,60,4,18
10,5,5,10,7.5,15,5,4
15,12,12,15,13.5,27,3,8
2,6,2,6,4.0,8,4,1
8,12,8,12,10.0,20,4,2
13,7,7,13,10.0,20,6,5
5,1,1,5,3.0,6,4,0
6,2,2,6,4.0,8,4,1
7,10,7,10,8.5,17,3,6
9,2,2,9,5.5,11,7,0
23,19,19,23,21.0,42,4,18
2,4,2,4,3.0,6,2,1
26,1,1,26,13.5,27,25,0
1,13,1,13,7.0,14,12,0
10,8,8,10,9.0,18,2,7
6,8,6,8,7.0,14,2,0
9,1,1,9,5.0,10,8,0
4,1,1,4,2.5,5,3,0
1,7,1,7,4.0,8,6,0
4,4,4,4,4.0,8,0,3
1,6,1,6,3.5,7,5,0
16,17,16,17,16.5,33,1,10
4,5,4,5,4.5,9,1,3
1,13,1,13,7.0,14,12,0
3,15,3,15,9.0,18,12,0
1,11,1,11,6.0,12,10,0
11,8,8,11,9.5,19,3,7
3,4,3,4,3.5,7,1,2
5,2,2,5,3.5,7,3,1
33,36,33,36,34.5,69,3,29
6,12,6,12,9.0,18,6,4
1,5,1,5,3.0,6,4,0
2,4,2,4,3.0,6,2,0
6,6,6,6,6.0,12,0,5
8,8,8,8,8.0,16,0,4
4,6,4,6,5.0,10,2,3
33,33,33,33,33.0,66,0,26
1,4,1,4,2.5,5,3,0
1,4,1,4,2.5,5,3,0
6,6,6,6,6.0,12,0,4
1,4,1,4,2.5,5,3,0
27,22,22,27,24.5,49,5,20
12,15,12,15,13.5,27,3,9
19,15,15,19,17.0,34,4,13
5,1,1,5,3.0,6,4,0
5,5,5,5,5.0,10,0,3
7,1,1,7,4.0,8,6,0
21,14,14,21,17.5,35,7,11
39,37,37,39,38.0,76,2,34
12,11,11,12,11.5,23,1,9
7,8,7,8,7.5,15,1,6
1,4,1,4,2.5,5,3,0
5,6,5,6,5.5,11,1,4
7,6,6,7,6.5,13,1,5
30,17,17,30,23.5,47,13,13
1,10,1,10,5.5,11,9,0
5,1,1,5,3.0,6,4,0
10,2,2,10,6.0,12,8,0
5,6,5,6,5.5,11,1,2
1,4,1,4,2.5,5,3,0
4,4,4,4,4.0,8,0,2
39,21,21,39,30.0,60,18,16
21,24,21,24,22.5,45,3,20
9,8,8,9,8.5,17,1,6
1,4,1,4,2.5,5,3,0
3,5,3,5,4.0,8,2,2
2,4,2,4,3.0,6,2,0
11,1,1,11,6.0,12,10,0
7,9,7,9,8.0,16,2,6
12,14,12,14,13.0,26,2,11
16,16,16,16,16.0,32,0,12
16,16,16,16,16.0,32,0,15
12,4,4,12,8.0,16,8,3
15,20,15,20,17.5,35,5,13
5,1,1,5,3.0,6,4,0
1,6,1,6,3.5,7,5,0
1,18,1,18,9.5,19,17,0
1,4,1,4,2.5,5,3,0
5,1,1,5,3.0,6,4,0
26,24,24,26,25.0,50,2,21
5,5,5,5,5.0,10,0,4
6,5,5,6,5.5,11,1,4
7,1,1,7,4.0,8,6,0
4,12,4,12,8.0,16,8,0
10,1,1,10,5.5,11,9,0
2,9,2,9,5.5,11,7,0
1,25,1,25,13.0,26,24,0
5,5,5,5,5.0,10,0,3
12,5,5,12,8.5,17,7,4
1,5,1,5,3.0,6,4,0
5,5,5,5,5.0,10,0,2
8,16,8,16,12.0,24,8,0
1,6,1,6,3.5,7,5,0
11,10,10,11,10.5,21,1,8
1,9,1,9,5.0,10,8,0
1,7,1,7,4.0,8,6,0
1,7,1,7,4.0,8,6,0
10,10,10,10,10.0,20,0,9
32,31,31,32,31.5,63,1,27
13,12,12,13,12.5,25,1,11
3,7,3,7,5.0,10,4,1
9,19,9,19,14.0,28,10,6
1,4,1,4,2.5,5,3,0
3,4,3,4,3.5,7,1,2
5,5,5,5,5.0,10,0,4
7,14,7,14,10.5,21,7,6
1,5,1,5,3.0,6,4,0
16,9,9,16,12.5,25,7,8
6,1,1,6,3.5,7,5,0
5,6,5,6,5.5,11,1,4
32,24,24,32,28.0,56,8,19
17,24,17,24,20.5,41,7,13
7,11,7,11,9.0,18,4,6
1,10,1,10,5.5,11,9,0
2,6,2,6,4.0,8,4,1
1,5,1,5,3.0,6,4,0
4,6,4,6,5.0,10,2,0
27,24,24,27,25.5,51,3,23
36,3,3,36,19.5,39,33,2
13,8,8,13,10.5,21,5,0
27,39,27,39,33.0,66,12,13
4,1,1,4,2.5,5,3,0
7,5,5,7,6.0,12,2,4
5,1,1,5,3.0,6,4,0
42,34,34,42,38.0,76,8,21
1,5,1,5,3.0,6,4,0
40,30,30,40,35.0,70,10,29
12,13,12,13,12.5,25,1,7
12,6,6,12,9.0,18,6,4
2,4,2,4,3.0,6,2,1
14,40,14,40,27.0,54,26,7
14,26,14,26,20.0,40,12,0
1,4,1,4,2.5,5,3,0
28,23,23,28,25.5,51,5,11
18,11,11,18,14.5,29,7,10
3,28,3,28,15.5,31,25,0
13,20,13,20,16.5,33,7,10
1,6,1,6,3.5,7,5,0
42,17,17,42,29.5,59,25,16
7,4,4,7,5.5,11,3,0
3,21,3,21,12.0,24,18,2
19,16,16,19,17.5,35,3,8
24,37,24,37,30.5,61,13,21
6,2,2,6,4.0,8,4,1
4,1,1,4,2.5,5,3,0
1,4,1,4,2.5,5,3,0
2,4,2,4,3.0,6,2,0
11,30,11,30,20.5,41,19,9
14,15,14,15,14.5,29,1,11
4,7,4,7,5.5,11,3,3
3,7,3,7,5.0,10,4,0
22,21,21,22,21.5,43,1,16
11,1,1,11,6.0,12,10,0
1,7,1,7,4.0,8,6,0
33,19,19,33,26.0,52,14,16
6,6,6,6,6.0,12,0,5
1,5,1,5,3.0,6,4,0
16,12,12,16,14.0,28,4,10
5,8,5,8,6.5,13,3,0
16,13,13,16,14.5,29,3,12
6,1,1,6,3.5,7,5,0
4,1,1,4,2.5,5,3,0
24,20,20,24,22.0,44,4,18
1,4,1,4,2.5,5,3,0
25,16,16,25,20.5,41,9,13
11,10,10,11,10.5,21,1,6
18,12,12,18,15.0,30,6,0
1,4,1,4,2.5,5,3,0
1,11,1,11,6.0,12,10,0
13,13,13,13,13.0,26,0,8
2,4,2,4,3.0,6,2,1
49,25,25,49,37.0,74,24,24
4,4,4,4,4.0,8,0,3
11,15,11,15,13.0,26,4,9
10,11,10,11,10.5,21,1,8
1,6,1,6,3.5,7,5,0
5,6,5,6,5.5,11,1,0
6,7,6,7,6.5,13,1,5
17,4,4,17,10.5,21,13,0
2,5,2,5,3.5,7,3,0
6,2,2,6,4.0,8,4,1
8,7,7,8,7.5,15,1,6
18,19,18,19,18.5,37,1,14
8,1,1,8,4.5,9,7,0
3,4,3,4,3.5,7,1,2
6,6,6,6,6.0,12,0,5
9,7,7,9,8.0,16,2,5
2,6,2,6,4.0,8,4,1
1,4,1,4,2.5,5,3,0
12,11,11,12,11.5,23,1,9
8,6,6,8,7.0,14,2,5
9,8,8,9,8.5,17,1,7
5,4,4,5,4.5,9,1,2
4,1,1,4,2.5,5,3,0
1,5,1,5,3.0,6,4,0
5,5,5,5,5.0,10,0,4
7,11,7,11,9.0,18,4,3
6,1,1,6,3.5,7,5,0
1,6,1,6,3.5,7,5,0
5,4,4,5,4.5,9,1,1
15,24,15,24,19.5,39,9,13
4,3,3,4,3.5,7,1,2
32,32,32,32,32.0,64,0,30
9,8,8,9,8.5,17,1,7
1,4,1,4,2.5,5,3,0
4,1,1,4,2.5,5,3,0
15,6,6,15,10.5,21,9,3
7,7,7,7,7.0,14,0,2
1,7,1,7,4.0,8,6,0
12,11,11,12,11.5,23,1,8
21,21,21,21,21.0,42,0,20
5,7,5,7,6.0,12,2,2
10,8,8,10,9.0,18,2,6
1,40,1,40,20.5,41,39,0
19,19,19,19,19.0,38,0,18
5,1,1,5,3.0,6,4,0
33,9,9,33,21.0,42,24,8
4,7,4,7,5.5,11,3,3
16,17,16,17,16.5,33,1,13
12,10,10,12,11.0,22,2,9
4,11,4,11,7.5,15,7,3
4,2,2,4,3.0,6,2,1
1,29,1,29,15.0,30,28,0
1,10,1,10,5.5,11,9,0
5,5,5,5,5.0,10,0,3
9,1,1,9,5.0,10,8,0
12,12,12,12,12.0,24,0,9
42,35,35,42,38.5,77,7,28
4,1,1,4,2.5,5,3,0
5,4,4,5,4.5,9,1,3
17,6,6,17,11.5,23,11,5
5,5,5,5,5.0,10,0,4
8,1,1,8,4.5,9,7,0
1,32,1,32,16.5,33,31,0
51,25,25,51,38.0,76,26,24
1,8,1,8,4.5,9,7,0
20,21,20,21,20.5,41,1,19
7,9,7,9,8.0,16,2,4
1,5,1,5,3.0,6,4,0
14,16,14,16,15.0,30,2,9
4,3,3,4,3.5,7,1,2
3,10,3,10,6.5,13,7,2
1,5,1,5,3.0,6,4,0
6,1,1,6,3.5,7,5,0
7,1,1,7,4.0,8,6,0
5,1,1,5,3.0,6,4,0
1,6,1,6,3.5,7,5,0
4,9,4,9,6.5,13,5,3
17,16,16,17,16.5,33,1,14
5,1,1,5,3.0,6,4,0
1,8,1,8,4.5,9,7,0
21,25,21,25,23.0,46,4,20
5,5,5,5,5.0,10,0,3
8,7,7,8,7.5,15,1,6
25,24,24,25,24.5,49,1,21
4,4,4,4,4.0,8,0,3
2,6,2,6,4.0,8,4,0
50,38,38,50,44.0,88,12,19
1,7,1,7,4.0,8,6,0
8,4,4,8,6.0,12,4,3
6,13,6,13,9.5,19,7,0
33,41,33,41,37.0,74,8,30
15,9,9,15,12.0,24,6,5
9,1,1,9,5.0,10,8,0
5,7,5,7,6.0,12,2,4
1,6,1,6,3.5,7,5,0
1,13,1,13,7.0,14,12,0
1,24,1,24,12.5,25,23,0
5,9,5,9,7.0,14,4,4
6,1,1,6,3.5,7,5,0
18,25,18,25,21.5,43,7,14
4,1,1,4,2.5,5,3,0
4,4,4,4,4.0,8,0,3
1,15,1,15,8.0,16,14,0
7,1,1,7,4.0,8,6,0
10,5,5,10,7.5,15,5,0
5,1,1,5,3.0,6,4,0
9,3,3,9,6.0,12,6,1
27,28,27,28,27.5,55,1,26
6,12,6,12,9.0,18,6,3
3,5,3,5,4.0,8,2,2
1,5,1,5,3.0,6,4,0
8,4,4,8,6.0,12,4,2
41,42,41,42,41.5,83,1,40
26,22,22,26,24.0,48,4,20
4,1,1,4,2.5,5,3,0
1,6,1,6,3.5,7,5,0
4,4,4,4,4.0,8,0,2
53,31,31,53,42.0,84,22,26
10,10,10,10,10.0,20,0,9
4,2,2,4,3.0,6,2,1
7,2,2,7,4.5,9,5,1
5,2,2,5,3.5,7,3,1
77,3,3,77,40.0,80,74,0
1,4,1,4,2.5,5,3,0
1,7,1,7,4.0,8,6,0
7,5,5,7,6.0,12,2,4
6,5,5,6,5.5,11,1,4
1,4,1,4,2.5,5,3,0
5,5,5,5,5.0,10,0,4
2,11,2,11,6.5,13,9,0
17,23,17,23,20.0,40,6,16
3,4,3,4,3.5,7,1,2
10,5,5,10,7.5,15,5,4
9,9,9,9,9.0,18,0,8
11,14,11,14,12.5,25,3,10
14,9,9,14,11.5,23,5,8
5,1,1,5,3.0,6,4,0
11,8,8,11,9.5,19,3,7
10,8,8,10,9.0,18,2,6
4,5,4,5,4.5,9,1,3
5,1,1,5,3.0,6,4,0
3,4,3,4,3.5,7,1,2
8,10,8,10,9.0,18,2,7
27,22,22,27,24.5,49,5,19
12,1,1,12,6.5,13,11,0
7,1,1,7,4.0,8,6,0
3,5,3,5,4.0,8,2,0
1,8,1,8,4.5,9,7,0
5,2,2,5,3.5,7,3,1
10,11,10,11,10.5,21,1,8
1,8,1,8,4.5,9,7,0
6,5,5,6,5.5,11,1,3
9,27,9,27,18.0,36,18,8
6,6,6,6,6.0,12,0,5
1,6,1,6,3.5,7,5,0
9,6,6,9,7.5,15,3,5
13,8,8,13,10.5,21,5,6
4,5,4,5,4.5,9,1,0
5,5,5,5,5.0,10,0,4
7,1,1,7,4.0,8,6,0
37,34,34,37,35.5,71,3,33
11,11,11,11,11.0,22,0,9
4,1,1,4,2.5,5,3,0
1,33,1,33,17.0,34,32,0
1,6,1,6,3.5,7,5,0
9,1,1,9,5.0,10,8,0
12,10,10,12,11.0,22,2,3
5,1,1,5,3.0,6,4,0
1,5,1,5,3.0,6,4,0
1,6,1,6,3.5,7,5,0
38,40,38,40,39.0,78,2,30
6,3,3,6,4.5,9,3,0
19,20,19,20,19.5,39,1,18
24,30,24,30,27.0,54,6,16
9,7,7,9,8.0,16,2,6
12,6,6,12,9.0,18,6,4
41,24,24,41,32.5,65,17,21
7,8,7,8,7.5,15,1,6
5,7,5,7,6.0,12,2,2
4,6,4,6,5.0,10,2,3
1,4,1,4,2.5,5,3,0
3,4,3,4,3.5,7,1,2
7,5,5,7,6.0,12,2,4
5,5,5,5,5.0,10,0,4
6,6,6,6,6.0,12,0,4
1,4,1,4,2.5,5,3,0
26,20,20,26,23.0,46,6,16
1,4,1,4,2.5,5,3,0
4,2,2,4,3.0,6,2,1
9,7,7,9,8.0,16,2,6
5,5,5,5,5.0,10,0,4
5,5,5,5,5.0,10,0,4
19,20,19,20,19.5,39,1,17
8,21,8,21,14.5,29,13,7
25,31,25,31,28.0,56,6,24
1,11,1,11,6.0,12,10,0
19,31,19,31,25.0,50,12,14
10,2,2,10,6.0,12,8,0
6,7,6,7,6.5,13,1,4
8,3,3,8,5.5,11,5,2
4,6,4,6,5.0,10,2,3
11,7,7,11,9.0,18,4,6
1,6,1,6,3.5,7,5,0
4,2,2,4,3.0,6,2,1
6,6,6,6,6.0,12,0,1
8,2,2,8,5.0,10,6,1
1,5,1,5,3.0,6,4,0
5,1,1,5,3.0,6,4,0
8,16,8,16,12.0,24,8,7
1,4,1,4,2.5,5,3,0
5,2,2,5,3.5,7,3,1
8,8,8,8,8.0,16,0,6
32,31,31,32,31.5,63,1,29
4,1,1,4,2.5,5,3,0
8,9,8,9,8.5,17,1,7
5,5,5,5,5.0,10,0,3
1,9,1,9,5.0,10,8,0
26,1,1,26,13.5,27,25,0
8,2,2,8,5.0,10,6,1
14,24,14,24,19.0,38,10,10
1,5,1,5,3.0,6,4,0
8,8,8,8,8.0,16,0,7
11,10,10,11,10.5,21,1,8
8,18,8,18,13.0,26,10,7
7,8,7,8,7.5,15,1,6
1,4,1,4,2.5,5,3,0
1,7,1,7,4.0,8,6,0
50,22,22,50,36.0,72,28,19
12,17,12,17,14.5,29,5,11
1,24,1,24,12.5,25,23,0
15,14,14,15,14.5,29,1,12
6,8,6,8,7.0,14,2,2
4,1,1,4,2.5,5,3,0
12,12,12,12,12.0,24,0,9
26,24,24,26,25.0,50,2,23
21,19,19,21,20.0,40,2,17
3,4,3,4,3.5,7,1,0
1,7,1,7,4.0,8,6,0
4,4,4,4,4.0,8,0,3
10,14,10,14,12.0,24,4,5
5,4,4,5,4.5,9,1,3
2,4,2,4,3.0,6,2,1
24,21,21,24,22.5,45,3,20
13,8,8,13,10.5,21,5,5
27,28,27,28,27.5,55,1,26
4,1,1,4,2.5,5,3,0
49,42,42,49,45.5,91,7,25
18,17,17,18,17.5,35,1,16
4,1,1,4,2.5,5,3,0
12,3,3,12,7.5,15,9,2
26,26,26,26,26.0,52,0,25
7,8,7,8,7.5,15,1,6
7,6,6,7,6.5,13,1,4
5,4,4,5,4.5,9,1,0
7,3,3,7,5.0,10,4,2
4,1,1,4,2.5,5,3,0
31,25,25,31,28.0,56,6,24
5,1,1,5,3.0,6,4,0
1,6,1,6,3.5,7,5,0
20,19,19,20,19.5,39,1,18
11,1,1,11,6.0,12,10,0
14,14,14,14,14.0,28,0,11
7,8,7,8,7.5,15,1,6
7,6,6,7,6.5,13,1,4
1,10,1,10,5.5,11,9,0
3,5,3,5,4.0,8,2,0
13,12,12,13,12.5,25,1,11
4,1,1,4,2.5,5,3,0
5,1,1,5,3.0,6,4,0
8,5,5,8,6.5,13,3,3
31,14,14,31,22.5,45,17,12
15,2,2,15,8.5,17,13,0
2,4,2,4,3.0,6,2,1
4,6,4,6,5.0,10,2,3
2,5,2,5,3.5,7,3,1
24,20,20,24,22.0,44,4,18
4,4,4,4,4.0,8,0,3
30,25,25,30,27.5,55,5,20
1,4,1,4,2.5,5,3,0
1,26,1,26,13.5,27,25,0
2,7,2,7,4.5,9,5,1
4,1,1,4,2.5,5,3,0
4,2,2,4,3.0,6,2,1
24,24,24,24,24.0,48,0,17
5,1,1,5,3.0,6,4,0
6,1,1,6,3.5,7,5,0
13,13,13,13,13.0,26,0,12
5,4,4,5,4.5,9,1,3
18,22,18,22,20.0,40,4,16
12,18,12,18,15.0,30,6,10
4,1,1,4,2.5,5,3,0
2,6,2,6,4.0,8,4,0
6,6,6,6,6.0,12,0,4
8,6,6,8,7.0,14,2,5
12,12,12,12,12.0,24,0,10
15,10,10,15,12.5,25,5,4
4,1,1,4,2.5,5,3,0
1,4,1,4,2.5,5,3,0
1,4,1,4,2.5,5,3,0
5,4,4,5,4.5,9,1,3
5,14,5,14,9.5,19,9,4
1,10,1,10,5.5,11,9,0
5,4,4,5,4.5,9,1,3
5,1,1,5,3.0,6,4,0
2,9,2,9,5.5,11,7,0
4,1,1,4,2.5,5,3,0
2,8,2,8,5.0,10,6,1
19,28,19,28,23.5,47,9,16
1,4,1,4,2.5,5,3,0
7,5,5,7,6.0,12,2,2
26,1,1,26,13.5,27,25,0
1,4,1,4,2.5,5,3,0
1,6,1,6,3.5,7,5,0
8,1,1,8,4.5,9,7,0
8,7,7,8,7.5,15,1,6
33,36,33,36,34.5,69,3,29
10,2,2,10,6.0,12,8,1
5,1,1,5,3.0,6,4,0
2,4,2,4,3.0,6,2,0
3,5,3,5,4.0,8,2,2
9,11,9,11,10.0,20,2,8
4,1,1,4,2.5,5,3,0
5,4,4,5,4.5,9,1,3
17,27,17,27,22.0,44,10,12
9,9,9,9,9.0,18,0,8
2,4,2,4,3.0,6,2,1
10,1,1,10,5.5,11,9,0
9,9,9,9,9.0,18,0,4
1,6,1,6,3.5,7,5,0
12,2,2,12,7.0,14,10,0
1,6,1,6,3.5,7,5,0
12,1,1,12,6.5,13,11,0
10,20,10,20,15.0,30,10,0
6,7,6,7,6.5,13,1,5
29,1,1,29,15.0,30,28,0
3,5,3,5,4.0,8,2,2
47,20,20,47,33.5,67,27,12
3,5,3,5,4.0,8,2,2
5,3,3,5,4.0,8,2,2
16,22,16,22,19.0,38,6,12
4,4,4,4,4.0,8,0,3
5,5,5,5,5.0,10,0,4
4,5,4,5,4.5,9,1,3
18,17,17,18,17.5,35,1,14
7,2,2,7,4.5,9,5,1
5,7,5,7,6.0,12,2,1
5,1,1,5,3.0,6,4,0
40,33,33,40,36.5,73,7,27
6,1,1,6,3.5,7,5,0
5,8,5,8,6.5,13,3,1
4,4,4,4,4.0,8,0,3
8,9,8,9,8.5,17,1,7
5,1,1,5,3.0,6,4,0
1,19,1,19,10.0,20,18,0
5,6,5,6,5.5,11,1,4
5,1,1,5,3.0,6,4,0
4,2,2,4,3.0,6,2,0
2,9,2,9,5.5,11,7,1
7,7,7,7,7.0,14,0,6
7,6,6,7,6.5,13,1,5
11,10,10,11,10.5,21,1,9
16,19,16,19,17.5,35,3,14
1,19,1,19,10.0,20,18,0
5,1,1,5,3.0,6,4,0
11,22,11,22,16.5,33,11,9
10,1,1,10,5.5,11,9,0
10,6,6,10,8.0,16,4,4
27,23,23,27,25.0,50,4,22
4,5,4,5,4.5,9,1,3
8,9,8,9,8.5,17,1,6
6,18,6,18,12.0,24,12,5
1,4,1,4,2.5,5,3,0
2,5,2,5,3.5,7,3,1
9,2,2,9,5.5,11,7,0
7,7,7,7,7.0,14,0,6
11,1,1,11,6.0,12,10,0
1,4,1,4,2.5,5,3,0
6,1,1,6,3.5,7,5,0
5,5,5,5,5.0,10,0,0
14,14,14,14,14.0,28,0,11
21,20,20,21,20.5,41,1,18
10,7,7,10,8.5,17,3,6
8,6,6,8,7.0,14,2,5
12,1,1,12,6.5,13,11,0
1,18,1,18,9.5,19,17,0
6,9,6,9,7.5,15,3,3
5,4,4,5,4.5,9,1,3
6,7,6,7,6.5,13,1,4
4,1,1,4,2.5,5,3,0
10,14,10,14,12.0,24,4,8
14,14,14,14,14.0,28,0,13
7,11,7,11,9.0,18,4,5
2,4,2,4,3.0,6,2,0
1,5,1,5,3.0,6,4,0
10,8,8,10,9.0,18,2,7
4,1,1,4,2.5,5,3,0
6,1,1,6,3.5,7,5,0
1,5,1,5,3.0,6,4,0
2,4,2,4,3.0,6,2,1
6,1,1,6,3.5,7,5,0
5,1,1,5,3.0,6,4,0
2,6,2,6,4.0,8,4,1
7,6,6,7,6.5,13,1,5
6,6,6,6,6.0,12,0,4
9,9,9,9,9.0,18,0,7
12,10,10,12,11.0,22,2,8
6,1,1,6,3.5,7,5,0
6,9,6,9,7.5,15,3,5
7,3,3,7,5.0,10,4,2
4,4,4,4,4.0,8,0,3
2,10,2,10,6.0,12,8,0
8,2,2,8,5.0,10,6,0
6,10,6,10,8.0,16,4,0
7,7,7,7,7.0,14,0,6
4,1,1,4,2.5,5,3,0
4,1,1,4,2.5,5,3,0
21,13,13,21,17.0,34,8,10
3,6,3,6,4.5,9,3,0
12,1,1,12,6.5,13,11,0
3,13,3,13,8.0,16,10,1
9,9,9,9,9.0,18,0,7
8,1,1,8,4.5,9,7,0
5,4,4,5,4.5,9,1,0
5,6,5,6,5.5,11,1,4
9,1,1,9,5.0,10,8,0
14,9,9,14,11.5,23,5,8
7,10,7,10,8.5,17,3,5
10,1,1,10,5.5,11,9,0
8,8,8,8,8.0,16,0,3
5,5,5,5,5.0,10,0,4
44,41,41,44,42.5,85,3,39
1,8,1,8,4.5,9,7,0
12,12,12,12,12.0,24,0,9
4,2,2,4,3.0,6,2,1
6,6,6,6,6.0,12,0,5
1,5,1,5,3.0,6,4,0
6,5,5,6,5.5,11,1,4
19,15,15,19,17.0,34,4,13
1,7,1,7,4.0,8,6,0
3,10,3,10,6.5,13,7,2
10,2,2,10,6.0,12,8,1
4,5,4,5,4.5,9,1,3
12,8,8,12,10.0,20,4,7
5,6,5,6,5.5,11,1,4
1,6,1,6,3.5,7,5,0
1,18,1,18,9.5,19,17,0
1,6,1,6,3.5,7,5,0
8,7,7,8,7.5,15,1,6
7,7,7,7,7.0,14,0,5
4,1,1,4,2.5,5,3,0
19,18,18,19,18.5,37,1,17
5,4,4,5,4.5,9,1,3
13,1,1,13,7.0,14,12,0
6,6,6,6,6.0,12,0,5
9,11,9,11,10.0,20,2,8
18,32,18,32,25.0,50,14,13
8,10,8,10,9.0,18,2,7
2,4,2,4,3.0,6,2,0
6,2,2,6,4.0,8,4,0
20,35,20,35,27.5,55,15,14
4,8,4,8,6.0,12,4,3
1,5,1,5,3.0,6,4,0
4,4,4,4,4.0,8,0,3
44,34,34,44,39.0,78,10,25
1,4,1,4,2.5,5,3,0
1,5,1,5,3.0,6,4,0
7,6,6,7,6.5,13,1,5
4,1,1,4,2.5,5,3,0
6,4,4,6,5.0,10,2,3
7,8,7,8,7.5,15,1,5
4,1,1,4,2.5,5,3,0
7,1,1,7,4.0,8,6,0
6,6,6,6,6.0,12,0,5
3,5,3,5,4.0,8,2,2
1,6,1,6,3.5,7,5,0
19,24,19,24,21.5,43,5,16
4,3,3,4,3.5,7,1,2
1,7,1,7,4.0,8,6,0
7,9,7,9,8.0,16,2,6
49,41,41,49,45.0,90,8,24
1,6,1,6,3.5,7,5,0
5,1,1,5,3.0,6,4,0
7,6,6,7,6.5,13,1,4
18,65,18,65,41.5,83,47,13
2,6,2,6,4.0,8,4,1
11,1,1,11,6.0,12,10,0
41,45,41,45,43.0,86,4,39
1,26,1,26,13.5,27,25,0
1,6,1,6,3.5,7,5,0
29,1,1,29,15.0,30,28,0
9,1,1,9,5.0,10,8,0
2,30,2,30,16.0,32,28,0
4,4,4,4,4.0,8,0,3
27,24,24,27,25.5,51,3,15
9,3,3,9,6.0,12,6,2
5,5,5,5,5.0,10,0,3
5,1,1,5,3.0,6,4,0
49,49,49,49,49.0,98,0,30
1,7,1,7,4.0,8,6,0
13,21,13,21,17.0,34,8,11
1,4,1,4,2.5,5,3,0
1,4,1,4,2.5,5,3,0
2,6,2,6,4.0,8,4,0
4,1,1,4,2.5,5,3,0
7,5,5,7,6.0,12,2,4
22,13,13,22,17.5,35,9,7
1,6,1,6,3.5,7,5,0
14,13,13,14,13.5,27,1,9
19,21,19,21,20.0,40,2,17
9,9,9,9,9.0,18,0,8
33,27,27,33,30.0,60,6,19
88,45,45,88,66.5,133,43,30
6,15,6,15,10.5,21,9,2
29,26,26,29,27.5,55,3,20
12,8,8,12,10.0,20,4,7
1,5,1,5,3.0,6,4,0
9,9,9,9,9.0,18,0,8
7,4,4,7,5.5,11,3,0
1,5,1,5,3.0,6,4,0
5,6,5,6,5.5,11,1,4
9,11,9,11,10.0,20,2,8
6,7,6,7,6.5,13,1,3
19,20,19,20,19.5,39,1,17
4,13,4,13,8.5,17,9,1
4,1,1,4,2.5,5,3,0
8,1,1,8,4.5,9,7,0
4,6,4,6,5.0,10,2,2
5,6,5,6,5.5,11,1,3
20,20,20,20,20.0,40,0,16
12,1,1,12,6.5,13,11,0
3,9,3,9,6.0,12,6,2
26,27,26,27,26.5,53,1,25
17,14,14,17,15.5,31,3,13
1,4,1,4,2.5,5,3,0
7,4,4,7,5.5,11,3,3
5,4,4,5,4.5,9,1,3
10,2,2,10,6.0,12,8,1
17,31,17,31,24.0,48,14,13
10,10,10,10,10.0,20,0,9
1,5,1,5,3.0,6,4,0
2,4,2,4,3.0,6,2,1
8,6,6,8,7.0,14,2,5
2,4,2,4,3.0,6,2,0
4,5,4,5,4.5,9,1,3
1,6,1,6,3.5,7,5,0
7,4,4,7,5.5,11,3,1
4,4,4,4,4.0,8,0,3
11,11,11,11,11.0,22,0,10
1,15,1,15,8.0,16,14,0
5,1,1,5,3.0,6,4,0
43,45,43,45,44.0,88,2,41
8,8,8,8,8.0,16,0,7
7,1,1,7,4.0,8,6,0
9,2,2,9,5.5,11,7,1
6,5,5,6,5.5,11,1,3
1,9,1,9,5.0,10,8,0
5,7,5,7,6.0,12,2,2
24,17,17,24,20.5,41,7,15
6,10,6,10,8.0,16,4,0
7,15,7,15,11.0,22,8,1
1,12,1,12,6.5,13,11,0
1,7,1,7,4.0,8,6,0
5,1,1,5,3.0,6,4,0
26,29,26,29,27.5,55,3,19
5,4,4,5,4.5,9,1,2
5,1,1,5,3.0,6,4,0
6,6,6,6,6.0,12,0,5
4,5,4,5,4.5,9,1,3
9,4,4,9,6.5,13,5,3
5,5,5,5,5.0,10,0,4
15,107,15,107,61.0,122,92,10
1,12,1,12,6.5,13,11,0
7,6,6,7,6.5,13,1,4
5,4,4,5,4.5,9,1,0
6,1,1,6,3.5,7,5,0
4,6,4,6,5.0,10,2,2
2,4,2,4,3.0,6,2,0
9,2,2,9,5.5,11,7,1
13,20,13,20,16.5,33,7,11
6,1,1,6,3.5,7,5,0
1,5,1,5,3.0,6,4,0
1,5,1,5,3.0,6,4,0
5,6,5,6,5.5,11,1,4
19,19,19,19,19.0,38,0,18
9,17,9,17,13.0,26,8,0
5,13,5,13,9.0,18,8,0
4,4,4,4,4.0,8,0,2
2,4,2,4,3.0,6,2,0
26,27,26,27,26.5,53,1,25
6,1,1,6,3.5,7,5,0
13,6,6,13,9.5,19,7,5
8,5,5,8,6.5,13,3,4
14,5,5,14,9.5,19,9,3
20,24,20,24,22.0,44,4,18
5,1,1,5,3.0,6,4,0
11,12,11,12,11.5,23,1,10
4,4,4,4,4.0,8,0,3
1,5,1,5,3.0,6,4,0
1,5,1,5,3.0,6,4,0
20,51,20,51,35.5,71,31,17
5,2,2,5,3.5,7,3,1
9,4,4,9,6.5,13,5,2
9,9,9,9,9.0,18,0,7
17,20,17,20,18.5,37,3,14
35,42,35,42,38.5,77,7,27
6,4,4,6,5.0,10,2,1
21,19,19,21,20.0,40,2,18
1,4,1,4,2.5,5,3,0
8,11,8,11,9.5,19,3,6
3,4,3,4,3.5,7,1,2
7,7,7,7,7.0,14,0,6
1,5,1,5,3.0,6,4,0
19,20,19,20,19.5,39,1,18
4,6,4,6,5.0,10,2,3
8,1,1,8,4.5,9,7,0
8,9,8,9,8.5,17,1,7
1,8,1,8,4.5,9,7,0
7,7,7,7,7.0,14,0,3
1,4,1,4,2.5,5,3,0
4,4,4,4,4.0,8,0,3
4,5,4,5,4.5,9,1,0
29,24,24,29,26.5,53,5,21
4,1,1,4,2.5,5,3,0
38,15,15,38,26.5,53,23,10
4,1,1,4,2.5,5,3,0
1,4,1,4,2.5,5,3,0
2,5,2,5,3.5,7,3,1
6,1,1,6,3.5,7,5,0
11,5,5,11,8.0,16,6,0
5,6,5,6,5.5,11,1,4
1,4,1,4,2.5,5,3,0
13,19,13,19,16.0,32,6,11
36,17,17,36,26.5,53,19,12
1,8,1,8,4.5,9,7,0
1,9,1,9,5.0,10,8,0
1,30,1,30,15.5,31,29,0
1,5,1,5,3.0,6,4,0
4,1,1,4,2.5,5,3,0
1,6,1,6,3.5,7,5,0
1,14,1,14,7.5,15,13,0
36,43,36,43,39.5,79,7,28
1,4,1,4,2.5,5,3,0
22,10,10,22,16.0,32,12,6
27,26,26,27,26.5,53,1,20
17,17,17,17,17.0,34,0,15
8,1,1,8,4.5,9,7,0
21,41,21,41,31.0,62,20,17
14,16,14,16,15.0,30,2,13
1,6,1,6,3.5,7,5,0
5,5,5,5,5.0,10,0,4
14,11,11,14,12.5,25,3,10
33,32,32,33,32.5,65,1,31
29,26,26,29,27.5,55,3,24
5,4,4,5,4.5,9,1,3
4,1,1,4,2.5,5,3,0
7,7,7,7,7.0,14,0,4
19,16,16,19,17.5,35,3,13
4,1,1,4,2.5,5,3,0
4,6,4,6,5.0,10,2,3
6,6,6,6,6.0,12,0,4
7,1,1,7,4.0,8,6,0
25,8,8,25,16.5,33,17,6
12,13,12,13,12.5,25,1,11
2,5,2,5,3.5,7,3,1
11,8,8,11,9.5,19,3,5
4,1,1,4,2.5,5,3,0
4,4,4,4,4.0,8,0,0
1,21,1,21,11.0,22,20,0
16,20,16,20,18.0,36,4,9
1,4,1,4,2.5,5,3,0
4,12,4,12,8.0,16,8,0
35,41,35,41,38.0,76,6,21
3,4,3,4,3.5,7,1,2
34,34,34,34,34.0,68,0,30
4,1,1,4,2.5,5,3,0
7,1,1,7,4.0,8,6,0
4,1,1,4,2.5,5,3,0
3,5,3,5,4.0,8,2,0
25,48,25,48,36.5,73,23,21
6,1,1,6,3.5,7,5,0
12,2,2,12,7.0,14,10,0
1,19,1,19,10.0,20,18,0
6,8,6,8,7.0,14,2,3
19,23,19,23,21.0,42,4,18
13,25,13,25,19.0,38,12,9
19,22,19,22,20.5,41,3,16
18,13,13,18,15.5,31,5,11
6,6,6,6,6.0,12,0,5
5,1,1,5,3.0,6,4,0
1,4,1,4,2.5,5,3,0
5,2,2,5,3.5,7,3,1
2,146,2,146,74.0,148,144,0
11,12,11,12,11.5,23,1,10
9,13,9,13,11.0,22,4,7
19,10,10,19,14.5,29,9,9
4,7,4,7,5.5,11,3,3
8,9,8,9,8.5,17,1,7
4,1,1,4,2.5,5,3,0
6,16,6,16,11.0,22,10,5
1,5,1,5,3.0,6,4,0
6,9,6,9,7.5,15,3,4
8,1,1,8,4.5,9,7,0
5,4,4,5,4.5,9,1,3
1,5,1,5,3.0,6,4,0
4,1,1,4,2.5,5,3,0
13,19,13,19,16.0,32,6,12
1,5,1,5,3.0,6,4,0
4,8,4,8,6.0,12,4,3
7,8,7,8,7.5,15,1,2
25,32,25,32,28.5,57,7,23
1,4,1,4,2.5,5,3,0
13,8,8,13,10.5,21,5,6
5,6,5,6,5.5,11,1,4
4,1,1,4,2.5,5,3,0
3,4,3,4,3.5,7,1,2
7,1,1,7,4.0,8,6,0
37,24,24,37,30.5,61,13,17
4,1,1,4,2.5,5,3,0
44,23,23,44,33.5,67,21,11
3,4,3,4,3.5,7,1,2
2,29,2,29,15.5,31,27,1
27,27,27,27,27.0,54,0,25
8,8,8,8,8.0,16,0,7
9,9,9,9,9.0,18,0,8
4,5,4,5,4.5,9,1,1
6,10,6,10,8.0,16,4,5
1,4,1,4,2.5,5,3,0
4,5,4,5,4.5,9,1,2
5,5,5,5,5.0,10,0,3
19,18,18,19,18.5,37,1,16
1,5,1,5,3.0,6,4,0
17,17,17,17,17.0,34,0,8
4,5,4,5,4.5,9,1,2
38,20,20,38,29.0,58,18,18
43,29,29,43,36.0,72,14,17
1,4,1,4,2.5,5,3,0
6,1,1,6,3.5,7,5,0
6,8,6,8,7.0,14,2,5
2,7,2,7,4.5,9,5,1
4,1,1,4,2.5,5,3,0
1,39,1,39,20.0,40,38,0
4,1,1,4,2.5,5,3,0
15,13,13,15,14.0,28,2,9
11,10,10,11,10.5,21,1,7
4,1,1,4,2.5,5,3,0
2,4,2,4,3.0,6,2,1
10,11,10,11,10.5,21,1,9
1,4,1,4,2.5,5,3,0
18,24,18,24,21.0,42,6,16
1,5,1,5,3.0,6,4,0
1,7,1,7,4.0,8,6,0
13,11,11,13,12.0,24,2,10
1,12,1,12,6.5,13,11,0
4,5,4,5,4.5,9,1,1
31,29,29,31,30.0,60,2,19
16,11,11,16,13.5,27,5,10
5,15,5,15,10.0,20,10,3
15,7,7,15,11.0,22,8,6
1,7,1,7,4.0,8,6,0
66,27,27,66,46.5,93,39,19
7,7,7,7,7.0,14,0,6
22,24,22,24,23.0,46,2,21
6,1,1,6,3.5,7,5,0
2,9,2,9,5.5,11,7,1
5,1,1,5,3.0,6,4,0
1,88,1,88,44.5,89,87,0
4,1,1,4,2.5,5,3,0
1,4,1,4,2.5,5,3,0
5,5,5,5,5.0,10,0,4
4,1,1,4,2.5,5,3,0
16,13,13,16,14.5,29,3,7
18,12,12,18,15.0,30,6,9
20,28,20,28,24.0,48,8,9
6,5,5,6,5.5,11,1,3
43,45,43,45,44.0,88,2,38
4,1,1,4,2.5,5,3,0
4,4,4,4,4.0,8,0,2
4,1,1,4,2.5,5,3,0
26,26,26,26,26.0,52,0,25
5,1,1,5,3.0,6,4,0
75,1,1,75,38.0,76,74,0
8,1,1,8,4.5,9,7,0
4,4,4,4,4.0,8,0,3
12,1,1,12,6.5,13,11,0
6,8,6,8,7.0,14,2,2
1,19,1,19,10.0,20,18,0
5,1,1,5,3.0,6,4,0
6,13,6,13,9.5,19,7,4
6,6,6,6,6.0,12,0,4
15,11,11,15,13.0,26,4,10
1,8,1,8,4.5,9,7,0
43,43,43,43,43.0,86,0,40
5,4,4,5,4.5,9,1,2
1,6,1,6,3.5,7,5,0
1,5,1,5,3.0,6,4,0
1,4,1,4,2.5,5,3,0
2,5,2,5,3.5,7,3,0
1,4,1,4,2.5,5,3,0
5,1,1,5,3.0,6,4,0
5,5,5,5,5.0,10,0,4
6,4,4,6,5.0,10,2,2
1,56,1,56,28.5,57,55,0
3,7,3,7,5.0,10,4,2
8,9,8,9,8.5,17,1,7
31,31,31,31,31.0,62,0,30
3,21,3,21,12.0,24,18,1
2,18,2,18,10.0,20,16,1
4,1,1,4,2.5,5,3,0
7,1,1,7,4.0,8,6,0
19,19,19,19,19.0,38,0,18
5,1,1,5,3.0,6,4,0
9,1,1,9,5.0,10,8,0
5,10,5,10,7.5,15,5,1
4,1,1,4,2.5,5,3,0
10,2,2,10,6.0,12,8,1
1,4,1,4,2.5,5,3,0
16,1,1,16,8.5,17,15,0
37,34,34,37,35.5,71,3,24
3,6,3,6,4.5,9,3,1
5,4,4,5,4.5,9,1,1
25,22,22,25,23.5,47,3,19
29,11,11,29,20.0,40,18,10
9,8,8,9,8.5,17,1,7
6,6,6,6,6.0,12,0,4
6,1,1,6,3.5,7,5,0
10,6,6,10,8.0,16,4,5
4,1,1,4,2.5,5,3,0
5,6,5,6,5.5,11,1,3
14,12,12,14,13.0,26,2,5
14,9,9,14,11.5,23,5,7
33,43,33,43,38.0,76,10,27
8,8,8,8,8.0,16,0,6
6,9,6,9,7.5,15,3,5
1,6,1,6,3.5,7,5,0
5,1,1,5,3.0,6,4,0
20,21,20,21,20.5,41,1,18
14,32,14,32,23.0,46,18,11
1,6,1,6,3.5,7,5,0
8,8,8,8,8.0,16,0,6
4,1,1,4,2.5,5,3,0
1,5,1,5,3.0,6,4,0
1,6,1,6,3.5,7,5,0
1,4,1,4,2.5,5,3,0
10,10,10,10,10.0,20,0,6
6,1,1,6,3.5,7,5,0
14,11,11,14,12.5,25,3,10
4,4,4,4,4.0,8,0,3
6,4,4,6,5.0,10,2,3
32,31,31,32,31.5,63,1,30
7,2,2,7,4.5,9,5,1
7,4,4,7,5.5,11,3,1
41,43,41,43,42.0,84,2,39
9,10,9,10,9.5,19,1,8
5,1,1,5,3.0,6,4,0
15,8,8,15,11.5,23,7,5
26,15,15,26,20.5,41,11,10
8,9,8,9,8.5,17,1,3
33,5,5,33,19.0,38,28,4
5,1,1,5,3.0,6,4,0
4,1,1,4,2.5,5,3,0
11,12,11,12,11.5,23,1,8
7,7,7,7,7.0,14,0,6
11,12,11,12,11.5,23,1,10
1,5,1,5,3.0,6,4,0
5,1,1,5,3.0,6,4,0
25,22,22,25,23.5,47,3,16
34,31,31,34,32.5,65,3,26
7,6,6,7,6.5,13,1,5
1,4,1,4,2.5,5,3,0
1,5,1,5,3.0,6,4,0
1,5,1,5,3.0,6,4,0
1,5,1,5,3.0,6,4,0
5,4,4,5,4.5,9,1,3
5,5,5,5,5.0,10,0,4
4,4,4,4,4.0,8,0,3
4,2,2,4,3.0,6,2,1
3,10,3,10,6.5,13,7,1
4,1,1,4,2.5,5,3,0
1,4,1,4,2.5,5,3,0
1,10,1,10,5.5,11,9,0
1,7,1,7,4.0,8,6,0
10,5,5,10,7.5,15,5,4
11,8,8,11,9.5,19,3,6
20,1,1,20,10.5,21,19,0
5,1,1,5,3.0,6,4,0
8,7,7,8,7.5,15,1,5
2,23,2,23,12.5,25,21,1
5,6,5,6,5.5,11,1,1
1,4,1,4,2.5,5,3,0
1,12,1,12,6.5,13,11,0
18,30,18,30,24.0,48,12,10
1,6,1,6,3.5,7,5,0
1,5,1,5,3.0,6,4,0
5,17,5,17,11.0,22,12,3
7,1,1,7,4.0,8,6,0
11,1,1,11,6.0,12,10,0
25,46,25,46,35.5,71,21,21
36,25,25,36,30.5,61,11,22
15,22,15,22,18.5,37,7,13
7,5,5,7,6.0,12,2,0
13,10,10,13,11.5,23,3,7
12,12,12,12,12.0,24,0,11
5,5,5,5,5.0,10,0,4
6,6,6,6,6.0,12,0,4
2,14,2,14,8.0,16,12,0
1,6,1,6,3.5,7,5,0
16,13,13,16,14.5,29,3,12
4,1,1,4,2.5,5,3,0
14,10,10,14,12.0,24,4,9
13,15,13,15,14.0,28,2,11
8,7,7,8,7.5,15,1,6
4,1,1,4,2.5,5,3,0
1,25,1,25,13.0,26,24,0
12,1,1,12,6.5,13,11,0
11,13,11,13,12.0,24,2,9
4,1,1,4,2.5,5,3,0
42,43,42,43,42.5,85,1,40
11,9,9,11,10.0,20,2,8
19,19,19,19,19.0,38,0,16
22,44,22,44,33.0,66,22,20
6,1,1,6,3.5,7,5,0
1,4,1,4,2.5,5,3,0
4,1,1,4,2.5,5,3,0
25,36,25,36,30.5,61,11,17
14,1,1,14,7.5,15,13,0
5,7,5,7,6.0,12,2,4
4,1,1,4,2.5,5,3,0
1,6,1,6,3.5,7,5,0
6,8,6,8,7.0,14,2,4
8,1,1,8,4.5,9,7,0
4,6,4,6,5.0,10,2,3
1,5,1,5,3.0,6,4,0
29,44,29,44,36.5,73,15,19
1,4,1,4,2.5,5,3,0
45,45,45,45,45.0,90,0,44
10,3,3,10,6.5,13,7,2
27,11,11,27,19.0,38,16,10
4,1,1,4,2.5,5,3,0
21,1,1,21,11.0,22,20,0
7,4,4,7,5.5,11,3,3
9,7,7,9,8.0,16,2,6
1,12,1,12,6.5,13,11,0
5,1,1,5,3.0,6,4,0
6,7,6,7,6.5,13,1,5
4,4,4,4,4.0,8,0,3
8,5,5,8,6.5,13,3,3
10,17,10,17,13.5,27,7,9
12,13,12,13,12.5,25,1,11
17,10,10,17,13.5,27,7,9
16,7,7,16,11.5,23,9,6
12,13,12,13,12.5,25,1,6
7,1,1,7,4.0,8,6,0
7,6,6,7,6.5,13,1,5
18,20,18,20,19.0,38,2,17
5,5,5,5,5.0,10,0,4
1,6,1,6,3.5,7,5,0
5,1,1,5,3.0,6,4,0
12,11,11,12,11.5,23,1,10
8,1,1,8,4.5,9,7,0
1,6,1,6,3.5,7,5,0
16,9,9,16,12.5,25,7,7
5,5,5,5,5.0,10,0,4
12,22,12,22,17.0,34,10,11
23,20,20,23,21.5,43,3,18
6,2,2,6,4.0,8,4,1
7,1,1,7,4.0,8,6,0
6,1,1,6,3.5,7,5,0
19,21,19,21,20.0,40,2,10
13,1,1,13,7.0,14,12,0
11,11,11,11,11.0,22,0,10
1,4,1,4,2.5,5,3,0
17,1,1,17,9.0,18,16,0
1,4,1,4,2.5,5,3,0
9,5,5,9,7.0,14,4,1
11,16,11,16,13.5,27,5,7
12,13,12,13,12.5,25,1,11
13,13,13,13,13.0,26,0,12
10,49,10,49,29.5,59,39,6
6,6,6,6,6.0,12,0,2
32,10,10,32,21.0,42,22,7
9,7,7,9,8.0,16,2,3
1,6,1,6,3.5,7,5,0
11,9,9,11,10.0,20,2,7
11,11,11,11,11.0,22,0,9
4,9,4,9,6.5,13,5,1
17,1,1,17,9.0,18,16,0
4,1,1,4,2.5,5,3,0
2,30,2,30,16.0,32,28,0
20,19,19,20,19.5,39,1,17
5,6,5,6,5.5,11,1,4
1,11,1,11,6.0,12,10,0
6,4,4,6,5.0,10,2,3
11,10,10,11,10.5,21,1,9
38,34,34,38,36.0,72,4,33
3,5,3,5,4.0,8,2,2
4,1,1,4,2.5,5,3,0
15,27,15,27,21.0,42,12,10
18,14,14,18,16.0,32,4,12
11,18,11,18,14.5,29,7,9
2,5,2,5,3.5,7,3,1
2,6,2,6,4.0,8,4,1
1,4,1,4,2.5,5,3,0
17,9,9,17,13.0,26,8,8
7,12,7,12,9.5,19,5,6
49,51,49,51,50.0,100,2,48
6,7,6,7,6.5,13,1,2
1,9,1,9,5.0,10,8,0
4,1,1,4,2.5,5,3,0
11,1,1,11,6.0,12,10,0
7,1,1,7,4.0,8,6,0
1,5,1,5,3.0,6,4,0
15,15,15,15,15.0,30,0,13
4,7,4,7,5.5,11,3,3
6,1,1,6,3.5,7,5,0
1,15,1,15,8.0,16,14,0
5,1,1,5,3.0,6,4,0
4,5,4,5,4.5,9,1,3
8,6,6,8,7.0,14,2,3
5,3,3,5,4.0,8,2,1
1,14,1,14,7.5,15,13,0
26,26,26,26,26.0,52,0,25
1,4,1,4,2.5,5,3,0
5,8,5,8,6.5,13,3,3
7,9,7,9,8.0,16,2,5
7,6,6,7,6.5,13,1,5
9,12,9,12,10.5,21,3,6
4,5,4,5,4.5,9,1,3
1,7,1,7,4.0,8,6,0
4,2,2,4,3.0,6,2,0
11,11,11,11,11.0,22,0,9
10,4,4,10,7.0,14,6,3
53,27,27,53,40.0,80,26,24
6,1,1,6,3.5,7,5,0
27,27,27,27,27.0,54,0,26
6,3,3,6,4.5,9,3,1
6,9,6,9,7.5,15,3,5
8,11,8,11,9.5,19,3,6
9,2,2,9,5.5,11,7,1
2,4,2,4,3.0,6,2,0
16,15,15,16,15.5,31,1,12
4,2,2,4,3.0,6,2,0
5,1,1,5,3.0,6,4,0
11,11,11,11,11.0,22,0,8
3,4,3,4,3.5,7,1,2
26,26,26,26,26.0,52,0,25
1,4,1,4,2.5,5,3,0
1,4,1,4,2.5,5,3,0
4,1,1,4,2.5,5,3,0
107,32,32,107,69.5,139,75,22
1,9,1,9,5.0,10,8,0
5,105,5,105,55.0,110,100,0
4,1,1,4,2.5,5,3,0
3,6,3,6,4.5,9,3,2
7,33,7,33,20.0,40,26,5
13,13,13,13,13.0,26,0,11
1,9,1,9,5.0,10,8,0
4,4,4,4,4.0,8,0,3
5,5,5,5,5.0,10,0,1
2,4,2,4,3.0,6,2,1
50,35,35,50,42.5,85,15,29
1,5,1,5,3.0,6,4,0
5,20,5,20,12.5,25,15,4
4,1,1,4,2.5,5,3,0
4,1,1,4,2.5,5,3,0
2,22,2,22,12.0,24,20,0
4,4,4,4,4.0,8,0,3
4,1,1,4,2.5,5,3,0
1,4,1,4,2.5,5,3,0
9,1,1,9,5.0,10,8,0
18,47,18,47,32.5,65,29,17
49,49,49,49,49.0,98,0,48
1,30,1,30,15.5,31,29,0
1,23,1,23,12.0,24,22,0
6,7,6,7,6.5,13,1,5
1,5,1,5,3.0,6,4,0
5,5,5,5,5.0,10,0,4
4,1,1,4,2.5,5,3,0
6,1,1,6,3.5,7,5,0
24,20,20,24,22.0,44,4,19
2,4,2,4,3.0,6,2,1
31,49,31,49,40.0,80,18,24
20,22,20,22,21.0,42,2,15
6,6,6,6,6.0,12,0,3
1,5,1,5,3.0,6,4,0
6,7,6,7,6.5,13,1,5
4,6,4,6,5.0,10,2,1
20,27,20,27,23.5,47,7,15
4,1,1,4,2.5,5,3,0
10,1,1,10,5.5,11,9,0
1,4,1,4,2.5,5,3,0
1,5,1,5,3.0,6,4,0
5,1,1,5,3.0,6,4,0
5,1,1,5,3.0,6,4,0
11,7,7,11,9.0,18,4,6
7,8,7,8,7.5,15,1,6
6,5,5,6,5.5,11,1,4
6,2,2,6,4.0,8,4,1
2,5,2,5,3.5,7,3,1
5,4,4,5,4.5,9,1,1
4,1,1,4,2.5,5,3,0
1,5,1,5,3.0,6,4,0
1,7,1,7,4.0,8,6,0
29,39,29,39,34.0,68,10,19
1,22,1,22,11.5,23,21,0
9,7,7,9,8.0,16,2,6
7,7,7,7,7.0,14,0,5
14,17,14,17,15.5,31,3,10
3,8,3,8,5.5,11,5,1
5,4,4,5,4.5,9,1,3
14,8,8,14,11.0,22,6,4
6,2,2,6,4.0,8,4,0
1,7,1,7,4.0,8,6,0
5,6,5,6,5.5,11,1,4
6,6,6,6,6.0,12,0,4
1,9,1,9,5.0,10,8,0
5,1,1,5,3.0,6,4,0
4,6,4,6,5.0,10,2,0
5,1,1,5,3.0,6,4,0
5,5,5,5,5.0,10,0,4
4,4,4,4,4.0,8,0,0
1,5,1,5,3.0,6,4,0
17,6,6,17,11.5,23,11,5
22,13,13,22,17.5,35,9,10
1,5,1,5,3.0,6,4,0
5,5,5,5,5.0,10,0,4
5,10,5,10,7.5,15,5,0
1,4,1,4,2.5,5,3,0
5,3,3,5,4.0,8,2,2
33,29,29,33,31.0,62,4,25
27,23,23,27,25.0,50,4,19
1,5,1,5,3.0,6,4,0
24,30,24,30,27.0,54,6,23
10,9,9,10,9.5,19,1,8
41,50,41,50,45.5,91,9,24
1,5,1,5,3.0,6,4,0
2,9,2,9,5.5,11,7,1
3,6,3,6,4.5,9,3,0
18,20,18,20,19.0,38,2,17
1,7,1,7,4.0,8,6,0
8,6,6,8,7.0,14,2,2
1,9,1,9,5.0,10,8,0
6,2,2,6,4.0,8,4,0
4,1,1,4,2.5,5,3,0
1,4,1,4,2.5,5,3,0
13,15,13,15,14.0,28,2,12
22,19,19,22,20.5,41,3,18
8,1,1,8,4.5,9,7,0
18,16,16,18,17.0,34,2,11
26,26,26,26,26.0,52,0,25
8,15,8,15,11.5,23,7,6
17,1,1,17,9.0,18,16,0
15,41,15,41,28.0,56,26,11
3,5,3,5,4.0,8,2,2
15,14,14,15,14.5,29,1,11
8,8,8,8,8.0,16,0,7
1,61,1,61,31.0,62,60,0
4,2,2,4,3.0,6,2,1
4,1,1,4,2.5,5,3,0
5,1,1,5,3.0,6,4,0
5,5,5,5,5.0,10,0,4
4,4,4,4,4.0,8,0,3
5,5,5,5,5.0,10,0,4
1,7,1,7,4.0,8,6,0
38,19,19,38,28.5,57,19,18
40,29,29,40,34.5,69,11,22
4,1,1,4,2.5,5,3,0
5,5,5,5,5.0,10,0,0
13,12,12,13,12.5,25,1,9
1,6,1,6,3.5,7,5,0
1,4,1,4,2.5,5,3,0
1,5,1,5,3.0,6,4,0
7,19,7,19,13.0,26,12,6
1,7,1,7,4.0,8,6,0
13,1,1,13,7.0,14,12,0
14,6,6,14,10.0,20,8,5
25,47,25,47,36.0,72,22,22
25,13,13,25,19.0,38,12,12
15,16,15,16,15.5,31,1,14
1,4,1,4,2.5,5,3,0
4,1,1,4,2.5,5,3,0
5,1,1,5,3.0,6,4,0
1,5,1,5,3.0,6,4,0
5,6,5,6,5.5,11,1,0
6,4,4,6,5.0,10,2,2
5,3,3,5,4.0,8,2,2
6,1,1,6,3.5,7,5,0
1,4,1,4,2.5,5,3,0
2,6,2,6,4.0,8,4,1
22,9,9,22,15.5,31,13,8
25,24,24,25,24.5,49,1,16
10,7,7,10,8.5,17,3,5
23,2,2,23,12.5,25,21,1
4,5,4,5,4.5,9,1,3
15,10,10,15,12.5,25,5,8
12,8,8,12,10.0,20,4,1
24,28,24,28,26.0,52,4,15
35,15,15,35,25.0,50,20,11
1,5,1,5,3.0,6,4,0
18,8,8,18,13.0,26,10,7
7,5,5,7,6.0,12,2,4
30,1,1,30,15.5,31,29,0
10,8,8,10,9.0,18,2,5
3,15,3,15,9.0,18,12,0
1,6,1,6,3.5,7,5,0
4,1,1,4,2.5,5,3,0
5,1,1,5,3.0,6,4,0
1,5,1,5,3.0,6,4,0
1,16,1,16,8.5,17,15,0
4,4,4,4,4.0,8,0,1
1,11,1,11,6.0,12,10,0
34,15,15,34,24.5,49,19,11
1,7,1,7,4.0,8,6,0
1,8,1,8,4.5,9,7,0
54,50,50,54,52.0,104,4,41
9,10,9,10,9.5,19,1,8
24,23,23,24,23.5,47,1,22
5,2,2,5,3.5,7,3,1
5,1,1,5,3.0,6,4,0
1,7,1,7,4.0,8,6,0
6,6,6,6,6.0,12,0,4
1,4,1,4,2.5,5,3,0
4,4,4,4,4.0,8,0,3
5,9,5,9,7.0,14,4,2
5,5,5,5,5.0,10,0,4
4,5,4,5,4.5,9,1,1
5,4,4,5,4.5,9,1,3
5,5,5,5,5.0,10,0,4
13,20,13,20,16.5,33,7,10
1,5,1,5,3.0,6,4,0
33,31,31,33,32.0,64,2,30
7,1,1,7,4.0,8,6,0
7,7,7,7,7.0,14,0,6
1,107,1,107,54.0,108,106,0
23,65,23,65,44.0,88,42,21
28,30,28,30,29.0,58,2,23
2,4,2,4,3.0,6,2,0
16,1,1,16,8.5,17,15,0
1,4,1,4,2.5,5,3,0
10,22,10,22,16.0,32,12,9
7,5,5,7,6.0,12,2,2
51,41,41,51,46.0,92,10,24
6,6,6,6,6.0,12,0,5
4,5,4,5,4.5,9,1,3
26,4,4,26,15.0,30,22,3
8,7,7,8,7.5,15,1,2
2,4,2,4,3.0,6,2,0
2,9,2,9,5.5,11,7,0
38,53,38,53,45.5,91,15,29
4,5,4,5,4.5,9,1,3
5,5,5,5,5.0,10,0,4
14,12,12,14,13.0,26,2,10
33,32,32,33,32.5,65,1,31
1,15,1,15,8.0,16,14,0
4,1,1,4,2.5,5,3,0
6,1,1,6,3.5,7,5,0
12,12,12,12,12.0,24,0,11
5,1,1,5,3.0,6,4,0
4,7,4,7,5.5,11,3,3
4,1,1,4,2.5,5,3,0
8,11,8,11,9.5,19,3,7
1,77,1,77,39.0,78,76,0
12,11,11,12,11.5,23,1,7
17,31,17,31,24.0,48,14,10
13,14,13,14,13.5,27,1,7
4,2,2,4,3.0,6,2,0
12,21,12,21,16.5,33,9,0
1,17,1,17,9.0,18,16,0
16,21,16,21,18.5,37,5,15
41,44,41,44,42.5,85,3,39
37,44,37,44,40.5,81,7,30
4,5,4,5,4.5,9,1,3
10,5,5,10,7.5,15,5,4
7,19,7,19,13.0,26,12,6
5,5,5,5,5.0,10,0,4
14,2,2,14,8.0,16,12,0
4,1,1,4,2.5,5,3,0
19,14,14,19,16.5,33,5,13
1,4,1,4,2.5,5,3,0
10,7,7,10,8.5,17,3,6
1,16,1,16,8.5,17,15,0
6,9,6,9,7.5,15,3,3
1,4,1,4,2.5,5,3,0
1,6,1,6,3.5,7,5,0
6,1,1,6,3.5,7,5,0
6,1,1,6,3.5,7,5,0
39,29,29,39,34.0,68,10,21
1,5,1,5,3.0,6,4,0
20,19,19,20,19.5,39,1,17
6,1,1,6,3.5,7,5,0
4,4,4,4,4.0,8,0,2
5,2,2,5,3.5,7,3,1
4,4,4,4,4.0,8,0,3
4,1,1,4,2.5,5,3,0
29,24,24,29,26.5,53,5,21
7,8,7,8,7.5,15,1,6
5,5,5,5,5.0,10,0,4
4,1,1,4,2.5,5,3,0
1,9,1,9,5.0,10,8,0
11,12,11,12,11.5,23,1,9
1,19,1,19,10.0,20,18,0
10,7,7,10,8.5,17,3,6
41,41,41,41,41.0,82,0,39
5,4,4,5,4.5,9,1,3
34,38,34,38,36.0,72,4,27
14,10,10,14,12.0,24,4,8
1,6,1,6,3.5,7,5,0
17,24,17,24,20.5,41,7,9
1,22,1,22,11.5,23,21,0
1,4,1,4,2.5,5,3,0
9,17,9,17,13.0,26,8,3
8,7,7,8,7.5,15,1,5
13,18,13,18,15.5,31,5,11
20,20,20,20,20.0,40,0,18
6,1,1,6,3.5,7,5,0
8,9,8,9,8.5,17,1,5
1,12,1,12,6.5,13,11,0
27,36,27,36,31.5,63,9,23
4,1,1,4,2.5,5,3,0
23,21,21,23,22.0,44,2,16
4,1,1,4,2.5,5,3,0
1,5,1,5,3.0,6,4,0
4,4,4,4,4.0,8,0,1
6,1,1,6,3.5,7,5,0
19,20,19,20,19.5,39,1,17
38,26,26,38,32.0,64,12,21
8,1,1,8,4.5,9,7,0
4,4,4,4,4.0,8,0,3
7,6,6,7,6.5,13,1,5
4,3,3,4,3.5,7,1,2
12,15,12,15,13.5,27,3,11
5,5,5,5,5.0,10,0,4
45,43,43,45,44.0,88,2,33
17,8,8,17,12.5,25,9,6
26,35,26,35,30.5,61,9,19
49,33,33,49,41.0,82,16,22
15,8,8,15,11.5,23,7,6
1,6,1,6,3.5,7,5,0
18,14,14,18,16.0,32,4,12
4,1,1,4,2.5,5,3,0
1,4,1,4,2.5,5,3,0
8,6,6,8,7.0,14,2,5
7,5,5,7,6.0,12,2,4
9,9,9,9,9.0,18,0,5
7,11,7,11,9.0,18,4,6
1,20,1,20,10.5,21,19,0
9,5,5,9,7.0,14,4,4
11,1,1,11,6.0,12,10,0
2,5,2,5,3.5,7,3,0
2,5,2,5,3.5,7,3,1
1,4,1,4,2.5,5,3,0
8,8,8,8,8.0,16,0,7
1,4,1,4,2.5,5,3,0
2,7,2,7,4.5,9,5,1
1,5,1,5,3.0,6,4,0
4,1,1,4,2.5,5,3,0
4,4,4,4,4.0,8,0,3
7,6,6,7,6.5,13,1,1
4,1,1,4,2.5,5,3,0
22,22,22,22,22.0,44,0,20
24,19,19,24,21.5,43,5,18
3,10,3,10,6.5,13,7,1
1,4,1,4,2.5,5,3,0
3,5,3,5,4.0,8,2,2
17,16,16,17,16.5,33,1,13
44,49,44,49,46.5,93,5,41
16,7,7,16,11.5,23,9,6
4,2,2,4,3.0,6,2,1
5,1,1,5,3.0,6,4,0
15,65,15,65,40.0,80,50,14
3,9,3,9,6.0,12,6,2
9,5,5,9,7.0,14,4,0
15,16,15,16,15.5,31,1,9
5,4,4,5,4.5,9,1,2
29,49,29,49,39.0,78,20,27
5,1,1,5,3.0,6,4,0
4,1,1,4,2.5,5,3,0
8,16,8,16,12.0,24,8,5
4,1,1,4,2.5,5,3,0
7,6,6,7,6.5,13,1,5
5,1,1,5,3.0,6,4,0
5,1,1,5,3.0,6,4,0
8,48,8,48,28.0,56,40,6
18,23,18,23,20.5,41,5,16
14,14,14,14,14.0,28,0,13
12,14,12,14,13.0,26,2,8
33,30,30,33,31.5,63,3,29
8,1,1,8,4.5,9,7,0
7,7,7,7,7.0,14,0,6
3,5,3,5,4.0,8,2,2
1,5,1,5,3.0,6,4,0
2,5,2,5,3.5,7,3,0
8,8,8,8,8.0,16,0,7
27,34,27,34,30.5,61,7,23
16,18,16,18,17.0,34,2,14
9,9,9,9,9.0,18,0,6
1,5,1,5,3.0,6,4,0
7,5,5,7,6.0,12,2,4
9,19,9,19,14.0,28,10,6
29,39,29,39,34.0,68,10,25
12,1,1,12,6.5,13,11,0
10,1,1,10,5.5,11,9,0
1,11,1,11,6.0,12,10,0
27,27,27,27,27.0,54,0,26
1,8,1,8,4.5,9,7,0
1,11,1,11,6.0,12,10,0
13,20,13,20,16.5,33,7,11
5,5,5,5,5.0,10,0,4
31,33,31,33,32.0,64,2,30
5,5,5,5,5.0,10,0,4
28,21,21,28,24.5,49,7,19
1,5,1,5,3.0,6,4,0
4,1,1,4,2.5,5,3,0
1,7,1,7,4.0,8,6,0
16,1,1,16,8.5,17,15,0
10,10,10,10,10.0,20,0,9
6,2,2,6,4.0,8,4,1
13,26,13,26,19.5,39,13,0
7,6,6,7,6.5,13,1,4
2,8,2,8,5.0,10,6,0
6,7,6,7,6.5,13,1,1
14,10,10,14,12.0,24,4,8
3,5,3,5,4.0,8,2,2
6,6,6,6,6.0,12,0,5
1,5,1,5,3.0,6,4,0
5,13,5,13,9.0,18,8,4
1,4,1,4,2.5,5,3,0
1,4,1,4,2.5,5,3,0
43,10,10,43,26.5,53,33,5
1,61,1,61,31.0,62,60,0
12,10,10,12,11.0,22,2,9
33,47,33,47,40.0,80,14,30
1,4,1,4,2.5,5,3,0
5,3,3,5,4.0,8,2,0
26,26,26,26,26.0,52,0,25
16,13,13,16,14.5,29,3,8
1,23,1,23,12.0,24,22,0
6,29,6,29,17.5,35,23,4
1,5,1,5,3.0,6,4,0
1,77,1,77,39.0,78,76,0
23,25,23,25,24.0,48,2,18
13,4,4,13,8.5,17,9,3
1,4,1,4,2.5,5,3,0
5,6,5,6,5.5,11,1,2
25,32,25,32,28.5,57,7,21
2,5,2,5,3.5,7,3,0
14,12,12,14,13.0,26,2,8
19,2,2,19,10.5,21,17,0
4,5,4,5,4.5,9,1,0
1,4,1,4,2.5,5,3,0
1,16,1,16,8.5,17,15,0
15,15,15,15,15.0,30,0,14
1,4,1,4,2.5,5,3,0
1,35,1,35,18.0,36,34,0
3,6,3,6,4.5,9,3,1
5,6,5,6,5.5,11,1,4
35,40,35,40,37.5,75,5,27
1,7,1,7,4.0,8,6,0
21,24,21,24,22.5,45,3,20
41,36,36,41,38.5,77,5,33
8,8,8,8,8.0,16,0,7
6,3,3,6,4.5,9,3,2
31,36,31,36,33.5,67,5,28
1,8,1,8,4.5,9,7,0
9,20,9,20,14.5,29,11,7
20,20,20,20,20.0,40,0,17
4,8,4,8,6.0,12,4,0
9,8,8,9,8.5,17,1,4
1,5,1,5,3.0,6,4,0
1,7,1,7,4.0,8,6,0
4,4,4,4,4.0,8,0,3
1,16,1,16,8.5,17,15,0
8,5,5,8,6.5,13,3,4
1,19,1,19,10.0,20,18,0
4,6,4,6,5.0,10,2,1
1,4,1,4,2.5,5,3,0
6,5,5,6,5.5,11,1,4
49,49,49,49,49.0,98,0,30
4,1,1,4,2.5,5,3,0
17,15,15,17,16.0,32,2,14
19,2,2,19,10.5,21,17,1
6,6,6,6,6.0,12,0,5
2,4,2,4,3.0,6,2,1
1,6,1,6,3.5,7,5,0
5,8,5,8,6.5,13,3,3
30,6,6,30,18.0,36,24,3
1,5,1,5,3.0,6,4,0
1,4,1,4,2.5,5,3,0
12,1,1,12,6.5,13,11,0
9,5,5,9,7.0,14,4,3
8,8,8,8,8.0,16,0,6
6,4,4,6,5.0,10,2,3
40,37,37,40,38.5,77,3,32
4,5,4,5,4.5,9,1,2
5,1,1,5,3.0,6,4,0
1,7,1,7,4.0,8,6,0
4,1,1,4,2.5,5,3,0
4,3,3,4,3.5,7,1,2
17,21,17,21,19.0,38,4,16
2,9,2,9,5.5,11,7,1
4,3,3,4,3.5,7,1,2
1,4,1,4,2.5,5,3,0
27,24,24,27,25.5,51,3,21
1,10,1,10,5.5,11,9,0
7,7,7,7,7.0,14,0,6
8,8,8,8,8.0,16,0,7
5,2,2,5,3.5,7,3,1
4,1,1,4,2.5,5,3,0
29,26,26,29,27.5,55,3,25
8,9,8,9,8.5,17,1,6
1,5,1,5,3.0,6,4,0
6,1,1,6,3.5,7,5,0
28,51,28,51,39.5,79,23,27
12,1,1,12,6.5,13,11,0
14,10,10,14,12.0,24,4,8
31,23,23,31,27.0,54,8,19
1,20,1,20,10.5,21,19,0
4,4,4,4,4.0,8,0,3
12,12,12,12,12.0,24,0,3
9,11,9,11,10.0,20,2,8
5,4,4,5,4.5,9,1,3
1,4,1,4,2.5,5,3,0
6,3,3,6,4.5,9,3,2
4,1,1,4,2.5,5,3,0
9,8,8,9,8.5,17,1,7
9,2,2,9,5.5,11,7,0
3,4,3,4,3.5,7,1,2
1,4,1,4,2.5,5,3,0
30,32,30,32,31.0,62,2,29
7,6,6,7,6.5,13,1,4
1,7,1,7,4.0,8,6,0
4,1,1,4,2.5,5,3,0
4,1,1,4,2.5,5,3,0
7,4,4,7,5.5,11,3,3
9,7,7,9,8.0,16,2,6
5,1,1,5,3.0,6,4,0
1,5,1,5,3.0,6,4,0
4,1,1,4,2.5,5,3,0
1,4,1,4,2.5,5,3,0
9,1,1,9,5.0,10,8,0
4,2,2,4,3.0,6,2,1
28,23,23,28,25.5,51,5,19
8,2,2,8,5.0,10,6,1
5,8,5,8,6.5,13,3,3
5,4,4,5,4.5,9,1,2
1,4,1,4,2.5,5,3,0
8,1,1,8,4.5,9,7,0
6,5,5,6,5.5,11,1,4
5,5,5,5,5.0,10,0,4
1,4,1,4,2.5,5,3,0
6,6,6,6,6.0,12,0,5
5,5,5,5,5.0,10,0,0
2,6,2,6,4.0,8,4,0
21,21,21,21,21.0,42,0,20
2,5,2,5,3.5,7,3,1
1,8,1,8,4.5,9,7,0
4,2,2,4,3.0,6,2,0
5,4,4,5,4.5,9,1,3
34,23,23,34,28.5,57,11,14
10,9,9,10,9.5,19,1,5
7,9,7,9,8.0,16,2,6
22,24,22,24,23.0,46,2,21
1,4,1,4,2.5,5,3,0
6,6,6,6,6.0,12,0,5
2,5,2,5,3.5,7,3,1
19,15,15,19,17.0,34,4,14
4,17,4,17,10.5,21,13,1
9,7,7,9,8.0,16,2,6
1,4,1,4,2.5,5,3,0
5,8,5,8,6.5,13,3,3
1,7,1,7,4.0,8,6,0
2,6,2,6,4.0,8,4,0
5,2,2,5,3.5,7,3,1
1,5,1,5,3.0,6,4,0
7,6,6,7,6.5,13,1,3
5,5,5,5,5.0,10,0,4
44,30,30,44,37.0,74,14,25
9,8,8,9,8.5,17,1,5
4,1,1,4,2.5,5,3,0
3,6,3,6,4.5,9,3,2
4,8,4,8,6.0,12,4,1
2,4,2,4,3.0,6,2,1
6,1,1,6,3.5,7,5,0
4,2,2,4,3.0,6,2,1
4,1,1,4,2.5,5,3,0
21,1,1,21,11.0,22,20,0
1,4,1,4,2.5,5,3,0
7,1,1,7,4.0,8,6,0
5,5,5,5,5.0,10,0,0
1,4,1,4,2.5,5,3,0
1,5,1,5,3.0,6,4,0
4,21,4,21,12.5,25,17,0
4,1,1,4,2.5,5,3,0
4,4,4,4,4.0,8,0,2
4,1,1,4,2.5,5,3,0
4,1,1,4,2.5,5,3,0
16,8,8,16,12.0,24,8,3
6,1,1,6,3.5,7,5,0
2,6,2,6,4.0,8,4,1
4,2,2,4,3.0,6,2,0
8,5,5,8,6.5,13,3,2
7,6,6,7,6.5,13,1,5
5,1,1,5,3.0,6,4,0
4,1,1,4,2.5,5,3,0
16,9,9,16,12.5,25,7,7
1,4,1,4,2.5,5,3,0
8,8,8,8,8.0,16,0,6
18,18,18,18,18.0,36,0,16
45,25,25,45,35.0,70,20,24
2,16,2,16,9.0,18,14,0
10,1,1,10,5.5,11,9,0
7,8,7,8,7.5,15,1,6
18,20,18,20,19.0,38,2,11
1,13,1,13,7.0,14,12,0
38,16,16,38,27.0,54,22,14
13,1,1,13,7.0,14,12,0
2,15,2,15,8.5,17,13,1
12,12,12,12,12.0,24,0,10
11,8,8,11,9.5,19,3,7
1,5,1,5,3.0,6,4,0
8,14,8,14,11.0,22,6,6
20,1,1,20,10.5,21,19,0
4,1,1,4,2.5,5,3,0
13,6,6,13,9.5,19,7,4
7,4,4,7,5.5,11,3,3
1,5,1,5,3.0,6,4,0
16,17,16,17,16.5,33,1,15
17,15,15,17,16.0,32,2,8
1,4,1,4,2.5,5,3,0
4,1,1,4,2.5,5,3,0
3,5,3,5,4.0,8,2,2
3,5,3,5,4.0,8,2,0
18,14,14,18,16.0,32,4,9
7,9,7,9,8.0,16,2,1
14,4,4,14,9.0,18,10,3
5,4,4,5,4.5,9,1,2
10,10,10,10,10.0,20,0,9
1,8,1,8,4.5,9,7,0
13,9,9,13,11.0,22,4,8
4,7,4,7,5.5,11,3,3
9,9,9,9,9.0,18,0,7
5,5,5,5,5.0,10,0,4
10,1,1,10,5.5,11,9,0
42,49,42,49,45.5,91,7,25
7,13,7,13,10.0,20,6,6
13,13,13,13,13.0,26,0,12
1,7,1,7,4.0,8,6,0
6,2,2,6,4.0,8,4,1
1,5,1,5,3.0,6,4,0
22,23,22,23,22.5,45,1,21
1,4,1,4,2.5,5,3,0
8,10,8,10,9.0,18,2,5
1,4,1,4,2.5,5,3,0
4,6,4,6,5.0,10,2,1
4,1,1,4,2.5,5,3,0
4,1,1,4,2.5,5,3,0
12,11,11,12,11.5,23,1,10
5,2,2,5,3.5,7,3,0
13,14,13,14,13.5,27,1,12
6,1,1,6,3.5,7,5,0
6,6,6,6,6.0,12,0,4
9,17,9,17,13.0,26,8,6
10,7,7,10,8.5,17,3,6
4,1,1,4,2.5,5,3,0
1,39,1,39,20.0,40,38,0
5,3,3,5,4.0,8,2,2
6,8,6,8,7.0,14,2,5
1,4,1,4,2.5,5,3,0
1,4,1,4,2.5,5,3,0
4,2,2,4,3.0,6,2,1
8,7,7,8,7.5,15,1,6
1,9,1,9,5.0,10,8,0
7,5,5,7,6.0,12,2,4
4,4,4,4,4.0,8,0,3
1,10,1,10,5.5,11,9,0
10,16,10,16,13.0,26,6,9
1,13,1,13,7.0,14,12,0
8,5,5,8,6.5,13,3,1
17,16,16,17,16.5,33,1,14
8,11,8,11,9.5,19,3,1
1,8,1,8,4.5,9,7,0
14,1,1,14,7.5,15,13,0
4,7,4,7,5.5,11,3,3
1,8,1,8,4.5,9,7,0
1,9,1,9,5.0,10,8,0
28,21,21,28,24.5,49,7,18
1,4,1,4,2.5,5,3,0
6,1,1,6,3.5,7,5,0
10,10,10,10,10.0,20,0,9
4,4,4,4,4.0,8,0,2
3,8,3,8,5.5,11,5,1
6,19,6,19,12.5,25,13,4
10,8,8,10,9.0,18,2,7
5,7,5,7,6.0,12,2,4
1,4,1,4,2.5,5,3,0
8,6,6,8,7.0,14,2,5
1,8,1,8,4.5,9,7,0
1,36,1,36,18.5,37,35,0
4,1,1,4,2.5,5,3,0
11,9,9,11,10.0,20,2,7
1,7,1,7,4.0,8,6,0
5,1,1,5,3.0,6,4,0
5,1,1,5,3.0,6,4,0
17,2,2,17,9.5,19,15,0
1,4,1,4,2.5,5,3,0
1,4,1,4,2.5,5,3,0
39,40,39,40,39.5,79,1,32
8,6,6,8,7.0,14,2,5
8,5,5,8,6.5,13,3,4
1,4,1,4,2.5,5,3,0
11,11,11,11,11.0,22,0,8
17,13,13,17,15.0,30,4,6
2,4,2,4,3.0,6,2,1
33,48,33,48,40.5,81,15,30
1,4,1,4,2.5,5,3,0
2,8,2,8,5.0,10,6,1
6,4,4,6,5.0,10,2,0
7,14,7,14,10.5,21,7,2
7,5,5,7,6.0,12,2,3
35,23,23,35,29.0,58,12,13
4,1,1,4,2.5,5,3,0
5,9,5,9,7.0,14,4,3
11,10,10,11,10.5,21,1,8
4,1,1,4,2.5,5,3,0
7,1,1,7,4.0,8,6,0
32,32,32,32,32.0,64,0,31
5,1,1,5,3.0,6,4,0
10,1,1,10,5.5,11,9,0
4,4,4,4,4.0,8,0,1
29,22,22,29,25.5,51,7,19
23,23,23,23,23.0,46,0,21
5,7,5,7,6.0,12,2,4
19,18,18,19,18.5,37,1,17
4,4,4,4,4.0,8,0,3
5,5,5,5,5.0,10,0,3
4,4,4,4,4.0,8,0,2
4,1,1,4,2.5,5,3,0
33,34,33,34,33.5,67,1,32
6,1,1,6,3.5,7,5,0
8,8,8,8,8.0,16,0,7
3,11,3,11,7.0,14,8,2
3,6,3,6,4.5,9,3,2
4,5,4,5,4.5,9,1,2
15,10,10,15,12.5,25,5,9
11,12,11,12,11.5,23,1,7
19,22,19,22,20.5,41,3,16
4,1,1,4,2.5,5,3,0
5,5,5,5,5.0,10,0,4
1,9,1,9,5.0,10,8,0
3,4,3,4,3.5,7,1,2
11,7,7,11,9.0,18,4,5
4,2,2,4,3.0,6,2,1
13,8,8,13,10.5,21,5,6
4,6,4,6,5.0,10,2,3
1,4,1,4,2.5,5,3,0
4,1,1,4,2.5,5,3,0
7,11,7,11,9.0,18,4,6
29,24,24,29,26.5,53,5,23
2,4,2,4,3.0,6,2,1
3,6,3,6,4.5,9,3,2
30,25,25,30,27.5,55,5,21
20,18,18,20,19.0,38,2,11
1,6,1,6,3.5,7,5,0
1,4,1,4,2.5,5,3,0
10,17,10,17,13.5,27,7,9
7,1,1,7,4.0,8,6,0
10,13,10,13,11.5,23,3,9
1,10,1,10,5.5,11,9,0
12,14,12,14,13.0,26,2,6
12,2,2,12,7.0,14,10,1
11,14,11,14,12.5,25,3,10
6,9,6,9,7.5,15,3,0
12,19,12,19,15.5,31,7,11
2,5,2,5,3.5,7,3,0
27,1,1,27,14.0,28,26,0
5,5,5,5,5.0,10,0,4
1,6,1,6,3.5,7,5,0
17,20,17,20,18.5,37,3,13
12,6,6,12,9.0,18,6,4
1,5,1,5,3.0,6,4,0
5,2,2,5,3.5,7,3,1
10,10,10,10,10.0,20,0,8
15,13,13,15,14.0,28,2,12
7,8,7,8,7.5,15,1,5
12,2,2,12,7.0,14,10,0
8,9,8,9,8.5,17,1,7
17,1,1,17,9.0,18,16,0
41,5,5,41,23.0,46,36,4
5,4,4,5,4.5,9,1,0
13,13,13,13,13.0,26,0,12
12,2,2,12,7.0,14,10,0
3,6,3,6,4.5,9,3,2
5,1,1,5,3.0,6,4,0
4,4,4,4,4.0,8,0,3
14,14,14,14,14.0,28,0,13
1,4,1,4,2.5,5,3,0
4,4,4,4,4.0,8,0,2
1,4,1,4,2.5,5,3,0
5,3,3,5,4.0,8,2,2
10,2,2,10,6.0,12,8,0
5,6,5,6,5.5,11,1,4
3,4,3,4,3.5,7,1,2
6,7,6,7,6.5,13,1,5
7,7,7,7,7.0,14,0,6
23,21,21,23,22.0,44,2,19
9,8,8,9,8.5,17,1,7
8,10,8,10,9.0,18,2,6
17,5,5,17,11.0,22,12,4
1,7,1,7,4.0,8,6,0
24,26,24,26,25.0,50,2,22
7,1,1,7,4.0,8,6,0
2,7,2,7,4.5,9,5,0
5,4,4,5,4.5,9,1,3
6,6,6,6,6.0,12,0,5
4,1,1,4,2.5,5,3,0
12,7,7,12,9.5,19,5,3
4,10,4,10,7.0,14,6,3
8,9,8,9,8.5,17,1,6
21,15,15,21,18.0,36,6,9
20,22,20,22,21.0,42,2,14
5,1,1,5,3.0,6,4,0
5,10,5,10,7.5,15,5,0
4,5,4,5,4.5,9,1,3
4,2,2,4,3.0,6,2,0
14,14,14,14,14.0,28,0,13
4,1,1,4,2.5,5,3,0
7,1,1,7,4.0,8,6,0
1,4,1,4,2.5,5,3,0
5,3,3,5,4.0,8,2,0
7,1,1,7,4.0,8,6,0
33,23,23,33,28.0,56,10,22
43,49,43,49,46.0,92,6,37
4,3,3,4,3.5,7,1,1
2,11,2,11,6.5,13,9,0
1,6,1,6,3.5,7,5,0
12,13,12,13,12.5,25,1,3
4,1,1,4,2.5,5,3,0
6,1,1,6,3.5,7,5,0
5,39,5,39,22.0,44,34,2
4,4,4,4,4.0,8,0,2
21,11,11,21,16.0,32,10,5
8,7,7,8,7.5,15,1,6
1,4,1,4,2.5,5,3,0
22,19,19,22,20.5,41,3,18
15,12,12,15,13.5,27,3,4
6,6,6,6,6.0,12,0,3
5,1,1,5,3.0,6,4,0
2,7,2,7,4.5,9,5,0
7,8,7,8,7.5,15,1,6
28,39,28,39,33.5,67,11,22
4,13,4,13,8.5,17,9,2
35,31,31,35,33.0,66,4,29
25,21,21,25,23.0,46,4,20
9,12,9,12,10.5,21,3,8
5,1,1,5,3.0,6,4,0
4,4,4,4,4.0,8,0,2
11,1,1,11,6.0,12,10,0
2,7,2,7,4.5,9,5,0
4,6,4,6,5.0,10,2,3
8,9,8,9,8.5,17,1,4
5,5,5,5,5.0,10,0,3
4,4,4,4,4.0,8,0,1
29,25,25,29,27.0,54,4,22
1,6,1,6,3.5,7,5,0
8,8,8,8,8.0,16,0,7
7,8,7,8,7.5,15,1,6
9,1,1,9,5.0,10,8,0
6,6,6,6,6.0,12,0,5
20,16,16,20,18.0,36,4,13
5,1,1,5,3.0,6,4,0
49,26,26,49,37.5,75,23,21
5,15,5,15,10.0,20,10,4
9,7,7,9,8.0,16,2,5
10,8,8,10,9.0,18,2,5
5,1,1,5,3.0,6,4,0
9,7,7,9,8.0,16,2,0
7,9,7,9,8.0,16,2,6
9,17,9,17,13.0,26,8,8
18,14,14,18,16.0,32,4,10
1,9,1,9,5.0,10,8,0
6,1,1,6,3.5,7,5,0
13,11,11,13,12.0,24,2,10
6,1,1,6,3.5,7,5,0
3,15,3,15,9.0,18,12,0
5,6,5,6,5.5,11,1,3
4,4,4,4,4.0,8,0,3
6,4,4,6,5.0,10,2,0
4,4,4,4,4.0,8,0,0
1,4,1,4,2.5,5,3,0
4,4,4,4,4.0,8,0,3
1,6,1,6,3.5,7,5,0
2,4,2,4,3.0,6,2,0
1,4,1,4,2.5,5,3,0
8,1,1,8,4.5,9,7,0
17,14,14,17,15.5,31,3,12
20,33,20,33,26.5,53,13,18
5,6,5,6,5.5,11,1,4
2,23,2,23,12.5,25,21,0
5,1,1,5,3.0,6,4,0
5,4,4,5,4.5,9,1,3
12,32,12,32,22.0,44,20,10
7,6,6,7,6.5,13,1,5
22,20,20,22,21.0,42,2,19
1,17,1,17,9.0,18,16,0
7,5,5,7,6.0,12,2,4
13,23,13,23,18.0,36,10,8
4,5,4,5,4.5,9,1,3
1,4,1,4,2.5,5,3,0
14,6,6,14,10.0,20,8,4
14,13,13,14,13.5,27,1,12
6,9,6,9,7.5,15,3,4
10,7,7,10,8.5,17,3,5
2,5,2,5,3.5,7,3,1
5,5,5,5,5.0,10,0,3
16,16,16,16,16.0,32,0,9
4,4,4,4,4.0,8,0,1
14,24,14,24,19.0,38,10,13
14,1,1,14,7.5,15,13,0
5,1,1,5,3.0,6,4,0
4,1,1,4,2.5,5,3,0
18,15,15,18,16.5,33,3,11
27,46,27,46,36.5,73,19,19
1,10,1,10,5.5,11,9,0
4,1,1,4,2.5,5,3,0
1,5,1,5,3.0,6,4,0
11,4,4,11,7.5,15,7,2
1,4,1,4,2.5,5,3,0
5,7,5,7,6.0,12,2,2
17,17,17,17,17.0,34,0,15
25,35,25,35,30.0,60,10,11
8,7,7,8,7.5,15,1,3
4,4,4,4,4.0,8,0,0
5,4,4,5,4.5,9,1,3
1,4,1,4,2.5,5,3,0
10,9,9,10,9.5,19,1,6
5,1,1,5,3.0,6,4,0
45,44,44,45,44.5,89,1,39
2,5,2,5,3.5,7,3,0
1,4,1,4,2.5,5,3,0
9,8,8,9,8.5,17,1,7
14,14,14,14,14.0,28,0,12
25,23,23,25,24.0,48,2,19
11,1,1,11,6.0,12,10,0
4,5,4,5,4.5,9,1,2
5,5,5,5,5.0,10,0,4
24,16,16,24,20.0,40,8,15
1,8,1,8,4.5,9,7,0
4,1,1,4,2.5,5,3,0
12,1,1,12,6.5,13,11,0
39,49,39,49,44.0,88,10,19
10,9,9,10,9.5,19,1,7
21,20,20,21,20.5,41,1,18
8,1,1,8,4.5,9,7,0
2,4,2,4,3.0,6,2,1
26,27,26,27,26.5,53,1,25
4,4,4,4,4.0,8,0,3
2,5,2,5,3.5,7,3,1
5,5,5,5,5.0,10,0,3
1,4,1,4,2.5,5,3,0
1,4,1,4,2.5,5,3,0
5,4,4,5,4.5,9,1,3
18,23,18,23,20.5,41,5,16
4,4,4,4,4.0,8,0,3
7,16,7,16,11.5,23,9,2
21,18,18,21,19.5,39,3,16
4,3,3,4,3.5,7,1,2
6,2,2,6,4.0,8,4,1
13,13,13,13,13.0,26,0,12
6,5,5,6,5.5,11,1,1
4,1,1,4,2.5,5,3,0
5,3,3,5,4.0,8,2,2
33,16,16,33,24.5,49,17,5
2,5,2,5,3.5,7,3,1
12,12,12,12,12.0,24,0,10
11,9,9,11,10.0,20,2,8
1,5,1,5,3.0,6,4,0
18,14,14,18,16.0,32,4,10
10,7,7,10,8.5,17,3,1
5,5,5,5,5.0,10,0,4
4,2,2,4,3.0,6,2,1
1,4,1,4,2.5,5,3,0
16,18,16,18,17.0,34,2,14
16,1,1,16,8.5,17,15,0
1,6,1,6,3.5,7,5,0
17,16,16,17,16.5,33,1,14
6,5,5,6,5.5,11,1,4
3,4,3,4,3.5,7,1,0
9,9,9,9,9.0,18,0,7
1,6,1,6,3.5,7,5,0
1,6,1,6,3.5,7,5,0
2,4,2,4,3.0,6,2,1
4,4,4,4,4.0,8,0,3
6,8,6,8,7.0,14,2,3
14,13,13,14,13.5,27,1,9
21,6,6,21,13.5,27,15,4
12,13,12,13,12.5,25,1,11
1,4,1,4,2.5,5,3,0
24,49,24,49,36.5,73,25,20
1,4,1,4,2.5,5,3,0
4,12,4,12,8.0,16,8,3
4,4,4,4,4.0,8,0,3
15,48,15,48,31.5,63,33,14
1,7,1,7,4.0,8,6,0
7,1,1,7,4.0,8,6,0
22,18,18,22,20.0,40,4,17
4,7,4,7,5.5,11,3,1
5,4,4,5,4.5,9,1,3
5,2,2,5,3.5,7,3,0
4,4,4,4,4.0,8,0,3
4,1,1,4,2.5,5,3,0
17,17,17,17,17.0,34,0,15
21,15,15,21,18.0,36,6,10
5,1,1,5,3.0,6,4,0
1,4,1,4,2.5,5,3,0
4,1,1,4,2.5,5,3,0
1,5,1,5,3.0,6,4,0
14,8,8,14,11.0,22,6,6
10,7,7,10,8.5,17,3,4
7,1,1,7,4.0,8,6,0
5,5,5,5,5.0,10,0,1
12,9,9,12,10.5,21,3,0
26,1,1,26,13.5,27,25,0
4,4,4,4,4.0,8,0,3
1,6,1,6,3.5,7,5,0
11,1,1,11,6.0,12,10,0
1,4,1,4,2.5,5,3,0
43,46,43,46,44.5,89,3,32
1,5,1,5,3.0,6,4,0
4,28,4,28,16.0,32,24,2
27,23,23,27,25.0,50,4,18
1,16,1,16,8.5,17,15,0
23,24,23,24,23.5,47,1,22
7,4,4,7,5.5,11,3,3
8,7,7,8,7.5,15,1,0
4,1,1,4,2.5,5,3,0
31,32,31,32,31.5,63,1,25
7,1,1,7,4.0,8,6,0
5,8,5,8,6.5,13,3,4
15,12,12,15,13.5,27,3,8
17,8,8,17,12.5,25,9,0
18,19,18,19,18.5,37,1,17
2,4,2,4,3.0,6,2,1
4,1,1,4,2.5,5,3,0
4,4,4,4,4.0,8,0,3
5,15,5,15,10.0,20,10,2
7,1,1,7,4.0,8,6,0
5,1,1,5,3.0,6,4,0
1,4,1,4,2.5,5,3,0
1,4,1,4,2.5,5,3,0
11,12,11,12,11.5,23,1,8
9,8,8,9,8.5,17,1,7
29,22,22,29,25.5,51,7,20
5,3,3,5,4.0,8,2,0
1,6,1,6,3.5,7,5,0
48,44,44,48,46.0,92,4,35
7,7,7,7,7.0,14,0,6
1,35,1,35,18.0,36,34,0
10,7,7,10,8.5,17,3,3
8,1,1,8,4.5,9,7,0
10,5,5,10,7.5,15,5,3
8,6,6,8,7.0,14,2,3
19,18,18,19,18.5,37,1,17
2,5,2,5,3.5,7,3,1
9,9,9,9,9.0,18,0,8
16,26,16,26,21.0,42,10,12
1,10,1,10,5.5,11,9,0
1,9,1,9,5.0,10,8,0
43,43,43,43,43.0,86,0,40
9,8,8,9,8.5,17,1,7
1,8,1,8,4.5,9,7,0
5,4,4,5,4.5,9,1,3
17,13,13,17,15.0,30,4,11
2,7,2,7,4.5,9,5,1
13,13,13,13,13.0,26,0,12
4,4,4,4,4.0,8,0,2
15,2,2,15,8.5,17,13,0
6,5,5,6,5.5,11,1,1
11,18,11,18,14.5,29,7,9
12,13,12,13,12.5,25,1,11
3,9,3,9,6.0,12,6,2
9,14,9,14,11.5,23,5,7
5,1,1,5,3.0,6,4,0
1,4,1,4,2.5,5,3,0
4,1,1,4,2.5,5,3,0
4,1,1,4,2.5,5,3,0
1,6,1,6,3.5,7,5,0
5,4,4,5,4.5,9,1,3
5,1,1,5,3.0,6,4,0
4,1,1,4,2.5,5,3,0
37,28,28,37,32.5,65,9,16
1,6,1,6,3.5,7,5,0
6,12,6,12,9.0,18,6,0
25,5,5,25,15.0,30,20,0
7,1,1,7,4.0,8,6,0
11,12,11,12,11.5,23,1,10
11,11,11,11,11.0,22,0,10
1,10,1,10,5.5,11,9,0
6,7,6,7,6.5,13,1,5
8,10,8,10,9.0,18,2,7
6,3,3,6,4.5,9,3,2
8,1,1,8,4.5,9,7,0
1,7,1,7,4.0,8,6,0
7,9,7,9,8.0,16,2,6
3,5,3,5,4.0,8,2,2
7,6,6,7,6.5,13,1,4
1,10,1,10,5.5,11,9,0
19,19,19,19,19.0,38,0,16
13,7,7,13,10.0,20,6,6
1,4,1,4,2.5,5,3,0
24,18,18,24,21.0,42,6,13
5,5,5,5,5.0,10,0,4
6,3,3,6,4.5,9,3,2
5,21,5,21,13.0,26,16,3
13,19,13,19,16.0,32,6,11
5,6,5,6,5.5,11,1,1
1,6,1,6,3.5,7,5,0
4,10,4,10,7.0,14,6,2
1,4,1,4,2.5,5,3,0
5,2,2,5,3.5,7,3,1
6,1,1,6,3.5,7,5,0
19,20,19,20,19.5,39,1,8
1,18,1,18,9.5,19,17,0
4,5,4,5,4.5,9,1,3
1,4,1,4,2.5,5,3,0
17,2,2,17,9.5,19,15,0
15,18,15,18,16.5,33,3,14
5,1,1,5,3.0,6,4,0
32,1,1,32,16.5,33,31,0
1,4,1,4,2.5,5,3,0
6,6,6,6,6.0,12,0,4
9,2,2,9,5.5,11,7,0
8,1,1,8,4.5,9,7,0
5,2,2,5,3.5,7,3,1
1,5,1,5,3.0,6,4,0
14,1,1,14,7.5,15,13,0
1,4,1,4,2.5,5,3,0
1,4,1,4,2.5,5,3,0
4,5,4,5,4.5,9,1,3
6,20,6,20,13.0,26,14,5
6,4,4,6,5.0,10,2,0
9,2,2,9,5.5,11,7,0
4,4,4,4,4.0,8,0,3
14,13,13,14,13.5,27,1,11
5,1,1,5,3.0,6,4,0
5,1,1,5,3.0,6,4,0
17,19,17,19,18.0,36,2,15
1,9,1,9,5.0,10,8,0
37,19,19,37,28.0,56,18,14
1,4,1,4,2.5,5,3,0
6,9,6,9,7.5,15,3,5
5,1,1,5,3.0,6,4,0
6,6,6,6,6.0,12,0,5
4,2,2,4,3.0,6,2,0
7,5,5,7,6.0,12,2,4
1,4,1,4,2.5,5,3,0
19,24,19,24,21.5,43,5,9
3,5,3,5,4.0,8,2,2
1,10,1,10,5.5,11,9,0
9,4,4,9,6.5,13,5,3
28,28,28,28,28.0,56,0,20
7,10,7,10,8.5,17,3,4
8,23,8,23,15.5,31,15,6
16,9,9,16,12.5,25,7,7
12,51,12,51,31.5,63,39,11
22,23,22,23,22.5,45,1,20
21,20,20,21,20.5,41,1,13
12,9,9,12,10.5,21,3,6
1,4,1,4,2.5,5,3,0
17,2,2,17,9.5,19,15,0
4,1,1,4,2.5,5,3,0
10,8,8,10,9.0,18,2,7
32,14,14,32,23.0,46,18,11
1,5,1,5,3.0,6,4,0
1,7,1,7,4.0,8,6,0
5,2,2,5,3.5,7,3,1
49,35,35,49,42.0,84,14,29
21,17,17,21,19.0,38,4,16
13,6,6,13,9.5,19,7,2
13,12,12,13,12.5,25,1,11
4,2,2,4,3.0,6,2,1
5,5,5,5,5.0,10,0,4
4,2,2,4,3.0,6,2,1
24,21,21,24,22.5,45,3,18
1,7,1,7,4.0,8,6,0
4,3,3,4,3.5,7,1,1
24,20,20,24,22.0,44,4,12
6,2,2,6,4.0,8,4,1
9,1,1,9,5.0,10,8,0
7,7,7,7,7.0,14,0,4
8,8,8,8,8.0,16,0,4
4,4,4,4,4.0,8,0,3
7,13,7,13,10.0,20,6,5
1,16,1,16,8.5,17,15,0
17,21,17,21,19.0,38,4,15
25,28,25,28,26.5,53,3,24
2,15,2,15,8.5,17,13,0
5,1,1,5,3.0,6,4,0
3,5,3,5,4.0,8,2,2
4,1,1,4,2.5,5,3,0
1,4,1,4,2.5,5,3,0
1,9,1,9,5.0,10,8,0
15,13,13,15,14.0,28,2,12
5,8,5,8,6.5,13,3,0
1,5,1,5,3.0,6,4,0
5,1,1,5,3.0,6,4,0
6,18,6,18,12.0,24,12,4
5,32,5,32,18.5,37,27,2
11,1,1,11,6.0,12,10,0
2,48,2,48,25.0,50,46,1
13,13,13,13,13.0,26,0,12
1,5,1,5,3.0,6,4,0
7,7,7,7,7.0,14,0,5
12,12,12,12,12.0,24,0,11
5,8,5,8,6.5,13,3,2
1,6,1,6,3.5,7,5,0
7,8,7,8,7.5,15,1,5
1,4,1,4,2.5,5,3,0
4,4,4,4,4.0,8,0,3
20,11,11,20,15.5,31,9,10
1,4,1,4,2.5,5,3,0
1,6,1,6,3.5,7,5,0
10,10,10,10,10.0,20,0,9
38,23,23,38,30.5,61,15,17
5,6,5,6,5.5,11,1,3
5,1,1,5,3.0,6,4,0
1,31,1,31,16.0,32,30,0
14,22,14,22,18.0,36,8,13
12,6,6,12,9.0,18,6,3
7,10,7,10,8.5,17,3,5
3,13,3,13,8.0,16,10,2
4,1,1,4,2.5,5,3,0
1,5,1,5,3.0,6,4,0
1,17,1,17,9.0,18,16,0
6,1,1,6,3.5,7,5,0
12,12,12,12,12.0,24,0,0
6,6,6,6,6.0,12,0,5
4,1,1,4,2.5,5,3,0
21,10,10,21,15.5,31,11,9
21,32,21,32,26.5,53,11,17
6,5,5,6,5.5,11,1,3
27,9,9,27,18.0,36,18,7
29,16,16,29,22.5,45,13,14
24,47,24,47,35.5,71,23,22
5,9,5,9,7.0,14,4,4
9,1,1,9,5.0,10,8,0
9,1,1,9,5.0,10,8,0
7,1,1,7,4.0,8,6,0
3,13,3,13,8.0,16,10,0
1,4,1,4,2.5,5,3,0
25,18,18,25,21.5,43,7,14
1,77,1,77,39.0,78,76,0
19,4,4,19,11.5,23,15,3
12,33,12,33,22.5,45,21,9
19,19,19,19,19.0,38,0,18
1,13,1,13,7.0,14,12,0
7,6,6,7,6.5,13,1,5
9,7,7,9,8.0,16,2,6
45,25,25,45,35.0,70,20,21
45,38,38,45,41.5,83,7,34
7,1,1,7,4.0,8,6,0
17,21,17,21,19.0,38,4,13
24,20,20,24,22.0,44,4,17
29,18,18,29,23.5,47,11,16
4,1,1,4,2.5,5,3,0
30,9,9,30,19.5,39,21,0
1,5,1,5,3.0,6,4,0
4,12,4,12,8.0,16,8,3
28,23,23,28,25.5,51,5,22
8,1,1,8,4.5,9,7,0
9,9,9,9,9.0,18,0,7
1,5,1,5,3.0,6,4,0
14,17,14,17,15.5,31,3,13
15,9,9,15,12.0,24,6,2
26,27,26,27,26.5,53,1,10
4,1,1,4,2.5,5,3,0
12,14,12,14,13.0,26,2,11
39,36,36,39,37.5,75,3,29
5,1,1,5,3.0,6,4,0
6,4,4,6,5.0,10,2,2
17,1,1,17,9.0,18,16,0
11,16,11,16,13.5,27,5,5
5,1,1,5,3.0,6,4,0
16,12,12,16,14.0,28,4,6
4,6,4,6,5.0,10,2,3
5,5,5,5,5.0,10,0,4
1,9,1,9,5.0,10,8,0
6,2,2,6,4.0,8,4,1
6,1,1,6,3.5,7,5,0
11,13,11,13,12.0,24,2,6
1,5,1,5,3.0,6,4,0
7,6,6,7,6.5,13,1,5
6,16,6,16,11.0,22,10,2
4,1,1,4,2.5,5,3,0
54,25,25,54,39.5,79,29,14
4,1,1,4,2.5,5,3,0
5,6,5,6,5.5,11,1,4
23,19,19,23,21.0,42,4,18
5,1,1,5,3.0,6,4,0
4,3,3,4,3.5,7,1,2
1,5,1,5,3.0,6,4,0
19,31,19,31,25.0,50,12,15
14,15,14,15,14.5,29,1,13
1,5,1,5,3.0,6,4,0
4,1,1,4,2.5,5,3,0
8,18,8,18,13.0,26,10,7
27,1,1,27,14.0,28,26,0
8,4,4,8,6.0,12,4,2
9,21,9,21,15.0,30,12,7
9,8,8,9,8.5,17,1,6
5,1,1,5,3.0,6,4,0
11,11,11,11,11.0,22,0,7
6,4,4,6,5.0,10,2,0
5,3,3,5,4.0,8,2,2
5,8,5,8,6.5,13,3,0
1,4,1,4,2.5,5,3,0
6,6,6,6,6.0,12,0,3
4,4,4,4,4.0,8,0,2
1,6,1,6,3.5,7,5,0
3,19,3,19,11.0,22,16,0
9,8,8,9,8.5,17,1,0
18,10,10,18,14.0,28,8,7
2,5,2,5,3.5,7,3,0
1,11,1,11,6.0,12,10,0
5,1,1,5,3.0,6,4,0
1,40,1,40,20.5,41,39,0
51,33,33,51,42.0,84,18,23
7,4,4,7,5.5,11,3,3
2,7,2,7,4.5,9,5,1
9,1,1,9,5.0,10,8,0
11,6,6,11,8.5,17,5,3
4,6,4,6,5.0,10,2,3
21,17,17,21,19.0,38,4,14
6,4,4,6,5.0,10,2,3
1,6,1,6,3.5,7,5,0
8,6,6,8,7.0,14,2,0
1,9,1,9,5.0,10,8,0
4,1,1,4,2.5,5,3,0
1,6,1,6,3.5,7,5,0
14,11,11,14,12.5,25,3,6
8,8,8,8,8.0,16,0,7
1,4,1,4,2.5,5,3,0
6,6,6,6,6.0,12,0,4
4,2,2,4,3.0,6,2,0
1,17,1,17,9.0,18,16,0
1,7,1,7,4.0,8,6,0
1,18,1,18,9.5,19,17,0
6,5,5,6,5.5,11,1,4
4,8,4,8,6.0,12,4,3
29,27,27,29,28.0,56,2,26
11,14,11,14,12.5,25,3,10
7,8,7,8,7.5,15,1,6
5,1,1,5,3.0,6,4,0
11,1,1,11,6.0,12,10,0
11,11,11,11,11.0,22,0,8
4,1,1,4,2.5,5,3,0
11,7,7,11,9.0,18,4,6
1,7,1,7,4.0,8,6,0
6,5,5,6,5.5,11,1,4
4,2,2,4,3.0,6,2,1
1,11,1,11,6.0,12,10,0
12,12,12,12,12.0,24,0,11
13,5,5,13,9.0,18,8,4
19,14,14,19,16.5,33,5,12
21,23,21,23,22.0,44,2,18
1,4,1,4,2.5,5,3,0
1,6,1,6,3.5,7,5,0
1,7,1,7,4.0,8,6,0
6,6,6,6,6.0,12,0,3
37,31,31,37,34.0,68,6,19
3,4,3,4,3.5,7,1,2
5,5,5,5,5.0,10,0,2
44,38,38,44,41.0,82,6,32
5,7,5,7,6.0,12,2,4
3,50,3,50,26.5,53,47,0
1,6,1,6,3.5,7,5,0
23,14,14,23,18.5,37,9,12
4,1,1,4,2.5,5,3,0
9,1,1,9,5.0,10,8,0
12,9,9,12,10.5,21,3,7
9,1,1,9,5.0,10,8,0
9,9,9,9,9.0,18,0,3
4,2,2,4,3.0,6,2,1
4,1,1,4,2.5,5,3,0
39,33,33,39,36.0,72,6,28
14,10,10,14,12.0,24,4,9
8,12,8,12,10.0,20,4,5
1,5,1,5,3.0,6,4,0
8,8,8,8,8.0,16,0,7
4,5,4,5,4.5,9,1,0
1,8,1,8,4.5,9,7,0
10,4,4,10,7.0,14,6,3
1,40,1,40,20.5,41,39,0
9,11,9,11,10.0,20,2,7
15,15,15,15,15.0,30,0,12
5,4,4,5,4.5,9,1,3
12,17,12,17,14.5,29,5,11
4,1,1,4,2.5,5,3,0
9,9,9,9,9.0,18,0,8
22,23,22,23,22.5,45,1,20
39,24,24,39,31.5,63,15,22
12,18,12,18,15.0,30,6,10
5,6,5,6,5.5,11,1,4
1,5,1,5,3.0,6,4,0
1,7,1,7,4.0,8,6,0
18,10,10,18,14.0,28,8,7
1,4,1,4,2.5,5,3,0
5,5,5,5,5.0,10,0,4
10,5,5,10,7.5,15,5,4
18,22,18,22,20.0,40,4,15
5,7,5,7,6.0,12,2,4
4,1,1,4,2.5,5,3,0
14,23,14,23,18.5,37,9,11
7,15,7,15,11.0,22,8,5
6,6,6,6,6.0,12,0,3
4,4,4,4,4.0,8,0,3
5,5,5,5,5.0,10,0,3
8,9,8,9,8.5,17,1,5
11,5,5,11,8.0,16,6,0
4,1,1,4,2.5,5,3,0
1,4,1,4,2.5,5,3,0
2,8,2,8,5.0,10,6,1
10,2,2,10,6.0,12,8,1
21,20,20,21,20.5,41,1,18
14,15,14,15,14.5,29,1,7
11,1,1,11,6.0,12,10,0
1,6,1,6,3.5,7,5,0
1,11,1,11,6.0,12,10,0
1,7,1,7,4.0,8,6,0
10,7,7,10,8.5,17,3,2
4,5,4,5,4.5,9,1,2
1,4,1,4,2.5,5,3,0
4,1,1,4,2.5,5,3,0
5,4,4,5,4.5,9,1,3
61,23,23,61,42.0,84,38,20
2,5,2,5,3.5,7,3,1
12,11,11,12,11.5,23,1,8
5,16,5,16,10.5,21,11,1
5,4,4,5,4.5,9,1,3
10,2,2,10,6.0,12,8,1
5,5,5,5,5.0,10,0,4
4,3,3,4,3.5,7,1,2
1,7,1,7,4.0,8,6,0
17,48,17,48,32.5,65,31,12
5,1,1,5,3.0,6,4,0
20,24,20,24,22.0,44,4,19
3,17,3,17,10.0,20,14,2
10,1,1,10,5.5,11,9,0
1,4,1,4,2.5,5,3,0
1,19,1,19,10.0,20,18,0
2,5,2,5,3.5,7,3,0
7,1,1,7,4.0,8,6,0
10,2,2,10,6.0,12,8,0
11,1,1,11,6.0,12,10,0
5,1,1,5,3.0,6,4,0
4,4,4,4,4.0,8,0,1
7,7,7,7,7.0,14,0,6
2,5,2,5,3.5,7,3,1
4,2,2,4,3.0,6,2,1
1,13,1,13,7.0,14,12,0
5,5,5,5,5.0,10,0,4
18,10,10,18,14.0,28,8,9
4,1,1,4,2.5,5,3,0
5,5,5,5,5.0,10,0,4
5,1,1,5,3.0,6,4,0
9,1,1,9,5.0,10,8,0
8,1,1,8,4.5,9,7,0
5,5,5,5,5.0,10,0,4
20,5,5,20,12.5,25,15,4
14,17,14,17,15.5,31,3,13
31,34,31,34,32.5,65,3,27
5,1,1,5,3.0,6,4,0
1,5,1,5,3.0,6,4,0
5,5,5,5,5.0,10,0,4
23,17,17,23,20.0,40,6,16
26,12,12,26,19.0,38,14,9
4,18,4,18,11.0,22,14,0
1,19,1,19,10.0,20,18,0
14,12,12,14,13.0,26,2,9
3,11,3,11,7.0,14,8,1
7,1,1,7,4.0,8,6,0
1,5,1,5,3.0,6,4,0
29,34,29,34,31.5,63,5,11
13,12,12,13,12.5,25,1,10
5,7,5,7,6.0,12,2,4
1,4,1,4,2.5,5,3,0
5,5,5,5,5.0,10,0,4
1,6,1,6,3.5,7,5,0
5,1,1,5,3.0,6,4,0
1,4,1,4,2.5,5,3,0
8,4,4,8,6.0,12,4,0
1,5,1,5,3.0,6,4,0
1,5,1,5,3.0,6,4,0
6,6,6,6,6.0,12,0,1
2,5,2,5,3.5,7,3,1
19,14,14,19,16.5,33,5,13
14,25,14,25,19.5,39,11,8
22,20,20,22,21.0,42,2,17
7,4,4,7,5.5,11,3,3
13,11,11,13,12.0,24,2,7
4,1,1,4,2.5,5,3,0
1,14,1,14,7.5,15,13,0
12,7,7,12,9.5,19,5,3
14,10,10,14,12.0,24,4,9
5,1,1,5,3.0,6,4,0
16,18,16,18,17.0,34,2,10
1,6,1,6,3.5,7,5,0
2,4,2,4,3.0,6,2,1
1,10,1,10,5.5,11,9,0
7,5,5,7,6.0,12,2,4
7,4,4,7,5.5,11,3,2
7,3,3,7,5.0,10,4,1
30,32,30,32,31.0,62,2,28
1,4,1,4,2.5,5,3,0
20,18,18,20,19.0,38,2,17
5,6,5,6,5.5,11,1,4
13,14,13,14,13.5,27,1,10
14,13,13,14,13.5,27,1,5
4,13,4,13,8.5,17,9,0
1,6,1,6,3.5,7,5,0
7,2,2,7,4.5,9,5,1
3,4,3,4,3.5,7,1,2
5,2,2,5,3.5,7,3,0
1,8,1,8,4.5,9,7,0
1,4,1,4,2.5,5,3,0
6,2,2,6,4.0,8,4,1
4,4,4,4,4.0,8,0,3
1,5,1,5,3.0,6,4,0
9,9,9,9,9.0,18,0,8
5,5,5,5,5.0,10,0,3
15,18,15,18,16.5,33,3,9
4,1,1,4,2.5,5,3,0
7,7,7,7,7.0,14,0,6
5,4,4,5,4.5,9,1,3
32,21,21,32,26.5,53,11,12
3,5,3,5,4.0,8,2,2
15,4,4,15,9.5,19,11,0
12,12,12,12,12.0,24,0,10
4,11,4,11,7.5,15,7,0
5,10,5,10,7.5,15,5,3
21,2,2,21,11.5,23,19,0
2,7,2,7,4.5,9,5,1
5,6,5,6,5.5,11,1,4
1,6,1,6,3.5,7,5,0
9,25,9,25,17.0,34,16,7
6,5,5,6,5.5,11,1,3
6,1,1,6,3.5,7,5,0
1,5,1,5,3.0,6,4,0
3,9,3,9,6.0,12,6,2
11,11,11,11,11.0,22,0,6
8,2,2,8,5.0,10,6,1
4,13,4,13,8.5,17,9,0
1,20,1,20,10.5,21,19,0
4,4,4,4,4.0,8,0,3
6,8,6,8,7.0,14,2,5
4,3,3,4,3.5,7,1,2
4,1,1,4,2.5,5,3,0
1,5,1,5,3.0,6,4,0
12,20,12,20,16.0,32,8,9
9,49,9,49,29.0,58,40,7
8,1,1,8,4.5,9,7,0
12,13,12,13,12.5,25,1,11
38,26,26,38,32.0,64,12,24
23,17,17,23,20.0,40,6,15
12,12,12,12,12.0,24,0,5
1,4,1,4,2.5,5,3,0
2,6,2,6,4.0,8,4,0
7,2,2,7,4.5,9,5,1
1,5,1,5,3.0,6,4,0
25,36,25,36,30.5,61,11,7
5,8,5,8,6.5,13,3,4
8,11,8,11,9.5,19,3,6
12,10,10,12,11.0,22,2,8
5,7,5,7,6.0,12,2,4
4,1,1,4,2.5,5,3,0
4,5,4,5,4.5,9,1,2
1,4,1,4,2.5,5,3,0
5,5,5,5,5.0,10,0,4
1,4,1,4,2.5,5,3,0
38,27,27,38,32.5,65,11,26
1,5,1,5,3.0,6,4,0
6,1,1,6,3.5,7,5,0
20,21,20,21,20.5,41,1,19
20,31,20,31,25.5,51,11,19
15,1,1,15,8.0,16,14,0
1,4,1,4,2.5,5,3,0
2,8,2,8,5.0,10,6,1
6,16,6,16,11.0,22,10,5
7,4,4,7,5.5,11,3,2
2,9,2,9,5.5,11,7,0
7,7,7,7,7.0,14,0,6
5,1,1,5,3.0,6,4,0
5,8,5,8,6.5,13,3,4
5,5,5,5,5.0,10,0,4
3,4,3,4,3.5,7,1,2
4,1,1,4,2.5,5,3,0
1,107,1,107,54.0,108,106,0
4,4,4,4,4.0,8,0,3
6,4,4,6,5.0,10,2,2
10,9,9,10,9.5,19,1,4
1,4,1,4,2.5,5,3,0
27,28,27,28,27.5,55,1,19
1,30,1,30,15.5,31,29,0
10,12,10,12,11.0,22,2,8
1,11,1,11,6.0,12,10,0
9,9,9,9,9.0,18,0,7
1,4,1,4,2.5,5,3,0
18,20,18,20,19.0,38,2,17
1,107,1,107,54.0,108,106,0
16,15,15,16,15.5,31,1,13
8,22,8,22,15.0,30,14,6
1,35,1,35,18.0,36,34,0
21,22,21,22,21.5,43,1,11
14,4,4,14,9.0,18,10,3
8,8,8,8,8.0,16,0,7
7,6,6,7,6.5,13,1,0
8,1,1,8,4.5,9,7,0
1,4,1,4,2.5,5,3,0
7,5,5,7,6.0,12,2,4
6,6,6,6,6.0,12,0,5
17,56,17,56,36.5,73,39,11
8,8,8,8,8.0,16,0,7
9,7,7,9,8.0,16,2,4
9,2,2,9,5.5,11,7,1
5,1,1,5,3.0,6,4,0
1,6,1,6,3.5,7,5,0
7,10,7,10,8.5,17,3,4
1,7,1,7,4.0,8,6,0
6,1,1,6,3.5,7,5,0
6,6,6,6,6.0,12,0,5
5,1,1,5,3.0,6,4,0
38,22,22,38,30.0,60,16,17
9,9,9,9,9.0,18,0,7
5,9,5,9,7.0,14,4,4
10,1,1,10,5.5,11,9,0
4,4,4,4,4.0,8,0,3
5,3,3,5,4.0,8,2,1
18,40,18,40,29.0,58,22,16
2,8,2,8,5.0,10,6,0
1,5,1,5,3.0,6,4,0
4,26,4,26,15.0,30,22,0
13,1,1,13,7.0,14,12,0
4,2,2,4,3.0,6,2,1
5,1,1,5,3.0,6,4,0
7,8,7,8,7.5,15,1,6
1,6,1,6,3.5,7,5,0
1,8,1,8,4.5,9,7,0
11,4,4,11,7.5,15,7,0
1,7,1,7,4.0,8,6,0
11,12,11,12,11.5,23,1,9
19,19,19,19,19.0,38,0,18
1,4,1,4,2.5,5,3,0
14,11,11,14,12.5,25,3,4
5,8,5,8,6.5,13,3,1
1,4,1,4,2.5,5,3,0
6,1,1,6,3.5,7,5,0
13,14,13,14,13.5,27,1,12
4,4,4,4,4.0,8,0,2
2,4,2,4,3.0,6,2,0
15,19,15,19,17.0,34,4,11
1,4,1,4,2.5,5,3,0
7,8,7,8,7.5,15,1,4
4,1,1,4,2.5,5,3,0
1,39,1,39,20.0,40,38,0
4,1,1,4,2.5,5,3,0
4,1,1,4,2.5,5,3,0
1,11,1,11,6.0,12,10,0
24,25,24,25,24.5,49,1,21
25,49,25,49,37.0,74,24,18
1,8,1,8,4.5,9,7,0
19,20,19,20,19.5,39,1,18
1,5,1,5,3.0,6,4,0
27,27,27,27,27.0,54,0,25
17,24,17,24,20.5,41,7,15
6,1,1,6,3.5,7,5,0
13,5,5,13,9.0,18,8,4
30,15,15,30,22.5,45,15,1
6,7,6,7,6.5,13,1,5
14,5,5,14,9.5,19,9,0
1,5,1,5,3.0,6,4,0
1,16,1,16,8.5,17,15,0
1,4,1,4,2.5,5,3,0
1,6,1,6,3.5,7,5,0
2,10,2,10,6.0,12,8,0
13,8,8,13,10.5,21,5,7
5,1,1,5,3.0,6,4,0
32,36,32,36,34.0,68,4,26
15,11,11,15,13.0,26,4,10
5,6,5,6,5.5,11,1,4
4,1,1,4,2.5,5,3,0
4,4,4,4,4.0,8,0,3
8,1,1,8,4.5,9,7,0
21,21,21,21,21.0,42,0,19
4,4,4,4,4.0,8,0,3
11,11,11,11,11.0,22,0,10
10,2,2,10,6.0,12,8,0
45,26,26,45,35.5,71,19,25
8,39,8,39,23.5,47,31,5
3,8,3,8,5.5,11,5,2
2,12,2,12,7.0,14,10,1
1,4,1,4,2.5,5,3,0
1,4,1,4,2.5,5,3,0
1,4,1,4,2.5,5,3,0
2,4,2,4,3.0,6,2,1
1,14,1,14,7.5,15,13,0
10,10,10,10,10.0,20,0,7
5,1,1,5,3.0,6,4,0
23,29,23,29,26.0,52,6,17
8,14,8,14,11.0,22,6,3
6,3,3,6,4.5,9,3,2
5,5,5,5,5.0,10,0,4
25,34,25,34,29.5,59,9,17
39,38,38,39,38.5,77,1,29
4,2,2,4,3.0,6,2,0
14,14,14,14,14.0,28,0,13
18,40,18,40,29.0,58,22,14
1,12,1,12,6.5,13,11,0
24,43,24,43,33.5,67,19,2
7,4,4,7,5.5,11,3,3
1,24,1,24,12.5,25,23,0
7,6,6,7,6.5,13,1,5
10,6,6,10,8.0,16,4,5
4,2,2,4,3.0,6,2,1
20,107,20,107,63.5,127,87,16
1,48,1,48,24.5,49,47,0
1,7,1,7,4.0,8,6,0
9,11,9,11,10.0,20,2,4
1,4,1,4,2.5,5,3,0
5,4,4,5,4.5,9,1,3
4,4,4,4,4.0,8,0,3
13,9,9,13,11.0,22,4,6
5,10,5,10,7.5,15,5,3
14,15,14,15,14.5,29,1,12
1,4,1,4,2.5,5,3,0
19,18,18,19,18.5,37,1,15
11,9,9,11,10.0,20,2,7
39,36,36,39,37.5,75,3,32
11,11,11,11,11.0,22,0,10
8,10,8,10,9.0,18,2,5
5,1,1,5,3.0,6,4,0
7,3,3,7,5.0,10,4,2
20,18,18,20,19.0,38,2,17
8,4,4,8,6.0,12,4,3
12,12,12,12,12.0,24,0,11
5,6,5,6,5.5,11,1,4
14,33,14,33,23.5,47,19,12
13,12,12,13,12.5,25,1,11
2,8,2,8,5.0,10,6,1
17,8,8,17,12.5,25,9,1
1,16,1,16,8.5,17,15,0
9,6,6,9,7.5,15,3,5
9,12,9,12,10.5,21,3,5
13,19,13,19,16.0,32,6,0
3,4,3,4,3.5,7,1,2
46,29,29,46,37.5,75,17,26
4,5,4,5,4.5,9,1,3
7,12,7,12,9.5,19,5,5
1,25,1,25,13.0,26,24,0
31,31,31,31,31.0,62,0,29
8,3,3,8,5.5,11,5,2
5,8,5,8,6.5,13,3,0
5,5,5,5,5.0,10,0,0
1,7,1,7,4.0,8,6,0
8,7,7,8,7.5,15,1,6
13,16,13,16,14.5,29,3,10
28,49,28,49,38.5,77,21,27
19,9,9,19,14.0,28,10,8
3,7,3,7,5.0,10,4,2
5,1,1,5,3.0,6,4,0
10,12,10,12,11.0,22,2,3
1,5,1,5,3.0,6,4,0
10,5,5,10,7.5,15,5,4
26,26,26,26,26.0,52,0,24
7,14,7,14,10.5,21,7,5
14,14,14,14,14.0,28,0,13
17,21,17,21,19.0,38,4,16
7,7,7,7,7.0,14,0,6
15,7,7,15,11.0,22,8,4
1,15,1,15,8.0,16,14,0
5,1,1,5,3.0,6,4,0
1,16,1,16,8.5,17,15,0
5,4,4,5,4.5,9,1,3
3,14,3,14,8.5,17,11,2
41,41,41,41,41.0,82,0,37
3,5,3,5,4.0,8,2,2
16,15,15,16,15.5,31,1,12
4,1,1,4,2.5,5,3,0
4,1,1,4,2.5,5,3,0
6,5,5,6,5.5,11,1,4
4,2,2,4,3.0,6,2,1
11,8,8,11,9.5,19,3,7
11,14,11,14,12.5,25,3,9
1,8,1,8,4.5,9,7,0
5,5,5,5,5.0,10,0,2
5,2,2,5,3.5,7,3,0
5,5,5,5,5.0,10,0,4
6,6,6,6,6.0,12,0,2
27,55,27,55,41.0,82,28,26
9,4,4,9,6.5,13,5,3
6,7,6,7,6.5,13,1,5
1,4,1,4,2.5,5,3,0
10,14,10,14,12.0,24,4,9
1,12,1,12,6.5,13,11,0
18,8,8,18,13.0,26,10,4
4,5,4,5,4.5,9,1,3
1,10,1,10,5.5,11,9,0
4,4,4,4,4.0,8,0,3
8,13,8,13,10.5,21,5,7
1,6,1,6,3.5,7,5,0
5,6,5,6,5.5,11,1,4
21,19,19,21,20.0,40,2,14
2,4,2,4,3.0,6,2,1
1,6,1,6,3.5,7,5,0
50,43,43,50,46.5,93,7,25
7,9,7,9,8.0,16,2,6
5,11,5,11,8.0,16,6,4
1,15,1,15,8.0,16,14,0
10,7,7,10,8.5,17,3,1
4,5,4,5,4.5,9,1,2
9,8,8,9,8.5,17,1,7
8,6,6,8,7.0,14,2,5
6,6,6,6,6.0,12,0,5
1,5,1,5,3.0,6,4,0
4,1,1,4,2.5,5,3,0
1,6,1,6,3.5,7,5,0
15,12,12,15,13.5,27,3,11
7,8,7,8,7.5,15,1,5
2,4,2,4,3.0,6,2,1
1,15,1,15,8.0,16,14,0
4,11,4,11,7.5,15,7,3
9,11,9,11,10.0,20,2,6
38,40,38,40,39.0,78,2,27
9,3,3,9,6.0,12,6,2
14,11,11,14,12.5,25,3,10
4,4,4,4,4.0,8,0,2
7,1,1,7,4.0,8,6,0
1,4,1,4,2.5,5,3,0
8,8,8,8,8.0,16,0,7
5,3,3,5,4.0,8,2,2
1,9,1,9,5.0,10,8,0
18,61,18,61,39.5,79,43,15
5,2,2,5,3.5,7,3,1
1,6,1,6,3.5,7,5,0
21,20,20,21,20.5,41,1,19
1,4,1,4,2.5,5,3,0
6,8,6,8,7.0,14,2,5
1,5,1,5,3.0,6,4,0
5,1,1,5,3.0,6,4,0
5,1,1,5,3.0,6,4,0
14,14,14,14,14.0,28,0,9
9,1,1,9,5.0,10,8,0
6,2,2,6,4.0,8,4,0
3,4,3,4,3.5,7,1,2
7,10,7,10,8.5,17,3,5
20,20,20,20,20.0,40,0,19
13,13,13,13,13.0,26,0,11
27,27,27,27,27.0,54,0,26
4,1,1,4,2.5,5,3,0
20,23,20,23,21.5,43,3,12
5,1,1,5,3.0,6,4,0
15,9,9,15,12.0,24,6,6
34,23,23,34,28.5,57,11,20
13,25,13,25,19.0,38,12,6
6,1,1,6,3.5,7,5,0
8,11,8,11,9.5,19,3,6
5,7,5,7,6.0,12,2,4
33,17,17,33,25.0,50,16,13
44,42,42,44,43.0,86,2,40
8,10,8,10,9.0,18,2,7
4,1,1,4,2.5,5,3,0
17,18,17,18,17.5,35,1,16
12,1,1,12,6.5,13,11,0
4,1,1,4,2.5,5,3,0
12,15,12,15,13.5,27,3,11
2,15,2,15,8.5,17,13,0
7,29,7,29,18.0,36,22,4
3,4,3,4,3.5,7,1,2
10,11,10,11,10.5,21,1,9
5,1,1,5,3.0,6,4,0
5,1,1,5,3.0,6,4,0
4,1,1,4,2.5,5,3,0
7,1,1,7,4.0,8,6,0
15,5,5,15,10.0,20,10,3
5,2,2,5,3.5,7,3,1
18,17,17,18,17.5,35,1,16
1,7,1,7,4.0,8,6,0
6,5,5,6,5.5,11,1,4
19,22,19,22,20.5,41,3,9
13,12,12,13,12.5,25,1,8
41,40,40,41,40.5,81,1,38
8,8,8,8,8.0,16,0,7
8,7,7,8,7.5,15,1,6
1,21,1,21,11.0,22,20,0
5,1,1,5,3.0,6,4,0
1,6,1,6,3.5,7,5,0
11,21,11,21,16.0,32,10,9
17,11,11,17,14.0,28,6,6
12,9,9,12,10.5,21,3,7
4,1,1,4,2.5,5,3,0
21,44,21,44,32.5,65,23,14
40,36,36,40,38.0,76,4,34
1,29,1,29,15.0,30,28,0
7,4,4,7,5.5,11,3,1
12,8,8,12,10.0,20,4,5
8,7,7,8,7.5,15,1,4
4,1,1,4,2.5,5,3,0
4,1,1,4,2.5,5,3,0
1,9,1,9,5.0,10,8,0
1,14,1,14,7.5,15,13,0
5,5,5,5,5.0,10,0,4
5,1,1,5,3.0,6,4,0
1,5,1,5,3.0,6,4,0
15,12,12,15,13.5,27,3,11
10,22,10,22,16.0,32,12,9
1,15,1,15,8.0,16,14,0
10,13,10,13,11.5,23,3,8
5,1,1,5,3.0,6,4,0
1,4,1,4,2.5,5,3,0
4,3,3,4,3.5,7,1,2
32,44,32,44,38.0,76,12,25
19,20,19,20,19.5,39,1,18
1,4,1,4,2.5,5,3,0
15,1,1,15,8.0,16,14,0
5,1,1,5,3.0,6,4,0
17,18,17,18,17.5,35,1,10
8,10,8,10,9.0,18,2,6
4,1,1,4,2.5,5,3,0
1,5,1,5,3.0,6,4,0
16,7,7,16,11.5,23,9,6
1,4,1,4,2.5,5,3,0
4,2,2,4,3.0,6,2,0
6,6,6,6,6.0,12,0,0
7,9,7,9,8.0,16,2,6
4,1,1,4,2.5,5,3,0
7,7,7,7,7.0,14,0,6
1,12,1,12,6.5,13,11,0
8,19,8,19,13.5,27,11,6
5,6,5,6,5.5,11,1,4
31,18,18,31,24.5,49,13,14
21,8,8,21,14.5,29,13,7
4,5,4,5,4.5,9,1,3
1,6,1,6,3.5,7,5,0
1,4,1,4,2.5,5,3,0
4,1,1,4,2.5,5,3,0
13,14,13,14,13.5,27,1,10
22,20,20,22,21.0,42,2,18
41,41,41,41,41.0,82,0,40
14,7,7,14,10.5,21,7,6
1,6,1,6,3.5,7,5,0
12,11,11,12,11.5,23,1,10
42,43,42,43,42.5,85,1,40
5,3,3,5,4.0,8,2,2
1,5,1,5,3.0,6,4,0
1,5,1,5,3.0,6,4,0
16,16,16,16,16.0,32,0,14
9,8,8,9,8.5,17,1,7
7,7,7,7,7.0,14,0,6
7,6,6,7,6.5,13,1,3
2,4,2,4,3.0,6,2,0
20,6,6,20,13.0,26,14,0
12,2,2,12,7.0,14,10,0
20,13,13,20,16.5,33,7,9
18,12,12,18,15.0,30,6,11
21,19,19,21,20.0,40,2,18
18,11,11,18,14.5,29,7,10
5,5,5,5,5.0,10,0,3
10,8,8,10,9.0,18,2,6
16,15,15,16,15.5,31,1,13
4,1,1,4,2.5,5,3,0
19,13,13,19,16.0,32,6,11
4,1,1,4,2.5,5,3,0
17,31,17,31,24.0,48,14,12
17,18,17,18,17.5,35,1,7
6,2,2,6,4.0,8,4,1
2,4,2,4,3.0,6,2,1
39,46,39,46,42.5,85,7,38
29,32,29,32,30.5,61,3,24
4,6,4,6,5.0,10,2,3
6,2,2,6,4.0,8,4,1
20,16,16,20,18.0,36,4,14
1,13,1,13,7.0,14,12,0
14,18,14,18,16.0,32,4,13
5,1,1,5,3.0,6,4,0
20,37,20,37,28.5,57,17,19
2,9,2,9,5.5,11,7,1
7,1,1,7,4.0,8,6,0
17,16,16,17,16.5,33,1,11
1,4,1,4,2.5,5,3,0
5,2,2,5,3.5,7,3,1
8,1,1,8,4.5,9,7,0
7,13,7,13,10.0,20,6,5
6,5,5,6,5.5,11,1,1
5,1,1,5,3.0,6,4,0
17,18,17,18,17.5,35,1,15
5,6,5,6,5.5,11,1,4
4,3,3,4,3.5,7,1,2
5,1,1,5,3.0,6,4,0
2,5,2,5,3.5,7,3,0
2,4,2,4,3.0,6,2,1
6,1,1,6,3.5,7,5,0
1,8,1,8,4.5,9,7,0
15,8,8,15,11.5,23,7,5
29,25,25,29,27.0,54,4,17
7,6,6,7,6.5,13,1,5
1,5,1,5,3.0,6,4,0
4,5,4,5,4.5,9,1,0
28,1,1,28,14.5,29,27,0
5,5,5,5,5.0,10,0,2
1,5,1,5,3.0,6,4,0
13,19,13,19,16.0,32,6,11
2,5,2,5,3.5,7,3,0
20,5,5,20,12.5,25,15,0
1,10,1,10,5.5,11,9,0
16,15,15,16,15.5,31,1,14
5,2,2,5,3.5,7,3,1
7,9,7,9,8.0,16,2,5
4,1,1,4,2.5,5,3,0
5,1,1,5,3.0,6,4,0
2,6,2,6,4.0,8,4,1
7,6,6,7,6.5,13,1,5
9,9,9,9,9.0,18,0,8
14,16,14,16,15.0,30,2,11
9,8,8,9,8.5,17,1,4
10,3,3,10,6.5,13,7,1
1,7,1,7,4.0,8,6,0
2,9,2,9,5.5,11,7,0
13,15,13,15,14.0,28,2,12
4,1,1,4,2.5,5,3,0
5,1,1,5,3.0,6,4,0
3,12,3,12,7.5,15,9,2
6,4,4,6,5.0,10,2,3
4,11,4,11,7.5,15,7,2
8,5,5,8,6.5,13,3,3
12,13,12,13,12.5,25,1,11
1,4,1,4,2.5,5,3,0
4,4,4,4,4.0,8,0,3
5,5,5,5,5.0,10,0,4
2,6,2,6,4.0,8,4,0
3,12,3,12,7.5,15,9,0
12,21,12,21,16.5,33,9,11
4,1,1,4,2.5,5,3,0
6,1,1,6,3.5,7,5,0
4,1,1,4,2.5,5,3,0
5,1,1,5,3.0,6,4,0
17,1,1,17,9.0,18,16,0
8,4,4,8,6.0,12,4,3
7,4,4,7,5.5,11,3,2
6,4,4,6,5.0,10,2,1
6,1,1,6,3.5,7,5,0
18,10,10,18,14.0,28,8,6
23,18,18,23,20.5,41,5,16
5,1,1,5,3.0,6,4,0
5,4,4,5,4.5,9,1,3
7,7,7,7,7.0,14,0,6
14,22,14,22,18.0,36,8,10
9,11,9,11,10.0,20,2,7
7,7,7,7,7.0,14,0,6
4,2,2,4,3.0,6,2,1
5,8,5,8,6.5,13,3,4
1,6,1,6,3.5,7,5,0
4,1,1,4,2.5,5,3,0
1,9,1,9,5.0,10,8,0
12,12,12,12,12.0,24,0,11
6,4,4,6,5.0,10,2,0
4,7,4,7,5.5,11,3,3
9,1,1,9,5.0,10,8,0
8,1,1,8,4.5,9,7,0
12,13,12,13,12.5,25,1,11
3,4,3,4,3.5,7,1,1
5,1,1,5,3.0,6,4,0
1,10,1,10,5.5,11,9,0
5,1,1,5,3.0,6,4,0
5,6,5,6,5.5,11,1,4
5,5,5,5,5.0,10,0,3
6,1,1,6,3.5,7,5,0
4,2,2,4,3.0,6,2,1
9,1,1,9,5.0,10,8,0
5,8,5,8,6.5,13,3,4
17,15,15,17,16.0,32,2,12
31,33,31,33,32.0,64,2,25
2,5,2,5,3.5,7,3,1
17,11,11,17,14.0,28,6,9
5,6,5,6,5.5,11,1,4
2,8,2,8,5.0,10,6,0
2,8,2,8,5.0,10,6,0
1,11,1,11,6.0,12,10,0
14,10,10,14,12.0,24,4,7
3,5,3,5,4.0,8,2,1
25,31,25,31,28.0,56,6,24
6,6,6,6,6.0,12,0,5
21,15,15,21,18.0,36,6,9
1,5,1,5,3.0,6,4,0
19,15,15,19,17.0,34,4,14
3,6,3,6,4.5,9,3,2
7,7,7,7,7.0,14,0,5
19,23,19,23,21.0,42,4,18
5,5,5,5,5.0,10,0,4
12,6,6,12,9.0,18,6,3
7,8,7,8,7.5,15,1,6
7,2,2,7,4.5,9,5,1
14,15,14,15,14.5,29,1,13
20,25,20,25,22.5,45,5,18
12,11,11,12,11.5,23,1,10
4,4,4,4,4.0,8,0,2
49,38,38,49,43.5,87,11,34
1,4,1,4,2.5,5,3,0
16,28,16,28,22.0,44,12,13
8,8,8,8,8.0,16,0,7
17,8,8,17,12.5,25,9,7
6,6,6,6,6.0,12,0,5
6,5,5,6,5.5,11,1,1
4,5,4,5,4.5,9,1,0
1,6,1,6,3.5,7,5,0
9,5,5,9,7.0,14,4,2
4,4,4,4,4.0,8,0,3
1,4,1,4,2.5,5,3,0
18,19,18,19,18.5,37,1,17
2,4,2,4,3.0,6,2,0
15,15,15,15,15.0,30,0,14
1,4,1,4,2.5,5,3,0
1,4,1,4,2.5,5,3,0
1,15,1,15,8.0,16,14,0
6,1,1,6,3.5,7,5,0
11,4,4,11,7.5,15,7,3
1,6,1,6,3.5,7,5,0
1,4,1,4,2.5,5,3,0
8,5,5,8,6.5,13,3,4
1,11,1,11,6.0,12,10,0
2,7,2,7,4.5,9,5,0
6,6,6,6,6.0,12,0,4
5,4,4,5,4.5,9,1,3
21,18,18,21,19.5,39,3,15
7,7,7,7,7.0,14,0,6
32,7,7,32,19.5,39,25,6
5,7,5,7,6.0,12,2,0
10,11,10,11,10.5,21,1,7
4,13,4,13,8.5,17,9,3
2,6,2,6,4.0,8,4,1
14,13,13,14,13.5,27,1,8
6,1,1,6,3.5,7,5,0
1,4,1,4,2.5,5,3,0
11,7,7,11,9.0,18,4,4
27,27,27,27,27.0,54,0,26
31,30,30,31,30.5,61,1,27
4,1,1,4,2.5,5,3,0
1,28,1,28,14.5,29,27,0
3,18,3,18,10.5,21,15,0
2,107,2,107,54.5,109,105,0
1,4,1,4,2.5,5,3,0
4,1,1,4,2.5,5,3,0
4,1,1,4,2.5,5,3,0
21,21,21,21,21.0,42,0,16
5,11,5,11,8.0,16,6,3
6,4,4,6,5.0,10,2,3
5,1,1,5,3.0,6,4,0
27,21,21,27,24.0,48,6,19
19,18,18,19,18.5,37,1,14
6,1,1,6,3.5,7,5,0
8,1,1,8,4.5,9,7,0
27,17,17,27,22.0,44,10,14
13,12,12,13,12.5,25,1,11
6,1,1,6,3.5,7,5,0
5,7,5,7,6.0,12,2,0
1,5,1,5,3.0,6,4,0
5,1,1,5,3.0,6,4,0
4,3,3,4,3.5,7,1,2
4,7,4,7,5.5,11,3,3
18,18,18,18,18.0,36,0,16
8,5,5,8,6.5,13,3,3
5,5,5,5,5.0,10,0,3
4,1,1,4,2.5,5,3,0
8,8,8,8,8.0,16,0,7
13,15,13,15,14.0,28,2,12
1,6,1,6,3.5,7,5,0
1,31,1,31,16.0,32,30,0
6,9,6,9,7.5,15,3,4
1,11,1,11,6.0,12,10,0
13,20,13,20,16.5,33,7,12
6,13,6,13,9.5,19,7,2
6,6,6,6,6.0,12,0,5
20,19,19,20,19.5,39,1,13
21,5,5,21,13.0,26,16,2
7,7,7,7,7.0,14,0,1
17,15,15,17,16.0,32,2,12
4,4,4,4,4.0,8,0,3
8,8,8,8,8.0,16,0,7
5,8,5,8,6.5,13,3,4
9,8,8,9,8.5,17,1,7
7,12,7,12,9.5,19,5,5
8,18,8,18,13.0,26,10,0
26,30,26,30,28.0,56,4,24
1,5,1,5,3.0,6,4,0
16,16,16,16,16.0,32,0,11
4,1,1,4,2.5,5,3,0
4,5,4,5,4.5,9,1,2
4,4,4,4,4.0,8,0,3
1,10,1,10,5.5,11,9,0
5,4,4,5,4.5,9,1,3
8,10,8,10,9.0,18,2,6
4,6,4,6,5.0,10,2,3
5,8,5,8,6.5,13,3,2
1,15,1,15,8.0,16,14,0
27,23,23,27,25.0,50,4,19
6,1,1,6,3.5,7,5,0
2,6,2,6,4.0,8,4,1
1,4,1,4,2.5,5,3,0
25,24,24,25,24.5,49,1,22
1,146,1,146,73.5,147,145,0
1,4,1,4,2.5,5,3,0
4,4,4,4,4.0,8,0,3
3,6,3,6,4.5,9,3,2
32,30,30,32,31.0,62,2,26
9,9,9,9,9.0,18,0,7
8,1,1,8,4.5,9,7,0
6,6,6,6,6.0,12,0,5
26,26,26,26,26.0,52,0,21
5,5,5,5,5.0,10,0,4
17,23,17,23,20.0,40,6,0
7,6,6,7,6.5,13,1,5
3,9,3,9,6.0,12,6,2
6,1,1,6,3.5,7,5,0
25,20,20,25,22.5,45,5,19
12,8,8,12,10.0,20,4,5
4,1,1,4,2.5,5,3,0
5,1,1,5,3.0,6,4,0
21,33,21,33,27.0,54,12,18
1,5,1,5,3.0,6,4,0
12,14,12,14,13.0,26,2,11
12,12,12,12,12.0,24,0,10
5,5,5,5,5.0,10,0,3
2,4,2,4,3.0,6,2,1
14,10,10,14,12.0,24,4,9
6,5,5,6,5.5,11,1,4
6,8,6,8,7.0,14,2,4
4,4,4,4,4.0,8,0,3
1,11,1,11,6.0,12,10,0
5,5,5,5,5.0,10,0,4
1,4,1,4,2.5,5,3,0
6,1,1,6,3.5,7,5,0
1,39,1,39,20.0,40,38,0
1,5,1,5,3.0,6,4,0
40,31,31,40,35.5,71,9,21
14,15,14,15,14.5,29,1,9
4,1,1,4,2.5,5,3,0
6,1,1,6,3.5,7,5,0
2,40,2,40,21.0,42,38,0
15,1,1,15,8.0,16,14,0
6,5,5,6,5.5,11,1,4
19,18,18,19,18.5,37,1,15
1,7,1,7,4.0,8,6,0
5,5,5,5,5.0,10,0,3
4,2,2,4,3.0,6,2,1
3,4,3,4,3.5,7,1,2
31,22,22,31,26.5,53,9,18
13,32,13,32,22.5,45,19,11
5,2,2,5,3.5,7,3,1
9,11,9,11,10.0,20,2,7
6,12,6,12,9.0,18,6,5
1,6,1,6,3.5,7,5,0
1,4,1,4,2.5,5,3,0
1,4,1,4,2.5,5,3,0
14,19,14,19,16.5,33,5,9
1,8,1,8,4.5,9,7,0
9,7,7,9,8.0,16,2,5
18,10,10,18,14.0,28,8,6
4,4,4,4,4.0,8,0,3
1,7,1,7,4.0,8,6,0
5,22,5,22,13.5,27,17,3
1,9,1,9,5.0,10,8,0
27,14,14,27,20.5,41,13,11
9,7,7,9,8.0,16,2,6
15,13,13,15,14.0,28,2,12
19,18,18,19,18.5,37,1,17
1,10,1,10,5.5,11,9,0
13,17,13,17,15.0,30,4,10
10,5,5,10,7.5,15,5,4
2,16,2,16,9.0,18,14,0
10,1,1,10,5.5,11,9,0
3,6,3,6,4.5,9,3,2
5,1,1,5,3.0,6,4,0
4,1,1,4,2.5,5,3,0
5,1,1,5,3.0,6,4,0
40,35,35,40,37.5,75,5,10
4,1,1,4,2.5,5,3,0
8,1,1,8,4.5,9,7,0
1,5,1,5,3.0,6,4,0
10,10,10,10,10.0,20,0,9
4,6,4,6,5.0,10,2,3
6,27,6,27,16.5,33,21,5
40,19,19,40,29.5,59,21,16
7,1,1,7,4.0,8,6,0
36,36,36,36,36.0,72,0,35
1,5,1,5,3.0,6,4,0
6,5,5,6,5.5,11,1,0
4,7,4,7,5.5,11,3,3
5,2,2,5,3.5,7,3,0
11,22,11,22,16.5,33,11,10
9,5,5,9,7.0,14,4,4
6,6,6,6,6.0,12,0,5
1,9,1,9,5.0,10,8,0
4,4,4,4,4.0,8,0,3
9,21,9,21,15.0,30,12,0
11,10,10,11,10.5,21,1,9
4,2,2,4,3.0,6,2,1
42,32,32,42,37.0,74,10,17
36,23,23,36,29.5,59,13,21
29,32,29,32,30.5,61,3,22
2,4,2,4,3.0,6,2,0
1,7,1,7,4.0,8,6,0
6,8,6,8,7.0,14,2,4
1,4,1,4,2.5,5,3,0
10,11,10,11,10.5,21,1,9
8,5,5,8,6.5,13,3,4
8,2,2,8,5.0,10,6,1
26,27,26,27,26.5,53,1,25
5,2,2,5,3.5,7,3,1
6,8,6,8,7.0,14,2,5
1,5,1,5,3.0,6,4,0
4,1,1,4,2.5,5,3,0
4,1,1,4,2.5,5,3,0
15,13,13,15,14.0,28,2,9
1,10,1,10,5.5,11,9,0
1,4,1,4,2.5,5,3,0
9,2,2,9,5.5,11,7,0
1,10,1,10,5.5,11,9,0
4,8,4,8,6.0,12,4,2
5,1,1,5,3.0,6,4,0
31,36,31,36,33.5,67,5,28
5,10,5,10,7.5,15,5,0
8,8,8,8,8.0,16,0,4
4,13,4,13,8.5,17,9,0
14,14,14,14,14.0,28,0,13
5,12,5,12,8.5,17,7,1
4,4,4,4,4.0,8,0,3
17,41,17,41,29.0,58,24,16
1,4,1,4,2.5,5,3,0
8,8,8,8,8.0,16,0,6
5,2,2,5,3.5,7,3,1
4,5,4,5,4.5,9,1,3
4,1,1,4,2.5,5,3,0
14,14,14,14,14.0,28,0,13
8,1,1,8,4.5,9,7,0
1,4,1,4,2.5,5,3,0
1,4,1,4,2.5,5,3,0
19,24,19,24,21.5,43,5,18
12,11,11,12,11.5,23,1,10
2,5,2,5,3.5,7,3,1
15,25,15,25,20.0,40,10,6
4,2,2,4,3.0,6,2,1
1,6,1,6,3.5,7,5,0
1,6,1,6,3.5,7,5,0
7,7,7,7,7.0,14,0,6
5,1,1,5,3.0,6,4,0
31,25,25,31,28.0,56,6,20
7,8,7,8,7.5,15,1,6
7,1,1,7,4.0,8,6,0
22,30,22,30,26.0,52,8,20
5,1,1,5,3.0,6,4,0
9,8,8,9,8.5,17,1,7
1,4,1,4,2.5,5,3,0
22,29,22,29,25.5,51,7,15
22,38,22,38,30.0,60,16,20
11,16,11,16,13.5,27,5,8
3,13,3,13,8.0,16,10,2
1,4,1,4,2.5,5,3,0
4,4,4,4,4.0,8,0,3
4,1,1,4,2.5,5,3,0
14,23,14,23,18.5,37,9,1
4,1,1,4,2.5,5,3,0
10,17,10,17,13.5,27,7,9
5,1,1,5,3.0,6,4,0
27,12,12,27,19.5,39,15,10
17,1,1,17,9.0,18,16,0
1,6,1,6,3.5,7,5,0
41,36,36,41,38.5,77,5,30
4,1,1,4,2.5,5,3,0
4,1,1,4,2.5,5,3,0
6,2,2,6,4.0,8,4,1
5,2,2,5,3.5,7,3,1
13,18,13,18,15.5,31,5,12
1,6,1,6,3.5,7,5,0
6,4,4,6,5.0,10,2,3
4,1,1,4,2.5,5,3,0
38,28,28,38,33.0,66,10,20
43,12,12,43,27.5,55,31,10
4,1,1,4,2.5,5,3,0
22,31,22,31,26.5,53,9,21
4,1,1,4,2.5,5,3,0
25,1,1,25,13.0,26,24,0
6,1,1,6,3.5,7,5,0
10,3,3,10,6.5,13,7,2
17,14,14,17,15.5,31,3,6
1,4,1,4,2.5,5,3,0
11,8,8,11,9.5,19,3,5
45,40,40,45,42.5,85,5,35
7,8,7,8,7.5,15,1,6
8,8,8,8,8.0,16,0,7
3,6,3,6,4.5,9,3,1
6,2,2,6,4.0,8,4,1
3,26,3,26,14.5,29,23,0
18,15,15,18,16.5,33,3,14
4,1,1,4,2.5,5,3,0
1,41,1,41,21.0,42,40,0
5,12,5,12,8.5,17,7,3
7,7,7,7,7.0,14,0,6
1,4,1,4,2.5,5,3,0
19,15,15,19,17.0,34,4,14
32,31,31,32,31.5,63,1,29
8,17,8,17,12.5,25,9,7
10,11,10,11,10.5,21,1,9
15,1,1,15,8.0,16,14,0
15,8,8,15,11.5,23,7,3
8,6,6,8,7.0,14,2,4
3,8,3,8,5.5,11,5,2
2,105,2,105,53.5,107,103,0
39,28,28,39,33.5,67,11,27
5,5,5,5,5.0,10,0,3
9,1,1,9,5.0,10,8,0
1,5,1,5,3.0,6,4,0
27,11,11,27,19.0,38,16,10
8,12,8,12,10.0,20,4,7
13,13,13,13,13.0,26,0,11
16,15,15,16,15.5,31,1,10
5,146,5,146,75.5,151,141,0
4,1,1,4,2.5,5,3,0
13,14,13,14,13.5,27,1,12
5,5,5,5,5.0,10,0,3
6,7,6,7,6.5,13,1,5
6,5,5,6,5.5,11,1,3
13,1,1,13,7.0,14,12,0
29,34,29,34,31.5,63,5,25
7,9,7,9,8.0,16,2,6
8,5,5,8,6.5,13,3,4
32,15,15,32,23.5,47,17,12
2,6,2,6,4.0,8,4,1
7,10,7,10,8.5,17,3,6
4,4,4,4,4.0,8,0,3
4,1,1,4,2.5,5,3,0
5,16,5,16,10.5,21,11,0
1,8,1,8,4.5,9,7,0
1,6,1,6,3.5,7,5,0
36,38,36,38,37.0,74,2,32
38,11,11,38,24.5,49,27,10
1,5,1,5,3.0,6,4,0
10,10,10,10,10.0,20,0,7
4,1,1,4,2.5,5,3,0
2,6,2,6,4.0,8,4,1
6,5,5,6,5.5,11,1,3
8,7,7,8,7.5,15,1,4
1,4,1,4,2.5,5,3,0
1,11,1,11,6.0,12,10,0
8,8,8,8,8.0,16,0,7
14,1,1,14,7.5,15,13,0
4,1,1,4,2.5,5,3,0
4,5,4,5,4.5,9,1,2
3,5,3,5,4.0,8,2,2
7,9,7,9,8.0,16,2,4
5,6,5,6,5.5,11,1,4
4,1,1,4,2.5,5,3,0
1,4,1,4,2.5,5,3,0
4,5,4,5,4.5,9,1,2
4,2,2,4,3.0,6,2,1
22,22,22,22,22.0,44,0,19
4,1,1,4,2.5,5,3,0
10,9,9,10,9.5,19,1,7
32,18,18,32,25.0,50,14,16
13,14,13,14,13.5,27,1,10
1,18,1,18,9.5,19,17,0
7,7,7,7,7.0,14,0,6
10,11,10,11,10.5,21,1,9
1,4,1,4,2.5,5,3,0
17,18,17,18,17.5,35,1,10
11,11,11,11,11.0,22,0,10
1,11,1,11,6.0,12,10,0
1,7,1,7,4.0,8,6,0
24,28,24,28,26.0,52,4,20
15,12,12,15,13.5,27,3,9
5,2,2,5,3.5,7,3,1
1,10,1,10,5.5,11,9,0
4,1,1,4,2.5,5,3,0
47,40,40,47,43.5,87,7,39
13,4,4,13,8.5,17,9,2
6,33,6,33,19.5,39,27,2
1,8,1,8,4.5,9,7,0
10,1,1,10,5.5,11,9,0
6,5,5,6,5.5,11,1,3
9,10,9,10,9.5,19,1,5
49,42,42,49,45.5,91,7,25
1,13,1,13,7.0,14,12,0
6,2,2,6,4.0,8,4,1
6,4,4,6,5.0,10,2,3
8,5,5,8,6.5,13,3,4
18,4,4,18,11.0,22,14,3
31,28,28,31,29.5,59,3,27
1,7,1,7,4.0,8,6,0
7,11,7,11,9.0,18,4,4
7,11,7,11,9.0,18,4,5
6,4,4,6,5.0,10,2,2
1,4,1,4,2.5,5,3,0
2,5,2,5,3.5,7,3,1
26,26,26,26,26.0,52,0,24
1,5,1,5,3.0,6,4,0
8,1,1,8,4.5,9,7,0
3,4,3,4,3.5,7,1,0
1,8,1,8,4.5,9,7,0
4,6,4,6,5.0,10,2,3
1,6,1,6,3.5,7,5,0
16,15,15,16,15.5,31,1,8
4,1,1,4,2.5,5,3,0
15,8,8,15,11.5,23,7,3
2,4,2,4,3.0,6,2,1
23,19,19,23,21.0,42,4,18
6,1,1,6,3.5,7,5,0
36,12,12,36,24.0,48,24,10
10,1,1,10,5.5,11,9,0
1,7,1,7,4.0,8,6,0
2,4,2,4,3.0,6,2,0
8,7,7,8,7.5,15,1,5
15,14,14,15,14.5,29,1,13
3,9,3,9,6.0,12,6,2
2,6,2,6,4.0,8,4,0
3,10,3,10,6.5,13,7,2
17,18,17,18,17.5,35,1,15
6,6,6,6,6.0,12,0,1
4,2,2,4,3.0,6,2,1
4,2,2,4,3.0,6,2,0
1,5,1,5,3.0,6,4,0
9,2,2,9,5.5,11,7,0
1,13,1,13,7.0,14,12,0
10,15,10,15,12.5,25,5,9
1,6,1,6,3.5,7,5,0
16,36,16,36,26.0,52,20,7
19,18,18,19,18.5,37,1,15
7,1,1,7,4.0,8,6,0
5,6,5,6,5.5,11,1,3
1,5,1,5,3.0,6,4,0
11,6,6,11,8.5,17,5,1
1,5,1,5,3.0,6,4,0
11,9,9,11,10.0,20,2,6
11,13,11,13,12.0,24,2,8
6,1,1,6,3.5,7,5,0
1,8,1,8,4.5,9,7,0
15,10,10,15,12.5,25,5,9
4,2,2,4,3.0,6,2,0
5,6,5,6,5.5,11,1,4
1,7,1,7,4.0,8,6,0
5,3,3,5,4.0,8,2,1
7,14,7,14,10.5,21,7,4
1,29,1,29,15.0,30,28,0
2,5,2,5,3.5,7,3,0
1,12,1,12,6.5,13,11,0
5,5,5,5,5.0,10,0,4
4,3,3,4,3.5,7,1,2
4,1,1,4,2.5,5,3,0
7,13,7,13,10.0,20,6,4
7,6,6,7,6.5,13,1,5
2,6,2,6,4.0,8,4,1
37,28,28,37,32.5,65,9,25
5,1,1,5,3.0,6,4,0
29,2,2,29,15.5,31,27,0
14,10,10,14,12.0,24,4,8
4,1,1,4,2.5,5,3,0
5,1,1,5,3.0,6,4,0
6,1,1,6,3.5,7,5,0
24,26,24,26,25.0,50,2,22
9,5,5,9,7.0,14,4,4
6,6,6,6,6.0,12,0,5
1,105,1,105,53.0,106,104,0
1,7,1,7,4.0,8,6,0
5,5,5,5,5.0,10,0,2
1,4,1,4,2.5,5,3,0
7,1,1,7,4.0,8,6,0
16,8,8,16,12.0,24,8,7
9,10,9,10,9.5,19,1,8
39,17,17,39,28.0,56,22,14
1,6,1,6,3.5,7,5,0
5,1,1,5,3.0,6,4,0
19,6,6,19,12.5,25,13,5
6,1,1,6,3.5,7,5,0
1,5,1,5,3.0,6,4,0
13,17,13,17,15.0,30,4,10
9,9,9,9,9.0,18,0,8
2,4,2,4,3.0,6,2,1
6,7,6,7,6.5,13,1,4
7,1,1,7,4.0,8,6,0
28,43,28,43,35.5,71,15,23
5,12,5,12,8.5,17,7,4
9,13,9,13,11.0,22,4,8
11,7,7,11,9.0,18,4,4
1,4,1,4,2.5,5,3,0
15,24,15,24,19.5,39,9,8
4,9,4,9,6.5,13,5,1
4,1,1,4,2.5,5,3,0
17,16,16,17,16.5,33,1,14
10,9,9,10,9.5,19,1,6
6,3,3,6,4.5,9,3,2
31,34,31,34,32.5,65,3,26
5,1,1,5,3.0,6,4,0
1,10,1,10,5.5,11,9,0
16,24,16,24,20.0,40,8,12
2,4,2,4,3.0,6,2,1
5,6,5,6,5.5,11,1,4
15,11,11,15,13.0,26,4,9
11,10,10,11,10.5,21,1,9
19,19,19,19,19.0,38,0,18
10,13,10,13,11.5,23,3,8
1,4,1,4,2.5,5,3,0
7,1,1,7,4.0,8,6,0
1,14,1,14,7.5,15,13,0
7,13,7,13,10.0,20,6,5
5,6,5,6,5.5,11,1,1
35,44,35,44,39.5,79,9,28
1,56,1,56,28.5,57,55,0
5,6,5,6,5.5,11,1,4
8,8,8,8,8.0,16,0,7
4,6,4,6,5.0,10,2,2
6,53,6,53,29.5,59,47,1
16,13,13,16,14.5,29,3,12
38,25,25,38,31.5,63,13,19
1,4,1,4,2.5,5,3,0
11,4,4,11,7.5,15,7,3
1,4,1,4,2.5,5,3,0
1,4,1,4,2.5,5,3,0
13,9,9,13,11.0,22,4,8
1,26,1,26,13.5,27,25,0
4,1,1,4,2.5,5,3,0
18,28,18,28,23.0,46,10,16
22,47,22,47,34.5,69,25,21
4,4,4,4,4.0,8,0,3
5,1,1,5,3.0,6,4,0
23,23,23,23,23.0,46,0,7
1,4,1,4,2.5,5,3,0
12,7,7,12,9.5,19,5,5
3,6,3,6,4.5,9,3,1
4,11,4,11,7.5,15,7,1
4,6,4,6,5.0,10,2,2
7,6,6,7,6.5,13,1,4
1,31,1,31,16.0,32,30,0
7,8,7,8,7.5,15,1,6
5,7,5,7,6.0,12,2,4
4,4,4,4,4.0,8,0,3
13,19,13,19,16.0,32,6,11
5,1,1,5,3.0,6,4,0
6,1,1,6,3.5,7,5,0
4,4,4,4,4.0,8,0,3
20,22,20,22,21.0,42,2,18
3,4,3,4,3.5,7,1,2
1,25,1,25,13.0,26,24,0
6,7,6,7,6.5,13,1,4
2,20,2,20,11.0,22,18,0
8,12,8,12,10.0,20,4,7
45,15,15,45,30.0,60,30,11
1,4,1,4,2.5,5,3,0
7,8,7,8,7.5,15,1,6
13,15,13,15,14.0,28,2,10
6,1,1,6,3.5,7,5,0
1,18,1,18,9.5,19,17,0
1,5,1,5,3.0,6,4,0
10,13,10,13,11.5,23,3,9
22,20,20,22,21.0,42,2,18
1,12,1,12,6.5,13,11,0
49,12,12,49,30.5,61,37,11
6,1,1,6,3.5,7,5,0
16,6,6,16,11.0,22,10,5
5,1,1,5,3.0,6,4,0
1,16,1,16,8.5,17,15,0
8,10,8,10,9.0,18,2,0
30,49,30,49,39.5,79,19,25
1,5,1,5,3.0,6,4,0
1,6,1,6,3.5,7,5,0
7,7,7,7,7.0,14,0,5
6,5,5,6,5.5,11,1,3
5,1,1,5,3.0,6,4,0
13,12,12,13,12.5,25,1,10
5,5,5,5,5.0,10,0,4
6,1,1,6,3.5,7,5,0
2,9,2,9,5.5,11,7,1
1,7,1,7,4.0,8,6,0
4,10,4,10,7.0,14,6,3
2,13,2,13,7.5,15,11,0
5,1,1,5,3.0,6,4,0
13,11,11,13,12.0,24,2,10
7,7,7,7,7.0,14,0,5
1,23,1,23,12.0,24,22,0
4,1,1,4,2.5,5,3,0
31,20,20,31,25.5,51,11,16
6,4,4,6,5.0,10,2,0
8,1,1,8,4.5,9,7,0
39,26,26,39,32.5,65,13,22
4,1,1,4,2.5,5,3,0
9,10,9,10,9.5,19,1,8
6,3,3,6,4.5,9,3,2
1,5,1,5,3.0,6,4,0
34,40,34,40,37.0,74,6,16
5,4,4,5,4.5,9,1,3
2,8,2,8,5.0,10,6,0
23,1,1,23,12.0,24,22,0
13,12,12,13,12.5,25,1,11
8,7,7,8,7.5,15,1,4
11,13,11,13,12.0,24,2,2
14,21,14,21,17.5,35,7,12
8,11,8,11,9.5,19,3,4
4,1,1,4,2.5,5,3,0
27,26,26,27,26.5,53,1,25
33,15,15,33,24.0,48,18,11
18,13,13,18,15.5,31,5,11
5,3,3,5,4.0,8,2,2
10,1,1,10,5.5,11,9,0
20,17,17,20,18.5,37,3,14
4,1,1,4,2.5,5,3,0
19,24,19,24,21.5,43,5,18
5,1,1,5,3.0,6,4,0
5,7,5,7,6.0,12,2,4
5,6,5,6,5.5,11,1,4
6,1,1,6,3.5,7,5,0
6,5,5,6,5.5,11,1,4
6,7,6,7,6.5,13,1,5
46,40,40,46,43.0,86,6,39
13,14,13,14,13.5,27,1,12
5,11,5,11,8.0,16,6,3
18,15,15,18,16.5,33,3,13
31,28,28,31,29.5,59,3,19
10,12,10,12,11.0,22,2,9
1,7,1,7,4.0,8,6,0
8,9,8,9,8.5,17,1,7
1,14,1,14,7.5,15,13,0
8,6,6,8,7.0,14,2,1
10,2,2,10,6.0,12,8,1
4,2,2,4,3.0,6,2,1
1,5,1,5,3.0,6,4,0
6,4,4,6,5.0,10,2,2
10,14,10,14,12.0,24,4,9
1,7,1,7,4.0,8,6,0
6,4,4,6,5.0,10,2,3
11,2,2,11,6.5,13,9,0
32,31,31,32,31.5,63,1,30
8,18,8,18,13.0,26,10,6
3,14,3,14,8.5,17,11,0
7,9,7,9,8.0,16,2,5
6,2,2,6,4.0,8,4,1
2,15,2,15,8.5,17,13,1
9,1,1,9,5.0,10,8,0
1,5,1,5,3.0,6,4,0
1,4,1,4,2.5,5,3,0
10,15,10,15,12.5,25,5,9
7,5,5,7,6.0,12,2,4
4,4,4,4,4.0,8,0,3
1,4,1,4,2.5,5,3,0
20,2,2,20,11.0,22,18,1
1,5,1,5,3.0,6,4,0
1,4,1,4,2.5,5,3,0
9,4,4,9,6.5,13,5,1
6,1,1,6,3.5,7,5,0
1,5,1,5,3.0,6,4,0
13,15,13,15,14.0,28,2,6
3,18,3,18,10.5,21,15,0
1,25,1,25,13.0,26,24,0
22,20,20,22,21.0,42,2,14
4,5,4,5,4.5,9,1,2
6,11,6,11,8.5,17,5,5
6,11,6,11,8.5,17,5,5
15,17,15,17,16.0,32,2,14
26,31,26,31,28.5,57,5,25
45,42,42,45,43.5,87,3,40
8,16,8,16,12.0,24,8,4
6,4,4,6,5.0,10,2,1
5,1,1,5,3.0,6,4,0
29,28,28,29,28.5,57,1,19
17,17,17,17,17.0,34,0,14
6,1,1,6,3.5,7,5,0
4,1,1,4,2.5,5,3,0
23,3,3,23,13.0,26,20,0
5,1,1,5,3.0,6,4,0
6,5,5,6,5.5,11,1,4
8,1,1,8,4.5,9,7,0
5,5,5,5,5.0,10,0,4
34,24,24,34,29.0,58,10,17
10,7,7,10,8.5,17,3,6
5,1,1,5,3.0,6,4,0
6,6,6,6,6.0,12,0,5
5,1,1,5,3.0,6,4,0
27,48,27,48,37.5,75,21,20
10,13,10,13,11.5,23,3,9
1,4,1,4,2.5,5,3,0
1,7,1,7,4.0,8,6,0
46,27,27,46,36.5,73,19,20
5,2,2,5,3.5,7,3,0
4,7,4,7,5.5,11,3,3
3,4,3,4,3.5,7,1,2
13,1,1,13,7.0,14,12,0
13,15,13,15,14.0,28,2,9
1,17,1,17,9.0,18,16,0
6,9,6,9,7.5,15,3,2
26,26,26,26,26.0,52,0,25
16,42,16,42,29.0,58,26,13
1,105,1,105,53.0,106,104,0
20,12,12,20,16.0,32,8,9
9,8,8,9,8.5,17,1,7
34,29,29,34,31.5,63,5,25
7,1,1,7,4.0,8,6,0
9,1,1,9,5.0,10,8,0
4,1,1,4,2.5,5,3,0
20,14,14,20,17.0,34,6,10
20,17,17,20,18.5,37,3,9
23,20,20,23,21.5,43,3,19
27,24,24,27,25.5,51,3,23
1,5,1,5,3.0,6,4,0
4,1,1,4,2.5,5,3,0
46,47,46,47,46.5,93,1,33
14,1,1,14,7.5,15,13,0
20,23,20,23,21.5,43,3,19
1,12,1,12,6.5,13,11,0
5,5,5,5,5.0,10,0,3
5,4,4,5,4.5,9,1,3
13,14,13,14,13.5,27,1,8
1,4,1,4,2.5,5,3,0
4,1,1,4,2.5,5,3,0
6,1,1,6,3.5,7,5,0
39,45,39,45,42.0,84,6,38
8,6,6,8,7.0,14,2,4
9,12,9,12,10.5,21,3,5
5,6,5,6,5.5,11,1,4
6,2,2,6,4.0,8,4,1
3,13,3,13,8.0,16,10,2
4,1,1,4,2.5,5,3,0
7,7,7,7,7.0,14,0,6
25,23,23,25,24.0,48,2,19
1,4,1,4,2.5,5,3,0
2,4,2,4,3.0,6,2,1
1,6,1,6,3.5,7,5,0
39,28,28,39,33.5,67,11,21
5,5,5,5,5.0,10,0,0
4,6,4,6,5.0,10,2,3
36,29,29,36,32.5,65,7,25
4,1,1,4,2.5,5,3,0
17,8,8,17,12.5,25,9,5
5,5,5,5,5.0,10,0,3
10,8,8,10,9.0,18,2,4
23,4,4,23,13.5,27,19,3
4,8,4,8,6.0,12,4,0
1,105,1,105,53.0,106,104,0
10,1,1,10,5.5,11,9,0
14,14,14,14,14.0,28,0,13
17,6,6,17,11.5,23,11,3
1,10,1,10,5.5,11,9,0
4,1,1,4,2.5,5,3,0
2,6,2,6,4.0,8,4,1
38,22,22,38,30.0,60,16,18
2,4,2,4,3.0,6,2,1
2,5,2,5,3.5,7,3,0
1,4,1,4,2.5,5,3,0
1,7,1,7,4.0,8,6,0
8,13,8,13,10.5,21,5,6
1,6,1,6,3.5,7,5,0
7,8,7,8,7.5,15,1,5
2,4,2,4,3.0,6,2,1
16,8,8,16,12.0,24,8,7
2,5,2,5,3.5,7,3,0
10,10,10,10,10.0,20,0,9
11,37,11,37,24.0,48,26,10
31,36,31,36,33.5,67,5,27
5,4,4,5,4.5,9,1,3
1,7,1,7,4.0,8,6,0
6,3,3,6,4.5,9,3,2
5,17,5,17,11.0,22,12,2
1,9,1,9,5.0,10,8,0
10,2,2,10,6.0,12,8,0
4,5,4,5,4.5,9,1,3
1,4,1,4,2.5,5,3,0
20,21,20,21,20.5,41,1,19
1,27,1,27,14.0,28,26,0
6,6,6,6,6.0,12,0,4
146,29,29,146,87.5,175,117,25
8,2,2,8,5.0,10,6,1
1,4,1,4,2.5,5,3,0
17,17,17,17,17.0,34,0,16
8,8,8,8,8.0,16,0,7
4,8,4,8,6.0,12,4,1
1,4,1,4,2.5,5,3,0
7,5,5,7,6.0,12,2,3
5,4,4,5,4.5,9,1,2
13,13,13,13,13.0,26,0,7
8,8,8,8,8.0,16,0,6
4,1,1,4,2.5,5,3,0
25,26,25,26,25.5,51,1,19
8,9,8,9,8.5,17,1,7
20,31,20,31,25.5,51,11,19
4,1,1,4,2.5,5,3,0
7,8,7,8,7.5,15,1,5
5,1,1,5,3.0,6,4,0
4,5,4,5,4.5,9,1,3
1,5,1,5,3.0,6,4,0
4,9,4,9,6.5,13,5,2
7,5,5,7,6.0,12,2,4
23,20,20,23,21.5,43,3,18
5,7,5,7,6.0,12,2,0
6,9,6,9,7.5,15,3,5
4,5,4,5,4.5,9,1,3
1,9,1,9,5.0,10,8,0
1,8,1,8,4.5,9,7,0
33,1,1,33,17.0,34,32,0
14,21,14,21,17.5,35,7,2
1,7,1,7,4.0,8,6,0
12,1,1,12,6.5,13,11,0
4,1,1,4,2.5,5,3,0
1,8,1,8,4.5,9,7,0
5,1,1,5,3.0,6,4,0
18,15,15,18,16.5,33,3,12
11,17,11,17,14.0,28,6,7
8,10,8,10,9.0,18,2,5
5,2,2,5,3.5,7,3,1
13,8,8,13,10.5,21,5,6
4,1,1,4,2.5,5,3,0
5,1,1,5,3.0,6,4,0
21,17,17,21,19.0,38,4,16
4,1,1,4,2.5,5,3,0
8,3,3,8,5.5,11,5,0
1,4,1,4,2.5,5,3,0
15,15,15,15,15.0,30,0,13
7,8,7,8,7.5,15,1,0
5,1,1,5,3.0,6,4,0
11,4,4,11,7.5,15,7,3
7,4,4,7,5.5,11,3,3
27,29,27,29,28.0,56,2,26
4,1,1,4,2.5,5,3,0
5,5,5,5,5.0,10,0,4
4,1,1,4,2.5,5,3,0
9,9,9,9,9.0,18,0,0
4,12,4,12,8.0,16,8,3
14,13,13,14,13.5,27,1,10
5,1,1,5,3.0,6,4,0
3,5,3,5,4.0,8,2,2
13,17,13,17,15.0,30,4,11
47,15,15,47,31.0,62,32,10
10,7,7,10,8.5,17,3,6
18,20,18,20,19.0,38,2,12
8,8,8,8,8.0,16,0,7
25,36,25,36,30.5,61,11,24
2,17,2,17,9.5,19,15,0
5,2,2,5,3.5,7,3,0
6,1,1,6,3.5,7,5,0
1,17,1,17,9.0,18,16,0
4,1,1,4,2.5,5,3,0
3,9,3,9,6.0,12,6,0
7,6,6,7,6.5,13,1,5
2,5,2,5,3.5,7,3,1
4,9,4,9,6.5,13,5,1
10,23,10,23,16.5,33,13,8
7,4,4,7,5.5,11,3,3
8,12,8,12,10.0,20,4,5
7,6,6,7,6.5,13,1,5
15,7,7,15,11.0,22,8,4
1,65,1,65,33.0,66,64,0
4,1,1,4,2.5,5,3,0
29,29,29,29,29.0,58,0,27
38,49,38,49,43.5,87,11,19
41,34,34,41,37.5,75,7,27
2,12,2,12,7.0,14,10,1
17,19,17,19,18.0,36,2,14
4,1,1,4,2.5,5,3,0
3,21,3,21,12.0,24,18,0
12,10,10,12,11.0,22,2,9
12,1,1,12,6.5,13,11,0
6,6,6,6,6.0,12,0,5
7,2,2,7,4.5,9,5,1
10,6,6,10,8.0,16,4,4
24,24,24,24,24.0,48,0,17
6,9,6,9,7.5,15,3,1
15,22,15,22,18.5,37,7,13
1,4,1,4,2.5,5,3,0
11,12,11,12,11.5,23,1,10
1,30,1,30,15.5,31,29,0
5,5,5,5,5.0,10,0,3
17,16,16,17,16.5,33,1,12
8,8,8,8,8.0,16,0,7
12,11,11,12,11.5,23,1,10
6,6,6,6,6.0,12,0,5
5,5,5,5,5.0,10,0,3
4,1,1,4,2.5,5,3,0
5,5,5,5,5.0,10,0,3
5,3,3,5,4.0,8,2,2
7,6,6,7,6.5,13,1,3
1,8,1,8,4.5,9,7,0
9,7,7,9,8.0,16,2,6
4,6,4,6,5.0,10,2,0
15,2,2,15,8.5,17,13,0
28,1,1,28,14.5,29,27,0
2,5,2,5,3.5,7,3,0
7,8,7,8,7.5,15,1,6
6,6,6,6,6.0,12,0,3
4,5,4,5,4.5,9,1,3
1,5,1,5,3.0,6,4,0
5,5,5,5,5.0,10,0,4
5,1,1,5,3.0,6,4,0
21,23,21,23,22.0,44,2,16
2,8,2,8,5.0,10,6,0
5,28,5,28,16.5,33,23,0
41,35,35,41,38.0,76,6,21
8,9,8,9,8.5,17,1,7
1,21,1,21,11.0,22,20,0
14,17,14,17,15.5,31,3,7
5,11,5,11,8.0,16,6,1
1,6,1,6,3.5,7,5,0
25,16,16,25,20.5,41,9,15
3,4,3,4,3.5,7,1,2
5,1,1,5,3.0,6,4,0
21,12,12,21,16.5,33,9,6
13,19,13,19,16.0,32,6,10
10,14,10,14,12.0,24,4,8
9,10,9,10,9.5,19,1,6
5,10,5,10,7.5,15,5,4
1,11,1,11,6.0,12,10,0
6,16,6,16,11.0,22,10,5
4,1,1,4,2.5,5,3,0
6,25,6,25,15.5,31,19,0
11,22,11,22,16.5,33,11,9
16,12,12,16,14.0,28,4,11
6,5,5,6,5.5,11,1,4
1,12,1,12,6.5,13,11,0
15,19,15,19,17.0,34,4,6
4,1,1,4,2.5,5,3,0
7,4,4,7,5.5,11,3,0
3,13,3,13,8.0,16,10,1
6,7,6,7,6.5,13,1,5
2,10,2,10,6.0,12,8,1
12,9,9,12,10.5,21,3,5
1,4,1,4,2.5,5,3,0
8,8,8,8,8.0,16,0,7
13,13,13,13,13.0,26,0,12
20,20,20,20,20.0,40,0,19
1,4,1,4,2.5,5,3,0
7,2,2,7,4.5,9,5,1
9,6,6,9,7.5,15,3,1
14,14,14,14,14.0,28,0,12
4,1,1,4,2.5,5,3,0
1,5,1,5,3.0,6,4,0
18,18,18,18,18.0,36,0,16
5,1,1,5,3.0,6,4,0
15,1,1,15,8.0,16,14,0
9,8,8,9,8.5,17,1,4
9,1,1,9,5.0,10,8,0
4,1,1,4,2.5,5,3,0
1,7,1,7,4.0,8,6,0
18,33,18,33,25.5,51,15,17
4,4,4,4,4.0,8,0,3
21,12,12,21,16.5,33,9,11
5,1,1,5,3.0,6,4,0
7,1,1,7,4.0,8,6,0
9,7,7,9,8.0,16,2,6
38,7,7,38,22.5,45,31,3
1,7,1,7,4.0,8,6,0
25,32,25,32,28.5,57,7,17
2,5,2,5,3.5,7,3,0
2,5,2,5,3.5,7,3,0
12,44,12,44,28.0,56,32,8
5,1,1,5,3.0,6,4,0
1,5,1,5,3.0,6,4,0
4,4,4,4,4.0,8,0,1
31,18,18,31,24.5,49,13,12
3,15,3,15,9.0,18,12,2
23,32,23,32,27.5,55,9,20
4,4,4,4,4.0,8,0,3
1,5,1,5,3.0,6,4,0
1,14,1,14,7.5,15,13,0
1,14,1,14,7.5,15,13,0
4,4,4,4,4.0,8,0,3
4,4,4,4,4.0,8,0,3
10,10,10,10,10.0,20,0,8
16,25,16,25,20.5,41,9,10
1,4,1,4,2.5,5,3,0
4,1,1,4,2.5,5,3,0
7,1,1,7,4.0,8,6,0
1,4,1,4,2.5,5,3,0
13,13,13,13,13.0,26,0,11
9,6,6,9,7.5,15,3,4
6,7,6,7,6.5,13,1,5
7,7,7,7,7.0,14,0,6
11,11,11,11,11.0,22,0,2
28,7,7,28,17.5,35,21,5
6,4,4,6,5.0,10,2,1
14,8,8,14,11.0,22,6,5
15,15,15,15,15.0,30,0,13
27,23,23,27,25.0,50,4,21
1,4,1,4,2.5,5,3,0
1,12,1,12,6.5,13,11,0
25,28,25,28,26.5,53,3,22
5,1,1,5,3.0,6,4,0
4,4,4,4,4.0,8,0,3
17,19,17,19,18.0,36,2,14
23,19,19,23,21.0,42,4,18
4,5,4,5,4.5,9,1,1
19,19,19,19,19.0,38,0,16
1,7,1,7,4.0,8,6,0
5,7,5,7,6.0,12,2,3
10,11,10,11,10.5,21,1,9
21,5,5,21,13.0,26,16,4
4,4,4,4,4.0,8,0,3
88,36,36,88,62.0,124,52,30
32,40,32,40,36.0,72,8,28
2,4,2,4,3.0,6,2,0
9,37,9,37,23.0,46,28,8
1,4,1,4,2.5,5,3,0
42,47,42,47,44.5,89,5,36
1,6,1,6,3.5,7,5,0
1,4,1,4,2.5,5,3,0
5,8,5,8,6.5,13,3,3
17,21,17,21,19.0,38,4,16
1,12,1,12,6.5,13,11,0
5,1,1,5,3.0,6,4,0
29,48,29,48,38.5,77,19,27
10,5,5,10,7.5,15,5,4
6,26,6,26,16.0,32,20,5
5,1,1,5,3.0,6,4,0
4,3,3,4,3.5,7,1,2
8,8,8,8,8.0,16,0,7
2,4,2,4,3.0,6,2,1
19,31,19,31,25.0,50,12,14
5,5,5,5,5.0,10,0,4
6,7,6,7,6.5,13,1,3
31,33,31,33,32.0,64,2,30
7,8,7,8,7.5,15,1,4
15,21,15,21,18.0,36,6,12
47,42,42,47,44.5,89,5,39
5,4,4,5,4.5,9,1,3
14,12,12,14,13.0,26,2,10
1,7,1,7,4.0,8,6,0
5,5,5,5,5.0,10,0,3
1,4,1,4,2.5,5,3,0
11,13,11,13,12.0,24,2,10
1,16,1,16,8.5,17,15,0
5,3,3,5,4.0,8,2,2
24,21,21,24,22.5,45,3,20
1,6,1,6,3.5,7,5,0
1,7,1,7,4.0,8,6,0
4,1,1,4,2.5,5,3,0
2,5,2,5,3.5,7,3,1
1,105,1,105,53.0,106,104,0
14,14,14,14,14.0,28,0,13
14,12,12,14,13.0,26,2,11
9,15,9,15,12.0,24,6,0
8,7,7,8,7.5,15,1,3
7,49,7,49,28.0,56,42,5
9,9,9,9,9.0,18,0,7
11,14,11,14,12.5,25,3,10
7,12,7,12,9.5,19,5,4
21,21,21,21,21.0,42,0,15
5,1,1,5,3.0,6,4,0
4,1,1,4,2.5,5,3,0
32,23,23,32,27.5,55,9,5
11,1,1,11,6.0,12,10,0
6,1,1,6,3.5,7,5,0
11,11,11,11,11.0,22,0,10
13,8,8,13,10.5,21,5,6
12,5,5,12,8.5,17,7,4
5,1,1,5,3.0,6,4,0
25,32,25,32,28.5,57,7,22
17,13,13,17,15.0,30,4,9
7,8,7,8,7.5,15,1,5
10,10,10,10,10.0,20,0,5
4,4,4,4,4.0,8,0,3
15,13,13,15,14.0,28,2,11
14,36,14,36,25.0,50,22,12
2,4,2,4,3.0,6,2,1
2,6,2,6,4.0,8,4,0
3,9,3,9,6.0,12,6,2
11,9,9,11,10.0,20,2,6
21,17,17,21,19.0,38,4,16
4,1,1,4,2.5,5,3,0
11,14,11,14,12.5,25,3,9
4,1,1,4,2.5,5,3,0
15,24,15,24,19.5,39,9,14
1,7,1,7,4.0,8,6,0
8,3,3,8,5.5,11,5,1
12,9,9,12,10.5,21,3,8
9,9,9,9,9.0,18,0,8
1,5,1,5,3.0,6,4,0
26,16,16,26,21.0,42,10,15
7,7,7,7,7.0,14,0,6
10,7,7,10,8.5,17,3,6
20,1,1,20,10.5,21,19,0
5,4,4,5,4.5,9,1,3
7,11,7,11,9.0,18,4,4
5,3,3,5,4.0,8,2,2
4,3,3,4,3.5,7,1,2
1,11,1,11,6.0,12,10,0
4,4,4,4,4.0,8,0,3
19,19,19,19,19.0,38,0,18
3,6,3,6,4.5,9,3,2
2,20,2,20,11.0,22,18,1
1,4,1,4,2.5,5,3,0
8,6,6,8,7.0,14,2,5
5,5,5,5,5.0,10,0,4
12,12,12,12,12.0,24,0,9
26,22,22,26,24.0,48,4,21
13,1,1,13,7.0,14,12,0
22,24,22,24,23.0,46,2,20
11,12,11,12,11.5,23,1,9
5,6,5,6,5.5,11,1,4
37,49,37,49,43.0,86,12,30
32,40,32,40,36.0,72,8,27
8,2,2,8,5.0,10,6,0
7,7,7,7,7.0,14,0,3
5,1,1,5,3.0,6,4,0
13,15,13,15,14.0,28,2,12
22,6,6,22,14.0,28,16,5
20,1,1,20,10.5,21,19,0
6,1,1,6,3.5,7,5,0
1,6,1,6,3.5,7,5,0
6,3,3,6,4.5,9,3,1
1,11,1,11,6.0,12,10,0
7,8,7,8,7.5,15,1,6
4,5,4,5,4.5,9,1,3
10,1,1,10,5.5,11,9,0
10,2,2,10,6.0,12,8,0
6,2,2,6,4.0,8,4,1
7,11,7,11,9.0,18,4,4
9,1,1,9,5.0,10,8,0
9,6,6,9,7.5,15,3,1
6,9,6,9,7.5,15,3,3
33,22,22,33,27.5,55,11,19
8,1,1,8,4.5,9,7,0
1,4,1,4,2.5,5,3,0
33,53,33,53,43.0,86,20,26
4,1,1,4,2.5,5,3,0
19,19,19,19,19.0,38,0,18
9,11,9,11,10.0,20,2,8
15,4,4,15,9.5,19,11,2
24,16,16,24,20.0,40,8,13
14,15,14,15,14.5,29,1,11
12,7,7,12,9.5,19,5,6
4,5,4,5,4.5,9,1,0
1,11,1,11,6.0,12,10,0
9,7,7,9,8.0,16,2,6
17,14,14,17,15.5,31,3,13
4,1,1,4,2.5,5,3,0
12,9,9,12,10.5,21,3,8
3,9,3,9,6.0,12,6,2
4,1,1,4,2.5,5,3,0
10,1,1,10,5.5,11,9,0
16,24,16,24,20.0,40,8,15
2,11,2,11,6.5,13,9,1
8,5,5,8,6.5,13,3,4
1,6,1,6,3.5,7,5,0
7,4,4,7,5.5,11,3,1
16,16,16,16,16.0,32,0,15
4,2,2,4,3.0,6,2,1
4,7,4,7,5.5,11,3,1
1,4,1,4,2.5,5,3,0
9,13,9,13,11.0,22,4,7
6,5,5,6,5.5,11,1,4
10,13,10,13,11.5,23,3,9
1,5,1,5,3.0,6,4,0
5,5,5,5,5.0,10,0,4
20,12,12,20,16.0,32,8,11
44,1,1,44,22.5,45,43,0
6,7,6,7,6.5,13,1,5
13,21,13,21,17.0,34,8,11
22,9,9,22,15.5,31,13,3
4,10,4,10,7.0,14,6,2
1,7,1,7,4.0,8,6,0
9,4,4,9,6.5,13,5,2
25,23,23,25,24.0,48,2,22
5,2,2,5,3.5,7,3,0
1,5,1,5,3.0,6,4,0
8,1,1,8,4.5,9,7,0
4,4,4,4,4.0,8,0,3
10,7,7,10,8.5,17,3,3
7,5,5,7,6.0,12,2,3
3,9,3,9,6.0,12,6,1
1,9,1,9,5.0,10,8,0
6,5,5,6,5.5,11,1,3
5,3,3,5,4.0,8,2,2
1,4,1,4,2.5,5,3,0
14,21,14,21,17.5,35,7,13
11,14,11,14,12.5,25,3,8
7,6,6,7,6.5,13,1,5
1,5,1,5,3.0,6,4,0
5,5,5,5,5.0,10,0,4
31,41,31,41,36.0,72,10,28
12,16,12,16,14.0,28,4,11
1,6,1,6,3.5,7,5,0
5,5,5,5,5.0,10,0,3
4,2,2,4,3.0,6,2,1
4,3,3,4,3.5,7,1,2
1,5,1,5,3.0,6,4,0
25,20,20,25,22.5,45,5,18
1,6,1,6,3.5,7,5,0
4,1,1,4,2.5,5,3,0
18,25,18,25,21.5,43,7,11
4,1,1,4,2.5,5,3,0
4,1,1,4,2.5,5,3,0
10,10,10,10,10.0,20,0,9
1,4,1,4,2.5,5,3,0
16,21,16,21,18.5,37,5,15
4,1,1,4,2.5,5,3,0
7,13,7,13,10.0,20,6,6
25,33,25,33,29.0,58,8,20
10,1,1,10,5.5,11,9,0
8,1,1,8,4.5,9,7,0
6,3,3,6,4.5,9,3,2
1,18,1,18,9.5,19,17,0
7,1,1,7,4.0,8,6,0
4,1,1,4,2.5,5,3,0
1,5,1,5,3.0,6,4,0
10,11,10,11,10.5,21,1,9
13,12,12,13,12.5,25,1,11
5,3,3,5,4.0,8,2,1
5,4,4,5,4.5,9,1,3
2,4,2,4,3.0,6,2,1
30,19,19,30,24.5,49,11,18
7,4,4,7,5.5,11,3,3
6,2,2,6,4.0,8,4,1
36,14,14,36,25.0,50,22,12
8,15,8,15,11.5,23,7,7
1,9,1,9,5.0,10,8,0
8,2,2,8,5.0,10,6,1
14,15,14,15,14.5,29,1,12
1,7,1,7,4.0,8,6,0
12,5,5,12,8.5,17,7,2
1,41,1,41,21.0,42,40,0
4,4,4,4,4.0,8,0,3
4,1,1,4,2.5,5,3,0
4,1,1,4,2.5,5,3,0
1,19,1,19,10.0,20,18,0
1,19,1,19,10.0,20,18,0
11,11,11,11,11.0,22,0,10
7,8,7,8,7.5,15,1,6
5,1,1,5,3.0,6,4,0
13,7,7,13,10.0,20,6,4
5,1,1,5,3.0,6,4,0
6,1,1,6,3.5,7,5,0
1,6,1,6,3.5,7,5,0
37,26,26,37,31.5,63,11,19
15,15,15,15,15.0,30,0,12
4,4,4,4,4.0,8,0,3
9,9,9,9,9.0,18,0,6
3,6,3,6,4.5,9,3,2
1,8,1,8,4.5,9,7,0
2,11,2,11,6.5,13,9,0
4,5,4,5,4.5,9,1,2
9,1,1,9,5.0,10,8,0
25,31,25,31,28.0,56,6,24
1,8,1,8,4.5,9,7,0
29,24,24,29,26.5,53,5,20
6,1,1,6,3.5,7,5,0
11,4,4,11,7.5,15,7,3
1,7,1,7,4.0,8,6,0
1,4,1,4,2.5,5,3,0
1,5,1,5,3.0,6,4,0
13,12,12,13,12.5,25,1,11
1,9,1,9,5.0,10,8,0
8,1,1,8,4.5,9,7,0
1,8,1,8,4.5,9,7,0
27,31,27,31,29.0,58,4,15
1,22,1,22,11.5,23,21,0
6,1,1,6,3.5,7,5,0
6,7,6,7,6.5,13,1,5
3,10,3,10,6.5,13,7,0
17,14,14,17,15.5,31,3,10
6,2,2,6,4.0,8,4,1
4,1,1,4,2.5,5,3,0
17,16,16,17,16.5,33,1,10
4,7,4,7,5.5,11,3,1
1,9,1,9,5.0,10,8,0
4,1,1,4,2.5,5,3,0
4,1,1,4,2.5,5,3,0
30,30,30,30,30.0,60,0,23
4,1,1,4,2.5,5,3,0
8,10,8,10,9.0,18,2,6
1,6,1,6,3.5,7,5,0
12,11,11,12,11.5,23,1,10
9,8,8,9,8.5,17,1,6
6,6,6,6,6.0,12,0,5
11,11,11,11,11.0,22,0,10
22,32,22,32,27.0,54,10,20
1,13,1,13,7.0,14,12,0
8,1,1,8,4.5,9,7,0
1,15,1,15,8.0,16,14,0
4,1,1,4,2.5,5,3,0
9,1,1,9,5.0,10,8,0
4,1,1,4,2.5,5,3,0
38,35,35,38,36.5,73,3,29
8,8,8,8,8.0,16,0,5
9,9,9,9,9.0,18,0,8
4,3,3,4,3.5,7,1,2
1,29,1,29,15.0,30,28,0
1,27,1,27,14.0,28,26,0
5,2,2,5,3.5,7,3,0
4,2,2,4,3.0,6,2,1
19,20,19,20,19.5,39,1,12
6,16,6,16,11.0,22,10,0
5,5,5,5,5.0,10,0,4
4,1,1,4,2.5,5,3,0
13,11,11,13,12.0,24,2,8
4,1,1,4,2.5,5,3,0
7,4,4,7,5.5,11,3,1
1,11,1,11,6.0,12,10,0
9,5,5,9,7.0,14,4,3
5,2,2,5,3.5,7,3,1
15,9,9,15,12.0,24,6,6
3,15,3,15,9.0,18,12,2
1,5,1,5,3.0,6,4,0
5,7,5,7,6.0,12,2,3
1,27,1,27,14.0,28,26,0
5,1,1,5,3.0,6,4,0
8,12,8,12,10.0,20,4,2
4,5,4,5,4.5,9,1,2
17,12,12,17,14.5,29,5,7
4,1,1,4,2.5,5,3,0
13,16,13,16,14.5,29,3,5
5,8,5,8,6.5,13,3,4
1,5,1,5,3.0,6,4,0
4,1,1,4,2.5,5,3,0
4,2,2,4,3.0,6,2,1
4,4,4,4,4.0,8,0,3
1,25,1,25,13.0,26,24,0
7,6,6,7,6.5,13,1,4
1,6,1,6,3.5,7,5,0
5,1,1,5,3.0,6,4,0
4,1,1,4,2.5,5,3,0
1,11,1,11,6.0,12,10,0
10,1,1,10,5.5,11,9,0
5,1,1,5,3.0,6,4,0
9,9,9,9,9.0,18,0,8
26,26,26,26,26.0,52,0,25
1,12,1,12,6.5,13,11,0
5,5,5,5,5.0,10,0,3
13,18,13,18,15.5,31,5,8
2,4,2,4,3.0,6,2,0
2,7,2,7,4.5,9,5,1
7,1,1,7,4.0,8,6,0
4,10,4,10,7.0,14,6,1
9,8,8,9,8.5,17,1,2
5,6,5,6,5.5,11,1,4
9,9,9,9,9.0,18,0,7
5,7,5,7,6.0,12,2,4
4,6,4,6,5.0,10,2,3
7,4,4,7,5.5,11,3,3
17,15,15,17,16.0,32,2,14
9,26,9,26,17.5,35,17,6
9,10,9,10,9.5,19,1,6
5,1,1,5,3.0,6,4,0
22,31,22,31,26.5,53,9,18
15,9,9,15,12.0,24,6,6
26,16,16,26,21.0,42,10,15
1,5,1,5,3.0,6,4,0
19,19,19,19,19.0,38,0,18
7,21,7,21,14.0,28,14,0
1,6,1,6,3.5,7,5,0
31,39,31,39,35.0,70,8,24
7,5,5,7,6.0,12,2,4
16,18,16,18,17.0,34,2,11
7,8,7,8,7.5,15,1,5
4,5,4,5,4.5,9,1,3
38,22,22,38,30.0,60,16,20
19,22,19,22,20.5,41,3,16
4,4,4,4,4.0,8,0,2
6,12,6,12,9.0,18,6,5
23,49,23,49,36.0,72,26,19
6,1,1,6,3.5,7,5,0
11,2,2,11,6.5,13,9,0
4,3,3,4,3.5,7,1,2
4,5,4,5,4.5,9,1,3
1,4,1,4,2.5,5,3,0
11,11,11,11,11.0,22,0,7
13,6,6,13,9.5,19,7,4
15,13,13,15,14.0,28,2,12
18,40,18,40,29.0,58,22,16
1,4,1,4,2.5,5,3,0
1,4,1,4,2.5,5,3,0
5,4,4,5,4.5,9,1,3
7,1,1,7,4.0,8,6,0
8,6,6,8,7.0,14,2,5
1,5,1,5,3.0,6,4,0
1,4,1,4,2.5,5,3,0
15,16,15,16,15.5,31,1,14
6,5,5,6,5.5,11,1,0
1,8,1,8,4.5,9,7,0
5,1,1,5,3.0,6,4,0
20,20,20,20,20.0,40,0,19
4,2,2,4,3.0,6,2,1
1,9,1,9,5.0,10,8,0
21,20,20,21,20.5,41,1,19
8,8,8,8,8.0,16,0,7
18,21,18,21,19.5,39,3,16
5,1,1,5,3.0,6,4,0
1,5,1,5,3.0,6,4,0
4,7,4,7,5.5,11,3,3
13,13,13,13,13.0,26,0,12
15,14,14,15,14.5,29,1,13
6,25,6,25,15.5,31,19,5
5,5,5,5,5.0,10,0,2
6,1,1,6,3.5,7,5,0
16,49,16,49,32.5,65,33,15
6,9,6,9,7.5,15,3,5
23,18,18,23,20.5,41,5,15
8,6,6,8,7.0,14,2,4
1,40,1,40,20.5,41,39,0
9,1,1,9,5.0,10,8,0
3,5,3,5,4.0,8,2,2
24,15,15,24,19.5,39,9,11
1,4,1,4,2.5,5,3,0
1,4,1,4,2.5,5,3,0
1,4,1,4,2.5,5,3,0
16,10,10,16,13.0,26,6,9
4,1,1,4,2.5,5,3,0
4,1,1,4,2.5,5,3,0
12,10,10,12,11.0,22,2,8
7,4,4,7,5.5,11,3,3
14,6,6,14,10.0,20,8,2
16,38,16,38,27.0,54,22,13
14,15,14,15,14.5,29,1,12
1,5,1,5,3.0,6,4,0
9,9,9,9,9.0,18,0,8
10,13,10,13,11.5,23,3,4
4,1,1,4,2.5,5,3,0
7,12,7,12,9.5,19,5,6
5,5,5,5,5.0,10,0,3
4,1,1,4,2.5,5,3,0
8,14,8,14,11.0,22,6,7
5,4,4,5,4.5,9,1,3
4,1,1,4,2.5,5,3,0
7,6,6,7,6.5,13,1,5
4,2,2,4,3.0,6,2,1
2,13,2,13,7.5,15,11,0
6,7,6,7,6.5,13,1,2
15,22,15,22,18.5,37,7,14
10,2,2,10,6.0,12,8,0
1,7,1,7,4.0,8,6,0
1,11,1,11,6.0,12,10,0
4,4,4,4,4.0,8,0,2
20,20,20,20,20.0,40,0,19
6,1,1,6,3.5,7,5,0
6,7,6,7,6.5,13,1,5
1,5,1,5,3.0,6,4,0
4,4,4,4,4.0,8,0,3
13,33,13,33,23.0,46,20,11
1,5,1,5,3.0,6,4,0
5,1,1,5,3.0,6,4,0
6,8,6,8,7.0,14,2,4
6,2,2,6,4.0,8,4,1
1,10,1,10,5.5,11,9,0
1,7,1,7,4.0,8,6,0
5,11,5,11,8.0,16,6,0
4,2,2,4,3.0,6,2,1
18,65,18,65,41.5,83,47,15
1,5,1,5,3.0,6,4,0
3,5,3,5,4.0,8,2,2
1,7,1,7,4.0,8,6,0
1,4,1,4,2.5,5,3,0
3,7,3,7,5.0,10,4,2
5,5,5,5,5.0,10,0,4
1,5,1,5,3.0,6,4,0
5,1,1,5,3.0,6,4,0
5,1,1,5,3.0,6,4,0
17,9,9,17,13.0,26,8,5
9,3,3,9,6.0,12,6,2
8,4,4,8,6.0,12,4,3
1,12,1,12,6.5,13,11,0
4,5,4,5,4.5,9,1,3
6,52,6,52,29.0,58,46,1
5,1,1,5,3.0,6,4,0
12,22,12,22,17.0,34,10,11
5,8,5,8,6.5,13,3,2
35,30,30,35,32.5,65,5,16
8,1,1,8,4.5,9,7,0
1,6,1,6,3.5,7,5,0
11,17,11,17,14.0,28,6,10
5,1,1,5,3.0,6,4,0
4,1,1,4,2.5,5,3,0
17,1,1,17,9.0,18,16,0
9,2,2,9,5.5,11,7,1
8,7,7,8,7.5,15,1,5
5,1,1,5,3.0,6,4,0
21,22,21,22,21.5,43,1,20
11,19,11,19,15.0,30,8,10
13,13,13,13,13.0,26,0,10
4,4,4,4,4.0,8,0,0
24,16,16,24,20.0,40,8,15
11,2,2,11,6.5,13,9,1
33,18,18,33,25.5,51,15,13
7,8,7,8,7.5,15,1,6
7,7,7,7,7.0,14,0,6
10,9,9,10,9.5,19,1,2
9,1,1,9,5.0,10,8,0
1,5,1,5,3.0,6,4,0
7,2,2,7,4.5,9,5,1
5,6,5,6,5.5,11,1,1
3,4,3,4,3.5,7,1,2
4,5,4,5,4.5,9,1,1
1,5,1,5,3.0,6,4,0
7,7,7,7,7.0,14,0,5
1,6,1,6,3.5,7,5,0
66,34,34,66,50.0,100,32,22
1,7,1,7,4.0,8,6,0
8,8,8,8,8.0,16,0,7
4,2,2,4,3.0,6,2,1
2,4,2,4,3.0,6,2,0
2,4,2,4,3.0,6,2,1
2,7,2,7,4.5,9,5,1
30,51,30,51,40.5,81,21,25
12,11,11,12,11.5,23,1,10
17,8,8,17,12.5,25,9,2
15,24,15,24,19.5,39,9,12
2,7,2,7,4.5,9,5,1
1,5,1,5,3.0,6,4,0
7,5,5,7,6.0,12,2,3
5,1,1,5,3.0,6,4,0
11,28,11,28,19.5,39,17,8
1,5,1,5,3.0,6,4,0
4,4,4,4,4.0,8,0,3
1,6,1,6,3.5,7,5,0
48,32,32,48,40.0,80,16,31
4,5,4,5,4.5,9,1,3
1,4,1,4,2.5,5,3,0
25,25,25,25,25.0,50,0,24
12,1,1,12,6.5,13,11,0
6,5,5,6,5.5,11,1,3
6,5,5,6,5.5,11,1,4
22,21,21,22,21.5,43,1,19
9,4,4,9,6.5,13,5,2
27,16,16,27,21.5,43,11,12
27,31,27,31,29.0,58,4,25
1,6,1,6,3.5,7,5,0
8,10,8,10,9.0,18,2,7
17,13,13,17,15.0,30,4,6
4,1,1,4,2.5,5,3,0
12,15,12,15,13.5,27,3,10
33,33,33,33,33.0,66,0,32
14,23,14,23,18.5,37,9,13
29,49,29,49,39.0,78,20,18
3,6,3,6,4.5,9,3,0
37,11,11,37,24.0,48,26,10
4,7,4,7,5.5,11,3,3
4,1,1,4,2.5,5,3,0
4,1,1,4,2.5,5,3,0
7,9,7,9,8.0,16,2,5
7,7,7,7,7.0,14,0,5
11,10,10,11,10.5,21,1,9
51,44,44,51,47.5,95,7,26
17,17,17,17,17.0,34,0,14
9,15,9,15,12.0,24,6,3
4,48,4,48,26.0,52,44,0
5,7,5,7,6.0,12,2,0
10,12,10,12,11.0,22,2,8
12,22,12,22,17.0,34,10,11
20,28,20,28,24.0,48,8,17
2,7,2,7,4.5,9,5,1
4,1,1,4,2.5,5,3,0
7,1,1,7,4.0,8,6,0
2,4,2,4,3.0,6,2,1
5,6,5,6,5.5,11,1,4
9,9,9,9,9.0,18,0,6
6,2,2,6,4.0,8,4,0
6,31,6,31,18.5,37,25,0
14,14,14,14,14.0,28,0,7
8,1,1,8,4.5,9,7,0
13,1,1,13,7.0,14,12,0
16,17,16,17,16.5,33,1,12
12,2,2,12,7.0,14,10,0
10,5,5,10,7.5,15,5,0
6,9,6,9,7.5,15,3,5
8,1,1,8,4.5,9,7,0
4,1,1,4,2.5,5,3,0
8,6,6,8,7.0,14,2,5
23,19,19,23,21.0,42,4,17
4,3,3,4,3.5,7,1,2
4,7,4,7,5.5,11,3,1
13,12,12,13,12.5,25,1,8
11,7,7,11,9.0,18,4,5
1,4,1,4,2.5,5,3,0
26,32,26,32,29.0,58,6,23
8,8,8,8,8.0,16,0,6
1,28,1,28,14.5,29,27,0
1,8,1,8,4.5,9,7,0
1,5,1,5,3.0,6,4,0
6,4,4,6,5.0,10,2,3
23,32,23,32,27.5,55,9,18
4,4,4,4,4.0,8,0,3
1,4,1,4,2.5,5,3,0
12,10,10,12,11.0,22,2,7
5,7,5,7,6.0,12,2,3
4,1,1,4,2.5,5,3,0
16,17,16,17,16.5,33,1,14
1,9,1,9,5.0,10,8,0
20,24,20,24,22.0,44,4,18
5,6,5,6,5.5,11,1,4
4,6,4,6,5.0,10,2,2
5,75,5,75,40.0,80,70,0
4,2,2,4,3.0,6,2,1
9,1,1,9,5.0,10,8,0
1,18,1,18,9.5,19,17,0
8,9,8,9,8.5,17,1,6
31,1,1,31,16.0,32,30,0
8,1,1,8,4.5,9,7,0
10,20,10,20,15.0,30,10,8
18,22,18,22,20.0,40,4,14
9,1,1,9,5.0,10,8,0
36,37,36,37,36.5,73,1,35
14,16,14,16,15.0,30,2,7
1,6,1,6,3.5,7,5,0
18,19,18,19,18.5,37,1,17
1,61,1,61,31.0,62,60,0
4,5,4,5,4.5,9,1,3
19,23,19,23,21.0,42,4,17
1,5,1,5,3.0,6,4,0
8,3,3,8,5.5,11,5,2
3,5,3,5,4.0,8,2,2
4,1,1,4,2.5,5,3,0
9,16,9,16,12.5,25,7,8
9,6,6,9,7.5,15,3,5
1,5,1,5,3.0,6,4,0
10,8,8,10,9.0,18,2,7
1,8,1,8,4.5,9,7,0
4,7,4,7,5.5,11,3,3
4,1,1,4,2.5,5,3,0
7,5,5,7,6.0,12,2,4
6,6,6,6,6.0,12,0,4
5,3,3,5,4.0,8,2,2
10,11,10,11,10.5,21,1,5
7,8,7,8,7.5,15,1,6
37,21,21,37,29.0,58,16,20
38,13,13,38,25.5,51,25,8
12,20,12,20,16.0,32,8,11
15,18,15,18,16.5,33,3,10
12,10,10,12,11.0,22,2,8
6,5,5,6,5.5,11,1,0
1,9,1,9,5.0,10,8,0
4,1,1,4,2.5,5,3,0
16,17,16,17,16.5,33,1,13
5,1,1,5,3.0,6,4,0
15,1,1,15,8.0,16,14,0
18,28,18,28,23.0,46,10,17
15,2,2,15,8.5,17,13,0
34,30,30,34,32.0,64,4,23
4,10,4,10,7.0,14,6,3
12,47,12,47,29.5,59,35,11
6,7,6,7,6.5,13,1,5
8,4,4,8,6.0,12,4,3
6,5,5,6,5.5,11,1,2
6,9,6,9,7.5,15,3,5
23,16,16,23,19.5,39,7,15
4,1,1,4,2.5,5,3,0
10,9,9,10,9.5,19,1,7
5,1,1,5,3.0,6,4,0
12,7,7,12,9.5,19,5,6
6,7,6,7,6.5,13,1,5
16,17,16,17,16.5,33,1,14
14,13,13,14,13.5,27,1,12
2,4,2,4,3.0,6,2,1
10,12,10,12,11.0,22,2,9
1,4,1,4,2.5,5,3,0
22,20,20,22,21.0,42,2,17
3,17,3,17,10.0,20,14,2
25,23,23,25,24.0,48,2,18
9,40,9,40,24.5,49,31,8
3,7,3,7,5.0,10,4,2
2,7,2,7,4.5,9,5,1
20,28,20,28,24.0,48,8,17
11,5,5,11,8.0,16,6,3
11,13,11,13,12.0,24,2,8
5,1,1,5,3.0,6,4,0
1,5,1,5,3.0,6,4,0
5,28,5,28,16.5,33,23,1
12,1,1,12,6.5,13,11,0
2,8,2,8,5.0,10,6,0
1,4,1,4,2.5,5,3,0
16,11,11,16,13.5,27,5,8
4,1,1,4,2.5,5,3,0
5,3,3,5,4.0,8,2,0
8,11,8,11,9.5,19,3,6
5,1,1,5,3.0,6,4,0
33,31,31,33,32.0,64,2,30
4,24,4,24,14.0,28,20,0
1,5,1,5,3.0,6,4,0
19,19,19,19,19.0,38,0,18
9,9,9,9,9.0,18,0,4
2,4,2,4,3.0,6,2,0
8,2,2,8,5.0,10,6,0
6,7,6,7,6.5,13,1,5
6,1,1,6,3.5,7,5,0
6,5,5,6,5.5,11,1,3
4,7,4,7,5.5,11,3,3
4,1,1,4,2.5,5,3,0
4,1,1,4,2.5,5,3,0
2,4,2,4,3.0,6,2,1
7,7,7,7,7.0,14,0,2
7,7,7,7,7.0,14,0,3
6,1,1,6,3.5,7,5,0
10,11,10,11,10.5,21,1,9
21,28,21,28,24.5,49,7,20
23,20,20,23,21.5,43,3,18
4,5,4,5,4.5,9,1,1
13,16,13,16,14.5,29,3,8
4,1,1,4,2.5,5,3,0
13,11,11,13,12.0,24,2,7
18,20,18,20,19.0,38,2,16
4,6,4,6,5.0,10,2,3
1,6,1,6,3.5,7,5,0
17,23,17,23,20.0,40,6,16
4,10,4,10,7.0,14,6,3
1,4,1,4,2.5,5,3,0
14,14,14,14,14.0,28,0,13
11,2,2,11,6.5,13,9,0
9,5,5,9,7.0,14,4,4
1,5,1,5,3.0,6,4,0
1,6,1,6,3.5,7,5,0
47,34,34,47,40.5,81,13,27
4,1,1,4,2.5,5,3,0
4,5,4,5,4.5,9,1,1
6,1,1,6,3.5,7,5,0
12,10,10,12,11.0,22,2,9
4,1,1,4,2.5,5,3,0
2,10,2,10,6.0,12,8,1
5,6,5,6,5.5,11,1,4
1,4,1,4,2.5,5,3,0
1,7,1,7,4.0,8,6,0
8,6,6,8,7.0,14,2,5
8,8,8,8,8.0,16,0,3
3,13,3,13,8.0,16,10,1
14,17,14,17,15.5,31,3,12
17,4,4,17,10.5,21,13,0
18,12,12,18,15.0,30,6,9
8,1,1,8,4.5,9,7,0
4,1,1,4,2.5,5,3,0
49,24,24,49,36.5,73,25,23
4,4,4,4,4.0,8,0,1
1,4,1,4,2.5,5,3,0
12,11,11,12,11.5,23,1,10
8,1,1,8,4.5,9,7,0
4,5,4,5,4.5,9,1,3
6,12,6,12,9.0,18,6,5
7,7,7,7,7.0,14,0,6
24,31,24,31,27.5,55,7,21
18,19,18,19,18.5,37,1,17
6,1,1,6,3.5,7,5,0
18,61,18,61,39.5,79,43,14
8,1,1,8,4.5,9,7,0
13,6,6,13,9.5,19,7,4
14,20,14,20,17.0,34,6,13
5,5,5,5,5.0,10,0,3
5,6,5,6,5.5,11,1,0
19,21,19,21,20.0,40,2,18
54,33,33,54,43.5,87,21,27
5,5,5,5,5.0,10,0,4
8,1,1,8,4.5,9,7,0
5,1,1,5,3.0,6,4,0
4,4,4,4,4.0,8,0,2
16,14,14,16,15.0,30,2,11
32,32,32,32,32.0,64,0,31
26,11,11,26,18.5,37,15,9
4,1,1,4,2.5,5,3,0
9,8,8,9,8.5,17,1,7
7,7,7,7,7.0,14,0,6
5,1,1,5,3.0,6,4,0
7,1,1,7,4.0,8,6,0
4,1,1,4,2.5,5,3,0
8,1,1,8,4.5,9,7,0
17,18,17,18,17.5,35,1,16
5,1,1,5,3.0,6,4,0
4,5,4,5,4.5,9,1,1
15,14,14,15,14.5,29,1,6
6,10,6,10,8.0,16,4,4
9,15,9,15,12.0,24,6,7
30,33,30,33,31.5,63,3,20
11,1,1,11,6.0,12,10,0
4,2,2,4,3.0,6,2,1
5,21,5,21,13.0,26,16,0
48,16,16,48,32.0,64,32,15
4,5,4,5,4.5,9,1,3
4,3,3,4,3.5,7,1,0
9,9,9,9,9.0,18,0,7
7,8,7,8,7.5,15,1,3
4,1,1,4,2.5,5,3,0
4,1,1,4,2.5,5,3,0
10,5,5,10,7.5,15,5,4
15,12,12,15,13.5,27,3,6
2,5,2,5,3.5,7,3,1
7,7,7,7,7.0,14,0,6
5,6,5,6,5.5,11,1,4
9,12,9,12,10.5,21,3,7
8,9,8,9,8.5,17,1,5
7,7,7,7,7.0,14,0,6
56,10,10,56,33.0,66,46,5
6,1,1,6,3.5,7,5,0
1,5,1,5,3.0,6,4,0
4,6,4,6,5.0,10,2,3
4,4,4,4,4.0,8,0,3
7,15,7,15,11.0,22,8,4
5,1,1,5,3.0,6,4,0
5,22,5,22,13.5,27,17,1
3,4,3,4,3.5,7,1,2
8,8,8,8,8.0,16,0,4
46,41,41,46,43.5,87,5,32
5,11,5,11,8.0,16,6,0
4,6,4,6,5.0,10,2,3
21,25,21,25,23.0,46,4,19
19,13,13,19,16.0,32,6,11
2,7,2,7,4.5,9,5,0
14,21,14,21,17.5,35,7,12
4,5,4,5,4.5,9,1,3
5,1,1,5,3.0,6,4,0
7,27,7,27,17.0,34,20,3
36,34,34,36,35.0,70,2,27
4,2,2,4,3.0,6,2,0
21,18,18,21,19.5,39,3,17
1,4,1,4,2.5,5,3,0
5,6,5,6,5.5,11,1,4
24,20,20,24,22.0,44,4,14
4,1,1,4,2.5,5,3,0
36,12,12,36,24.0,48,24,8
4,5,4,5,4.5,9,1,3
10,7,7,10,8.5,17,3,6
3,7,3,7,5.0,10,4,0
4,5,4,5,4.5,9,1,3
1,4,1,4,2.5,5,3,0
18,18,18,18,18.0,36,0,17
5,7,5,7,6.0,12,2,3
5,4,4,5,4.5,9,1,2
13,22,13,22,17.5,35,9,4
6,1,1,6,3.5,7,5,0
4,23,4,23,13.5,27,19,1
7,4,4,7,5.5,11,3,0
15,12,12,15,13.5,27,3,11
32,11,11,32,21.5,43,21,9
15,11,11,15,13.0,26,4,10
1,5,1,5,3.0,6,4,0
1,4,1,4,2.5,5,3,0
5,2,2,5,3.5,7,3,1
14,14,14,14,14.0,28,0,12
1,4,1,4,2.5,5,3,0
5,5,5,5,5.0,10,0,1
5,5,5,5,5.0,10,0,4
5,6,5,6,5.5,11,1,4
6,2,2,6,4.0,8,4,0
4,1,1,4,2.5,5,3,0
4,2,2,4,3.0,6,2,0
4,5,4,5,4.5,9,1,3
1,16,1,16,8.5,17,15,0
14,2,2,14,8.0,16,12,1
8,4,4,8,6.0,12,4,0
1,17,1,17,9.0,18,16,0
14,1,1,14,7.5,15,13,0
11,19,11,19,15.0,30,8,10
10,1,1,10,5.5,11,9,0
1,8,1,8,4.5,9,7,0
1,8,1,8,4.5,9,7,0
5,2,2,5,3.5,7,3,0
15,17,15,17,16.0,32,2,13
1,4,1,4,2.5,5,3,0
2,5,2,5,3.5,7,3,1
4,1,1,4,2.5,5,3,0
6,1,1,6,3.5,7,5,0
5,5,5,5,5.0,10,0,4
9,7,7,9,8.0,16,2,5
38,38,38,38,38.0,76,0,37
1,16,1,16,8.5,17,15,0
1,15,1,15,8.0,16,14,0
1,4,1,4,2.5,5,3,0
1,18,1,18,9.5,19,17,0
8,4,4,8,6.0,12,4,3
44,49,44,49,46.5,93,5,26
27,26,26,27,26.5,53,1,24
14,15,14,15,14.5,29,1,12
6,4,4,6,5.0,10,2,3
6,1,1,6,3.5,7,5,0
1,4,1,4,2.5,5,3,0
7,6,6,7,6.5,13,1,5
10,10,10,10,10.0,20,0,8
17,15,15,17,16.0,32,2,14
48,2,2,48,25.0,50,46,1
8,8,8,8,8.0,16,0,3
4,2,2,4,3.0,6,2,0
11,19,11,19,15.0,30,8,6
5,1,1,5,3.0,6,4,0
4,1,1,4,2.5,5,3,0
5,4,4,5,4.5,9,1,1
6,11,6,11,8.5,17,5,5
21,14,14,21,17.5,35,7,12
5,7,5,7,6.0,12,2,1
10,11,10,11,10.5,21,1,5
27,26,26,27,26.5,53,1,24
4,1,1,4,2.5,5,3,0
8,10,8,10,9.0,18,2,6
4,5,4,5,4.5,9,1,2
6,1,1,6,3.5,7,5,0
36,27,27,36,31.5,63,9,25
5,7,5,7,6.0,12,2,3
7,10,7,10,8.5,17,3,6
1,6,1,6,3.5,7,5,0
24,5,5,24,14.5,29,19,3
17,16,16,17,16.5,33,1,14
15,24,15,24,19.5,39,9,14
12,11,11,12,11.5,23,1,9
5,5,5,5,5.0,10,0,4
7,7,7,7,7.0,14,0,6
1,8,1,8,4.5,9,7,0
9,3,3,9,6.0,12,6,2
7,1,1,7,4.0,8,6,0
1,24,1,24,12.5,25,23,0
6,6,6,6,6.0,12,0,5
3,13,3,13,8.0,16,10,1
4,44,4,44,24.0,48,40,0
4,1,1,4,2.5,5,3,0
4,4,4,4,4.0,8,0,3
1,6,1,6,3.5,7,5,0
1,8,1,8,4.5,9,7,0
1,5,1,5,3.0,6,4,0
15,14,14,15,14.5,29,1,13
5,1,1,5,3.0,6,4,0
14,11,11,14,12.5,25,3,10
5,4,4,5,4.5,9,1,3
1,4,1,4,2.5,5,3,0
2,4,2,4,3.0,6,2,1
4,1,1,4,2.5,5,3,0
1,5,1,5,3.0,6,4,0
14,14,14,14,14.0,28,0,13
1,9,1,9,5.0,10,8,0
4,1,1,4,2.5,5,3,0
2,9,2,9,5.5,11,7,0
1,4,1,4,2.5,5,3,0
4,1,1,4,2.5,5,3,0
6,1,1,6,3.5,7,5,0
1,4,1,4,2.5,5,3,0
5,6,5,6,5.5,11,1,4
1,30,1,30,15.5,31,29,0
13,18,13,18,15.5,31,5,11
33,33,33,33,33.0,66,0,31
5,6,5,6,5.5,11,1,4
1,5,1,5,3.0,6,4,0
5,1,1,5,3.0,6,4,0
4,4,4,4,4.0,8,0,3
4,5,4,5,4.5,9,1,3
2,4,2,4,3.0,6,2,1
13,7,7,13,10.0,20,6,6
10,25,10,25,17.5,35,15,7
1,6,1,6,3.5,7,5,0
5,9,5,9,7.0,14,4,4
20,21,20,21,20.5,41,1,16
4,5,4,5,4.5,9,1,3
5,8,5,8,6.5,13,3,3
4,4,4,4,4.0,8,0,1
36,36,36,36,36.0,72,0,24
6,1,1,6,3.5,7,5,0
9,5,5,9,7.0,14,4,3
13,12,12,13,12.5,25,1,9
14,16,14,16,15.0,30,2,12
25,33,25,33,29.0,58,8,16
1,7,1,7,4.0,8,6,0
11,15,11,15,13.0,26,4,9
41,41,41,41,41.0,82,0,40
9,13,9,13,11.0,22,4,7
8,5,5,8,6.5,13,3,3
1,5,1,5,3.0,6,4,0
1,6,1,6,3.5,7,5,0
1,4,1,4,2.5,5,3,0
1,6,1,6,3.5,7,5,0
1,4,1,4,2.5,5,3,0
1,12,1,12,6.5,13,11,0
7,18,7,18,12.5,25,11,6
9,1,1,9,5.0,10,8,0
1,20,1,20,10.5,21,19,0
23,18,18,23,20.5,41,5,15
1,10,1,10,5.5,11,9,0
5,1,1,5,3.0,6,4,0
5,1,1,5,3.0,6,4,0
1,9,1,9,5.0,10,8,0
1,5,1,5,3.0,6,4,0
14,8,8,14,11.0,22,6,6
4,3,3,4,3.5,7,1,2
1,6,1,6,3.5,7,5,0
25,28,25,28,26.5,53,3,21
5,1,1,5,3.0,6,4,0
9,10,9,10,9.5,19,1,8
21,33,21,33,27.0,54,12,20
17,14,14,17,15.5,31,3,12
9,8,8,9,8.5,17,1,5
32,25,25,32,28.5,57,7,23
4,2,2,4,3.0,6,2,0
6,1,1,6,3.5,7,5,0
7,6,6,7,6.5,13,1,5
25,20,20,25,22.5,45,5,18
1,5,1,5,3.0,6,4,0
4,1,1,4,2.5,5,3,0
6,1,1,6,3.5,7,5,0
5,24,5,24,14.5,29,19,3
1,6,1,6,3.5,7,5,0
5,4,4,5,4.5,9,1,3
3,4,3,4,3.5,7,1,1
1,7,1,7,4.0,8,6,0
12,17,12,17,14.5,29,5,10
2,6,2,6,4.0,8,4,1
27,40,27,40,33.5,67,13,22
2,4,2,4,3.0,6,2,0
1,105,1,105,53.0,106,104,0
5,1,1,5,3.0,6,4,0
43,43,43,43,43.0,86,0,42
7,9,7,9,8.0,16,2,6
4,7,4,7,5.5,11,3,2
1,6,1,6,3.5,7,5,0
1,14,1,14,7.5,15,13,0
4,5,4,5,4.5,9,1,2
4,8,4,8,6.0,12,4,2
5,1,1,5,3.0,6,4,0
4,2,2,4,3.0,6,2,0
5,4,4,5,4.5,9,1,3
6,6,6,6,6.0,12,0,5
13,17,13,17,15.0,30,4,8
6,5,5,6,5.5,11,1,4
22,21,21,22,21.5,43,1,18
12,5,5,12,8.5,17,7,3
21,30,21,30,25.5,51,9,13
5,2,2,5,3.5,7,3,0
4,1,1,4,2.5,5,3,0
1,77,1,77,39.0,78,76,0
16,19,16,19,17.5,35,3,15
9,8,8,9,8.5,17,1,7
27,29,27,29,28.0,56,2,24
8,8,8,8,8.0,16,0,7
6,6,6,6,6.0,12,0,5
16,5,5,16,10.5,21,11,4
8,6,6,8,7.0,14,2,5
6,1,1,6,3.5,7,5,0
15,12,12,15,13.5,27,3,10
4,12,4,12,8.0,16,8,3
6,1,1,6,3.5,7,5,0
1,5,1,5,3.0,6,4,0
2,5,2,5,3.5,7,3,1
7,1,1,7,4.0,8,6,0
4,52,4,52,28.0,56,48,1
5,4,4,5,4.5,9,1,3
6,1,1,6,3.5,7,5,0
13,7,7,13,10.0,20,6,2
8,8,8,8,8.0,16,0,7
24,7,7,24,15.5,31,17,5
1,5,1,5,3.0,6,4,0
2,6,2,6,4.0,8,4,1
4,15,4,15,9.5,19,11,2
9,8,8,9,8.5,17,1,6
4,4,4,4,4.0,8,0,3
1,5,1,5,3.0,6,4,0
1,6,1,6,3.5,7,5,0
5,6,5,6,5.5,11,1,4
4,1,1,4,2.5,5,3,0
9,16,9,16,12.5,25,7,8
41,44,41,44,42.5,85,3,31
1,4,1,4,2.5,5,3,0
6,1,1,6,3.5,7,5,0
6,7,6,7,6.5,13,1,2
4,1,1,4,2.5,5,3,0
2,22,2,22,12.0,24,20,0
4,4,4,4,4.0,8,0,3
12,10,10,12,11.0,22,2,9
16,17,16,17,16.5,33,1,14
1,14,1,14,7.5,15,13,0
7,1,1,7,4.0,8,6,0
4,1,1,4,2.5,5,3,0
4,1,1,4,2.5,5,3,0
5,1,1,5,3.0,6,4,0
36,43,36,43,39.5,79,7,31
4,1,1,4,2.5,5,3,0
13,5,5,13,9.0,18,8,4
19,19,19,19,19.0,38,0,18
3,4,3,4,3.5,7,1,2
1,5,1,5,3.0,6,4,0
1,9,1,9,5.0,10,8,0
5,3,3,5,4.0,8,2,2
10,10,10,10,10.0,20,0,9
17,2,2,17,9.5,19,15,0
5,6,5,6,5.5,11,1,4
1,6,1,6,3.5,7,5,0
7,1,1,7,4.0,8,6,0
1,5,1,5,3.0,6,4,0
4,13,4,13,8.5,17,9,2
4,1,1,4,2.5,5,3,0
8,2,2,8,5.0,10,6,1
4,1,1,4,2.5,5,3,0
3,4,3,4,3.5,7,1,2
12,3,3,12,7.5,15,9,2
5,5,5,5,5.0,10,0,1
8,22,8,22,15.0,30,14,2
18,5,5,18,11.5,23,13,4
34,30,30,34,32.0,64,4,23
9,4,4,9,6.5,13,5,2
13,12,12,13,12.5,25,1,8
7,2,2,7,4.5,9,5,0
6,1,1,6,3.5,7,5,0
4,2,2,4,3.0,6,2,1
1,4,1,4,2.5,5,3,0
9,5,5,9,7.0,14,4,4
2,4,2,4,3.0,6,2,1
17,17,17,17,17.0,34,0,14
2,4,2,4,3.0,6,2,0
1,9,1,9,5.0,10,8,0
6,5,5,6,5.5,11,1,4
1,4,1,4,2.5,5,3,0
7,2,2,7,4.5,9,5,1
16,17,16,17,16.5,33,1,6
28,49,28,49,38.5,77,21,18
5,1,1,5,3.0,6,4,0
7,1,1,7,4.0,8,6,0
1,9,1,9,5.0,10,8,0
7,15,7,15,11.0,22,8,5
9,9,9,9,9.0,18,0,5
6,5,5,6,5.5,11,1,3
12,1,1,12,6.5,13,11,0
10,10,10,10,10.0,20,0,6
6,6,6,6,6.0,12,0,4
10,11,10,11,10.5,21,1,9
1,4,1,4,2.5,5,3,0
1,27,1,27,14.0,28,26,0
23,20,20,23,21.5,43,3,15
15,27,15,27,21.0,42,12,14
26,24,24,26,25.0,50,2,23
6,6,6,6,6.0,12,0,4
7,7,7,7,7.0,14,0,3
2,4,2,4,3.0,6,2,1
1,4,1,4,2.5,5,3,0
8,15,8,15,11.5,23,7,0
3,4,3,4,3.5,7,1,2
1,11,1,11,6.0,12,10,0
4,2,2,4,3.0,6,2,1
41,24,24,41,32.5,65,17,16
1,4,1,4,2.5,5,3,0
5,1,1,5,3.0,6,4,0
1,4,1,4,2.5,5,3,0
13,1,1,13,7.0,14,12,0
1,20,1,20,10.5,21,19,0
3,4,3,4,3.5,7,1,0
1,17,1,17,9.0,18,16,0
11,9,9,11,10.0,20,2,8
19,19,19,19,19.0,38,0,17
5,6,5,6,5.5,11,1,4
7,1,1,7,4.0,8,6,0
4,4,4,4,4.0,8,0,3
1,36,1,36,18.5,37,35,0
4,17,4,17,10.5,21,13,2
9,11,9,11,10.0,20,2,5
30,28,28,30,29.0,58,2,22
1,4,1,4,2.5,5,3,0
11,13,11,13,12.0,24,2,7
6,7,6,7,6.5,13,1,1
1,5,1,5,3.0,6,4,0
9,1,1,9,5.0,10,8,0
4,1,1,4,2.5,5,3,0
4,1,1,4,2.5,5,3,0
3,4,3,4,3.5,7,1,2
19,21,19,21,20.0,40,2,15
15,15,15,15,15.0,30,0,13
5,6,5,6,5.5,11,1,4
2,10,2,10,6.0,12,8,0
17,16,16,17,16.5,33,1,12
4,4,4,4,4.0,8,0,3
1,19,1,19,10.0,20,18,0
47,25,25,47,36.0,72,22,23
9,1,1,9,5.0,10,8,0
4,5,4,5,4.5,9,1,3
2,9,2,9,5.5,11,7,0
6,6,6,6,6.0,12,0,5
18,24,18,24,21.0,42,6,15
7,8,7,8,7.5,15,1,2
4,8,4,8,6.0,12,4,3
5,1,1,5,3.0,6,4,0
19,1,1,19,10.0,20,18,0
5,5,5,5,5.0,10,0,4
53,18,18,53,35.5,71,35,15
24,27,24,27,25.5,51,3,19
6,1,1,6,3.5,7,5,0
1,7,1,7,4.0,8,6,0
4,1,1,4,2.5,5,3,0
1,4,1,4,2.5,5,3,0
11,10,10,11,10.5,21,1,9
9,105,9,105,57.0,114,96,0
31,27,27,31,29.0,58,4,21
31,23,23,31,27.0,54,8,22
1,4,1,4,2.5,5,3,0
1,30,1,30,15.5,31,29,0
5,4,4,5,4.5,9,1,3
5,2,2,5,3.5,7,3,1
5,3,3,5,4.0,8,2,1
18,11,11,18,14.5,29,7,8
11,7,7,11,9.0,18,4,5
6,1,1,6,3.5,7,5,0
5,1,1,5,3.0,6,4,0
4,4,4,4,4.0,8,0,2
4,1,1,4,2.5,5,3,0
27,23,23,27,25.0,50,4,22
20,11,11,20,15.5,31,9,7
1,11,1,11,6.0,12,10,0
9,8,8,9,8.5,17,1,7
4,4,4,4,4.0,8,0,3
4,1,1,4,2.5,5,3,0
20,16,16,20,18.0,36,4,14
34,18,18,34,26.0,52,16,16
51,49,49,51,50.0,100,2,30
7,6,6,7,6.5,13,1,5
1,7,1,7,4.0,8,6,0
4,5,4,5,4.5,9,1,3
5,4,4,5,4.5,9,1,3
5,1,1,5,3.0,6,4,0
27,26,26,27,26.5,53,1,25
5,5,5,5,5.0,10,0,4
13,12,12,13,12.5,25,1,11
3,13,3,13,8.0,16,10,1
11,11,11,11,11.0,22,0,1
7,7,7,7,7.0,14,0,4
1,4,1,4,2.5,5,3,0
13,12,12,13,12.5,25,1,11
1,5,1,5,3.0,6,4,0
1,5,1,5,3.0,6,4,0
7,4,4,7,5.5,11,3,3
4,1,1,4,2.5,5,3,0
5,5,5,5,5.0,10,0,4
2,6,2,6,4.0,8,4,1
14,14,14,14,14.0,28,0,13
19,23,19,23,21.0,42,4,18
21,20,20,21,20.5,41,1,19
5,4,4,5,4.5,9,1,3
1,4,1,4,2.5,5,3,0
13,8,8,13,10.5,21,5,5
8,1,1,8,4.5,9,7,0
2,5,2,5,3.5,7,3,0
18,20,18,20,19.0,38,2,16
27,30,27,30,28.5,57,3,26
31,26,26,31,28.5,57,5,24
23,28,23,28,25.5,51,5,22
1,4,1,4,2.5,5,3,0
4,6,4,6,5.0,10,2,3
4,6,4,6,5.0,10,2,3
24,12,12,24,18.0,36,12,11
4,11,4,11,7.5,15,7,3
16,12,12,16,14.0,28,4,10
2,5,2,5,3.5,7,3,0
34,34,34,34,34.0,68,0,30
1,5,1,5,3.0,6,4,0
16,14,14,16,15.0,30,2,13
20,4,4,20,12.0,24,16,0
1,5,1,5,3.0,6,4,0
7,7,7,7,7.0,14,0,5
11,11,11,11,11.0,22,0,7
2,7,2,7,4.5,9,5,1
1,7,1,7,4.0,8,6,0
9,15,9,15,12.0,24,6,6
18,47,18,47,32.5,65,29,11
14,12,12,14,13.0,26,2,10
5,2,2,5,3.5,7,3,1
15,14,14,15,14.5,29,1,12
5,2,2,5,3.5,7,3,0
4,1,1,4,2.5,5,3,0
17,15,15,17,16.0,32,2,10
5,6,5,6,5.5,11,1,4
4,6,4,6,5.0,10,2,0
4,2,2,4,3.0,6,2,1
5,5,5,5,5.0,10,0,4
21,20,20,21,20.5,41,1,17
23,16,16,23,19.5,39,7,12
7,39,7,39,23.0,46,32,5
5,7,5,7,6.0,12,2,1
16,16,16,16,16.0,32,0,11
4,1,1,4,2.5,5,3,0
34,55,34,55,44.5,89,21,28
4,4,4,4,4.0,8,0,3
25,23,23,25,24.0,48,2,22
7,1,1,7,4.0,8,6,0
1,41,1,41,21.0,42,40,0
7,6,6,7,6.5,13,1,5
1,7,1,7,4.0,8,6,0
19,19,19,19,19.0,38,0,18
23,20,20,23,21.5,43,3,19
15,24,15,24,19.5,39,9,14
5,1,1,5,3.0,6,4,0
17,17,17,17,17.0,34,0,13
11,1,1,11,6.0,12,10,0
13,16,13,16,14.5,29,3,11
14,11,11,14,12.5,25,3,9
5,5,5,5,5.0,10,0,4
4,4,4,4,4.0,8,0,3
32,22,22,32,27.0,54,10,18
4,1,1,4,2.5,5,3,0
18,22,18,22,20.0,40,4,13
4,1,1,4,2.5,5,3,0
6,7,6,7,6.5,13,1,5
10,27,10,27,18.5,37,17,6
2,4,2,4,3.0,6,2,0
9,1,1,9,5.0,10,8,0
7,7,7,7,7.0,14,0,4
8,3,3,8,5.5,11,5,2
9,6,6,9,7.5,15,3,4
6,5,5,6,5.5,11,1,3
5,4,4,5,4.5,9,1,0
1,4,1,4,2.5,5,3,0
8,13,8,13,10.5,21,5,7
1,5,1,5,3.0,6,4,0
1,4,1,4,2.5,5,3,0
2,12,2,12,7.0,14,10,0
19,22,19,22,20.5,41,3,16
49,35,35,49,42.0,84,14,33
9,8,8,9,8.5,17,1,5
2,6,2,6,4.0,8,4,1
3,5,3,5,4.0,8,2,0
24,25,24,25,24.5,49,1,22
7,7,7,7,7.0,14,0,5
1,25,1,25,13.0,26,24,0
26,24,24,26,25.0,50,2,23
4,1,1,4,2.5,5,3,0
11,9,9,11,10.0,20,2,5
1,6,1,6,3.5,7,5,0
6,6,6,6,6.0,12,0,4
11,20,11,20,15.5,31,9,10
7,10,7,10,8.5,17,3,5
4,1,1,4,2.5,5,3,0
4,1,1,4,2.5,5,3,0
2,4,2,4,3.0,6,2,0
6,7,6,7,6.5,13,1,5
4,4,4,4,4.0,8,0,3
1,146,1,146,73.5,147,145,0
7,1,1,7,4.0,8,6,0
1,7,1,7,4.0,8,6,0
1,4,1,4,2.5,5,3,0
21,25,21,25,23.0,46,4,20
42,46,42,46,44.0,88,4,39
6,1,1,6,3.5,7,5,0
37,3,3,37,20.0,40,34,1
20,7,7,20,13.5,27,13,6
9,9,9,9,9.0,18,0,8
1,6,1,6,3.5,7,5,0
11,4,4,11,7.5,15,7,3
23,20,20,23,21.5,43,3,18
17,17,17,17,17.0,34,0,13
1,11,1,11,6.0,12,10,0
4,1,1,4,2.5,5,3,0
2,4,2,4,3.0,6,2,1
10,24,10,24,17.0,34,14,4
1,26,1,26,13.5,27,25,0
4,1,1,4,2.5,5,3,0
6,5,5,6,5.5,11,1,4
1,27,1,27,14.0,28,26,0
9,12,9,12,10.5,21,3,7
21,22,21,22,21.5,43,1,19
12,13,12,13,12.5,25,1,11
1,5,1,5,3.0,6,4,0
4,1,1,4,2.5,5,3,0
25,32,25,32,28.5,57,7,21
33,33,33,33,33.0,66,0,26
5,6,5,6,5.5,11,1,1
1,16,1,16,8.5,17,15,0
7,6,6,7,6.5,13,1,5
1,4,1,4,2.5,5,3,0
5,5,5,5,5.0,10,0,4
2,5,2,5,3.5,7,3,1
28,13,13,28,20.5,41,15,11
5,15,5,15,10.0,20,10,1
9,7,7,9,8.0,16,2,1
30,34,30,34,32.0,64,4,23
13,13,13,13,13.0,26,0,10
5,1,1,5,3.0,6,4,0
1,4,1,4,2.5,5,3,0
1,5,1,5,3.0,6,4,0
8,10,8,10,9.0,18,2,5
5,1,1,5,3.0,6,4,0
3,7,3,7,5.0,10,4,2
2,5,2,5,3.5,7,3,1
5,6,5,6,5.5,11,1,4
5,2,2,5,3.5,7,3,1
7,8,7,8,7.5,15,1,5
30,27,27,30,28.5,57,3,25
2,4,2,4,3.0,6,2,1
4,4,4,4,4.0,8,0,2
25,35,25,35,30.0,60,10,17
15,15,15,15,15.0,30,0,14
4,1,1,4,2.5,5,3,0
10,1,1,10,5.5,11,9,0
4,5,4,5,4.5,9,1,0
10,19,10,19,14.5,29,9,9
12,10,10,12,11.0,22,2,9
16,6,6,16,11.0,22,10,3
1,4,1,4,2.5,5,3,0
5,7,5,7,6.0,12,2,3
6,7,6,7,6.5,13,1,5
6,6,6,6,6.0,12,0,5
5,6,5,6,5.5,11,1,4
9,9,9,9,9.0,18,0,8
4,3,3,4,3.5,7,1,2
11,8,8,11,9.5,19,3,7
4,2,2,4,3.0,6,2,1
7,6,6,7,6.5,13,1,5
16,29,16,29,22.5,45,13,9
12,12,12,12,12.0,24,0,11
5,1,1,5,3.0,6,4,0
1,4,1,4,2.5,5,3,0
8,9,8,9,8.5,17,1,7
19,23,19,23,21.0,42,4,17
7,4,4,7,5.5,11,3,2
42,50,42,50,46.0,92,8,25
7,4,4,7,5.5,11,3,3
17,14,14,17,15.5,31,3,10
4,1,1,4,2.5,5,3,0
4,1,1,4,2.5,5,3,0
11,8,8,11,9.5,19,3,6
19,1,1,19,10.0,20,18,0
5,5,5,5,5.0,10,0,4
10,2,2,10,6.0,12,8,0
13,14,13,14,13.5,27,1,12
1,4,1,4,2.5,5,3,0
5,6,5,6,5.5,11,1,4
7,9,7,9,8.0,16,2,4
2,7,2,7,4.5,9,5,0
1,11,1,11,6.0,12,10,0
1,5,1,5,3.0,6,4,0
25,16,16,25,20.5,41,9,12
42,17,17,42,29.5,59,25,15
10,13,10,13,11.5,23,3,8
2,4,2,4,3.0,6,2,1
75,6,6,75,40.5,81,69,2
33,33,33,33,33.0,66,0,26
18,19,18,19,18.5,37,1,17
1,5,1,5,3.0,6,4,0
4,8,4,8,6.0,12,4,0
7,1,1,7,4.0,8,6,0
4,3,3,4,3.5,7,1,2
1,7,1,7,4.0,8,6,0
4,1,1,4,2.5,5,3,0
29,34,29,34,31.5,63,5,25
34,28,28,34,31.0,62,6,23
9,9,9,9,9.0,18,0,7
4,1,1,4,2.5,5,3,0
5,5,5,5,5.0,10,0,4
5,2,2,5,3.5,7,3,1
6,4,4,6,5.0,10,2,2
12,11,11,12,11.5,23,1,9
14,12,12,14,13.0,26,2,9
3,5,3,5,4.0,8,2,2
5,2,2,5,3.5,7,3,1
1,8,1,8,4.5,9,7,0
4,5,4,5,4.5,9,1,3
17,28,17,28,22.5,45,11,9
14,14,14,14,14.0,28,0,13
7,16,7,16,11.5,23,9,6
8,8,8,8,8.0,16,0,6
1,107,1,107,54.0,108,106,0
11,10,10,11,10.5,21,1,8
5,1,1,5,3.0,6,4,0
19,21,19,21,20.0,40,2,17
5,4,4,5,4.5,9,1,3
9,10,9,10,9.5,19,1,8
6,3,3,6,4.5,9,3,2
6,8,6,8,7.0,14,2,4
10,2,2,10,6.0,12,8,0
1,4,1,4,2.5,5,3,0
6,1,1,6,3.5,7,5,0
6,17,6,17,11.5,23,11,3
10,7,7,10,8.5,17,3,3
40,34,34,40,37.0,74,6,32
15,3,3,15,9.0,18,12,1
17,11,11,17,14.0,28,6,6
4,2,2,4,3.0,6,2,1
27,28,27,28,27.5,55,1,25
5,5,5,5,5.0,10,0,3
26,1,1,26,13.5,27,25,0
22,21,21,22,21.5,43,1,20
5,1,1,5,3.0,6,4,0
1,5,1,5,3.0,6,4,0
1,30,1,30,15.5,31,29,0
14,11,11,14,12.5,25,3,10
4,2,2,4,3.0,6,2,1
5,11,5,11,8.0,16,6,4
9,6,6,9,7.5,15,3,5
27,26,26,27,26.5,53,1,25
24,5,5,24,14.5,29,19,2
4,3,3,4,3.5,7,1,2
6,21,6,21,13.5,27,15,0
4,5,4,5,4.5,9,1,2
4,5,4,5,4.5,9,1,0
41,44,41,44,42.5,85,3,39
4,1,1,4,2.5,5,3,0
1,10,1,10,5.5,11,9,0
4,5,4,5,4.5,9,1,0
6,1,1,6,3.5,7,5,0
13,13,13,13,13.0,26,0,12
1,6,1,6,3.5,7,5,0
1,4,1,4,2.5,5,3,0
6,9,6,9,7.5,15,3,5
1,11,1,11,6.0,12,10,0
7,5,5,7,6.0,12,2,4
29,39,29,39,34.0,68,10,23
5,6,5,6,5.5,11,1,3
21,22,21,22,21.5,43,1,20
17,13,13,17,15.0,30,4,8
31,31,31,31,31.0,62,0,29
17,1,1,17,9.0,18,16,0
8,11,8,11,9.5,19,3,6
8,3,3,8,5.5,11,5,2
4,4,4,4,4.0,8,0,2
1,19,1,19,10.0,20,18,0
16,17,16,17,16.5,33,1,10
1,5,1,5,3.0,6,4,0
16,7,7,16,11.5,23,9,6
4,5,4,5,4.5,9,1,1
6,1,1,6,3.5,7,5,0
5,2,2,5,3.5,7,3,1
11,10,10,11,10.5,21,1,9
1,6,1,6,3.5,7,5,0
3,5,3,5,4.0,8,2,2
22,18,18,22,20.0,40,4,15
12,11,11,12,11.5,23,1,5
4,10,4,10,7.0,14,6,0
27,22,22,27,24.5,49,5,20
7,8,7,8,7.5,15,1,5
11,15,11,15,13.0,26,4,10
29,32,29,32,30.5,61,3,24
17,8,8,17,12.5,25,9,6
38,40,38,40,39.0,78,2,31
17,16,16,17,16.5,33,1,14
9,5,5,9,7.0,14,4,4
8,9,8,9,8.5,17,1,4
13,14,13,14,13.5,27,1,11
8,5,5,8,6.5,13,3,4
7,8,7,8,7.5,15,1,6
32,33,32,33,32.5,65,1,31
4,1,1,4,2.5,5,3,0
4,1,1,4,2.5,5,3,0
11,13,11,13,12.0,24,2,8
1,4,1,4,2.5,5,3,0
6,2,2,6,4.0,8,4,0
4,1,1,4,2.5,5,3,0
10,2,2,10,6.0,12,8,1
2,4,2,4,3.0,6,2,0
1,5,1,5,3.0,6,4,0
16,1,1,16,8.5,17,15,0
27,49,27,49,38.0,76,22,16
4,4,4,4,4.0,8,0,3
4,1,1,4,2.5,5,3,0
11,7,7,11,9.0,18,4,6
4,7,4,7,5.5,11,3,3
27,16,16,27,21.5,43,11,15
4,1,1,4,2.5,5,3,0
5,1,1,5,3.0,6,4,0
7,10,7,10,8.5,17,3,4
1,30,1,30,15.5,31,29,0
6,32,6,32,19.0,38,26,5
5,1,1,5,3.0,6,4,0
18,15,15,18,16.5,33,3,14
1,105,1,105,53.0,106,104,0
5,2,2,5,3.5,7,3,1
13,9,9,13,11.0,22,4,2
4,4,4,4,4.0,8,0,0
1,16,1,16,8.5,17,15,0
7,20,7,20,13.5,27,13,5
5,1,1,5,3.0,6,4,0
4,2,2,4,3.0,6,2,1
6,7,6,7,6.5,13,1,5
4,6,4,6,5.0,10,2,0
5,1,1,5,3.0,6,4,0
5,2,2,5,3.5,7,3,0
16,12,12,16,14.0,28,4,9
1,17,1,17,9.0,18,16,0
6,5,5,6,5.5,11,1,3
9,10,9,10,9.5,19,1,7
8,7,7,8,7.5,15,1,5
11,16,11,16,13.5,27,5,7
1,5,1,5,3.0,6,4,0
6,2,2,6,4.0,8,4,0
17,17,17,17,17.0,34,0,14
10,8,8,10,9.0,18,2,5
2,6,2,6,4.0,8,4,0
4,4,4,4,4.0,8,0,3
8,16,8,16,12.0,24,8,7
4,2,2,4,3.0,6,2,1
4,1,1,4,2.5,5,3,0
11,19,11,19,15.0,30,8,10
1,19,1,19,10.0,20,18,0
13,12,12,13,12.5,25,1,11
5,4,4,5,4.5,9,1,3
22,25,22,25,23.5,47,3,18
39,50,39,50,44.5,89,11,19
4,1,1,4,2.5,5,3,0
6,1,1,6,3.5,7,5,0
5,2,2,5,3.5,7,3,1
3,4,3,4,3.5,7,1,2
19,19,19,19,19.0,38,0,17
5,4,4,5,4.5,9,1,3
16,11,11,16,13.5,27,5,10
42,45,42,45,43.5,87,3,32
6,1,1,6,3.5,7,5,0
5,6,5,6,5.5,11,1,4
3,4,3,4,3.5,7,1,0
5,5,5,5,5.0,10,0,4
1,5,1,5,3.0,6,4,0
2,4,2,4,3.0,6,2,1
6,5,5,6,5.5,11,1,3
9,16,9,16,12.5,25,7,1
5,1,1,5,3.0,6,4,0
5,7,5,7,6.0,12,2,3
49,41,41,49,45.0,90,8,24
8,1,1,8,4.5,9,7,0
7,6,6,7,6.5,13,1,4
23,22,22,23,22.5,45,1,21
23,3,3,23,13.0,26,20,1
19,20,19,20,19.5,39,1,17
1,8,1,8,4.5,9,7,0
1,15,1,15,8.0,16,14,0
5,3,3,5,4.0,8,2,2
2,4,2,4,3.0,6,2,1
16,15,15,16,15.5,31,1,14
6,6,6,6,6.0,12,0,5
18,18,18,18,18.0,36,0,14
4,4,4,4,4.0,8,0,1
5,2,2,5,3.5,7,3,0
3,8,3,8,5.5,11,5,2
11,9,9,11,10.0,20,2,8
37,44,37,44,40.5,81,7,30
7,1,1,7,4.0,8,6,0
4,5,4,5,4.5,9,1,3
1,4,1,4,2.5,5,3,0
4,1,1,4,2.5,5,3,0
5,4,4,5,4.5,9,1,2
3,19,3,19,11.0,22,16,0
4,1,1,4,2.5,5,3,0
1,11,1,11,6.0,12,10,0
8,8,8,8,8.0,16,0,7
4,1,1,4,2.5,5,3,0
7,2,2,7,4.5,9,5,1
4,2,2,4,3.0,6,2,1
32,2,2,32,17.0,34,30,0
6,1,1,6,3.5,7,5,0
1,4,1,4,2.5,5,3,0
1,7,1,7,4.0,8,6,0
5,14,5,14,9.5,19,9,0
6,7,6,7,6.5,13,1,4
1,12,1,12,6.5,13,11,0
18,65,18,65,41.5,83,47,14
9,2,2,9,5.5,11,7,1
13,1,1,13,7.0,14,12,0
2,5,2,5,3.5,7,3,1
9,8,8,9,8.5,17,1,7
10,1,1,10,5.5,11,9,0
6,6,6,6,6.0,12,0,2
3,9,3,9,6.0,12,6,1
40,27,27,40,33.5,67,13,26
4,1,1,4,2.5,5,3,0
2,4,2,4,3.0,6,2,0
8,5,5,8,6.5,13,3,3
2,12,2,12,7.0,14,10,0
6,9,6,9,7.5,15,3,4
7,1,1,7,4.0,8,6,0
12,21,12,21,16.5,33,9,10
2,5,2,5,3.5,7,3,1
7,6,6,7,6.5,13,1,3
7,8,7,8,7.5,15,1,5
1,6,1,6,3.5,7,5,0
9,5,5,9,7.0,14,4,4
5,5,5,5,5.0,10,0,4
4,4,4,4,4.0,8,0,1
1,13,1,13,7.0,14,12,0
18,24,18,24,21.0,42,6,17
8,6,6,8,7.0,14,2,1
20,20,20,20,20.0,40,0,18
1,5,1,5,3.0,6,4,0
1,5,1,5,3.0,6,4,0
1,5,1,5,3.0,6,4,0
12,2,2,12,7.0,14,10,0
22,10,10,22,16.0,32,12,8
8,7,7,8,7.5,15,1,6
1,4,1,4,2.5,5,3,0
36,23,23,36,29.5,59,13,21
10,10,10,10,10.0,20,0,6
5,1,1,5,3.0,6,4,0
1,5,1,5,3.0,6,4,0
8,1,1,8,4.5,9,7,0
8,8,8,8,8.0,16,0,5
5,5,5,5,5.0,10,0,4
32,25,25,32,28.5,57,7,23
12,11,11,12,11.5,23,1,10
1,5,1,5,3.0,6,4,0
1,19,1,19,10.0,20,18,0
18,29,18,29,23.5,47,11,15
7,7,7,7,7.0,14,0,3
5,5,5,5,5.0,10,0,4
2,21,2,21,11.5,23,19,0
2,4,2,4,3.0,6,2,1
5,1,1,5,3.0,6,4,0
3,17,3,17,10.0,20,14,0
12,12,12,12,12.0,24,0,11
1,5,1,5,3.0,6,4,0
10,11,10,11,10.5,21,1,9
6,4,4,6,5.0,10,2,1
6,5,5,6,5.5,11,1,4
23,19,19,23,21.0,42,4,7
23,21,21,23,22.0,44,2,18
1,5,1,5,3.0,6,4,0
1,5,1,5,3.0,6,4,0
1,10,1,10,5.5,11,9,0
16,19,16,19,17.5,35,3,11
4,1,1,4,2.5,5,3,0
7,8,7,8,7.5,15,1,3
7,8,7,8,7.5,15,1,6
4,1,1,4,2.5,5,3,0
4,1,1,4,2.5,5,3,0
8,1,1,8,4.5,9,7,0
4,4,4,4,4.0,8,0,1
1,6,1,6,3.5,7,5,0
10,5,5,10,7.5,15,5,3
6,1,1,6,3.5,7,5,0
6,1,1,6,3.5,7,5,0
4,1,1,4,2.5,5,3,0
6,5,5,6,5.5,11,1,3
6,7,6,7,6.5,13,1,5
7,6,6,7,6.5,13,1,5
13,7,7,13,10.0,20,6,6
5,4,4,5,4.5,9,1,0
4,1,1,4,2.5,5,3,0
13,12,12,13,12.5,25,1,11
4,4,4,4,4.0,8,0,3
5,2,2,5,3.5,7,3,1
1,12,1,12,6.5,13,11,0
7,4,4,7,5.5,11,3,3
1,20,1,20,10.5,21,19,0
4,1,1,4,2.5,5,3,0
6,1,1,6,3.5,7,5,0
4,7,4,7,5.5,11,3,2
22,38,22,38,30.0,60,16,15
1,4,1,4,2.5,5,3,0
6,2,2,6,4.0,8,4,0
12,12,12,12,12.0,24,0,11
8,19,8,19,13.5,27,11,6
5,6,5,6,5.5,11,1,1
12,6,6,12,9.0,18,6,2
1,4,1,4,2.5,5,3,0
12,2,2,12,7.0,14,10,1
6,10,6,10,8.0,16,4,5
10,7,7,10,8.5,17,3,6
51,24,24,51,37.5,75,27,23
5,2,2,5,3.5,7,3,0
4,7,4,7,5.5,11,3,0
1,5,1,5,3.0,6,4,0
4,4,4,4,4.0,8,0,3
8,4,4,8,6.0,12,4,2
1,16,1,16,8.5,17,15,0
5,6,5,6,5.5,11,1,3
14,7,7,14,10.5,21,7,6
1,4,1,4,2.5,5,3,0
5,1,1,5,3.0,6,4,0
5,4,4,5,4.5,9,1,3
37,22,22,37,29.5,59,15,19
1,5,1,5,3.0,6,4,0
2,25,2,25,13.5,27,23,1
18,20,18,20,19.0,38,2,17
5,1,1,5,3.0,6,4,0
4,1,1,4,2.5,5,3,0
1,5,1,5,3.0,6,4,0
5,4,4,5,4.5,9,1,1
9,6,6,9,7.5,15,3,4
5,1,1,5,3.0,6,4,0
16,12,12,16,14.0,28,4,9
1,10,1,10,5.5,11,9,0
4,1,1,4,2.5,5,3,0
14,13,13,14,13.5,27,1,10
15,12,12,15,13.5,27,3,11
2,88,2,88,45.0,90,86,0
2,6,2,6,4.0,8,4,1
9,8,8,9,8.5,17,1,7
4,1,1,4,2.5,5,3,0
4,5,4,5,4.5,9,1,1
8,6,6,8,7.0,14,2,5
5,5,5,5,5.0,10,0,4
24,21,21,24,22.5,45,3,20
2,5,2,5,3.5,7,3,1
9,19,9,19,14.0,28,10,8
5,2,2,5,3.5,7,3,0
5,1,1,5,3.0,6,4,0
27,27,27,27,27.0,54,0,25
1,12,1,12,6.5,13,11,0
13,1,1,13,7.0,14,12,0
13,9,9,13,11.0,22,4,8
7,31,7,31,19.0,38,24,6
13,12,12,13,12.5,25,1,9
2,5,2,5,3.5,7,3,0
10,6,6,10,8.0,16,4,2
2,5,2,5,3.5,7,3,0
26,21,21,26,23.5,47,5,10
6,13,6,13,9.5,19,7,5
20,22,20,22,21.0,42,2,17
1,4,1,4,2.5,5,3,0
13,15,13,15,14.0,28,2,10
4,4,4,4,4.0,8,0,0
5,3,3,5,4.0,8,2,2
5,7,5,7,6.0,12,2,4
9,7,7,9,8.0,16,2,4
42,30,30,42,36.0,72,12,23
1,9,1,9,5.0,10,8,0
20,23,20,23,21.5,43,3,18
5,2,2,5,3.5,7,3,1
1,13,1,13,7.0,14,12,0
1,4,1,4,2.5,5,3,0
22,16,16,22,19.0,38,6,14
1,8,1,8,4.5,9,7,0
4,5,4,5,4.5,9,1,3
4,1,1,4,2.5,5,3,0
17,20,17,20,18.5,37,3,13
1,12,1,12,6.5,13,11,0
28,12,12,28,20.0,40,16,11
1,43,1,43,22.0,44,42,0
6,4,4,6,5.0,10,2,1
5,1,1,5,3.0,6,4,0
8,1,1,8,4.5,9,7,0
39,48,39,48,43.5,87,9,36
5,6,5,6,5.5,11,1,4
12,4,4,12,8.0,16,8,3
33,22,22,33,27.5,55,11,17
1,5,1,5,3.0,6,4,0
1,146,1,146,73.5,147,145,0
6,6,6,6,6.0,12,0,5
7,9,7,9,8.0,16,2,5
12,16,12,16,14.0,28,4,11
15,15,15,15,15.0,30,0,14
13,11,11,13,12.0,24,2,10
1,4,1,4,2.5,5,3,0
7,7,7,7,7.0,14,0,3
1,12,1,12,6.5,13,11,0
1,5,1,5,3.0,6,4,0
6,1,1,6,3.5,7,5,0
4,4,4,4,4.0,8,0,2
4,1,1,4,2.5,5,3,0
9,6,6,9,7.5,15,3,4
2,4,2,4,3.0,6,2,1
12,14,12,14,13.0,26,2,10
2,4,2,4,3.0,6,2,1
13,14,13,14,13.5,27,1,12
1,7,1,7,4.0,8,6,0
4,1,1,4,2.5,5,3,0
8,13,8,13,10.5,21,5,7
29,41,29,41,35.0,70,12,27
12,7,7,12,9.5,19,5,3
7,18,7,18,12.5,25,11,4
11,11,11,11,11.0,22,0,10
6,13,6,13,9.5,19,7,4
27,25,25,27,26.0,52,2,24
18,13,13,18,15.5,31,5,9
15,7,7,15,11.0,22,8,6
5,5,5,5,5.0,10,0,3
9,8,8,9,8.5,17,1,4
6,3,3,6,4.5,9,3,2
1,4,1,4,2.5,5,3,0
9,10,9,10,9.5,19,1,6
19,15,15,19,17.0,34,4,14
13,5,5,13,9.0,18,8,4
6,5,5,6,5.5,11,1,4
6,10,6,10,8.0,16,4,5
8,4,4,8,6.0,12,4,1
3,9,3,9,6.0,12,6,2
9,7,7,9,8.0,16,2,5
1,6,1,6,3.5,7,5,0
2,5,2,5,3.5,7,3,1
49,41,41,49,45.0,90,8,40
38,40,38,40,39.0,78,2,27
1,6,1,6,3.5,7,5,0
20,19,19,20,19.5,39,1,17
6,11,6,11,8.5,17,5,3
1,7,1,7,4.0,8,6,0
1,40,1,40,20.5,41,39,0
6,1,1,6,3.5,7,5,0
5,4,4,5,4.5,9,1,3
1,22,1,22,11.5,23,21,0
45,22,22,45,33.5,67,23,19
1,6,1,6,3.5,7,5,0
4,4,4,4,4.0,8,0,3
5,5,5,5,5.0,10,0,2
24,21,21,24,22.5,45,3,20
1,4,1,4,2.5,5,3,0
9,1,1,9,5.0,10,8,0
4,1,1,4,2.5,5,3,0
17,21,17,21,19.0,38,4,15
4,15,4,15,9.5,19,11,2
1,6,1,6,3.5,7,5,0
15,13,13,15,14.0,28,2,12
16,17,16,17,16.5,33,1,15
7,9,7,9,8.0,16,2,5
4,23,4,23,13.5,27,19,2
16,5,5,16,10.5,21,11,4
6,1,1,6,3.5,7,5,0
1,4,1,4,2.5,5,3,0
1,16,1,16,8.5,17,15,0
19,21,19,21,20.0,40,2,13
7,5,5,7,6.0,12,2,3
11,16,11,16,13.5,27,5,7
1,8,1,8,4.5,9,7,0
4,4,4,4,4.0,8,0,3
14,14,14,14,14.0,28,0,13
14,13,13,14,13.5,27,1,11
4,8,4,8,6.0,12,4,0
11,11,11,11,11.0,22,0,9
45,18,18,45,31.5,63,27,13
6,3,3,6,4.5,9,3,1
4,5,4,5,4.5,9,1,3
11,15,11,15,13.0,26,4,1
6,2,2,6,4.0,8,4,1
39,9,9,39,24.0,48,30,0
6,1,1,6,3.5,7,5,0
1,10,1,10,5.5,11,9,0
4,7,4,7,5.5,11,3,3
4,1,1,4,2.5,5,3,0
16,20,16,20,18.0,36,4,13
2,4,2,4,3.0,6,2,1
4,6,4,6,5.0,10,2,3
6,6,6,6,6.0,12,0,5
1,9,1,9,5.0,10,8,0
1,5,1,5,3.0,6,4,0
11,7,7,11,9.0,18,4,6
8,19,8,19,13.5,27,11,7
1,5,1,5,3.0,6,4,0
10,1,1,10,5.5,11,9,0
14,13,13,14,13.5,27,1,11
10,1,1,10,5.5,11,9,0
21,21,21,21,21.0,42,0,19
5,2,2,5,3.5,7,3,1
1,8,1,8,4.5,9,7,0
5,3,3,5,4.0,8,2,2
8,6,6,8,7.0,14,2,5
4,6,4,6,5.0,10,2,3
20,12,12,20,16.0,32,8,11
7,1,1,7,4.0,8,6,0
1,107,1,107,54.0,108,106,0
1,11,1,11,6.0,12,10,0
2,5,2,5,3.5,7,3,1
4,3,3,4,3.5,7,1,2
4,4,4,4,4.0,8,0,3
4,3,3,4,3.5,7,1,2
9,11,9,11,10.0,20,2,7
4,5,4,5,4.5,9,1,3
4,4,4,4,4.0,8,0,3
3,6,3,6,4.5,9,3,2
18,21,18,21,19.5,39,3,17
23,1,1,23,12.0,24,22,0
1,5,1,5,3.0,6,4,0
5,4,4,5,4.5,9,1,3
1,5,1,5,3.0,6,4,0
4,1,1,4,2.5,5,3,0
5,1,1,5,3.0,6,4,0
4,1,1,4,2.5,5,3,0
6,2,2,6,4.0,8,4,0
3,88,3,88,45.5,91,85,1
4,6,4,6,5.0,10,2,3
23,23,23,23,23.0,46,0,21
17,20,17,20,18.5,37,3,16
4,1,1,4,2.5,5,3,0
5,1,1,5,3.0,6,4,0
17,8,8,17,12.5,25,9,6
1,10,1,10,5.5,11,9,0
55,17,17,55,36.0,72,38,14
37,22,22,37,29.5,59,15,18
4,5,4,5,4.5,9,1,2
1,43,1,43,22.0,44,42,0
1,5,1,5,3.0,6,4,0
13,13,13,13,13.0,26,0,8
4,1,1,4,2.5,5,3,0
1,6,1,6,3.5,7,5,0
43,38,38,43,40.5,81,5,36
8,8,8,8,8.0,16,0,7
12,26,12,26,19.0,38,14,8
8,7,7,8,7.5,15,1,6
9,14,9,14,11.5,23,5,7
20,10,10,20,15.0,30,10,9
34,25,25,34,29.5,59,9,9
146,1,1,146,73.5,147,145,0
33,24,24,33,28.5,57,9,20
6,9,6,9,7.5,15,3,4
9,7,7,9,8.0,16,2,4
1,8,1,8,4.5,9,7,0
6,3,3,6,4.5,9,3,2
3,5,3,5,4.0,8,2,2
7,6,6,7,6.5,13,1,5
6,5,5,6,5.5,11,1,4
5,1,1,5,3.0,6,4,0
1,5,1,5,3.0,6,4,0
11,13,11,13,12.0,24,2,10
7,12,7,12,9.5,19,5,4
1,6,1,6,3.5,7,5,0
19,19,19,19,19.0,38,0,18
16,17,16,17,16.5,33,1,15
7,1,1,7,4.0,8,6,0
4,1,1,4,2.5,5,3,0
1,9,1,9,5.0,10,8,0
18,18,18,18,18.0,36,0,17
1,4,1,4,2.5,5,3,0
8,2,2,8,5.0,10,6,1
26,38,26,38,32.0,64,12,23
17,18,17,18,17.5,35,1,11
1,4,1,4,2.5,5,3,0
1,4,1,4,2.5,5,3,0
1,4,1,4,2.5,5,3,0
6,6,6,6,6.0,12,0,4
1,10,1,10,5.5,11,9,0
5,28,5,28,16.5,33,23,1
21,23,21,23,22.0,44,2,20
35,22,22,35,28.5,57,13,17
55,16,16,55,35.5,71,39,13
17,12,12,17,14.5,29,5,10
1,10,1,10,5.5,11,9,0
2,5,2,5,3.5,7,3,1
4,4,4,4,4.0,8,0,3
7,11,7,11,9.0,18,4,4
8,9,8,9,8.5,17,1,5
1,13,1,13,7.0,14,12,0
5,4,4,5,4.5,9,1,2
6,6,6,6,6.0,12,0,5
25,21,21,25,23.0,46,4,18
3,8,3,8,5.5,11,5,2
4,1,1,4,2.5,5,3,0
2,4,2,4,3.0,6,2,0
13,15,13,15,14.0,28,2,10
1,5,1,5,3.0,6,4,0
3,6,3,6,4.5,9,3,2
8,13,8,13,10.5,21,5,6
20,22,20,22,21.0,42,2,15
4,1,1,4,2.5,5,3,0
9,8,8,9,8.5,17,1,2
6,7,6,7,6.5,13,1,4
20,22,20,22,21.0,42,2,18
15,6,6,15,10.5,21,9,5
2,8,2,8,5.0,10,6,1
44,43,43,44,43.5,87,1,42
5,2,2,5,3.5,7,3,1
49,24,24,49,36.5,73,25,23
15,4,4,15,9.5,19,11,3
8,6,6,8,7.0,14,2,5
4,1,1,4,2.5,5,3,0
5,4,4,5,4.5,9,1,3
6,10,6,10,8.0,16,4,0
5,7,5,7,6.0,12,2,2
34,33,33,34,33.5,67,1,27
6,7,6,7,6.5,13,1,5
4,5,4,5,4.5,9,1,3
15,27,15,27,21.0,42,12,13
5,1,1,5,3.0,6,4,0
11,22,11,22,16.5,33,11,10
1,4,1,4,2.5,5,3,0
5,1,1,5,3.0,6,4,0
3,9,3,9,6.0,12,6,1
7,1,1,7,4.0,8,6,0
21,23,21,23,22.0,44,2,17
4,1,1,4,2.5,5,3,0
5,1,1,5,3.0,6,4,0
2,12,2,12,7.0,14,10,0
5,6,5,6,5.5,11,1,4
14,13,13,14,13.5,27,1,12
6,1,1,6,3.5,7,5,0
4,2,2,4,3.0,6,2,0
6,7,6,7,6.5,13,1,5
9,8,8,9,8.5,17,1,7
1,4,1,4,2.5,5,3,0
7,7,7,7,7.0,14,0,6
4,1,1,4,2.5,5,3,0
8,10,8,10,9.0,18,2,7
1,4,1,4,2.5,5,3,0
4,4,4,4,4.0,8,0,3
1,4,1,4,2.5,5,3,0
1,4,1,4,2.5,5,3,0
1,10,1,10,5.5,11,9,0
25,11,11,25,18.0,36,14,7
1,4,1,4,2.5,5,3,0
4,1,1,4,2.5,5,3,0
1,6,1,6,3.5,7,5,0
1,5,1,5,3.0,6,4,0
1,7,1,7,4.0,8,6,0
18,23,18,23,20.5,41,5,14
24,35,24,35,29.5,59,11,16
6,6,6,6,6.0,12,0,5
4,2,2,4,3.0,6,2,0
5,5,5,5,5.0,10,0,2
2,6,2,6,4.0,8,4,1
1,4,1,4,2.5,5,3,0
31,15,15,31,23.0,46,16,13
4,1,1,4,2.5,5,3,0
2,4,2,4,3.0,6,2,1
6,7,6,7,6.5,13,1,5
26,27,26,27,26.5,53,1,25
5,8,5,8,6.5,13,3,2
9,24,9,24,16.5,33,15,6
1,6,1,6,3.5,7,5,0
20,22,20,22,21.0,42,2,18
32,41,32,41,36.5,73,9,28
1,5,1,5,3.0,6,4,0
1,7,1,7,4.0,8,6,0
5,14,5,14,9.5,19,9,0
18,36,18,36,27.0,54,18,17
1,38,1,38,19.5,39,37,0
6,2,2,6,4.0,8,4,0
7,8,7,8,7.5,15,1,6
2,4,2,4,3.0,6,2,0
5,1,1,5,3.0,6,4,0
8,18,8,18,13.0,26,10,4
6,6,6,6,6.0,12,0,4
1,6,1,6,3.5,7,5,0
8,4,4,8,6.0,12,4,0
1,6,1,6,3.5,7,5,0
6,5,5,6,5.5,11,1,2
22,24,22,24,23.0,46,2,19
8,7,7,8,7.5,15,1,5
2,4,2,4,3.0,6,2,1
9,11,9,11,10.0,20,2,7
7,7,7,7,7.0,14,0,4
13,15,13,15,14.0,28,2,6
4,4,4,4,4.0,8,0,3
7,7,7,7,7.0,14,0,6
4,8,4,8,6.0,12,4,0
9,7,7,9,8.0,16,2,6
11,13,11,13,12.0,24,2,10
13,7,7,13,10.0,20,6,6
4,4,4,4,4.0,8,0,2
5,1,1,5,3.0,6,4,0
1,6,1,6,3.5,7,5,0
2,4,2,4,3.0,6,2,1
34,34,34,34,34.0,68,0,33
36,13,13,36,24.5,49,23,8
5,1,1,5,3.0,6,4,0
1,15,1,15,8.0,16,14,0
29,1,1,29,15.0,30,28,0
29,39,29,39,34.0,68,10,22
6,1,1,6,3.5,7,5,0
5,5,5,5,5.0,10,0,4
1,5,1,5,3.0,6,4,0
6,1,1,6,3.5,7,5,0
27,48,27,48,37.5,75,21,21
31,28,28,31,29.5,59,3,26
15,18,15,18,16.5,33,3,11
5,5,5,5,5.0,10,0,4
32,23,23,32,27.5,55,9,22
53,27,27,53,40.0,80,26,24
3,6,3,6,4.5,9,3,1
1,5,1,5,3.0,6,4,0
4,4,4,4,4.0,8,0,3
5,6,5,6,5.5,11,1,4
18,15,15,18,16.5,33,3,13
1,4,1,4,2.5,5,3,0
5,1,1,5,3.0,6,4,0
26,1,1,26,13.5,27,25,0
6,7,6,7,6.5,13,1,0
13,1,1,13,7.0,14,12,0
1,5,1,5,3.0,6,4,0
10,11,10,11,10.5,21,1,9
38,22,22,38,30.0,60,16,18
4,4,4,4,4.0,8,0,3
5,1,1,5,3.0,6,4,0
9,9,9,9,9.0,18,0,7
13,13,13,13,13.0,26,0,4
10,12,10,12,11.0,22,2,9
4,8,4,8,6.0,12,4,2
16,8,8,16,12.0,24,8,6
11,16,11,16,13.5,27,5,9
7,1,1,7,4.0,8,6,0
5,1,1,5,3.0,6,4,0
33,29,29,33,31.0,62,4,24
2,6,2,6,4.0,8,4,0
12,19,12,19,15.5,31,7,10
5,1,1,5,3.0,6,4,0
5,1,1,5,3.0,6,4,0
10,13,10,13,11.5,23,3,4
4,8,4,8,6.0,12,4,2
1,48,1,48,24.5,49,47,0
38,29,29,38,33.5,67,9,27
6,6,6,6,6.0,12,0,5
5,1,1,5,3.0,6,4,0
7,6,6,7,6.5,13,1,5
7,11,7,11,9.0,18,4,5
19,15,15,19,17.0,34,4,13
4,1,1,4,2.5,5,3,0
6,10,6,10,8.0,16,4,1
8,43,8,43,25.5,51,35,6
22,26,22,26,24.0,48,4,17
15,8,8,15,11.5,23,7,7
20,20,20,20,20.0,40,0,17
5,7,5,7,6.0,12,2,4
19,11,11,19,15.0,30,8,7
7,1,1,7,4.0,8,6,0
1,5,1,5,3.0,6,4,0
2,4,2,4,3.0,6,2,1
6,1,1,6,3.5,7,5,0
2,4,2,4,3.0,6,2,1
1,5,1,5,3.0,6,4,0
4,1,1,4,2.5,5,3,0
19,15,15,19,17.0,34,4,13
6,6,6,6,6.0,12,0,5
8,1,1,8,4.5,9,7,0
26,26,26,26,26.0,52,0,25
10,8,8,10,9.0,18,2,6
41,38,38,41,39.5,79,3,29
11,9,9,11,10.0,20,2,8
20,24,20,24,22.0,44,4,16
10,11,10,11,10.5,21,1,8
45,41,41,45,43.0,86,4,32
8,7,7,8,7.5,15,1,6
4,1,1,4,2.5,5,3,0
1,18,1,18,9.5,19,17,0
8,2,2,8,5.0,10,6,0
10,11,10,11,10.5,21,1,9
1,6,1,6,3.5,7,5,0
13,1,1,13,7.0,14,12,0
15,11,11,15,13.0,26,4,10
34,45,34,45,39.5,79,11,27
1,6,1,6,3.5,7,5,0
15,9,9,15,12.0,24,6,1
1,7,1,7,4.0,8,6,0
2,5,2,5,3.5,7,3,0
12,8,8,12,10.0,20,4,6
9,10,9,10,9.5,19,1,8
12,9,9,12,10.5,21,3,6
23,31,23,31,27.0,54,8,22
41,49,41,49,45.0,90,8,24
12,13,12,13,12.5,25,1,11
1,34,1,34,17.5,35,33,0
6,5,5,6,5.5,11,1,4
7,1,1,7,4.0,8,6,0
5,6,5,6,5.5,11,1,1
4,1,1,4,2.5,5,3,0
7,9,7,9,8.0,16,2,6
25,22,22,25,23.5,47,3,20
3,4,3,4,3.5,7,1,0
3,5,3,5,4.0,8,2,2
4,1,1,4,2.5,5,3,0
20,31,20,31,25.5,51,11,16
1,4,1,4,2.5,5,3,0
1,14,1,14,7.5,15,13,0
3,4,3,4,3.5,7,1,2
33,41,33,41,37.0,74,8,30
6,6,6,6,6.0,12,0,5
5,5,5,5,5.0,10,0,4
21,1,1,21,11.0,22,20,0
11,10,10,11,10.5,21,1,9
13,17,13,17,15.0,30,4,9
1,4,1,4,2.5,5,3,0
4,1,1,4,2.5,5,3,0
4,3,3,4,3.5,7,1,2
7,7,7,7,7.0,14,0,5
4,1,1,4,2.5,5,3,0
9,6,6,9,7.5,15,3,4
1,10,1,10,5.5,11,9,0
10,2,2,10,6.0,12,8,1
15,9,9,15,12.0,24,6,7
4,1,1,4,2.5,5,3,0
7,5,5,7,6.0,12,2,4
7,12,7,12,9.5,19,5,6
5,4,4,5,4.5,9,1,3
18,19,18,19,18.5,37,1,17
2,10,2,10,6.0,12,8,1
8,1,1,8,4.5,9,7,0
4,1,1,4,2.5,5,3,0
13,3,3,13,8.0,16,10,0
4,2,2,4,3.0,6,2,1
4,4,4,4,4.0,8,0,3
51,25,25,51,38.0,76,26,24
12,12,12,12,12.0,24,0,11
15,18,15,18,16.5,33,3,14
17,18,17,18,17.5,35,1,16
4,8,4,8,6.0,12,4,1
1,4,1,4,2.5,5,3,0
12,9,9,12,10.5,21,3,8
3,15,3,15,9.0,18,12,0
4,3,3,4,3.5,7,1,2
6,15,6,15,10.5,21,9,5
1,4,1,4,2.5,5,3,0
1,4,1,4,2.5,5,3,0
6,6,6,6,6.0,12,0,3
5,6,5,6,5.5,11,1,2
4,4,4,4,4.0,8,0,0
4,1,1,4,2.5,5,3,0
7,1,1,7,4.0,8,6,0
1,4,1,4,2.5,5,3,0
8,13,8,13,10.5,21,5,7
1,14,1,14,7.5,15,13,0
37,30,30,37,33.5,67,7,19
1,5,1,5,3.0,6,4,0
3,6,3,6,4.5,9,3,1
4,1,1,4,2.5,5,3,0
1,4,1,4,2.5,5,3,0
5,1,1,5,3.0,6,4,0
11,1,1,11,6.0,12,10,0
5,2,2,5,3.5,7,3,1
15,12,12,15,13.5,27,3,11
1,25,1,25,13.0,26,24,0
3,6,3,6,4.5,9,3,2
5,5,5,5,5.0,10,0,4
1,5,1,5,3.0,6,4,0
6,1,1,6,3.5,7,5,0
5,1,1,5,3.0,6,4,0
4,1,1,4,2.5,5,3,0
12,12,12,12,12.0,24,0,10
4,1,1,4,2.5,5,3,0
5,5,5,5,5.0,10,0,3
7,1,1,7,4.0,8,6,0
3,4,3,4,3.5,7,1,2
9,7,7,9,8.0,16,2,6
1,9,1,9,5.0,10,8,0
2,4,2,4,3.0,6,2,1
10,1,1,10,5.5,11,9,0
6,2,2,6,4.0,8,4,1
3,6,3,6,4.5,9,3,2
6,6,6,6,6.0,12,0,5
4,1,1,4,2.5,5,3,0
5,5,5,5,5.0,10,0,0
4,1,1,4,2.5,5,3,0
4,4,4,4,4.0,8,0,3
14,18,14,18,16.0,32,4,9
4,2,2,4,3.0,6,2,0
4,4,4,4,4.0,8,0,3
5,2,2,5,3.5,7,3,1
4,1,1,4,2.5,5,3,0
4,1,1,4,2.5,5,3,0
1,5,1,5,3.0,6,4,0
10,11,10,11,10.5,21,1,6
18,28,18,28,23.0,46,10,17
21,19,19,21,20.0,40,2,18
8,11,8,11,9.5,19,3,6
21,20,20,21,20.5,41,1,19
8,9,8,9,8.5,17,1,6
3,14,3,14,8.5,17,11,0
29,30,29,30,29.5,59,1,20
10,9,9,10,9.5,19,1,8
1,4,1,4,2.5,5,3,0
9,19,9,19,14.0,28,10,5
5,13,5,13,9.0,18,8,1
22,107,22,107,64.5,129,85,16
5,7,5,7,6.0,12,2,4
1,4,1,4,2.5,5,3,0
9,5,5,9,7.0,14,4,4
8,4,4,8,6.0,12,4,3
4,1,1,4,2.5,5,3,0
5,1,1,5,3.0,6,4,0
12,13,12,13,12.5,25,1,9
1,5,1,5,3.0,6,4,0
13,20,13,20,16.5,33,7,12
1,7,1,7,4.0,8,6,0
1,6,1,6,3.5,7,5,0
7,6,6,7,6.5,13,1,5
7,12,7,12,9.5,19,5,4
42,29,29,42,35.5,71,13,21
5,61,5,61,33.0,66,56,0
4,1,1,4,2.5,5,3,0
8,14,8,14,11.0,22,6,7
4,1,1,4,2.5,5,3,0
17,13,13,17,15.0,30,4,12
6,1,1,6,3.5,7,5,0
3,6,3,6,4.5,9,3,1
3,4,3,4,3.5,7,1,0
7,7,7,7,7.0,14,0,6
1,4,1,4,2.5,5,3,0
11,11,11,11,11.0,22,0,10
11,9,9,11,10.0,20,2,8
17,12,12,17,14.5,29,5,11
3,5,3,5,4.0,8,2,2
10,8,8,10,9.0,18,2,6
13,10,10,13,11.5,23,3,8
1,4,1,4,2.5,5,3,0
5,5,5,5,5.0,10,0,4
6,1,1,6,3.5,7,5,0
22,7,7,22,14.5,29,15,6
4,1,1,4,2.5,5,3,0
6,2,2,6,4.0,8,4,1
5,9,5,9,7.0,14,4,0
7,5,5,7,6.0,12,2,4
7,1,1,7,4.0,8,6,0
20,21,20,21,20.5,41,1,19
1,5,1,5,3.0,6,4,0
1,4,1,4,2.5,5,3,0
13,6,6,13,9.5,19,7,1
6,5,5,6,5.5,11,1,4
4,4,4,4,4.0,8,0,0
36,35,35,36,35.5,71,1,31
6,3,3,6,4.5,9,3,2
15,15,15,15,15.0,30,0,12
4,26,4,26,15.0,30,22,0
16,38,16,38,27.0,54,22,12
4,6,4,6,5.0,10,2,1
22,1,1,22,11.5,23,21,0
8,5,5,8,6.5,13,3,2
2,9,2,9,5.5,11,7,0
20,10,10,20,15.0,30,10,9
9,20,9,20,14.5,29,11,7
4,36,4,36,20.0,40,32,0
6,1,1,6,3.5,7,5,0
6,1,1,6,3.5,7,5,0
5,1,1,5,3.0,6,4,0
7,1,1,7,4.0,8,6,0
2,5,2,5,3.5,7,3,0
5,1,1,5,3.0,6,4,0
4,4,4,4,4.0,8,0,2
4,4,4,4,4.0,8,0,3
19,16,16,19,17.5,35,3,15
8,14,8,14,11.0,22,6,7
1,4,1,4,2.5,5,3,0
17,1,1,17,9.0,18,16,0
1,4,1,4,2.5,5,3,0
4,2,2,4,3.0,6,2,1
4,1,1,4,2.5,5,3,0
5,8,5,8,6.5,13,3,4
40,29,29,40,34.5,69,11,26
7,7,7,7,7.0,14,0,5
3,5,3,5,4.0,8,2,2
3,6,3,6,4.5,9,3,2
5,1,1,5,3.0,6,4,0
6,12,6,12,9.0,18,6,5
8,4,4,8,6.0,12,4,3
10,6,6,10,8.0,16,4,5
6,3,3,6,4.5,9,3,1
1,4,1,4,2.5,5,3,0
13,22,13,22,17.5,35,9,11
24,17,17,24,20.5,41,7,14
1,5,1,5,3.0,6,4,0
6,6,6,6,6.0,12,0,1
1,10,1,10,5.5,11,9,0
12,2,2,12,7.0,14,10,1
13,14,13,14,13.5,27,1,11
1,7,1,7,4.0,8,6,0
8,1,1,8,4.5,9,7,0
19,10,10,19,14.5,29,9,8
4,5,4,5,4.5,9,1,0
5,1,1,5,3.0,6,4,0
13,20,13,20,16.5,33,7,9
1,5,1,5,3.0,6,4,0
4,12,4,12,8.0,16,8,3
1,8,1,8,4.5,9,7,0
12,11,11,12,11.5,23,1,7
4,6,4,6,5.0,10,2,3
4,11,4,11,7.5,15,7,0
5,4,4,5,4.5,9,1,3
6,3,3,6,4.5,9,3,2
5,8,5,8,6.5,13,3,2
8,4,4,8,6.0,12,4,2
1,4,1,4,2.5,5,3,0
17,3,3,17,10.0,20,14,0
5,5,5,5,5.0,10,0,3
6,1,1,6,3.5,7,5,0
9,1,1,9,5.0,10,8,0
5,2,2,5,3.5,7,3,1
1,8,1,8,4.5,9,7,0
6,2,2,6,4.0,8,4,1
6,7,6,7,6.5,13,1,4
6,1,1,6,3.5,7,5,0
30,45,30,45,37.5,75,15,16
12,11,11,12,11.5,23,1,7
5,1,1,5,3.0,6,4,0
9,9,9,9,9.0,18,0,6
2,4,2,4,3.0,6,2,1
1,5,1,5,3.0,6,4,0
5,5,5,5,5.0,10,0,4
13,13,13,13,13.0,26,0,11
11,1,1,11,6.0,12,10,0
50,51,50,51,50.5,101,1,48
6,1,1,6,3.5,7,5,0
6,7,6,7,6.5,13,1,5
1,8,1,8,4.5,9,7,0
10,2,2,10,6.0,12,8,1
4,5,4,5,4.5,9,1,3
25,17,17,25,21.0,42,8,8
1,4,1,4,2.5,5,3,0
31,24,24,31,27.5,55,7,23
5,4,4,5,4.5,9,1,3
1,8,1,8,4.5,9,7,0
20,18,18,20,19.0,38,2,17
7,6,6,7,6.5,13,1,5
20,18,18,20,19.0,38,2,14
1,5,1,5,3.0,6,4,0
4,2,2,4,3.0,6,2,1
4,1,1,4,2.5,5,3,0
1,5,1,5,3.0,6,4,0
5,6,5,6,5.5,11,1,4
9,11,9,11,10.0,20,2,8
8,9,8,9,8.5,17,1,6
1,4,1,4,2.5,5,3,0
4,4,4,4,4.0,8,0,2
4,1,1,4,2.5,5,3,0
8,3,3,8,5.5,11,5,0
18,27,18,27,22.5,45,9,16
1,5,1,5,3.0,6,4,0
6,14,6,14,10.0,20,8,4
6,11,6,11,8.5,17,5,2
15,11,11,15,13.0,26,4,10
6,6,6,6,6.0,12,0,5
4,1,1,4,2.5,5,3,0
32,14,14,32,23.0,46,18,13
3,11,3,11,7.0,14,8,0
10,2,2,10,6.0,12,8,1
4,2,2,4,3.0,6,2,1
1,36,1,36,18.5,37,35,0
3,9,3,9,6.0,12,6,1
1,11,1,11,6.0,12,10,0
5,4,4,5,4.5,9,1,3
17,23,17,23,20.0,40,6,15
1,4,1,4,2.5,5,3,0
8,9,8,9,8.5,17,1,7
5,5,5,5,5.0,10,0,4
8,1,1,8,4.5,9,7,0
15,43,15,43,29.0,58,28,14
19,20,19,20,19.5,39,1,16
1,31,1,31,16.0,32,30,0
8,8,8,8,8.0,16,0,6
5,1,1,5,3.0,6,4,0
2,5,2,5,3.5,7,3,0
2,7,2,7,4.5,9,5,1
1,30,1,30,15.5,31,29,0
10,6,6,10,8.0,16,4,5
6,1,1,6,3.5,7,5,0
7,7,7,7,7.0,14,0,6
1,5,1,5,3.0,6,4,0
19,15,15,19,17.0,34,4,14
4,1,1,4,2.5,5,3,0
29,40,29,40,34.5,69,11,27
6,6,6,6,6.0,12,0,4
4,1,1,4,2.5,5,3,0
1,5,1,5,3.0,6,4,0
5,1,1,5,3.0,6,4,0
1,5,1,5,3.0,6,4,0
6,9,6,9,7.5,15,3,5
1,8,1,8,4.5,9,7,0
4,9,4,9,6.5,13,5,3
24,29,24,29,26.5,53,5,22
14,13,13,14,13.5,27,1,12
17,27,17,27,22.0,44,10,12
9,7,7,9,8.0,16,2,6
6,2,2,6,4.0,8,4,1
19,41,19,41,30.0,60,22,9
1,6,1,6,3.5,7,5,0
25,26,25,26,25.5,51,1,19
4,1,1,4,2.5,5,3,0
4,1,1,4,2.5,5,3,0
1,14,1,14,7.5,15,13,0
14,13,13,14,13.5,27,1,12
2,13,2,13,7.5,15,11,0
7,1,1,7,4.0,8,6,0
5,1,1,5,3.0,6,4,0
1,5,1,5,3.0,6,4,0
1,14,1,14,7.5,15,13,0
1,13,1,13,7.0,14,12,0
19,19,19,19,19.0,38,0,15
4,5,4,5,4.5,9,1,2
2,5,2,5,3.5,7,3,0
1,8,1,8,4.5,9,7,0
27,1,1,27,14.0,28,26,0
11,2,2,11,6.5,13,9,0
8,9,8,9,8.5,17,1,7
28,12,12,28,20.0,40,16,10
1,6,1,6,3.5,7,5,0
2,28,2,28,15.0,30,26,0
12,17,12,17,14.5,29,5,11
5,1,1,5,3.0,6,4,0
28,28,28,28,28.0,56,0,19
39,38,38,39,38.5,77,1,32
4,3,3,4,3.5,7,1,2
11,13,11,13,12.0,24,2,10
1,5,1,5,3.0,6,4,0
4,4,4,4,4.0,8,0,3
12,16,12,16,14.0,28,4,11
16,9,9,16,12.5,25,7,5
2,4,2,4,3.0,6,2,1
41,48,41,48,44.5,89,7,34
9,8,8,9,8.5,17,1,7
14,16,14,16,15.0,30,2,13
5,7,5,7,6.0,12,2,4
1,4,1,4,2.5,5,3,0
4,4,4,4,4.0,8,0,2
1,4,1,4,2.5,5,3,0
4,1,1,4,2.5,5,3,0
4,5,4,5,4.5,9,1,2
10,1,1,10,5.5,11,9,0
7,6,6,7,6.5,13,1,5
6,5,5,6,5.5,11,1,4
6,5,5,6,5.5,11,1,4
1,4,1,4,2.5,5,3,0
4,4,4,4,4.0,8,0,3
5,6,5,6,5.5,11,1,4
2,28,2,28,15.0,30,26,0
5,5,5,5,5.0,10,0,4
5,1,1,5,3.0,6,4,0
3,5,3,5,4.0,8,2,2
32,18,18,32,25.0,50,14,17
5,3,3,5,4.0,8,2,2
1,22,1,22,11.5,23,21,0
4,11,4,11,7.5,15,7,3
5,4,4,5,4.5,9,1,3
4,1,1,4,2.5,5,3,0
5,3,3,5,4.0,8,2,2
1,30,1,30,15.5,31,29,0
2,5,2,5,3.5,7,3,1
4,9,4,9,6.5,13,5,3
4,11,4,11,7.5,15,7,3
1,4,1,4,2.5,5,3,0
6,9,6,9,7.5,15,3,5
29,36,29,36,32.5,65,7,18
8,8,8,8,8.0,16,0,6
8,6,6,8,7.0,14,2,3
14,14,14,14,14.0,28,0,13
1,6,1,6,3.5,7,5,0
11,8,8,11,9.5,19,3,7
6,2,2,6,4.0,8,4,1
12,3,3,12,7.5,15,9,0
1,4,1,4,2.5,5,3,0
7,1,1,7,4.0,8,6,0
5,1,1,5,3.0,6,4,0
1,4,1,4,2.5,5,3,0
11,8,8,11,9.5,19,3,4
12,22,12,22,17.0,34,10,7
5,1,1,5,3.0,6,4,0
7,6,6,7,6.5,13,1,5
7,1,1,7,4.0,8,6,0
1,5,1,5,3.0,6,4,0
1,4,1,4,2.5,5,3,0
1,22,1,22,11.5,23,21,0
1,6,1,6,3.5,7,5,0
7,6,6,7,6.5,13,1,5
4,6,4,6,5.0,10,2,2
1,7,1,7,4.0,8,6,0
13,1,1,13,7.0,14,12,0
5,11,5,11,8.0,16,6,3
9,10,9,10,9.5,19,1,6
1,6,1,6,3.5,7,5,0
8,1,1,8,4.5,9,7,0
5,2,2,5,3.5,7,3,0
15,16,15,16,15.5,31,1,13
8,5,5,8,6.5,13,3,4
1,6,1,6,3.5,7,5,0
4,1,1,4,2.5,5,3,0
2,5,2,5,3.5,7,3,0
3,4,3,4,3.5,7,1,2
4,2,2,4,3.0,6,2,1
5,1,1,5,3.0,6,4,0
4,1,1,4,2.5,5,3,0
16,13,13,16,14.5,29,3,9
2,4,2,4,3.0,6,2,1
14,12,12,14,13.0,26,2,10
6,1,1,6,3.5,7,5,0
1,6,1,6,3.5,7,5,0
6,5,5,6,5.5,11,1,4
6,1,1,6,3.5,7,5,0
48,38,38,48,43.0,86,10,32
8,6,6,8,7.0,14,2,5
1,5,1,5,3.0,6,4,0
1,5,1,5,3.0,6,4,0
2,12,2,12,7.0,14,10,0
10,9,9,10,9.5,19,1,5
10,3,3,10,6.5,13,7,2
15,12,12,15,13.5,27,3,9
1,4,1,4,2.5,5,3,0
1,9,1,9,5.0,10,8,0
1,6,1,6,3.5,7,5,0
5,1,1,5,3.0,6,4,0
11,1,1,11,6.0,12,10,0
3,6,3,6,4.5,9,3,2
3,4,3,4,3.5,7,1,2
11,15,11,15,13.0,26,4,10
29,26,26,29,27.5,55,3,23
8,6,6,8,7.0,14,2,4
27,32,27,32,29.5,59,5,23
7,13,7,13,10.0,20,6,4
8,8,8,8,8.0,16,0,6
6,1,1,6,3.5,7,5,0
4,4,4,4,4.0,8,0,1
1,6,1,6,3.5,7,5,0
21,18,18,21,19.5,39,3,17
15,14,14,15,14.5,29,1,13
1,4,1,4,2.5,5,3,0
20,47,20,47,33.5,67,27,19
9,19,9,19,14.0,28,10,6
6,2,2,6,4.0,8,4,0
1,6,1,6,3.5,7,5,0
4,2,2,4,3.0,6,2,1
6,6,6,6,6.0,12,0,3
6,1,1,6,3.5,7,5,0
12,22,12,22,17.0,34,10,10
7,1,1,7,4.0,8,6,0
3,14,3,14,8.5,17,11,0
5,14,5,14,9.5,19,9,3
6,6,6,6,6.0,12,0,5
4,1,1,4,2.5,5,3,0
1,5,1,5,3.0,6,4,0
4,1,1,4,2.5,5,3,0
3,4,3,4,3.5,7,1,2
12,5,5,12,8.5,17,7,4
7,10,7,10,8.5,17,3,1
51,49,49,51,50.0,100,2,48
6,4,4,6,5.0,10,2,2
7,5,5,7,6.0,12,2,3
6,7,6,7,6.5,13,1,5
5,6,5,6,5.5,11,1,4
5,1,1,5,3.0,6,4,0
1,19,1,19,10.0,20,18,0
4,6,4,6,5.0,10,2,3
9,12,9,12,10.5,21,3,4
4,1,1,4,2.5,5,3,0
2,4,2,4,3.0,6,2,1
11,14,11,14,12.5,25,3,10
5,1,1,5,3.0,6,4,0
4,4,4,4,4.0,8,0,3
1,9,1,9,5.0,10,8,0
15,19,15,19,17.0,34,4,14
1,13,1,13,7.0,14,12,0
1,4,1,4,2.5,5,3,0
17,15,15,17,16.0,32,2,13
11,8,8,11,9.5,19,3,7
1,7,1,7,4.0,8,6,0
1,4,1,4,2.5,5,3,0
1,6,1,6,3.5,7,5,0
1,7,1,7,4.0,8,6,0
33,36,33,36,34.5,69,3,32
6,1,1,6,3.5,7,5,0
5,2,2,5,3.5,7,3,1
43,41,41,43,42.0,84,2,40
1,4,1,4,2.5,5,3,0
1,5,1,5,3.0,6,4,0
18,18,18,18,18.0,36,0,17
16,13,13,16,14.5,29,3,12
12,4,4,12,8.0,16,8,0
4,1,1,4,2.5,5,3,0
8,14,8,14,11.0,22,6,6
1,8,1,8,4.5,9,7,0
1,18,1,18,9.5,19,17,0
8,9,8,9,8.5,17,1,7
7,4,4,7,5.5,11,3,1
25,33,25,33,29.0,58,8,19
4,5,4,5,4.5,9,1,3
4,1,1,4,2.5,5,3,0
13,13,13,13,13.0,26,0,12
9,12,9,12,10.5,21,3,4
1,5,1,5,3.0,6,4,0
3,5,3,5,4.0,8,2,2
8,4,4,8,6.0,12,4,3
8,4,4,8,6.0,12,4,3
30,5,5,30,17.5,35,25,2
1,4,1,4,2.5,5,3,0
45,38,38,45,41.5,83,7,33
14,11,11,14,12.5,25,3,3
1,4,1,4,2.5,5,3,0
6,1,1,6,3.5,7,5,0
1,7,1,7,4.0,8,6,0
1,22,1,22,11.5,23,21,0
7,8,7,8,7.5,15,1,6
3,4,3,4,3.5,7,1,2
4,4,4,4,4.0,8,0,3
6,5,5,6,5.5,11,1,4
3,8,3,8,5.5,11,5,1
4,1,1,4,2.5,5,3,0
4,5,4,5,4.5,9,1,2
27,11,11,27,19.0,38,16,10
4,1,1,4,2.5,5,3,0
5,2,2,5,3.5,7,3,1
31,25,25,31,28.0,56,6,24
10,10,10,10,10.0,20,0,9
13,18,13,18,15.5,31,5,12
6,19,6,19,12.5,25,13,5
5,1,1,5,3.0,6,4,0
7,6,6,7,6.5,13,1,5
5,1,1,5,3.0,6,4,0
4,1,1,4,2.5,5,3,0
1,5,1,5,3.0,6,4,0
2,4,2,4,3.0,6,2,0
1,5,1,5,3.0,6,4,0
8,9,8,9,8.5,17,1,7
7,11,7,11,9.0,18,4,6
7,9,7,9,8.0,16,2,4
5,5,5,5,5.0,10,0,3
6,5,5,6,5.5,11,1,4
10,11,10,11,10.5,21,1,9
8,6,6,8,7.0,14,2,5
8,7,7,8,7.5,15,1,6
12,17,12,17,14.5,29,5,5
1,4,1,4,2.5,5,3,0
12,12,12,12,12.0,24,0,11
11,11,11,11,11.0,22,0,10
18,17,17,18,17.5,35,1,15
21,18,18,21,19.5,39,3,6
10,12,10,12,11.0,22,2,8
19,30,19,30,24.5,49,11,5
13,13,13,13,13.0,26,0,12
4,1,1,4,2.5,5,3,0
8,8,8,8,8.0,16,0,6
6,5,5,6,5.5,11,1,4
2,5,2,5,3.5,7,3,0
8,7,7,8,7.5,15,1,6
7,13,7,13,10.0,20,6,4
15,16,15,16,15.5,31,1,14
43,36,36,43,39.5,79,7,31
40,33,33,40,36.5,73,7,31
9,11,9,11,10.0,20,2,6
6,11,6,11,8.5,17,5,0
1,9,1,9,5.0,10,8,0
27,26,26,27,26.5,53,1,25
17,10,10,17,13.5,27,7,7
5,5,5,5,5.0,10,0,2
5,2,2,5,3.5,7,3,0
5,4,4,5,4.5,9,1,2
1,6,1,6,3.5,7,5,0
1,5,1,5,3.0,6,4,0
12,10,10,12,11.0,22,2,9
11,11,11,11,11.0,22,0,6
1,4,1,4,2.5,5,3,0
10,1,1,10,5.5,11,9,0
13,9,9,13,11.0,22,4,7
16,12,12,16,14.0,28,4,9
7,9,7,9,8.0,16,2,5
24,12,12,24,18.0,36,12,11
22,23,22,23,22.5,45,1,21
13,12,12,13,12.5,25,1,10
1,11,1,11,6.0,12,10,0
25,41,25,41,33.0,66,16,18
4,1,1,4,2.5,5,3,0
4,1,1,4,2.5,5,3,0
4,8,4,8,6.0,12,4,3
11,11,11,11,11.0,22,0,9
1,5,1,5,3.0,6,4,0
3,4,3,4,3.5,7,1,1
1,6,1,6,3.5,7,5,0
3,4,3,4,3.5,7,1,2
1,5,1,5,3.0,6,4,0
5,4,4,5,4.5,9,1,3
5,6,5,6,5.5,11,1,4
4,1,1,4,2.5,5,3,0
7,1,1,7,4.0,8,6,0
1,6,1,6,3.5,7,5,0
1,8,1,8,4.5,9,7,0
14,1,1,14,7.5,15,13,0
12,13,12,13,12.5,25,1,11
1,7,1,7,4.0,8,6,0
4,4,4,4,4.0,8,0,3
4,1,1,4,2.5,5,3,0
4,4,4,4,4.0,8,0,3
7,12,7,12,9.5,19,5,5
15,11,11,15,13.0,26,4,10
11,2,2,11,6.5,13,9,1
5,1,1,5,3.0,6,4,0
1,10,1,10,5.5,11,9,0
4,4,4,4,4.0,8,0,3
14,15,14,15,14.5,29,1,4
42,46,42,46,44.0,88,4,31
4,1,1,4,2.5,5,3,0
1,8,1,8,4.5,9,7,0
4,10,4,10,7.0,14,6,2
7,1,1,7,4.0,8,6,0
24,28,24,28,26.0,52,4,2
36,35,35,36,35.5,71,1,32
48,17,17,48,32.5,65,31,14
17,9,9,17,13.0,26,8,8
7,6,6,7,6.5,13,1,3
8,10,8,10,9.0,18,2,6
6,6,6,6,6.0,12,0,3
17,12,12,17,14.5,29,5,9
1,6,1,6,3.5,7,5,0
15,38,15,38,26.5,53,23,12
10,5,5,10,7.5,15,5,4
1,19,1,19,10.0,20,18,0
13,4,4,13,8.5,17,9,0
11,9,9,11,10.0,20,2,8
11,11,11,11,11.0,22,0,3
1,4,1,4,2.5,5,3,0
21,21,21,21,21.0,42,0,17
15,47,15,47,31.0,62,32,14
17,23,17,23,20.0,40,6,16
1,26,1,26,13.5,27,25,0
19,19,19,19,19.0,38,0,18
15,11,11,15,13.0,26,4,10
5,1,1,5,3.0,6,4,0
1,31,1,31,16.0,32,30,0
33,30,30,33,31.5,63,3,20
2,4,2,4,3.0,6,2,0
18,13,13,18,15.5,31,5,12
1,7,1,7,4.0,8,6,0
4,5,4,5,4.5,9,1,1
5,1,1,5,3.0,6,4,0
6,1,1,6,3.5,7,5,0
1,30,1,30,15.5,31,29,0
4,1,1,4,2.5,5,3,0
23,23,23,23,23.0,46,0,21
1,5,1,5,3.0,6,4,0
37,36,36,37,36.5,73,1,31
4,2,2,4,3.0,6,2,1
6,1,1,6,3.5,7,5,0
26,26,26,26,26.0,52,0,25
29,16,16,29,22.5,45,13,15
14,17,14,17,15.5,31,3,5
16,11,11,16,13.5,27,5,7
7,8,7,8,7.5,15,1,6
18,20,18,20,19.0,38,2,16
6,3,3,6,4.5,9,3,2
4,2,2,4,3.0,6,2,1
10,7,7,10,8.5,17,3,5
18,12,12,18,15.0,30,6,10
7,7,7,7,7.0,14,0,6
4,5,4,5,4.5,9,1,3
5,5,5,5,5.0,10,0,4
1,24,1,24,12.5,25,23,0
11,9,9,11,10.0,20,2,8
1,21,1,21,11.0,22,20,0
4,2,2,4,3.0,6,2,1
9,1,1,9,5.0,10,8,0
17,20,17,20,18.5,37,3,14
8,7,7,8,7.5,15,1,6
11,9,9,11,10.0,20,2,6
5,6,5,6,5.5,11,1,4
10,9,9,10,9.5,19,1,6
42,42,42,42,42.0,84,0,40
5,16,5,16,10.5,21,11,3
9,11,9,11,10.0,20,2,7
5,2,2,5,3.5,7,3,1
5,1,1,5,3.0,6,4,0
14,16,14,16,15.0,30,2,12
14,10,10,14,12.0,24,4,9
1,11,1,11,6.0,12,10,0
15,18,15,18,16.5,33,3,14
7,1,1,7,4.0,8,6,0
2,4,2,4,3.0,6,2,1
34,17,17,34,25.5,51,17,13
1,8,1,8,4.5,9,7,0
1,6,1,6,3.5,7,5,0
1,4,1,4,2.5,5,3,0
1,4,1,4,2.5,5,3,0
9,10,9,10,9.5,19,1,5
17,19,17,19,18.0,36,2,15
4,1,1,4,2.5,5,3,0
1,4,1,4,2.5,5,3,0
1,4,1,4,2.5,5,3,0
21,37,21,37,29.0,58,16,20
3,4,3,4,3.5,7,1,2
28,28,28,28,28.0,56,0,25
8,5,5,8,6.5,13,3,4
13,33,13,33,23.0,46,20,7
7,55,7,55,31.0,62,48,1
40,14,14,40,27.0,54,26,13
9,5,5,9,7.0,14,4,0
8,6,6,8,7.0,14,2,2
12,12,12,12,12.0,24,0,11
1,4,1,4,2.5,5,3,0
4,6,4,6,5.0,10,2,3
27,27,27,27,27.0,54,0,26
9,9,9,9,9.0,18,0,8
1,6,1,6,3.5,7,5,0
3,7,3,7,5.0,10,4,2
10,7,7,10,8.5,17,3,5
15,8,8,15,11.5,23,7,7
18,14,14,18,16.0,32,4,12
7,1,1,7,4.0,8,6,0
19,19,19,19,19.0,38,0,18
8,9,8,9,8.5,17,1,7
4,5,4,5,4.5,9,1,3
5,5,5,5,5.0,10,0,4
8,8,8,8,8.0,16,0,5
5,3,3,5,4.0,8,2,2
19,32,19,32,25.5,51,13,18
41,42,41,42,41.5,83,1,40
6,6,6,6,6.0,12,0,5
10,9,9,10,9.5,19,1,6
23,30,23,30,26.5,53,7,21
24,24,24,24,24.0,48,0,21
36,39,36,39,37.5,75,3,21
12,19,12,19,15.5,31,7,11
18,11,11,18,14.5,29,7,8
9,19,9,19,14.0,28,10,0
7,5,5,7,6.0,12,2,4
10,14,10,14,12.0,24,4,7
8,18,8,18,13.0,26,10,5
1,5,1,5,3.0,6,4,0
20,20,20,20,20.0,40,0,17
9,8,8,9,8.5,17,1,7
4,2,2,4,3.0,6,2,0
7,1,1,7,4.0,8,6,0
8,13,8,13,10.5,21,5,6
4,1,1,4,2.5,5,3,0
16,6,6,16,11.0,22,10,5
12,27,12,27,19.5,39,15,5
17,7,7,17,12.0,24,10,4
49,49,49,49,49.0,98,0,30
17,1,1,17,9.0,18,16,0
1,4,1,4,2.5,5,3,0
4,1,1,4,2.5,5,3,0
10,8,8,10,9.0,18,2,5
2,4,2,4,3.0,6,2,1
2,4,2,4,3.0,6,2,1
10,7,7,10,8.5,17,3,6
4,6,4,6,5.0,10,2,3
5,11,5,11,8.0,16,6,4
16,13,13,16,14.5,29,3,8
19,20,19,20,19.5,39,1,16
5,5,5,5,5.0,10,0,4
1,4,1,4,2.5,5,3,0
5,6,5,6,5.5,11,1,1
6,8,6,8,7.0,14,2,5
2,7,2,7,4.5,9,5,1
12,12,12,12,12.0,24,0,9
6,7,6,7,6.5,13,1,4
3,4,3,4,3.5,7,1,2
7,9,7,9,8.0,16,2,6
5,4,4,5,4.5,9,1,3
23,30,23,30,26.5,53,7,18
5,1,1,5,3.0,6,4,0
6,8,6,8,7.0,14,2,5
13,22,13,22,17.5,35,9,11
5,6,5,6,5.5,11,1,3
1,4,1,4,2.5,5,3,0
1,7,1,7,4.0,8,6,0
10,7,7,10,8.5,17,3,6
11,1,1,11,6.0,12,10,0
6,5,5,6,5.5,11,1,4
11,11,11,11,11.0,22,0,9
8,5,5,8,6.5,13,3,4
1,5,1,5,3.0,6,4,0
17,14,14,17,15.5,31,3,11
15,7,7,15,11.0,22,8,6
4,1,1,4,2.5,5,3,0
4,4,4,4,4.0,8,0,3
1,4,1,4,2.5,5,3,0
27,48,27,48,37.5,75,21,20
2,5,2,5,3.5,7,3,1
7,4,4,7,5.5,11,3,1
13,11,11,13,12.0,24,2,10
5,8,5,8,6.5,13,3,4
6,4,4,6,5.0,10,2,3
1,5,1,5,3.0,6,4,0
1,52,1,52,26.5,53,51,0
9,6,6,9,7.5,15,3,5
6,5,5,6,5.5,11,1,2
1,6,1,6,3.5,7,5,0
23,24,23,24,23.5,47,1,22
1,4,1,4,2.5,5,3,0
4,5,4,5,4.5,9,1,2
17,2,2,17,9.5,19,15,0
1,43,1,43,22.0,44,42,0
1,30,1,30,15.5,31,29,0
4,1,1,4,2.5,5,3,0
6,7,6,7,6.5,13,1,4
1,6,1,6,3.5,7,5,0
7,6,6,7,6.5,13,1,5
49,43,43,49,46.0,92,6,35
2,5,2,5,3.5,7,3,0
1,4,1,4,2.5,5,3,0
17,1,1,17,9.0,18,16,0
6,10,6,10,8.0,16,4,5
14,14,14,14,14.0,28,0,10
7,7,7,7,7.0,14,0,5
6,5,5,6,5.5,11,1,3
4,5,4,5,4.5,9,1,3
4,3,3,4,3.5,7,1,2
11,11,11,11,11.0,22,0,10
4,9,4,9,6.5,13,5,1
1,4,1,4,2.5,5,3,0
6,9,6,9,7.5,15,3,5
19,47,19,47,33.0,66,28,17
6,1,1,6,3.5,7,5,0
5,1,1,5,3.0,6,4,0
4,1,1,4,2.5,5,3,0
2,4,2,4,3.0,6,2,0
11,8,8,11,9.5,19,3,7
6,6,6,6,6.0,12,0,5
5,5,5,5,5.0,10,0,4
4,2,2,4,3.0,6,2,1
8,8,8,8,8.0,16,0,7
5,5,5,5,5.0,10,0,0
3,5,3,5,4.0,8,2,2
12,17,12,17,14.5,29,5,9
17,2,2,17,9.5,19,15,0
5,5,5,5,5.0,10,0,4
1,5,1,5,3.0,6,4,0
6,4,4,6,5.0,10,2,3
5,1,1,5,3.0,6,4,0
1,4,1,4,2.5,5,3,0
5,5,5,5,5.0,10,0,4
5,4,4,5,4.5,9,1,0
5,5,5,5,5.0,10,0,4
10,1,1,10,5.5,11,9,0
1,4,1,4,2.5,5,3,0
5,3,3,5,4.0,8,2,2
1,5,1,5,3.0,6,4,0
13,9,9,13,11.0,22,4,8
4,6,4,6,5.0,10,2,3
6,6,6,6,6.0,12,0,3
7,1,1,7,4.0,8,6,0
2,5,2,5,3.5,7,3,0
9,7,7,9,8.0,16,2,6
1,6,1,6,3.5,7,5,0
1,10,1,10,5.5,11,9,0
5,6,5,6,5.5,11,1,4
48,47,47,48,47.5,95,1,46
4,1,1,4,2.5,5,3,0
4,1,1,4,2.5,5,3,0
32,22,22,32,27.0,54,10,20
7,4,4,7,5.5,11,3,3
10,10,10,10,10.0,20,0,9
7,1,1,7,4.0,8,6,0
4,2,2,4,3.0,6,2,0
6,7,6,7,6.5,13,1,5
1,19,1,19,10.0,20,18,0
33,33,33,33,33.0,66,0,26
7,1,1,7,4.0,8,6,0
5,1,1,5,3.0,6,4,0
6,4,4,6,5.0,10,2,2
8,1,1,8,4.5,9,7,0
4,5,4,5,4.5,9,1,3
11,12,11,12,11.5,23,1,9
10,18,10,18,14.0,28,8,2
8,1,1,8,4.5,9,7,0
10,10,10,10,10.0,20,0,9
10,1,1,10,5.5,11,9,0
16,17,16,17,16.5,33,1,13
6,23,6,23,14.5,29,17,4
8,10,8,10,9.0,18,2,5
1,4,1,4,2.5,5,3,0
1,4,1,4,2.5,5,3,0
17,18,17,18,17.5,35,1,12
12,12,12,12,12.0,24,0,11
4,2,2,4,3.0,6,2,1
13,15,13,15,14.0,28,2,11
5,1,1,5,3.0,6,4,0
5,2,2,5,3.5,7,3,1
12,17,12,17,14.5,29,5,10
20,4,4,20,12.0,24,16,1
4,4,4,4,4.0,8,0,3
5,1,1,5,3.0,6,4,0
1,6,1,6,3.5,7,5,0
1,4,1,4,2.5,5,3,0
20,17,17,20,18.5,37,3,9
5,1,1,5,3.0,6,4,0
5,2,2,5,3.5,7,3,1
9,10,9,10,9.5,19,1,8
1,5,1,5,3.0,6,4,0
1,6,1,6,3.5,7,5,0
9,11,9,11,10.0,20,2,6
1,5,1,5,3.0,6,4,0
4,4,4,4,4.0,8,0,2
1,5,1,5,3.0,6,4,0
4,1,1,4,2.5,5,3,0
10,2,2,10,6.0,12,8,1
5,9,5,9,7.0,14,4,3
3,19,3,19,11.0,22,16,0
16,13,13,16,14.5,29,3,11
7,2,2,7,4.5,9,5,1
10,10,10,10,10.0,20,0,8
29,49,29,49,39.0,78,20,19
2,9,2,9,5.5,11,7,0
4,1,1,4,2.5,5,3,0
6,7,6,7,6.5,13,1,4
5,1,1,5,3.0,6,4,0
1,21,1,21,11.0,22,20,0
20,20,20,20,20.0,40,0,18
13,12,12,13,12.5,25,1,11
1,6,1,6,3.5,7,5,0
7,1,1,7,4.0,8,6,0
13,20,13,20,16.5,33,7,11
45,15,15,45,30.0,60,30,10
1,7,1,7,4.0,8,6,0
7,4,4,7,5.5,11,3,3
4,2,2,4,3.0,6,2,0
8,8,8,8,8.0,16,0,7
1,5,1,5,3.0,6,4,0
1,5,1,5,3.0,6,4,0
4,3,3,4,3.5,7,1,2
1,27,1,27,14.0,28,26,0
1,77,1,77,39.0,78,76,0
3,43,3,43,23.0,46,40,1
2,4,2,4,3.0,6,2,1
7,1,1,7,4.0,8,6,0
25,27,25,27,26.0,52,2,15
11,17,11,17,14.0,28,6,10
12,2,2,12,7.0,14,10,0
4,1,1,4,2.5,5,3,0
4,7,4,7,5.5,11,3,3
5,6,5,6,5.5,11,1,4
4,1,1,4,2.5,5,3,0
5,1,1,5,3.0,6,4,0
4,1,1,4,2.5,5,3,0
11,1,1,11,6.0,12,10,0
10,10,10,10,10.0,20,0,9
9,6,6,9,7.5,15,3,1
21,16,16,21,18.5,37,5,14
2,5,2,5,3.5,7,3,1
5,18,5,18,11.5,23,13,3
5,2,2,5,3.5,7,3,1
4,3,3,4,3.5,7,1,2
13,11,11,13,12.0,24,2,7
11,4,4,11,7.5,15,7,3
1,9,1,9,5.0,10,8,0
17,16,16,17,16.5,33,1,15
7,7,7,7,7.0,14,0,6
14,28,14,28,21.0,42,14,12
4,5,4,5,4.5,9,1,2
4,1,1,4,2.5,5,3,0
2,4,2,4,3.0,6,2,1
4,2,2,4,3.0,6,2,1
12,1,1,12,6.5,13,11,0
1,5,1,5,3.0,6,4,0
2,5,2,5,3.5,7,3,1
1,6,1,6,3.5,7,5,0
4,1,1,4,2.5,5,3,0
1,5,1,5,3.0,6,4,0
9,14,9,14,11.5,23,5,8
17,18,17,18,17.5,35,1,16
5,1,1,5,3.0,6,4,0
5,5,5,5,5.0,10,0,4
6,4,4,6,5.0,10,2,3
1,4,1,4,2.5,5,3,0
4,1,1,4,2.5,5,3,0
6,2,2,6,4.0,8,4,0
9,9,9,9,9.0,18,0,5
2,9,2,9,5.5,11,7,0
2,5,2,5,3.5,7,3,1
10,4,4,10,7.0,14,6,2
30,25,25,30,27.5,55,5,24
17,17,17,17,17.0,34,0,16
8,5,5,8,6.5,13,3,4
4,4,4,4,4.0,8,0,3
38,25,25,38,31.5,63,13,21
39,29,29,39,34.0,68,10,22
44,21,21,44,32.5,65,23,17
1,4,1,4,2.5,5,3,0
5,7,5,7,6.0,12,2,1
7,6,6,7,6.5,13,1,5
34,25,25,34,29.5,59,9,22
1,6,1,6,3.5,7,5,0
9,2,2,9,5.5,11,7,0
18,14,14,18,16.0,32,4,9
6,4,4,6,5.0,10,2,2
4,1,1,4,2.5,5,3,0
6,1,1,6,3.5,7,5,0
10,8,8,10,9.0,18,2,2
21,25,21,25,23.0,46,4,14
9,11,9,11,10.0,20,2,4
26,27,26,27,26.5,53,1,25
4,12,4,12,8.0,16,8,3
5,4,4,5,4.5,9,1,3
1,5,1,5,3.0,6,4,0
12,16,12,16,14.0,28,4,9
14,24,14,24,19.0,38,10,7
11,12,11,12,11.5,23,1,9
19,11,11,19,15.0,30,8,8
7,3,3,7,5.0,10,4,1
4,3,3,4,3.5,7,1,2
5,4,4,5,4.5,9,1,3
32,32,32,32,32.0,64,0,30
10,7,7,10,8.5,17,3,6
9,6,6,9,7.5,15,3,4
2,5,2,5,3.5,7,3,1
1,7,1,7,4.0,8,6,0
2,14,2,14,8.0,16,12,0
13,2,2,13,7.5,15,11,0
6,1,1,6,3.5,7,5,0
13,3,3,13,8.0,16,10,1
10,16,10,16,13.0,26,6,8
1,7,1,7,4.0,8,6,0
1,12,1,12,6.5,13,11,0
12,15,12,15,13.5,27,3,10
32,31,31,32,31.5,63,1,29
5,1,1,5,3.0,6,4,0
14,13,13,14,13.5,27,1,12
4,3,3,4,3.5,7,1,2
10,7,7,10,8.5,17,3,0
5,7,5,7,6.0,12,2,2
4,5,4,5,4.5,9,1,3
5,1,1,5,3.0,6,4,0
20,19,19,20,19.5,39,1,15
5,17,5,17,11.0,22,12,4
11,10,10,11,10.5,21,1,7
24,29,24,29,26.5,53,5,18
1,5,1,5,3.0,6,4,0
7,6,6,7,6.5,13,1,4
4,5,4,5,4.5,9,1,3
11,9,9,11,10.0,20,2,8
17,14,14,17,15.5,31,3,12
27,32,27,32,29.5,59,5,19
25,10,10,25,17.5,35,15,4
1,4,1,4,2.5,5,3,0
4,1,1,4,2.5,5,3,0
1,31,1,31,16.0,32,30,0
5,2,2,5,3.5,7,3,1
27,19,19,27,23.0,46,8,18
4,1,1,4,2.5,5,3,0
10,7,7,10,8.5,17,3,5
28,18,18,28,23.0,46,10,15
7,14,7,14,10.5,21,7,5
5,12,5,12,8.5,17,7,2
4,4,4,4,4.0,8,0,3
1,4,1,4,2.5,5,3,0
8,4,4,8,6.0,12,4,3
7,10,7,10,8.5,17,3,6
9,8,8,9,8.5,17,1,6
7,5,5,7,6.0,12,2,0
33,32,32,33,32.5,65,1,31
6,2,2,6,4.0,8,4,0
4,1,1,4,2.5,5,3,0
4,5,4,5,4.5,9,1,3
10,1,1,10,5.5,11,9,0
6,6,6,6,6.0,12,0,5
4,1,1,4,2.5,5,3,0
11,7,7,11,9.0,18,4,6
5,5,5,5,5.0,10,0,4
2,5,2,5,3.5,7,3,0
5,5,5,5,5.0,10,0,4
5,5,5,5,5.0,10,0,4
4,3,3,4,3.5,7,1,2
31,31,31,31,31.0,62,0,29
5,2,2,5,3.5,7,3,1
5,4,4,5,4.5,9,1,3
1,9,1,9,5.0,10,8,0
1,7,1,7,4.0,8,6,0
5,1,1,5,3.0,6,4,0
29,32,29,32,30.5,61,3,22
6,7,6,7,6.5,13,1,4
5,1,1,5,3.0,6,4,0
15,15,15,15,15.0,30,0,4
15,19,15,19,17.0,34,4,14
7,3,3,7,5.0,10,4,2
12,11,11,12,11.5,23,1,6
32,32,32,32,32.0,64,0,30
30,50,30,50,40.0,80,20,23
2,5,2,5,3.5,7,3,1
1,5,1,5,3.0,6,4,0
4,1,1,4,2.5,5,3,0
4,2,2,4,3.0,6,2,0
15,9,9,15,12.0,24,6,2
4,4,4,4,4.0,8,0,0
1,11,1,11,6.0,12,10,0
20,14,14,20,17.0,34,6,13
19,19,19,19,19.0,38,0,18
4,5,4,5,4.5,9,1,3
1,7,1,7,4.0,8,6,0
14,21,14,21,17.5,35,7,12
4,1,1,4,2.5,5,3,0
1,5,1,5,3.0,6,4,0
1,5,1,5,3.0,6,4,0
12,23,12,23,17.5,35,11,11
4,15,4,15,9.5,19,11,0
5,2,2,5,3.5,7,3,1
5,3,3,5,4.0,8,2,0
6,4,4,6,5.0,10,2,3
4,1,1,4,2.5,5,3,0
1,5,1,5,3.0,6,4,0
2,4,2,4,3.0,6,2,1
5,1,1,5,3.0,6,4,0
5,5,5,5,5.0,10,0,4
5,4,4,5,4.5,9,1,2
7,7,7,7,7.0,14,0,6
4,1,1,4,2.5,5,3,0
14,12,12,14,13.0,26,2,10
23,14,14,23,18.5,37,9,13
2,4,2,4,3.0,6,2,1
1,5,1,5,3.0,6,4,0
9,6,6,9,7.5,15,3,5
17,19,17,19,18.0,36,2,0
5,5,5,5,5.0,10,0,4
2,4,2,4,3.0,6,2,1
6,1,1,6,3.5,7,5,0
32,32,32,32,32.0,64,0,30
5,7,5,7,6.0,12,2,2
6,6,6,6,6.0,12,0,4
1,4,1,4,2.5,5,3,0
32,24,24,32,28.0,56,8,14
4,6,4,6,5.0,10,2,3
1,5,1,5,3.0,6,4,0
5,2,2,5,3.5,7,3,1
16,14,14,16,15.0,30,2,13
19,1,1,19,10.0,20,18,0
6,5,5,6,5.5,11,1,4
4,1,1,4,2.5,5,3,0
7,5,5,7,6.0,12,2,3
1,7,1,7,4.0,8,6,0
9,10,9,10,9.5,19,1,8
1,5,1,5,3.0,6,4,0
8,16,8,16,12.0,24,8,6
1,23,1,23,12.0,24,22,0
8,1,1,8,4.5,9,7,0
4,4,4,4,4.0,8,0,2
10,2,2,10,6.0,12,8,0
14,10,10,14,12.0,24,4,9
4,1,1,4,2.5,5,3,0
14,12,12,14,13.0,26,2,10
13,31,13,31,22.0,44,18,8
20,1,1,20,10.5,21,19,0
1,7,1,7,4.0,8,6,0
20,49,20,49,34.5,69,29,19
29,32,29,32,30.5,61,3,10
5,1,1,5,3.0,6,4,0
22,21,21,22,21.5,43,1,19
1,4,1,4,2.5,5,3,0
1,5,1,5,3.0,6,4,0
11,1,1,11,6.0,12,10,0
1,9,1,9,5.0,10,8,0
4,1,1,4,2.5,5,3,0
9,9,9,9,9.0,18,0,8
6,7,6,7,6.5,13,1,2
8,15,8,15,11.5,23,7,7
30,22,22,30,26.0,52,8,19
2,9,2,9,5.5,11,7,1
16,15,15,16,15.5,31,1,10
4,6,4,6,5.0,10,2,0
4,4,4,4,4.0,8,0,3
4,2,2,4,3.0,6,2,1
1,22,1,22,11.5,23,21,0
17,4,4,17,10.5,21,13,2
4,5,4,5,4.5,9,1,3
3,5,3,5,4.0,8,2,2
5,1,1,5,3.0,6,4,0
4,5,4,5,4.5,9,1,3
6,5,5,6,5.5,11,1,3
41,37,37,41,39.0,78,4,27
4,8,4,8,6.0,12,4,0
8,6,6,8,7.0,14,2,4
2,6,2,6,4.0,8,4,1
34,23,23,34,28.5,57,11,20
6,1,1,6,3.5,7,5,0
1,8,1,8,4.5,9,7,0
27,24,24,27,25.5,51,3,23
7,6,6,7,6.5,13,1,2
1,12,1,12,6.5,13,11,0
24,4,4,24,14.0,28,20,3
8,1,1,8,4.5,9,7,0
1,8,1,8,4.5,9,7,0
24,19,19,24,21.5,43,5,16
10,16,10,16,13.0,26,6,9
5,5,5,5,5.0,10,0,3
47,38,38,47,42.5,85,9,31
4,1,1,4,2.5,5,3,0
11,4,4,11,7.5,15,7,3
5,1,1,5,3.0,6,4,0
4,4,4,4,4.0,8,0,1
5,2,2,5,3.5,7,3,0
3,5,3,5,4.0,8,2,2
9,9,9,9,9.0,18,0,8
17,9,9,17,13.0,26,8,8
1,4,1,4,2.5,5,3,0
7,7,7,7,7.0,14,0,5
1,11,1,11,6.0,12,10,0
4,1,1,4,2.5,5,3,0
9,12,9,12,10.5,21,3,7
1,12,1,12,6.5,13,11,0
22,10,10,22,16.0,32,12,9
22,22,22,22,22.0,44,0,16
1,6,1,6,3.5,7,5,0
4,1,1,4,2.5,5,3,0
4,1,1,4,2.5,5,3,0
4,1,1,4,2.5,5,3,0
4,1,1,4,2.5,5,3,0
8,1,1,8,4.5,9,7,0
2,4,2,4,3.0,6,2,1
11,13,11,13,12.0,24,2,9
10,11,10,11,10.5,21,1,9
23,16,16,23,19.5,39,7,15
1,5,1,5,3.0,6,4,0
14,17,14,17,15.5,31,3,1
3,9,3,9,6.0,12,6,1
6,3,3,6,4.5,9,3,2
4,1,1,4,2.5,5,3,0
2,10,2,10,6.0,12,8,1
9,10,9,10,9.5,19,1,6
4,1,1,4,2.5,5,3,0
36,26,26,36,31.0,62,10,24
1,21,1,21,11.0,22,20,0
8,21,8,21,14.5,29,13,6
3,15,3,15,9.0,18,12,1
4,15,4,15,9.5,19,11,3
3,17,3,17,10.0,20,14,0
4,1,1,4,2.5,5,3,0
8,1,1,8,4.5,9,7,0
4,1,1,4,2.5,5,3,0
6,4,4,6,5.0,10,2,3
6,1,1,6,3.5,7,5,0
1,4,1,4,2.5,5,3,0
1,13,1,13,7.0,14,12,0
10,7,7,10,8.5,17,3,6
1,12,1,12,6.5,13,11,0
41,39,39,41,40.0,80,2,35
4,5,4,5,4.5,9,1,3
1,7,1,7,4.0,8,6,0
7,7,7,7,7.0,14,0,5
1,8,1,8,4.5,9,7,0
5,2,2,5,3.5,7,3,1
12,12,12,12,12.0,24,0,10
22,49,22,49,35.5,71,27,19
13,10,10,13,11.5,23,3,9
15,19,15,19,17.0,34,4,10
14,11,11,14,12.5,25,3,10
10,9,9,10,9.5,19,1,8
2,52,2,52,27.0,54,50,0
1,10,1,10,5.5,11,9,0
1,7,1,7,4.0,8,6,0
2,5,2,5,3.5,7,3,1
1,10,1,10,5.5,11,9,0
1,5,1,5,3.0,6,4,0
5,1,1,5,3.0,6,4,0
25,24,24,25,24.5,49,1,23
1,11,1,11,6.0,12,10,0
43,41,41,43,42.0,84,2,40
12,12,12,12,12.0,24,0,9
6,6,6,6,6.0,12,0,5
5,5,5,5,5.0,10,0,3
7,7,7,7,7.0,14,0,6
11,12,11,12,11.5,23,1,10
5,4,4,5,4.5,9,1,2
25,12,12,25,18.5,37,13,7
4,1,1,4,2.5,5,3,0
12,21,12,21,16.5,33,9,11
6,1,1,6,3.5,7,5,0
1,9,1,9,5.0,10,8,0
5,1,1,5,3.0,6,4,0
6,1,1,6,3.5,7,5,0
7,8,7,8,7.5,15,1,5
6,1,1,6,3.5,7,5,0
1,12,1,12,6.5,13,11,0
7,6,6,7,6.5,13,1,5
2,15,2,15,8.5,17,13,0
7,6,6,7,6.5,13,1,5
1,7,1,7,4.0,8,6,0
18,24,18,24,21.0,42,6,13
6,21,6,21,13.5,27,15,5
1,146,1,146,73.5,147,145,0
5,4,4,5,4.5,9,1,1
5,1,1,5,3.0,6,4,0
10,19,10,19,14.5,29,9,6
2,5,2,5,3.5,7,3,1
2,5,2,5,3.5,7,3,1
1,6,1,6,3.5,7,5,0
6,2,2,6,4.0,8,4,0
6,5,5,6,5.5,11,1,2
4,5,4,5,4.5,9,1,1
10,12,10,12,11.0,22,2,9
5,4,4,5,4.5,9,1,3
5,12,5,12,8.5,17,7,3
13,18,13,18,15.5,31,5,12
5,1,1,5,3.0,6,4,0
5,4,4,5,4.5,9,1,3
4,4,4,4,4.0,8,0,3
21,15,15,21,18.0,36,6,11
13,6,6,13,9.5,19,7,5
4,4,4,4,4.0,8,0,3
10,10,10,10,10.0,20,0,8
5,1,1,5,3.0,6,4,0
8,19,8,19,13.5,27,11,6
20,20,20,20,20.0,40,0,19
12,12,12,12,12.0,24,0,11
26,26,26,26,26.0,52,0,24
15,2,2,15,8.5,17,13,0
11,11,11,11,11.0,22,0,9
6,7,6,7,6.5,13,1,5
5,5,5,5,5.0,10,0,4
28,27,27,28,27.5,55,1,25
4,1,1,4,2.5,5,3,0
32,33,32,33,32.5,65,1,31
4,4,4,4,4.0,8,0,3
1,6,1,6,3.5,7,5,0
1,5,1,5,3.0,6,4,0
2,8,2,8,5.0,10,6,1
11,27,11,27,19.0,38,16,4
29,45,29,45,37.0,74,16,20
5,5,5,5,5.0,10,0,4
9,6,6,9,7.5,15,3,3
4,4,4,4,4.0,8,0,0
8,4,4,8,6.0,12,4,3
1,9,1,9,5.0,10,8,0
24,15,15,24,19.5,39,9,14
6,7,6,7,6.5,13,1,5
6,9,6,9,7.5,15,3,2
1,9,1,9,5.0,10,8,0
1,11,1,11,6.0,12,10,0
5,4,4,5,4.5,9,1,2
10,10,10,10,10.0,20,0,9
6,1,1,6,3.5,7,5,0
6,6,6,6,6.0,12,0,1
13,25,13,25,19.0,38,12,11
50,30,30,50,40.0,80,20,26
7,1,1,7,4.0,8,6,0
7,12,7,12,9.5,19,5,6
3,30,3,30,16.5,33,27,0
1,5,1,5,3.0,6,4,0
3,4,3,4,3.5,7,1,0
3,4,3,4,3.5,7,1,2
42,54,42,54,48.0,96,12,39
13,20,13,20,16.5,33,7,12
4,2,2,4,3.0,6,2,1
6,19,6,19,12.5,25,13,0
18,16,16,18,17.0,34,2,14
6,6,6,6,6.0,12,0,5
8,1,1,8,4.5,9,7,0
5,1,1,5,3.0,6,4,0
4,1,1,4,2.5,5,3,0
34,29,29,34,31.5,63,5,9
25,36,25,36,30.5,61,11,21
10,10,10,10,10.0,20,0,8
3,7,3,7,5.0,10,4,2
1,5,1,5,3.0,6,4,0
9,31,9,31,20.0,40,22,4
4,5,4,5,4.5,9,1,3
21,32,21,32,26.5,53,11,18
1,39,1,39,20.0,40,38,0
4,4,4,4,4.0,8,0,2
2,12,2,12,7.0,14,10,0
6,6,6,6,6.0,12,0,5
12,12,12,12,12.0,24,0,11
6,1,1,6,3.5,7,5,0
4,1,1,4,2.5,5,3,0
4,5,4,5,4.5,9,1,0
3,4,3,4,3.5,7,1,2
1,21,1,21,11.0,22,20,0
10,16,10,16,13.0,26,6,5
9,7,7,9,8.0,16,2,4
9,9,9,9,9.0,18,0,7
5,15,5,15,10.0,20,10,4
9,5,5,9,7.0,14,4,4
5,3,3,5,4.0,8,2,2
15,11,11,15,13.0,26,4,9
11,4,4,11,7.5,15,7,3
1,7,1,7,4.0,8,6,0
35,49,35,49,42.0,84,14,29
1,9,1,9,5.0,10,8,0
3,6,3,6,4.5,9,3,2
4,12,4,12,8.0,16,8,0
10,8,8,10,9.0,18,2,6
2,5,2,5,3.5,7,3,1
11,13,11,13,12.0,24,2,7
1,11,1,11,6.0,12,10,0
6,4,4,6,5.0,10,2,3
10,1,1,10,5.5,11,9,0
4,4,4,4,4.0,8,0,3
1,5,1,5,3.0,6,4,0
4,1,1,4,2.5,5,3,0
5,2,2,5,3.5,7,3,0
11,13,11,13,12.0,24,2,7
1,4,1,4,2.5,5,3,0
6,9,6,9,7.5,15,3,5
6,6,6,6,6.0,12,0,5
7,28,7,28,17.5,35,21,4
5,9,5,9,7.0,14,4,2
5,1,1,5,3.0,6,4,0
5,1,1,5,3.0,6,4,0
13,8,8,13,10.5,21,5,5
5,5,5,5,5.0,10,0,1
12,12,12,12,12.0,24,0,11
39,48,39,48,43.5,87,9,32
8,8,8,8,8.0,16,0,7
34,38,34,38,36.0,72,4,30
1,8,1,8,4.5,9,7,0
35,36,35,36,35.5,71,1,27
26,2,2,26,14.0,28,24,0
4,1,1,4,2.5,5,3,0
12,10,10,12,11.0,22,2,9
17,7,7,17,12.0,24,10,6
8,11,8,11,9.5,19,3,7
4,5,4,5,4.5,9,1,3
8,5,5,8,6.5,13,3,4
4,1,1,4,2.5,5,3,0
17,18,17,18,17.5,35,1,15
8,6,6,8,7.0,14,2,5
14,9,9,14,11.5,23,5,6
1,4,1,4,2.5,5,3,0
5,5,5,5,5.0,10,0,3
6,12,6,12,9.0,18,6,5
4,2,2,4,3.0,6,2,0
20,20,20,20,20.0,40,0,17
4,3,3,4,3.5,7,1,2
14,6,6,14,10.0,20,8,5
8,1,1,8,4.5,9,7,0
1,4,1,4,2.5,5,3,0
4,7,4,7,5.5,11,3,2
13,13,13,13,13.0,26,0,11
6,4,4,6,5.0,10,2,0
7,6,6,7,6.5,13,1,5
11,11,11,11,11.0,22,0,10
4,10,4,10,7.0,14,6,2
13,12,12,13,12.5,25,1,10
4,1,1,4,2.5,5,3,0
1,4,1,4,2.5,5,3,0
6,6,6,6,6.0,12,0,5
1,4,1,4,2.5,5,3,0
9,12,9,12,10.5,21,3,8
27,17,17,27,22.0,44,10,14
6,1,1,6,3.5,7,5,0
6,9,6,9,7.5,15,3,5
4,2,2,4,3.0,6,2,0
5,4,4,5,4.5,9,1,2
8,13,8,13,10.5,21,5,0
7,1,1,7,4.0,8,6,0
12,1,1,12,6.5,13,11,0
9,7,7,9,8.0,16,2,6
38,26,26,38,32.0,64,12,25
1,4,1,4,2.5,5,3,0
9,2,2,9,5.5,11,7,0
6,3,3,6,4.5,9,3,2
26,2,2,26,14.0,28,24,1
4,1,1,4,2.5,5,3,0
5,6,5,6,5.5,11,1,4
7,9,7,9,8.0,16,2,5
2,6,2,6,4.0,8,4,0
13,53,13,53,33.0,66,40,6
7,11,7,11,9.0,18,4,1
5,5,5,5,5.0,10,0,4
5,8,5,8,6.5,13,3,3
5,1,1,5,3.0,6,4,0
31,29,29,31,30.0,60,2,28
6,14,6,14,10.0,20,8,5
13,7,7,13,10.0,20,6,5
1,5,1,5,3.0,6,4,0
8,1,1,8,4.5,9,7,0
1,6,1,6,3.5,7,5,0
10,15,10,15,12.5,25,5,4
1,14,1,14,7.5,15,13,0
16,11,11,16,13.5,27,5,10
1,12,1,12,6.5,13,11,0
4,22,4,22,13.0,26,18,2
16,14,14,16,15.0,30,2,13
16,26,16,26,21.0,42,10,15
6,7,6,7,6.5,13,1,1
1,4,1,4,2.5,5,3,0
45,45,45,45,45.0,90,0,33
27,16,16,27,21.5,43,11,15
1,4,1,4,2.5,5,3,0
1,6,1,6,3.5,7,5,0
7,2,2,7,4.5,9,5,0
18,18,18,18,18.0,36,0,17
1,5,1,5,3.0,6,4,0
11,6,6,11,8.5,17,5,4
5,107,5,107,56.0,112,102,1
12,6,6,12,9.0,18,6,5
3,4,3,4,3.5,7,1,2
6,4,4,6,5.0,10,2,2
4,1,1,4,2.5,5,3,0
6,4,4,6,5.0,10,2,2
26,27,26,27,26.5,53,1,25
4,1,1,4,2.5,5,3,0
25,26,25,26,25.5,51,1,18
17,5,5,17,11.0,22,12,4
6,1,1,6,3.5,7,5,0
12,1,1,12,6.5,13,11,0
2,38,2,38,20.0,40,36,0
21,6,6,21,13.5,27,15,5
1,5,1,5,3.0,6,4,0
29,34,29,34,31.5,63,5,25
1,4,1,4,2.5,5,3,0
6,6,6,6,6.0,12,0,3
9,5,5,9,7.0,14,4,4
17,7,7,17,12.0,24,10,5
7,12,7,12,9.5,19,5,4
1,6,1,6,3.5,7,5,0
1,8,1,8,4.5,9,7,0
2,55,2,55,28.5,57,53,1
8,2,2,8,5.0,10,6,1
4,1,1,4,2.5,5,3,0
1,13,1,13,7.0,14,12,0
4,5,4,5,4.5,9,1,2
7,9,7,9,8.0,16,2,6
1,6,1,6,3.5,7,5,0
6,1,1,6,3.5,7,5,0
7,8,7,8,7.5,15,1,6
49,41,41,49,45.0,90,8,24
9,8,8,9,8.5,17,1,6
2,5,2,5,3.5,7,3,1
4,5,4,5,4.5,9,1,3
16,13,13,16,14.5,29,3,12
19,9,9,19,14.0,28,10,8
1,6,1,6,3.5,7,5,0
4,6,4,6,5.0,10,2,0
5,4,4,5,4.5,9,1,2
10,9,9,10,9.5,19,1,8
6,6,6,6,6.0,12,0,4
27,15,15,27,21.0,42,12,14
1,5,1,5,3.0,6,4,0
1,4,1,4,2.5,5,3,0
28,49,28,49,38.5,77,21,23
2,4,2,4,3.0,6,2,0
5,4,4,5,4.5,9,1,2
7,1,1,7,4.0,8,6,0
5,5,5,5,5.0,10,0,3
6,13,6,13,9.5,19,7,4
12,15,12,15,13.5,27,3,11
5,26,5,26,15.5,31,21,1
4,1,1,4,2.5,5,3,0
4,1,1,4,2.5,5,3,0
24,21,21,24,22.5,45,3,14
1,4,1,4,2.5,5,3,0
4,1,1,4,2.5,5,3,0
4,1,1,4,2.5,5,3,0
10,5,5,10,7.5,15,5,2
16,26,16,26,21.0,42,10,12
4,4,4,4,4.0,8,0,2
1,9,1,9,5.0,10,8,0
44,24,24,44,34.0,68,20,14
1,4,1,4,2.5,5,3,0
4,2,2,4,3.0,6,2,0
20,29,20,29,24.5,49,9,19
8,1,1,8,4.5,9,7,0
1,12,1,12,6.5,13,11,0
2,4,2,4,3.0,6,2,1
1,7,1,7,4.0,8,6,0
6,1,1,6,3.5,7,5,0
4,4,4,4,4.0,8,0,2
1,13,1,13,7.0,14,12,0
21,14,14,21,17.5,35,7,13
12,16,12,16,14.0,28,4,11
14,14,14,14,14.0,28,0,13
3,5,3,5,4.0,8,2,0
5,11,5,11,8.0,16,6,3
11,4,4,11,7.5,15,7,3
24,28,24,28,26.0,52,4,23
24,33,24,33,28.5,57,9,13
11,52,11,52,31.5,63,41,0
6,5,5,6,5.5,11,1,4
9,9,9,9,9.0,18,0,8
5,11,5,11,8.0,16,6,2
32,32,32,32,32.0,64,0,30
1,4,1,4,2.5,5,3,0
4,1,1,4,2.5,5,3,0
1,5,1,5,3.0,6,4,0
11,14,11,14,12.5,25,3,8
1,6,1,6,3.5,7,5,0
1,107,1,107,54.0,108,106,0
46,46,46,46,46.0,92,0,33
11,11,11,11,11.0,22,0,8
13,1,1,13,7.0,14,12,0
1,6,1,6,3.5,7,5,0
1,10,1,10,5.5,11,9,0
5,9,5,9,7.0,14,4,4
5,1,1,5,3.0,6,4,0
6,9,6,9,7.5,15,3,5
12,1,1,12,6.5,13,11,0
50,49,49,50,49.5,99,1,48
4,1,1,4,2.5,5,3,0
1,8,1,8,4.5,9,7,0
11,2,2,11,6.5,13,9,1
9,1,1,9,5.0,10,8,0
22,28,22,28,25.0,50,6,19
18,1,1,18,9.5,19,17,0
1,10,1,10,5.5,11,9,0
9,13,9,13,11.0,22,4,6
37,26,26,37,31.5,63,11,24
1,6,1,6,3.5,7,5,0
9,4,4,9,6.5,13,5,3
26,33,26,33,29.5,59,7,21
4,1,1,4,2.5,5,3,0
3,9,3,9,6.0,12,6,2
11,10,10,11,10.5,21,1,8
6,1,1,6,3.5,7,5,0
6,4,4,6,5.0,10,2,3
4,1,1,4,2.5,5,3,0
1,4,1,4,2.5,5,3,0
7,7,7,7,7.0,14,0,5
8,6,6,8,7.0,14,2,4
34,40,34,40,37.0,74,6,23
6,1,1,6,3.5,7,5,0
20,21,20,21,20.5,41,1,19
1,7,1,7,4.0,8,6,0
1,4,1,4,2.5,5,3,0
12,14,12,14,13.0,26,2,11
11,7,7,11,9.0,18,4,6
15,8,8,15,11.5,23,7,3
1,6,1,6,3.5,7,5,0
1,4,1,4,2.5,5,3,0
5,1,1,5,3.0,6,4,0
10,107,10,107,58.5,117,97,1
11,10,10,11,10.5,21,1,9
1,5,1,5,3.0,6,4,0
18,9,9,18,13.5,27,9,6
6,1,1,6,3.5,7,5,0
4,4,4,4,4.0,8,0,3
1,6,1,6,3.5,7,5,0
7,7,7,7,7.0,14,0,1
1,4,1,4,2.5,5,3,0
7,1,1,7,4.0,8,6,0
5,9,5,9,7.0,14,4,3
14,13,13,14,13.5,27,1,11
6,1,1,6,3.5,7,5,0
6,6,6,6,6.0,12,0,5
5,5,5,5,5.0,10,0,4
10,5,5,10,7.5,15,5,4
7,9,7,9,8.0,16,2,6
4,1,1,4,2.5,5,3,0
11,12,11,12,11.5,23,1,6
18,28,18,28,23.0,46,10,16
6,1,1,6,3.5,7,5,0
15,17,15,17,16.0,32,2,13
6,6,6,6,6.0,12,0,5
7,9,7,9,8.0,16,2,4
14,10,10,14,12.0,24,4,9
28,40,28,40,34.0,68,12,22
4,4,4,4,4.0,8,0,3
18,31,18,31,24.5,49,13,17
1,6,1,6,3.5,7,5,0
12,18,12,18,15.0,30,6,9
4,5,4,5,4.5,9,1,0
20,20,20,20,20.0,40,0,18
5,1,1,5,3.0,6,4,0
7,1,1,7,4.0,8,6,0
5,1,1,5,3.0,6,4,0
4,4,4,4,4.0,8,0,0
4,1,1,4,2.5,5,3,0
1,10,1,10,5.5,11,9,0
1,5,1,5,3.0,6,4,0
7,1,1,7,4.0,8,6,0
12,11,11,12,11.5,23,1,8
2,14,2,14,8.0,16,12,0
4,2,2,4,3.0,6,2,0
5,1,1,5,3.0,6,4,0
17,7,7,17,12.0,24,10,5
1,5,1,5,3.0,6,4,0
12,1,1,12,6.5,13,11,0
4,2,2,4,3.0,6,2,1
5,6,5,6,5.5,11,1,3
5,8,5,8,6.5,13,3,4
40,23,23,40,31.5,63,17,21
1,9,1,9,5.0,10,8,0
1,10,1,10,5.5,11,9,0
1,4,1,4,2.5,5,3,0
4,4,4,4,4.0,8,0,3
11,18,11,18,14.5,29,7,10
1,8,1,8,4.5,9,7,0
12,11,11,12,11.5,23,1,9
22,25,22,25,23.5,47,3,19
13,14,13,14,13.5,27,1,12
24,1,1,24,12.5,25,23,0
6,1,1,6,3.5,7,5,0
1,5,1,5,3.0,6,4,0
5,5,5,5,5.0,10,0,4
1,6,1,6,3.5,7,5,0
5,7,5,7,6.0,12,2,4
27,26,26,27,26.5,53,1,25
21,20,20,21,20.5,41,1,18
1,6,1,6,3.5,7,5,0
1,9,1,9,5.0,10,8,0
9,12,9,12,10.5,21,3,7
6,2,2,6,4.0,8,4,1
23,20,20,23,21.5,43,3,19
31,6,6,31,18.5,37,25,5
8,14,8,14,11.0,22,6,7
5,5,5,5,5.0,10,0,2
32,2,2,32,17.0,34,30,0
1,4,1,4,2.5,5,3,0
11,22,11,22,16.5,33,11,9
17,2,2,17,9.5,19,15,0
24,17,17,24,20.5,41,7,13
1,4,1,4,2.5,5,3,0
4,1,1,4,2.5,5,3,0
4,4,4,4,4.0,8,0,3
6,75,6,75,40.5,81,69,1
18,20,18,20,19.0,38,2,15
36,42,36,42,39.0,78,6,31
12,10,10,12,11.0,22,2,2
4,4,4,4,4.0,8,0,3
8,16,8,16,12.0,24,8,0
4,1,1,4,2.5,5,3,0
11,11,11,11,11.0,22,0,10
1,6,1,6,3.5,7,5,0
13,13,13,13,13.0,26,0,11
6,7,6,7,6.5,13,1,4
5,6,5,6,5.5,11,1,3
4,6,4,6,5.0,10,2,3
23,21,21,23,22.0,44,2,19
4,1,1,4,2.5,5,3,0
4,1,1,4,2.5,5,3,0
8,8,8,8,8.0,16,0,4
5,2,2,5,3.5,7,3,1
4,6,4,6,5.0,10,2,3
1,5,1,5,3.0,6,4,0
7,1,1,7,4.0,8,6,0
8,8,8,8,8.0,16,0,4
1,4,1,4,2.5,5,3,0
5,1,1,5,3.0,6,4,0
7,7,7,7,7.0,14,0,6
26,26,26,26,26.0,52,0,24
1,4,1,4,2.5,5,3,0
4,15,4,15,9.5,19,11,3
2,9,2,9,5.5,11,7,1
18,3,3,18,10.5,21,15,1
4,1,1,4,2.5,5,3,0
3,4,3,4,3.5,7,1,2
1,4,1,4,2.5,5,3,0
1,4,1,4,2.5,5,3,0
10,8,8,10,9.0,18,2,5
32,41,32,41,36.5,73,9,30
6,8,6,8,7.0,14,2,4
1,5,1,5,3.0,6,4,0
10,11,10,11,10.5,21,1,6
14,25,14,25,19.5,39,11,11
22,21,21,22,21.5,43,1,15
23,24,23,24,23.5,47,1,22
11,8,8,11,9.5,19,3,6
5,1,1,5,3.0,6,4,0
7,1,1,7,4.0,8,6,0
14,2,2,14,8.0,16,12,1
1,12,1,12,6.5,13,11,0
1,5,1,5,3.0,6,4,0
15,13,13,15,14.0,28,2,11
7,7,7,7,7.0,14,0,6
5,1,1,5,3.0,6,4,0
4,56,4,56,30.0,60,52,1
10,11,10,11,10.5,21,1,6
12,1,1,12,6.5,13,11,0
8,12,8,12,10.0,20,4,6
5,1,1,5,3.0,6,4,0
5,6,5,6,5.5,11,1,4
18,31,18,31,24.5,49,13,12
9,11,9,11,10.0,20,2,4
4,1,1,4,2.5,5,3,0
5,18,5,18,11.5,23,13,4
8,8,8,8,8.0,16,0,7
1,8,1,8,4.5,9,7,0
6,1,1,6,3.5,7,5,0
5,4,4,5,4.5,9,1,3
1,13,1,13,7.0,14,12,0
5,1,1,5,3.0,6,4,0
5,5,5,5,5.0,10,0,4
8,12,8,12,10.0,20,4,7
5,5,5,5,5.0,10,0,4
12,11,11,12,11.5,23,1,8
16,9,9,16,12.5,25,7,7
1,6,1,6,3.5,7,5,0
2,9,2,9,5.5,11,7,0
7,20,7,20,13.5,27,13,6
4,5,4,5,4.5,9,1,2
38,29,29,38,33.5,67,9,22
4,2,2,4,3.0,6,2,1
1,5,1,5,3.0,6,4,0
12,13,12,13,12.5,25,1,11
1,5,1,5,3.0,6,4,0
4,1,1,4,2.5,5,3,0
6,1,1,6,3.5,7,5,0
11,11,11,11,11.0,22,0,10
4,1,1,4,2.5,5,3,0
1,4,1,4,2.5,5,3,0
3,4,3,4,3.5,7,1,2
1,5,1,5,3.0,6,4,0
6,6,6,6,6.0,12,0,5
2,12,2,12,7.0,14,10,1
9,8,8,9,8.5,17,1,7
5,4,4,5,4.5,9,1,2
4,61,4,61,32.5,65,57,0
5,5,5,5,5.0,10,0,4
39,32,32,39,35.5,71,7,27
39,34,34,39,36.5,73,5,21
2,5,2,5,3.5,7,3,1
4,8,4,8,6.0,12,4,0
6,6,6,6,6.0,12,0,5
5,2,2,5,3.5,7,3,1
16,13,13,16,14.5,29,3,11
37,1,1,37,19.0,38,36,0
4,2,2,4,3.0,6,2,1
1,12,1,12,6.5,13,11,0
5,6,5,6,5.5,11,1,3
1,4,1,4,2.5,5,3,0
13,1,1,13,7.0,14,12,0
1,5,1,5,3.0,6,4,0
6,6,6,6,6.0,12,0,5
4,7,4,7,5.5,11,3,3
1,4,1,4,2.5,5,3,0
4,5,4,5,4.5,9,1,3
8,5,5,8,6.5,13,3,2
18,19,18,19,18.5,37,1,17
12,11,11,12,11.5,23,1,10
13,14,13,14,13.5,27,1,12
28,48,28,48,38.0,76,20,20
4,1,1,4,2.5,5,3,0
1,29,1,29,15.0,30,28,0
14,17,14,17,15.5,31,3,13
6,4,4,6,5.0,10,2,3
1,5,1,5,3.0,6,4,0
1,4,1,4,2.5,5,3,0
5,4,4,5,4.5,9,1,0
8,8,8,8,8.0,16,0,4
5,4,4,5,4.5,9,1,0
19,20,19,20,19.5,39,1,17
23,33,23,33,28.0,56,10,18
1,9,1,9,5.0,10,8,0
45,28,28,45,36.5,73,17,20
5,5,5,5,5.0,10,0,4
14,1,1,14,7.5,15,13,0
4,1,1,4,2.5,5,3,0
23,28,23,28,25.5,51,5,15
32,23,23,32,27.5,55,9,22
1,6,1,6,3.5,7,5,0
2,7,2,7,4.5,9,5,1
1,10,1,10,5.5,11,9,0
8,5,5,8,6.5,13,3,3
20,1,1,20,10.5,21,19,0
4,1,1,4,2.5,5,3,0
1,9,1,9,5.0,10,8,0
5,1,1,5,3.0,6,4,0
1,4,1,4,2.5,5,3,0
4,1,1,4,2.5,5,3,0
19,34,19,34,26.5,53,15,9
5,9,5,9,7.0,14,4,4
10,9,9,10,9.5,19,1,8
5,2,2,5,3.5,7,3,1
1,4,1,4,2.5,5,3,0
4,1,1,4,2.5,5,3,0
7,19,7,19,13.0,26,12,0
9,10,9,10,9.5,19,1,7
7,11,7,11,9.0,18,4,6
5,7,5,7,6.0,12,2,4
1,4,1,4,2.5,5,3,0
2,10,2,10,6.0,12,8,1
5,4,4,5,4.5,9,1,3
1,5,1,5,3.0,6,4,0
11,4,4,11,7.5,15,7,0
1,6,1,6,3.5,7,5,0
6,10,6,10,8.0,16,4,5
7,7,7,7,7.0,14,0,3
1,7,1,7,4.0,8,6,0
8,9,8,9,8.5,17,1,4
5,1,1,5,3.0,6,4,0
17,61,17,61,39.0,78,44,15
4,1,1,4,2.5,5,3,0
1,4,1,4,2.5,5,3,0
2,11,2,11,6.5,13,9,0
1,4,1,4,2.5,5,3,0
6,4,4,6,5.0,10,2,3
12,8,8,12,10.0,20,4,5
4,7,4,7,5.5,11,3,2
10,1,1,10,5.5,11,9,0
12,8,8,12,10.0,20,4,1
5,16,5,16,10.5,21,11,4
12,13,12,13,12.5,25,1,10
7,8,7,8,7.5,15,1,0
19,18,18,19,18.5,37,1,14
18,11,11,18,14.5,29,7,6
11,8,8,11,9.5,19,3,7
5,7,5,7,6.0,12,2,3
5,6,5,6,5.5,11,1,4
2,7,2,7,4.5,9,5,0
10,15,10,15,12.5,25,5,7
1,5,1,5,3.0,6,4,0
4,5,4,5,4.5,9,1,2
1,4,1,4,2.5,5,3,0
10,12,10,12,11.0,22,2,8
13,17,13,17,15.0,30,4,12
9,7,7,9,8.0,16,2,6
5,15,5,15,10.0,20,10,0
10,8,8,10,9.0,18,2,6
6,5,5,6,5.5,11,1,2
9,6,6,9,7.5,15,3,5
7,2,2,7,4.5,9,5,0
5,1,1,5,3.0,6,4,0
9,6,6,9,7.5,15,3,4
24,25,24,25,24.5,49,1,21
7,1,1,7,4.0,8,6,0
12,1,1,12,6.5,13,11,0
1,4,1,4,2.5,5,3,0
1,5,1,5,3.0,6,4,0
20,11,11,20,15.5,31,9,9
11,11,11,11,11.0,22,0,10
1,5,1,5,3.0,6,4,0
4,4,4,4,4.0,8,0,3
37,10,10,37,23.5,47,27,8
21,15,15,21,18.0,36,6,10
1,7,1,7,4.0,8,6,0
5,5,5,5,5.0,10,0,4
8,10,8,10,9.0,18,2,7
4,1,1,4,2.5,5,3,0
11,1,1,11,6.0,12,10,0
14,14,14,14,14.0,28,0,13
1,4,1,4,2.5,5,3,0
1,12,1,12,6.5,13,11,0
6,4,4,6,5.0,10,2,1
5,1,1,5,3.0,6,4,0
9,1,1,9,5.0,10,8,0
14,11,11,14,12.5,25,3,10
9,5,5,9,7.0,14,4,0
4,1,1,4,2.5,5,3,0
5,4,4,5,4.5,9,1,3
37,41,37,41,39.0,78,4,28
11,6,6,11,8.5,17,5,3
9,1,1,9,5.0,10,8,0
19,2,2,19,10.5,21,17,0
5,5,5,5,5.0,10,0,4
8,1,1,8,4.5,9,7,0
1,7,1,7,4.0,8,6,0
32,31,31,32,31.5,63,1,24
5,1,1,5,3.0,6,4,0
24,19,19,24,21.5,43,5,15
1,5,1,5,3.0,6,4,0
1,23,1,23,12.0,24,22,0
12,10,10,12,11.0,22,2,9
21,22,21,22,21.5,43,1,20
16,10,10,16,13.0,26,6,9
5,3,3,5,4.0,8,2,2
5,6,5,6,5.5,11,1,3
1,8,1,8,4.5,9,7,0
11,10,10,11,10.5,21,1,8
1,6,1,6,3.5,7,5,0
4,1,1,4,2.5,5,3,0
6,9,6,9,7.5,15,3,4
5,2,2,5,3.5,7,3,0
6,6,6,6,6.0,12,0,4
11,4,4,11,7.5,15,7,3
18,27,18,27,22.5,45,9,13
5,1,1,5,3.0,6,4,0
4,1,1,4,2.5,5,3,0
4,4,4,4,4.0,8,0,2
1,6,1,6,3.5,7,5,0
1,4,1,4,2.5,5,3,0
4,8,4,8,6.0,12,4,3
1,5,1,5,3.0,6,4,0
4,4,4,4,4.0,8,0,3
1,5,1,5,3.0,6,4,0
4,2,2,4,3.0,6,2,1
17,2,2,17,9.5,19,15,1
10,12,10,12,11.0,22,2,8
27,25,25,27,26.0,52,2,15
1,16,1,16,8.5,17,15,0
1,8,1,8,4.5,9,7,0
4,6,4,6,5.0,10,2,3
1,10,1,10,5.5,11,9,0
7,5,5,7,6.0,12,2,4
17,22,17,22,19.5,39,5,15
1,8,1,8,4.5,9,7,0
17,21,17,21,19.0,38,4,15
55,5,5,55,30.0,60,50,2
7,3,3,7,5.0,10,4,1
44,28,28,44,36.0,72,16,23
14,2,2,14,8.0,16,12,0
6,6,6,6,6.0,12,0,5
9,5,5,9,7.0,14,4,4
1,6,1,6,3.5,7,5,0
1,27,1,27,14.0,28,26,0
8,1,1,8,4.5,9,7,0
6,1,1,6,3.5,7,5,0
4,6,4,6,5.0,10,2,2
5,1,1,5,3.0,6,4,0
4,1,1,4,2.5,5,3,0
5,5,5,5,5.0,10,0,4
4,8,4,8,6.0,12,4,2
19,18,18,19,18.5,37,1,11
6,7,6,7,6.5,13,1,5
2,9,2,9,5.5,11,7,1
1,6,1,6,3.5,7,5,0
3,20,3,20,11.5,23,17,0
1,4,1,4,2.5,5,3,0
7,7,7,7,7.0,14,0,6
12,31,12,31,21.5,43,19,10
1,4,1,4,2.5,5,3,0
9,12,9,12,10.5,21,3,7
7,7,7,7,7.0,14,0,6
5,4,4,5,4.5,9,1,1
26,24,24,26,25.0,50,2,23
6,1,1,6,3.5,7,5,0
12,7,7,12,9.5,19,5,4
32,39,32,39,35.5,71,7,20
15,30,15,30,22.5,45,15,13
33,25,25,33,29.0,58,8,17
11,18,11,18,14.5,29,7,9
5,1,1,5,3.0,6,4,0
8,8,8,8,8.0,16,0,7
10,9,9,10,9.5,19,1,4
3,4,3,4,3.5,7,1,2
2,11,2,11,6.5,13,9,1
4,1,1,4,2.5,5,3,0
8,9,8,9,8.5,17,1,4
4,1,1,4,2.5,5,3,0
4,12,4,12,8.0,16,8,0
8,12,8,12,10.0,20,4,5
8,8,8,8,8.0,16,0,7
4,5,4,5,4.5,9,1,3
2,8,2,8,5.0,10,6,1
45,22,22,45,33.5,67,23,19
1,6,1,6,3.5,7,5,0
1,7,1,7,4.0,8,6,0
4,4,4,4,4.0,8,0,3
5,5,5,5,5.0,10,0,4
6,19,6,19,12.5,25,13,0
1,4,1,4,2.5,5,3,0
4,1,1,4,2.5,5,3,0
9,8,8,9,8.5,17,1,6
22,1,1,22,11.5,23,21,0
6,6,6,6,6.0,12,0,5
3,6,3,6,4.5,9,3,0
6,4,4,6,5.0,10,2,1
5,5,5,5,5.0,10,0,1
1,146,1,146,73.5,147,145,0
6,5,5,6,5.5,11,1,0
4,1,1,4,2.5,5,3,0
5,5,5,5,5.0,10,0,4
1,4,1,4,2.5,5,3,0
29,20,20,29,24.5,49,9,17
4,4,4,4,4.0,8,0,3
20,22,20,22,21.0,42,2,17
5,5,5,5,5.0,10,0,4
1,5,1,5,3.0,6,4,0
10,11,10,11,10.5,21,1,7
17,24,17,24,20.5,41,7,7
4,4,4,4,4.0,8,0,3
30,47,30,47,38.5,77,17,26
41,36,36,41,38.5,77,5,30
4,7,4,7,5.5,11,3,3
47,40,40,47,43.5,87,7,39
2,15,2,15,8.5,17,13,0
1,4,1,4,2.5,5,3,0
4,1,1,4,2.5,5,3,0
11,10,10,11,10.5,21,1,7
5,5,5,5,5.0,10,0,4
1,8,1,8,4.5,9,7,0
6,3,3,6,4.5,9,3,2
7,7,7,7,7.0,14,0,6
5,4,4,5,4.5,9,1,3
18,8,8,18,13.0,26,10,3
5,4,4,5,4.5,9,1,3
1,5,1,5,3.0,6,4,0
4,1,1,4,2.5,5,3,0
7,1,1,7,4.0,8,6,0
10,4,4,10,7.0,14,6,2
4,5,4,5,4.5,9,1,2
5,1,1,5,3.0,6,4,0
5,1,1,5,3.0,6,4,0
8,8,8,8,8.0,16,0,7
5,7,5,7,6.0,12,2,4
6,2,2,6,4.0,8,4,0
1,23,1,23,12.0,24,22,0
2,8,2,8,5.0,10,6,1
23,13,13,23,18.0,36,10,12
4,7,4,7,5.5,11,3,0
5,4,4,5,4.5,9,1,1
8,1,1,8,4.5,9,7,0
8,30,8,30,19.0,38,22,0
2,5,2,5,3.5,7,3,0
1,5,1,5,3.0,6,4,0
4,4,4,4,4.0,8,0,2
1,36,1,36,18.5,37,35,0
13,12,12,13,12.5,25,1,11
13,9,9,13,11.0,22,4,8
3,9,3,9,6.0,12,6,0
1,7,1,7,4.0,8,6,0
4,7,4,7,5.5,11,3,3
18,16,16,18,17.0,34,2,15
12,5,5,12,8.5,17,7,2
10,12,10,12,11.0,22,2,7
5,4,4,5,4.5,9,1,3
1,5,1,5,3.0,6,4,0
50,33,33,50,41.5,83,17,22
10,6,6,10,8.0,16,4,5
23,27,23,27,25.0,50,4,18
21,22,21,22,21.5,43,1,18
5,2,2,5,3.5,7,3,1
1,4,1,4,2.5,5,3,0
14,14,14,14,14.0,28,0,9
5,22,5,22,13.5,27,17,2
8,5,5,8,6.5,13,3,2
5,1,1,5,3.0,6,4,0
7,1,1,7,4.0,8,6,0
5,5,5,5,5.0,10,0,3
1,30,1,30,15.5,31,29,0
1,8,1,8,4.5,9,7,0
6,6,6,6,6.0,12,0,5
6,4,4,6,5.0,10,2,3
4,4,4,4,4.0,8,0,3
6,1,1,6,3.5,7,5,0
4,5,4,5,4.5,9,1,3
10,10,10,10,10.0,20,0,9
17,16,16,17,16.5,33,1,10
15,14,14,15,14.5,29,1,13
4,1,1,4,2.5,5,3,0
8,10,8,10,9.0,18,2,6
13,10,10,13,11.5,23,3,7
4,2,2,4,3.0,6,2,0
1,4,1,4,2.5,5,3,0
44,35,35,44,39.5,79,9,28
6,2,2,6,4.0,8,4,1
8,8,8,8,8.0,16,0,6
2,8,2,8,5.0,10,6,1
1,4,1,4,2.5,5,3,0
11,10,10,11,10.5,21,1,8
12,17,12,17,14.5,29,5,11
1,105,1,105,53.0,106,104,0
1,4,1,4,2.5,5,3,0
15,17,15,17,16.0,32,2,11
1,5,1,5,3.0,6,4,0
1,5,1,5,3.0,6,4,0
6,1,1,6,3.5,7,5,0
1,8,1,8,4.5,9,7,0
13,14,13,14,13.5,27,1,11
4,1,1,4,2.5,5,3,0
5,7,5,7,6.0,12,2,0
5,1,1,5,3.0,6,4,0
9,10,9,10,9.5,19,1,6
11,9,9,11,10.0,20,2,5
11,11,11,11,11.0,22,0,9
4,12,4,12,8.0,16,8,3
14,8,8,14,11.0,22,6,6
8,1,1,8,4.5,9,7,0
5,75,5,75,40.0,80,70,1
49,20,20,49,34.5,69,29,19
5,1,1,5,3.0,6,4,0
5,1,1,5,3.0,6,4,0
1,4,1,4,2.5,5,3,0
2,4,2,4,3.0,6,2,1
1,4,1,4,2.5,5,3,0
6,1,1,6,3.5,7,5,0
33,23,23,33,28.0,56,10,18
4,1,1,4,2.5,5,3,0
8,7,7,8,7.5,15,1,5
30,31,30,31,30.5,61,1,28
1,5,1,5,3.0,6,4,0
4,2,2,4,3.0,6,2,1
20,18,18,20,19.0,38,2,14
1,4,1,4,2.5,5,3,0
13,17,13,17,15.0,30,4,12
10,7,7,10,8.5,17,3,6
5,4,4,5,4.5,9,1,3
1,4,1,4,2.5,5,3,0
5,3,3,5,4.0,8,2,0
4,4,4,4,4.0,8,0,3
2,10,2,10,6.0,12,8,0
1,10,1,10,5.5,11,9,0
6,1,1,6,3.5,7,5,0
1,9,1,9,5.0,10,8,0
13,17,13,17,15.0,30,4,4
4,1,1,4,2.5,5,3,0
4,1,1,4,2.5,5,3,0
4,6,4,6,5.0,10,2,3
4,4,4,4,4.0,8,0,2
10,11,10,11,10.5,21,1,6
11,4,4,11,7.5,15,7,3
1,6,1,6,3.5,7,5,0
2,6,2,6,4.0,8,4,1
10,8,8,10,9.0,18,2,7
1,4,1,4,2.5,5,3,0
1,5,1,5,3.0,6,4,0
1,4,1,4,2.5,5,3,0
7,1,1,7,4.0,8,6,0
1,9,1,9,5.0,10,8,0
5,4,4,5,4.5,9,1,3
5,1,1,5,3.0,6,4,0
14,14,14,14,14.0,28,0,13
7,5,5,7,6.0,12,2,3
1,4,1,4,2.5,5,3,0
8,8,8,8,8.0,16,0,2
1,5,1,5,3.0,6,4,0
11,2,2,11,6.5,13,9,1
18,13,13,18,15.5,31,5,12
4,6,4,6,5.0,10,2,3
4,4,4,4,4.0,8,0,3
11,14,11,14,12.5,25,3,10
12,7,7,12,9.5,19,5,6
11,11,11,11,11.0,22,0,10
1,10,1,10,5.5,11,9,0
1,11,1,11,6.0,12,10,0
2,14,2,14,8.0,16,12,1
4,4,4,4,4.0,8,0,2
1,11,1,11,6.0,12,10,0
32,32,32,32,32.0,64,0,31
1,15,1,15,8.0,16,14,0
8,8,8,8,8.0,16,0,7
2,146,2,146,74.0,148,144,0
1,4,1,4,2.5,5,3,0
1,6,1,6,3.5,7,5,0
4,1,1,4,2.5,5,3,0
36,45,36,45,40.5,81,9,28
4,4,4,4,4.0,8,0,3
3,5,3,5,4.0,8,2,0
36,25,25,36,30.5,61,11,20
16,1,1,16,8.5,17,15,0
1,8,1,8,4.5,9,7,0
9,1,1,9,5.0,10,8,0
17,7,7,17,12.0,24,10,6
5,4,4,5,4.5,9,1,3
5,6,5,6,5.5,11,1,3
5,1,1,5,3.0,6,4,0
7,10,7,10,8.5,17,3,1
2,6,2,6,4.0,8,4,0
20,16,16,20,18.0,36,4,14
6,1,1,6,3.5,7,5,0
9,1,1,9,5.0,10,8,0
146,27,27,146,86.5,173,119,25
17,9,9,17,13.0,26,8,7
12,13,12,13,12.5,25,1,11
1,10,1,10,5.5,11,9,0
13,13,13,13,13.0,26,0,11
5,1,1,5,3.0,6,4,0
4,1,1,4,2.5,5,3,0
4,5,4,5,4.5,9,1,2
1,4,1,4,2.5,5,3,0
15,18,15,18,16.5,33,3,13
32,39,32,39,35.5,71,7,27
29,39,29,39,34.0,68,10,23
1,88,1,88,44.5,89,87,0
8,2,2,8,5.0,10,6,1
20,15,15,20,17.5,35,5,13
12,15,12,15,13.5,27,3,11
4,1,1,4,2.5,5,3,0
20,17,17,20,18.5,37,3,15
1,4,1,4,2.5,5,3,0
5,2,2,5,3.5,7,3,1
1,6,1,6,3.5,7,5,0
31,23,23,31,27.0,54,8,18
10,11,10,11,10.5,21,1,9
43,36,36,43,39.5,79,7,33
8,9,8,9,8.5,17,1,7
12,14,12,14,13.0,26,2,7
32,20,20,32,26.0,52,12,18
1,10,1,10,5.5,11,9,0
13,9,9,13,11.0,22,4,6
16,14,14,16,15.0,30,2,10
7,4,4,7,5.5,11,3,2
6,6,6,6,6.0,12,0,5
2,5,2,5,3.5,7,3,1
5,1,1,5,3.0,6,4,0
25,9,9,25,17.0,34,16,0
19,13,13,19,16.0,32,6,12
5,4,4,5,4.5,9,1,3
10,13,10,13,11.5,23,3,9
4,3,3,4,3.5,7,1,0
1,13,1,13,7.0,14,12,0
2,4,2,4,3.0,6,2,0
10,1,1,10,5.5,11,9,0
6,4,4,6,5.0,10,2,3
6,5,5,6,5.5,11,1,4
4,2,2,4,3.0,6,2,0
4,6,4,6,5.0,10,2,3
5,1,1,5,3.0,6,4,0
46,20,20,46,33.0,66,26,2
1,4,1,4,2.5,5,3,0
5,1,1,5,3.0,6,4,0
6,6,6,6,6.0,12,0,5
5,1,1,5,3.0,6,4,0
1,6,1,6,3.5,7,5,0
2,4,2,4,3.0,6,2,0
34,41,34,41,37.5,75,7,31
8,5,5,8,6.5,13,3,4
12,3,3,12,7.5,15,9,2
6,6,6,6,6.0,12,0,5
4,1,1,4,2.5,5,3,0
1,75,1,75,38.0,76,74,0
5,5,5,5,5.0,10,0,4
29,34,29,34,31.5,63,5,24
1,5,1,5,3.0,6,4,0
19,12,12,19,15.5,31,7,11
4,1,1,4,2.5,5,3,0
8,12,8,12,10.0,20,4,6
2,20,2,20,11.0,22,18,0
5,13,5,13,9.0,18,8,0
7,1,1,7,4.0,8,6,0
1,5,1,5,3.0,6,4,0
4,10,4,10,7.0,14,6,0
6,8,6,8,7.0,14,2,5
4,1,1,4,2.5,5,3,0
8,8,8,8,8.0,16,0,7
9,8,8,9,8.5,17,1,7
5,1,1,5,3.0,6,4,0
7,1,1,7,4.0,8,6,0
20,14,14,20,17.0,34,6,13
21,40,21,40,30.5,61,19,18
3,4,3,4,3.5,7,1,0
4,1,1,4,2.5,5,3,0
12,10,10,12,11.0,22,2,6
1,9,1,9,5.0,10,8,0
1,4,1,4,2.5,5,3,0
4,1,1,4,2.5,5,3,0
1,12,1,12,6.5,13,11,0
17,14,14,17,15.5,31,3,13
2,10,2,10,6.0,12,8,1
8,2,2,8,5.0,10,6,0
8,18,8,18,13.0,26,10,7
5,1,1,5,3.0,6,4,0
4,1,1,4,2.5,5,3,0
7,4,4,7,5.5,11,3,3
4,1,1,4,2.5,5,3,0
1,9,1,9,5.0,10,8,0
6,4,4,6,5.0,10,2,3
1,14,1,14,7.5,15,13,0
3,6,3,6,4.5,9,3,1
32,13,13,32,22.5,45,19,11
20,18,18,20,19.0,38,2,17
16,17,16,17,16.5,33,1,12
4,1,1,4,2.5,5,3,0
2,18,2,18,10.0,20,16,0
27,13,13,27,20.0,40,14,12
1,5,1,5,3.0,6,4,0
38,11,11,38,24.5,49,27,10
4,1,1,4,2.5,5,3,0
4,1,1,4,2.5,5,3,0
4,4,4,4,4.0,8,0,0
5,5,5,5,5.0,10,0,3
5,5,5,5,5.0,10,0,4
12,10,10,12,11.0,22,2,8
4,1,1,4,2.5,5,3,0
12,12,12,12,12.0,24,0,10
4,5,4,5,4.5,9,1,3
6,7,6,7,6.5,13,1,4
7,5,5,7,6.0,12,2,4
21,13,13,21,17.0,34,8,11
51,50,50,51,50.5,101,1,48
1,4,1,4,2.5,5,3,0
7,8,7,8,7.5,15,1,0
12,10,10,12,11.0,22,2,9
5,2,2,5,3.5,7,3,0
5,10,5,10,7.5,15,5,3
5,5,5,5,5.0,10,0,4
27,11,11,27,19.0,38,16,6
6,6,6,6,6.0,12,0,5
2,5,2,5,3.5,7,3,1
12,13,12,13,12.5,25,1,9
9,9,9,9,9.0,18,0,8
1,4,1,4,2.5,5,3,0
6,1,1,6,3.5,7,5,0
5,4,4,5,4.5,9,1,3
1,36,1,36,18.5,37,35,0
12,12,12,12,12.0,24,0,11
1,4,1,4,2.5,5,3,0
1,4,1,4,2.5,5,3,0
25,25,25,25,25.0,50,0,24
21,20,20,21,20.5,41,1,18
6,4,4,6,5.0,10,2,2
3,8,3,8,5.5,11,5,2
20,23,20,23,21.5,43,3,18
6,22,6,22,14.0,28,16,3
6,13,6,13,9.5,19,7,2
2,24,2,24,13.0,26,22,0
5,4,4,5,4.5,9,1,3
34,32,32,34,33.0,66,2,28
6,2,2,6,4.0,8,4,0
1,5,1,5,3.0,6,4,0
1,6,1,6,3.5,7,5,0
1,4,1,4,2.5,5,3,0
11,2,2,11,6.5,13,9,1
1,39,1,39,20.0,40,38,0
11,11,11,11,11.0,22,0,8
8,1,1,8,4.5,9,7,0
4,4,4,4,4.0,8,0,3
4,6,4,6,5.0,10,2,2
4,1,1,4,2.5,5,3,0
41,42,41,42,41.5,83,1,40
17,22,17,22,19.5,39,5,12
5,5,5,5,5.0,10,0,4
12,8,8,12,10.0,20,4,6
1,4,1,4,2.5,5,3,0
6,5,5,6,5.5,11,1,3
2,33,2,33,17.5,35,31,0
8,2,2,8,5.0,10,6,0
4,1,1,4,2.5,5,3,0
1,7,1,7,4.0,8,6,0
6,1,1,6,3.5,7,5,0
5,3,3,5,4.0,8,2,0
4,4,4,4,4.0,8,0,3
7,1,1,7,4.0,8,6,0
6,2,2,6,4.0,8,4,1
20,24,20,24,22.0,44,4,17
1,20,1,20,10.5,21,19,0
4,2,2,4,3.0,6,2,1
6,1,1,6,3.5,7,5,0
50,23,23,50,36.5,73,27,19
2,4,2,4,3.0,6,2,1
18,1,1,18,9.5,19,17,0
5,7,5,7,6.0,12,2,4
1,9,1,9,5.0,10,8,0
7,7,7,7,7.0,14,0,5
5,5,5,5,5.0,10,0,4
11,14,11,14,12.5,25,3,0
12,3,3,12,7.5,15,9,0
10,12,10,12,11.0,22,2,8
4,12,4,12,8.0,16,8,3
6,6,6,6,6.0,12,0,5
2,5,2,5,3.5,7,3,1
7,7,7,7,7.0,14,0,6
4,4,4,4,4.0,8,0,1
5,1,1,5,3.0,6,4,0
6,23,6,23,14.5,29,17,0
8,1,1,8,4.5,9,7,0
20,20,20,20,20.0,40,0,18
5,5,5,5,5.0,10,0,4
6,1,1,6,3.5,7,5,0
1,8,1,8,4.5,9,7,0
1,11,1,11,6.0,12,10,0
36,34,34,36,35.0,70,2,30
4,1,1,4,2.5,5,3,0
1,20,1,20,10.5,21,19,0
4,13,4,13,8.5,17,9,1
20,19,19,20,19.5,39,1,17
10,10,10,10,10.0,20,0,8
2,7,2,7,4.5,9,5,0
2,5,2,5,3.5,7,3,1
4,4,4,4,4.0,8,0,2
8,1,1,8,4.5,9,7,0
1,7,1,7,4.0,8,6,0
17,16,16,17,16.5,33,1,11
22,41,22,41,31.5,63,19,18
4,1,1,4,2.5,5,3,0
5,1,1,5,3.0,6,4,0
10,1,1,10,5.5,11,9,0
1,6,1,6,3.5,7,5,0
18,18,18,18,18.0,36,0,17
12,5,5,12,8.5,17,7,3
4,1,1,4,2.5,5,3,0
14,16,14,16,15.0,30,2,12
4,4,4,4,4.0,8,0,3
3,5,3,5,4.0,8,2,2
2,10,2,10,6.0,12,8,0
5,1,1,5,3.0,6,4,0
7,13,7,13,10.0,20,6,6
1,4,1,4,2.5,5,3,0
1,13,1,13,7.0,14,12,0
1,4,1,4,2.5,5,3,0
6,8,6,8,7.0,14,2,4
4,1,1,4,2.5,5,3,0
13,12,12,13,12.5,25,1,11
11,9,9,11,10.0,20,2,7
8,4,4,8,6.0,12,4,3
5,1,1,5,3.0,6,4,0
5,1,1,5,3.0,6,4,0
5,8,5,8,6.5,13,3,3
1,20,1,20,10.5,21,19,0
1,4,1,4,2.5,5,3,0
4,5,4,5,4.5,9,1,0
4,1,1,4,2.5,5,3,0
9,6,6,9,7.5,15,3,3
29,41,29,41,35.0,70,12,27
6,5,5,6,5.5,11,1,4
16,8,8,16,12.0,24,8,6
11,7,7,11,9.0,18,4,6
17,17,17,17,17.0,34,0,16
1,5,1,5,3.0,6,4,0
1,13,1,13,7.0,14,12,0
8,18,8,18,13.0,26,10,6
7,8,7,8,7.5,15,1,5
3,7,3,7,5.0,10,4,2
12,7,7,12,9.5,19,5,6
20,17,17,20,18.5,37,3,16
4,4,4,4,4.0,8,0,3
2,4,2,4,3.0,6,2,0
1,11,1,11,6.0,12,10,0
7,16,7,16,11.5,23,9,5
1,4,1,4,2.5,5,3,0
17,20,17,20,18.5,37,3,16
1,5,1,5,3.0,6,4,0
8,15,8,15,11.5,23,7,0
9,6,6,9,7.5,15,3,4
6,5,5,6,5.5,11,1,4
32,38,32,38,35.0,70,6,26
1,5,1,5,3.0,6,4,0
32,33,32,33,32.5,65,1,30
16,17,16,17,16.5,33,1,13
1,4,1,4,2.5,5,3,0
5,10,5,10,7.5,15,5,2
9,7,7,9,8.0,16,2,5
1,4,1,4,2.5,5,3,0
12,1,1,12,6.5,13,11,0
1,8,1,8,4.5,9,7,0
5,5,5,5,5.0,10,0,4
34,15,15,34,24.5,49,19,12
41,43,41,43,42.0,84,2,39
6,5,5,6,5.5,11,1,0
18,26,18,26,22.0,44,8,16
5,4,4,5,4.5,9,1,3
6,1,1,6,3.5,7,5,0
7,4,4,7,5.5,11,3,3
11,12,11,12,11.5,23,1,9
1,9,1,9,5.0,10,8,0
6,5,5,6,5.5,11,1,1
18,7,7,18,12.5,25,11,6
21,19,19,21,20.0,40,2,17
4,1,1,4,2.5,5,3,0
1,11,1,11,6.0,12,10,0
8,11,8,11,9.5,19,3,7
4,1,1,4,2.5,5,3,0
20,20,20,20,20.0,40,0,17
3,6,3,6,4.5,9,3,2
21,19,19,21,20.0,40,2,18
1,4,1,4,2.5,5,3,0
1,10,1,10,5.5,11,9,0
6,1,1,6,3.5,7,5,0
4,3,3,4,3.5,7,1,2
4,6,4,6,5.0,10,2,2
11,11,11,11,11.0,22,0,9
5,5,5,5,5.0,10,0,4
4,2,2,4,3.0,6,2,0
1,9,1,9,5.0,10,8,0
6,8,6,8,7.0,14,2,3
7,6,6,7,6.5,13,1,5
4,2,2,4,3.0,6,2,1
5,1,1,5,3.0,6,4,0
21,29,21,29,25.0,50,8,17
4,1,1,4,2.5,5,3,0
75,56,56,75,65.5,131,19,4
4,6,4,6,5.0,10,2,3
5,4,4,5,4.5,9,1,3
26,1,1,26,13.5,27,25,0
18,16,16,18,17.0,34,2,11
1,6,1,6,3.5,7,5,0
7,1,1,7,4.0,8,6,0
1,7,1,7,4.0,8,6,0
28,9,9,28,18.5,37,19,6
4,16,4,16,10.0,20,12,2
13,15,13,15,14.0,28,2,12
42,41,41,42,41.5,83,1,40
7,6,6,7,6.5,13,1,4
1,6,1,6,3.5,7,5,0
6,7,6,7,6.5,13,1,5
1,9,1,9,5.0,10,8,0
8,8,8,8,8.0,16,0,7
11,11,11,11,11.0,22,0,10
11,10,10,11,10.5,21,1,6
8,8,8,8,8.0,16,0,7
10,1,1,10,5.5,11,9,0
11,1,1,11,6.0,12,10,0
20,18,18,20,19.0,38,2,16
16,27,16,27,21.5,43,11,14
5,1,1,5,3.0,6,4,0
5,4,4,5,4.5,9,1,3
1,4,1,4,2.5,5,3,0
5,23,5,23,14.0,28,18,3
11,12,11,12,11.5,23,1,8
7,9,7,9,8.0,16,2,5
2,4,2,4,3.0,6,2,0
10,10,10,10,10.0,20,0,7
18,15,15,18,16.5,33,3,9
7,7,7,7,7.0,14,0,4
4,10,4,10,7.0,14,6,2
6,7,6,7,6.5,13,1,5
2,5,2,5,3.5,7,3,1
4,4,4,4,4.0,8,0,3
6,6,6,6,6.0,12,0,5
12,10,10,12,11.0,22,2,6
4,5,4,5,4.5,9,1,3
9,5,5,9,7.0,14,4,4
1,4,1,4,2.5,5,3,0
7,7,7,7,7.0,14,0,6
6,2,2,6,4.0,8,4,1
2,8,2,8,5.0,10,6,0
4,1,1,4,2.5,5,3,0
18,20,18,20,19.0,38,2,16
13,14,13,14,13.5,27,1,11
14,3,3,14,8.5,17,11,0
7,4,4,7,5.5,11,3,2
8,1,1,8,4.5,9,7,0
26,27,26,27,26.5,53,1,25
3,10,3,10,6.5,13,7,0
13,13,13,13,13.0,26,0,12
13,1,1,13,7.0,14,12,0
10,8,8,10,9.0,18,2,4
42,28,28,42,35.0,70,14,21
6,1,1,6,3.5,7,5,0
1,6,1,6,3.5,7,5,0
17,15,15,17,16.0,32,2,13
1,6,1,6,3.5,7,5,0
5,1,1,5,3.0,6,4,0
11,13,11,13,12.0,24,2,10
17,14,14,17,15.5,31,3,13
1,35,1,35,18.0,36,34,0
1,26,1,26,13.5,27,25,0
4,6,4,6,5.0,10,2,3
11,5,5,11,8.0,16,6,1
3,7,3,7,5.0,10,4,2
13,15,13,15,14.0,28,2,10
1,9,1,9,5.0,10,8,0
15,15,15,15,15.0,30,0,9
4,4,4,4,4.0,8,0,3
13,16,13,16,14.5,29,3,11
18,20,18,20,19.0,38,2,13
32,29,29,32,30.5,61,3,24
10,21,10,21,15.5,31,11,4
5,5,5,5,5.0,10,0,4
4,1,1,4,2.5,5,3,0
6,6,6,6,6.0,12,0,5
14,33,14,33,23.5,47,19,12
4,4,4,4,4.0,8,0,3
11,17,11,17,14.0,28,6,3
2,4,2,4,3.0,6,2,0
9,36,9,36,22.5,45,27,2
4,5,4,5,4.5,9,1,3
1,8,1,8,4.5,9,7,0
15,13,13,15,14.0,28,2,12
1,6,1,6,3.5,7,5,0
1,4,1,4,2.5,5,3,0
16,10,10,16,13.0,26,6,4
5,11,5,11,8.0,16,6,0
1,7,1,7,4.0,8,6,0
1,6,1,6,3.5,7,5,0
41,25,25,41,33.0,66,16,18
4,2,2,4,3.0,6,2,1
9,4,4,9,6.5,13,5,2
1,6,1,6,3.5,7,5,0
11,10,10,11,10.5,21,1,9
9,1,1,9,5.0,10,8,0
7,7,7,7,7.0,14,0,5
6,3,3,6,4.5,9,3,2
7,7,7,7,7.0,14,0,6
1,4,1,4,2.5,5,3,0
1,4,1,4,2.5,5,3,0
5,1,1,5,3.0,6,4,0
30,11,11,30,20.5,41,19,8
6,10,6,10,8.0,16,4,2
28,44,28,44,36.0,72,16,23
1,4,1,4,2.5,5,3,0
32,32,32,32,32.0,64,0,31
1,6,1,6,3.5,7,5,0
10,14,10,14,12.0,24,4,9
6,1,1,6,3.5,7,5,0
1,9,1,9,5.0,10,8,0
1,18,1,18,9.5,19,17,0
1,5,1,5,3.0,6,4,0
11,17,11,17,14.0,28,6,3
1,6,1,6,3.5,7,5,0
9,1,1,9,5.0,10,8,0
5,4,4,5,4.5,9,1,3
1,4,1,4,2.5,5,3,0
2,10,2,10,6.0,12,8,0
5,1,1,5,3.0,6,4,0
1,23,1,23,12.0,24,22,0
9,22,9,22,15.5,31,13,8
1,4,1,4,2.5,5,3,0
4,1,1,4,2.5,5,3,0
1,7,1,7,4.0,8,6,0
10,8,8,10,9.0,18,2,5
1,21,1,21,11.0,22,20,0
24,34,24,34,29.0,58,10,20
5,2,2,5,3.5,7,3,0
5,5,5,5,5.0,10,0,3
10,8,8,10,9.0,18,2,7
8,8,8,8,8.0,16,0,7
1,9,1,9,5.0,10,8,0
13,12,12,13,12.5,25,1,11
32,33,32,33,32.5,65,1,31
1,19,1,19,10.0,20,18,0
19,11,11,19,15.0,30,8,7
26,1,1,26,13.5,27,25,0
1,13,1,13,7.0,14,12,0
2,16,2,16,9.0,18,14,0
6,1,1,6,3.5,7,5,0
24,6,6,24,15.0,30,18,5
11,1,1,11,6.0,12,10,0
9,1,1,9,5.0,10,8,0
19,19,19,19,19.0,38,0,13
5,1,1,5,3.0,6,4,0
6,8,6,8,7.0,14,2,2
44,1,1,44,22.5,45,43,0
6,6,6,6,6.0,12,0,5
29,43,29,43,36.0,72,14,22
31,31,31,31,31.0,62,0,30
1,4,1,4,2.5,5,3,0
18,12,12,18,15.0,30,6,10
6,1,1,6,3.5,7,5,0
17,20,17,20,18.5,37,3,15
37,38,37,38,37.5,75,1,29
45,47,45,47,46.0,92,2,40
1,10,1,10,5.5,11,9,0
13,105,13,105,59.0,118,92,4
13,8,8,13,10.5,21,5,7
19,12,12,19,15.5,31,7,11
2,7,2,7,4.5,9,5,1
1,8,1,8,4.5,9,7,0
5,1,1,5,3.0,6,4,0
6,7,6,7,6.5,13,1,5
13,20,13,20,16.5,33,7,7
1,8,1,8,4.5,9,7,0
1,6,1,6,3.5,7,5,0
14,1,1,14,7.5,15,13,0
19,15,15,19,17.0,34,4,13
19,2,2,19,10.5,21,17,1
1,4,1,4,2.5,5,3,0
1,5,1,5,3.0,6,4,0
4,1,1,4,2.5,5,3,0
21,21,21,21,21.0,42,0,20
9,8,8,9,8.5,17,1,7
6,11,6,11,8.5,17,5,5
4,4,4,4,4.0,8,0,0
2,10,2,10,6.0,12,8,1
10,17,10,17,13.5,27,7,5
6,4,4,6,5.0,10,2,3
5,7,5,7,6.0,12,2,3
6,6,6,6,6.0,12,0,3
8,17,8,17,12.5,25,9,6
25,25,25,25,25.0,50,0,24
1,4,1,4,2.5,5,3,0
11,11,11,11,11.0,22,0,10
31,23,23,31,27.0,54,8,22
1,4,1,4,2.5,5,3,0
1,7,1,7,4.0,8,6,0
7,9,7,9,8.0,16,2,4
2,8,2,8,5.0,10,6,1
1,9,1,9,5.0,10,8,0
17,17,17,17,17.0,34,0,5
30,23,23,30,26.5,53,7,21
9,10,9,10,9.5,19,1,8
6,2,2,6,4.0,8,4,0
33,25,25,33,29.0,58,8,18
4,4,4,4,4.0,8,0,3
17,14,14,17,15.5,31,3,10
5,3,3,5,4.0,8,2,2
4,4,4,4,4.0,8,0,3
4,1,1,4,2.5,5,3,0
6,7,6,7,6.5,13,1,5
6,8,6,8,7.0,14,2,4
8,8,8,8,8.0,16,0,7
4,8,4,8,6.0,12,4,3
11,4,4,11,7.5,15,7,0
36,42,36,42,39.0,78,6,32
6,15,6,15,10.5,21,9,5
4,1,1,4,2.5,5,3,0
1,4,1,4,2.5,5,3,0
4,11,4,11,7.5,15,7,3
1,8,1,8,4.5,9,7,0
13,13,13,13,13.0,26,0,12
3,4,3,4,3.5,7,1,2
47,20,20,47,33.5,67,27,2
6,10,6,10,8.0,16,4,5
8,1,1,8,4.5,9,7,0
1,21,1,21,11.0,22,20,0
1,4,1,4,2.5,5,3,0
4,4,4,4,4.0,8,0,3
9,1,1,9,5.0,10,8,0
15,7,7,15,11.0,22,8,6
17,10,10,17,13.5,27,7,7
37,29,29,37,33.0,66,8,23
8,1,1,8,4.5,9,7,0
49,25,25,49,37.0,74,24,24
7,25,7,25,16.0,32,18,5
1,8,1,8,4.5,9,7,0
5,5,5,5,5.0,10,0,4
8,8,8,8,8.0,16,0,7
32,29,29,32,30.5,61,3,22
6,6,6,6,6.0,12,0,5
10,1,1,10,5.5,11,9,0
6,1,1,6,3.5,7,5,0
1,4,1,4,2.5,5,3,0
42,36,36,42,39.0,78,6,33
11,1,1,11,6.0,12,10,0
10,5,5,10,7.5,15,5,4
22,28,22,28,25.0,50,6,17
1,8,1,8,4.5,9,7,0
1,4,1,4,2.5,5,3,0
9,18,9,18,13.5,27,9,8
2,8,2,8,5.0,10,6,0
6,4,4,6,5.0,10,2,2
9,1,1,9,5.0,10,8,0
11,15,11,15,13.0,26,4,8
6,6,6,6,6.0,12,0,5
1,6,1,6,3.5,7,5,0
1,5,1,5,3.0,6,4,0
4,4,4,4,4.0,8,0,1
1,5,1,5,3.0,6,4,0
4,1,1,4,2.5,5,3,0
4,4,4,4,4.0,8,0,3
4,1,1,4,2.5,5,3,0
11,12,11,12,11.5,23,1,7
6,1,1,6,3.5,7,5,0
2,10,2,10,6.0,12,8,1
16,44,16,44,30.0,60,28,13
20,7,7,20,13.5,27,13,6
10,9,9,10,9.5,19,1,8
16,24,16,24,20.0,40,8,15
10,2,2,10,6.0,12,8,0
11,8,8,11,9.5,19,3,7
46,48,46,48,47.0,94,2,43
17,12,12,17,14.5,29,5,11
5,2,2,5,3.5,7,3,1
5,6,5,6,5.5,11,1,4
7,1,1,7,4.0,8,6,0
17,36,17,36,26.5,53,19,14
1,6,1,6,3.5,7,5,0
5,6,5,6,5.5,11,1,1
6,6,6,6,6.0,12,0,4
8,9,8,9,8.5,17,1,6
8,23,8,23,15.5,31,15,7
12,17,12,17,14.5,29,5,7
31,24,24,31,27.5,55,7,19
6,2,2,6,4.0,8,4,1
6,6,6,6,6.0,12,0,2
9,13,9,13,11.0,22,4,8
41,34,34,41,37.5,75,7,27
9,15,9,15,12.0,24,6,7
6,1,1,6,3.5,7,5,0
1,5,1,5,3.0,6,4,0
30,26,26,30,28.0,56,4,20
23,24,23,24,23.5,47,1,22
19,19,19,19,19.0,38,0,18
4,1,1,4,2.5,5,3,0
5,4,4,5,4.5,9,1,0
4,21,4,21,12.5,25,17,2
1,5,1,5,3.0,6,4,0
5,1,1,5,3.0,6,4,0
6,2,2,6,4.0,8,4,0
21,20,20,21,20.5,41,1,18
1,105,1,105,53.0,106,104,0
19,19,19,19,19.0,38,0,17
7,7,7,7,7.0,14,0,6
12,11,11,12,11.5,23,1,10
11,11,11,11,11.0,22,0,10
5,6,5,6,5.5,11,1,4
23,17,17,23,20.0,40,6,11
5,4,4,5,4.5,9,1,0
49,25,25,49,37.0,74,24,23
3,6,3,6,4.5,9,3,2
12,12,12,12,12.0,24,0,11
11,1,1,11,6.0,12,10,0
1,10,1,10,5.5,11,9,0
9,8,8,9,8.5,17,1,7
8,6,6,8,7.0,14,2,4
1,11,1,11,6.0,12,10,0
1,4,1,4,2.5,5,3,0
1,105,1,105,53.0,106,104,0
31,32,31,32,31.5,63,1,30
1,25,1,25,13.0,26,24,0
49,44,44,49,46.5,93,5,35
12,12,12,12,12.0,24,0,11
1,4,1,4,2.5,5,3,0
4,9,4,9,6.5,13,5,3
13,7,7,13,10.0,20,6,5
10,4,4,10,7.0,14,6,3
7,4,4,7,5.5,11,3,3
23,27,23,27,25.0,50,4,11
27,16,16,27,21.5,43,11,12
42,42,42,42,42.0,84,0,40
6,5,5,6,5.5,11,1,4
5,4,4,5,4.5,9,1,3
8,1,1,8,4.5,9,7,0
5,6,5,6,5.5,11,1,0
1,5,1,5,3.0,6,4,0
6,2,2,6,4.0,8,4,0
4,4,4,4,4.0,8,0,3
15,20,15,20,17.5,35,5,11
9,8,8,9,8.5,17,1,5
4,4,4,4,4.0,8,0,3
1,77,1,77,39.0,78,76,0
5,1,1,5,3.0,6,4,0
4,5,4,5,4.5,9,1,3
6,1,1,6,3.5,7,5,0
1,9,1,9,5.0,10,8,0
1,11,1,11,6.0,12,10,0
13,9,9,13,11.0,22,4,8
12,13,12,13,12.5,25,1,11
1,7,1,7,4.0,8,6,0
4,1,1,4,2.5,5,3,0
5,18,5,18,11.5,23,13,1
27,23,23,27,25.0,50,4,21
35,10,10,35,22.5,45,25,5
8,2,2,8,5.0,10,6,0
26,18,18,26,22.0,44,8,13
15,10,10,15,12.5,25,5,8
1,4,1,4,2.5,5,3,0
4,4,4,4,4.0,8,0,3
10,3,3,10,6.5,13,7,0
5,3,3,5,4.0,8,2,2
23,19,19,23,21.0,42,4,17
2,5,2,5,3.5,7,3,1
4,1,1,4,2.5,5,3,0
31,40,31,40,35.5,71,9,27
19,19,19,19,19.0,38,0,17
27,39,27,39,33.0,66,12,23
1,16,1,16,8.5,17,15,0
14,2,2,14,8.0,16,12,1
19,14,14,19,16.5,33,5,9
20,21,20,21,20.5,41,1,19
55,17,17,55,36.0,72,38,10
6,5,5,6,5.5,11,1,4
21,25,21,25,23.0,46,4,20
1,7,1,7,4.0,8,6,0
9,8,8,9,8.5,17,1,4
16,11,11,16,13.5,27,5,7
36,23,23,36,29.5,59,13,18
37,48,37,48,42.5,85,11,35
1,5,1,5,3.0,6,4,0
7,1,1,7,4.0,8,6,0
5,1,1,5,3.0,6,4,0
9,8,8,9,8.5,17,1,6
14,14,14,14,14.0,28,0,13
19,6,6,19,12.5,25,13,5
1,4,1,4,2.5,5,3,0
2,4,2,4,3.0,6,2,0
33,22,22,33,27.5,55,11,19
4,1,1,4,2.5,5,3,0
6,1,1,6,3.5,7,5,0
11,5,5,11,8.0,16,6,4
30,49,30,49,39.5,79,19,25
18,7,7,18,12.5,25,11,6
1,5,1,5,3.0,6,4,0
5,1,1,5,3.0,6,4,0
3,12,3,12,7.5,15,9,1
25,31,25,31,28.0,56,6,23
5,1,1,5,3.0,6,4,0
7,7,7,7,7.0,14,0,6
6,5,5,6,5.5,11,1,4
14,13,13,14,13.5,27,1,12
13,1,1,13,7.0,14,12,0
1,8,1,8,4.5,9,7,0
5,1,1,5,3.0,6,4,0
19,21,19,21,20.0,40,2,15
13,16,13,16,14.5,29,3,11
54,25,25,54,39.5,79,29,22
4,2,2,4,3.0,6,2,0
9,2,2,9,5.5,11,7,1
2,7,2,7,4.5,9,5,0
1,9,1,9,5.0,10,8,0
5,1,1,5,3.0,6,4,0
20,16,16,20,18.0,36,4,11
45,43,43,45,44.0,88,2,33
4,1,1,4,2.5,5,3,0
1,5,1,5,3.0,6,4,0
7,1,1,7,4.0,8,6,0
5,4,4,5,4.5,9,1,3
4,16,4,16,10.0,20,12,3
22,31,22,31,26.5,53,9,21
1,8,1,8,4.5,9,7,0
8,12,8,12,10.0,20,4,7
6,7,6,7,6.5,13,1,5
12,22,12,22,17.0,34,10,7
8,3,3,8,5.5,11,5,2
19,20,19,20,19.5,39,1,18
1,6,1,6,3.5,7,5,0
25,28,25,28,26.5,53,3,20
5,6,5,6,5.5,11,1,4
11,11,11,11,11.0,22,0,9
42,51,42,51,46.5,93,9,25
1,5,1,5,3.0,6,4,0
8,7,7,8,7.5,15,1,6
5,5,5,5,5.0,10,0,4
11,8,8,11,9.5,19,3,7
10,6,6,10,8.0,16,4,5
13,10,10,13,11.5,23,3,8
1,4,1,4,2.5,5,3,0
12,8,8,12,10.0,20,4,5
27,27,27,27,27.0,54,0,26
1,25,1,25,13.0,26,24,0
4,4,4,4,4.0,8,0,3
1,12,1,12,6.5,13,11,0
3,5,3,5,4.0,8,2,2
17,14,14,17,15.5,31,3,13
4,3,3,4,3.5,7,1,2
14,24,14,24,19.0,38,10,9
6,5,5,6,5.5,11,1,3
39,35,35,39,37.0,74,4,32
14,13,13,14,13.5,27,1,12
14,15,14,15,14.5,29,1,6
10,5,5,10,7.5,15,5,4
7,1,1,7,4.0,8,6,0
1,7,1,7,4.0,8,6,0
11,13,11,13,12.0,24,2,10
10,10,10,10,10.0,20,0,9
4,1,1,4,2.5,5,3,0
1,5,1,5,3.0,6,4,0
6,4,4,6,5.0,10,2,3
21,32,21,32,26.5,53,11,20
1,10,1,10,5.5,11,9,0
5,6,5,6,5.5,11,1,0
8,1,1,8,4.5,9,7,0
7,1,1,7,4.0,8,6,0
5,2,2,5,3.5,7,3,0
5,2,2,5,3.5,7,3,1
17,1,1,17,9.0,18,16,0
16,19,16,19,17.5,35,3,14
11,8,8,11,9.5,19,3,7
5,6,5,6,5.5,11,1,4
10,4,4,10,7.0,14,6,2
9,1,1,9,5.0,10,8,0
1,4,1,4,2.5,5,3,0
1,5,1,5,3.0,6,4,0
7,6,6,7,6.5,13,1,5
49,10,10,49,29.5,59,39,9
1,5,1,5,3.0,6,4,0
4,5,4,5,4.5,9,1,3
1,8,1,8,4.5,9,7,0
2,33,2,33,17.5,35,31,0
9,13,9,13,11.0,22,4,8
8,3,3,8,5.5,11,5,0
10,2,2,10,6.0,12,8,1
15,17,15,17,16.0,32,2,14
1,6,1,6,3.5,7,5,0
9,10,9,10,9.5,19,1,8
1,11,1,11,6.0,12,10,0
29,18,18,29,23.5,47,11,15
7,1,1,7,4.0,8,6,0
1,6,1,6,3.5,7,5,0
16,2,2,16,9.0,18,14,1
8,10,8,10,9.0,18,2,7
1,11,1,11,6.0,12,10,0
4,1,1,4,2.5,5,3,0
1,4,1,4,2.5,5,3,0
1,107,1,107,54.0,108,106,0
1,4,1,4,2.5,5,3,0
2,5,2,5,3.5,7,3,1
10,5,5,10,7.5,15,5,4
6,1,1,6,3.5,7,5,0
5,5,5,5,5.0,10,0,4
4,1,1,4,2.5,5,3,0
4,1,1,4,2.5,5,3,0
1,7,1,7,4.0,8,6,0
1,9,1,9,5.0,10,8,0
9,2,2,9,5.5,11,7,1
1,5,1,5,3.0,6,4,0
18,14,14,18,16.0,32,4,13
6,6,6,6,6.0,12,0,2
5,2,2,5,3.5,7,3,0
3,5,3,5,4.0,8,2,2
7,6,6,7,6.5,13,1,5
20,19,19,20,19.5,39,1,18
5,6,5,6,5.5,11,1,4
5,5,5,5,5.0,10,0,0
7,21,7,21,14.0,28,14,5
19,19,19,19,19.0,38,0,18
4,5,4,5,4.5,9,1,3
5,5,5,5,5.0,10,0,3
4,1,1,4,2.5,5,3,0
10,1,1,10,5.5,11,9,0
1,34,1,34,17.5,35,33,0
25,27,25,27,26.0,52,2,20
6,6,6,6,6.0,12,0,5
5,5,5,5,5.0,10,0,2
1,13,1,13,7.0,14,12,0
1,4,1,4,2.5,5,3,0
5,4,4,5,4.5,9,1,3
11,6,6,11,8.5,17,5,4
2,11,2,11,6.5,13,9,0
1,19,1,19,10.0,20,18,0
4,1,1,4,2.5,5,3,0
4,3,3,4,3.5,7,1,2
1,4,1,4,2.5,5,3,0
5,4,4,5,4.5,9,1,3
8,8,8,8,8.0,16,0,5
6,5,5,6,5.5,11,1,4
6,6,6,6,6.0,12,0,5
15,15,15,15,15.0,30,0,11
1,5,1,5,3.0,6,4,0
9,1,1,9,5.0,10,8,0
7,5,5,7,6.0,12,2,3
2,4,2,4,3.0,6,2,1
5,7,5,7,6.0,12,2,3
5,5,5,5,5.0,10,0,4
11,8,8,11,9.5,19,3,5
12,12,12,12,12.0,24,0,11
1,5,1,5,3.0,6,4,0
8,9,8,9,8.5,17,1,7
20,16,16,20,18.0,36,4,13
14,14,14,14,14.0,28,0,13
10,8,8,10,9.0,18,2,7
1,6,1,6,3.5,7,5,0
5,6,5,6,5.5,11,1,3
1,4,1,4,2.5,5,3,0
1,35,1,35,18.0,36,34,0
5,1,1,5,3.0,6,4,0
1,4,1,4,2.5,5,3,0
4,5,4,5,4.5,9,1,3
7,4,4,7,5.5,11,3,2
37,16,16,37,26.5,53,21,12
6,6,6,6,6.0,12,0,4
49,50,49,50,49.5,99,1,48
11,13,11,13,12.0,24,2,8
18,21,18,21,19.5,39,3,17
23,20,20,23,21.5,43,3,18
6,8,6,8,7.0,14,2,2
8,4,4,8,6.0,12,4,3
4,5,4,5,4.5,9,1,0
12,11,11,12,11.5,23,1,9
10,9,9,10,9.5,19,1,8
4,4,4,4,4.0,8,0,3
9,2,2,9,5.5,11,7,0
4,1,1,4,2.5,5,3,0
4,4,4,4,4.0,8,0,2
5,12,5,12,8.5,17,7,0
19,7,7,19,13.0,26,12,6
5,5,5,5,5.0,10,0,0
21,16,16,21,18.5,37,5,11
20,28,20,28,24.0,48,8,19
4,1,1,4,2.5,5,3,0
26,24,24,26,25.0,50,2,22
4,1,1,4,2.5,5,3,0
10,8,8,10,9.0,18,2,6
4,5,4,5,4.5,9,1,1
8,5,5,8,6.5,13,3,4
8,1,1,8,4.5,9,7,0
5,5,5,5,5.0,10,0,4
16,10,10,16,13.0,26,6,9
2,4,2,4,3.0,6,2,1
1,6,1,6,3.5,7,5,0
1,11,1,11,6.0,12,10,0
8,12,8,12,10.0,20,4,0
4,5,4,5,4.5,9,1,3
28,27,27,28,27.5,55,1,25
5,1,1,5,3.0,6,4,0
7,1,1,7,4.0,8,6,0
4,1,1,4,2.5,5,3,0
8,1,1,8,4.5,9,7,0
1,4,1,4,2.5,5,3,0
8,6,6,8,7.0,14,2,4
13,15,13,15,14.0,28,2,11
37,26,26,37,31.5,63,11,23
10,9,9,10,9.5,19,1,8
7,1,1,7,4.0,8,6,0
1,36,1,36,18.5,37,35,0
16,9,9,16,12.5,25,7,6
6,1,1,6,3.5,7,5,0
23,27,23,27,25.0,50,4,16
1,13,1,13,7.0,14,12,0
1,4,1,4,2.5,5,3,0
7,7,7,7,7.0,14,0,6
5,5,5,5,5.0,10,0,4
2,17,2,17,9.5,19,15,0
7,3,3,7,5.0,10,4,2
23,23,23,23,23.0,46,0,22
6,9,6,9,7.5,15,3,3
21,24,21,24,22.5,45,3,20
4,4,4,4,4.0,8,0,3
1,4,1,4,2.5,5,3,0
4,16,4,16,10.0,20,12,3
4,1,1,4,2.5,5,3,0
5,1,1,5,3.0,6,4,0
8,17,8,17,12.5,25,9,6
5,2,2,5,3.5,7,3,1
2,4,2,4,3.0,6,2,1
12,23,12,23,17.5,35,11,11
18,26,18,26,22.0,44,8,14
4,1,1,4,2.5,5,3,0
10,9,9,10,9.5,19,1,6
9,9,9,9,9.0,18,0,8
9,3,3,9,6.0,12,6,2
6,5,5,6,5.5,11,1,2
3,10,3,10,6.5,13,7,1
5,9,5,9,7.0,14,4,3
8,9,8,9,8.5,17,1,7
11,11,11,11,11.0,22,0,9
4,1,1,4,2.5,5,3,0
1,5,1,5,3.0,6,4,0
1,4,1,4,2.5,5,3,0
1,4,1,4,2.5,5,3,0
9,14,9,14,11.5,23,5,8
5,1,1,5,3.0,6,4,0
7,11,7,11,9.0,18,4,6
29,32,29,32,30.5,61,3,23
3,6,3,6,4.5,9,3,1
4,1,1,4,2.5,5,3,0
17,12,12,17,14.5,29,5,10
2,6,2,6,4.0,8,4,1
1,4,1,4,2.5,5,3,0
6,1,1,6,3.5,7,5,0
2,8,2,8,5.0,10,6,0
4,1,1,4,2.5,5,3,0
8,14,8,14,11.0,22,6,5
1,4,1,4,2.5,5,3,0
4,4,4,4,4.0,8,0,3
6,1,1,6,3.5,7,5,0
1,8,1,8,4.5,9,7,0
42,48,42,48,45.0,90,6,33
5,5,5,5,5.0,10,0,0
1,146,1,146,73.5,147,145,0
24,21,21,24,22.5,45,3,18
6,2,2,6,4.0,8,4,0
4,4,4,4,4.0,8,0,0
7,4,4,7,5.5,11,3,3
8,1,1,8,4.5,9,7,0
15,15,15,15,15.0,30,0,13
5,6,5,6,5.5,11,1,4
1,4,1,4,2.5,5,3,0
13,18,13,18,15.5,31,5,8
4,1,1,4,2.5,5,3,0
14,13,13,14,13.5,27,1,11
1,4,1,4,2.5,5,3,0
13,16,13,16,14.5,29,3,11
7,7,7,7,7.0,14,0,4
5,1,1,5,3.0,6,4,0
29,11,11,29,20.0,40,18,0
1,26,1,26,13.5,27,25,0
6,5,5,6,5.5,11,1,0
4,3,3,4,3.5,7,1,2
19,19,19,19,19.0,38,0,16
19,22,19,22,20.5,41,3,15
12,9,9,12,10.5,21,3,6
20,35,20,35,27.5,55,15,13
42,28,28,42,35.0,70,14,25
21,15,15,21,18.0,36,6,12
19,15,15,19,17.0,34,4,14
2,4,2,4,3.0,6,2,1
21,21,21,21,21.0,42,0,18
1,12,1,12,6.5,13,11,0
25,24,24,25,24.5,49,1,23
4,3,3,4,3.5,7,1,2
4,1,1,4,2.5,5,3,0
21,23,21,23,22.0,44,2,16
1,7,1,7,4.0,8,6,0
4,5,4,5,4.5,9,1,3
12,1,1,12,6.5,13,11,0
11,8,8,11,9.5,19,3,7
11,7,7,11,9.0,18,4,1
25,10,10,25,17.5,35,15,9
17,11,11,17,14.0,28,6,5
11,3,3,11,7.0,14,8,2
19,12,12,19,15.5,31,7,6
30,33,30,33,31.5,63,3,29
20,1,1,20,10.5,21,19,0
1,5,1,5,3.0,6,4,0
29,23,23,29,26.0,52,6,21
10,6,6,10,8.0,16,4,5
8,6,6,8,7.0,14,2,4
7,8,7,8,7.5,15,1,3
1,26,1,26,13.5,27,25,0
6,5,5,6,5.5,11,1,4
5,6,5,6,5.5,11,1,3
4,1,1,4,2.5,5,3,0
3,6,3,6,4.5,9,3,2
11,1,1,11,6.0,12,10,0
6,4,4,6,5.0,10,2,1
23,33,23,33,28.0,56,10,14
4,1,1,4,2.5,5,3,0
17,9,9,17,13.0,26,8,7
11,13,11,13,12.0,24,2,9
2,8,2,8,5.0,10,6,0
36,26,26,36,31.0,62,10,25
50,44,44,50,47.0,94,6,26
8,8,8,8,8.0,16,0,6
5,2,2,5,3.5,7,3,1
6,5,5,6,5.5,11,1,4
2,4,2,4,3.0,6,2,1
1,5,1,5,3.0,6,4,0
42,38,38,42,40.0,80,4,32
11,11,11,11,11.0,22,0,8
1,4,1,4,2.5,5,3,0
6,6,6,6,6.0,12,0,5
14,12,12,14,13.0,26,2,11
1,5,1,5,3.0,6,4,0
32,32,32,32,32.0,64,0,30
2,5,2,5,3.5,7,3,0
1,5,1,5,3.0,6,4,0
5,1,1,5,3.0,6,4,0
11,10,10,11,10.5,21,1,9
7,5,5,7,6.0,12,2,4
4,7,4,7,5.5,11,3,3
2,4,2,4,3.0,6,2,0
7,7,7,7,7.0,14,0,5
6,1,1,6,3.5,7,5,0
18,16,16,18,17.0,34,2,12
18,14,14,18,16.0,32,4,13
11,7,7,11,9.0,18,4,6
17,17,17,17,17.0,34,0,12
6,5,5,6,5.5,11,1,0
5,4,4,5,4.5,9,1,2
5,5,5,5,5.0,10,0,4
25,13,13,25,19.0,38,12,9
9,1,1,9,5.0,10,8,0
14,17,14,17,15.5,31,3,13
19,27,19,27,23.0,46,8,13
17,1,1,17,9.0,18,16,0
18,19,18,19,18.5,37,1,17
1,5,1,5,3.0,6,4,0
2,19,2,19,10.5,21,17,0
4,5,4,5,4.5,9,1,3
6,1,1,6,3.5,7,5,0
13,2,2,13,7.5,15,11,0
23,31,23,31,27.0,54,8,13
24,18,18,24,21.0,42,6,13
4,1,1,4,2.5,5,3,0
29,19,19,29,24.0,48,10,15
4,1,1,4,2.5,5,3,0
4,4,4,4,4.0,8,0,3
1,4,1,4,2.5,5,3,0
13,11,11,13,12.0,24,2,7
2,5,2,5,3.5,7,3,1
20,13,13,20,16.5,33,7,10
7,8,7,8,7.5,15,1,6
4,12,4,12,8.0,16,8,2
3,5,3,5,4.0,8,2,2
4,2,2,4,3.0,6,2,1
19,22,19,22,20.5,41,3,18
6,7,6,7,6.5,13,1,5
11,16,11,16,13.5,27,5,10
6,1,1,6,3.5,7,5,0
39,24,24,39,31.5,63,15,23
1,6,1,6,3.5,7,5,0
1,8,1,8,4.5,9,7,0
1,4,1,4,2.5,5,3,0
19,17,17,19,18.0,36,2,15
10,4,4,10,7.0,14,6,2
39,32,32,39,35.5,71,7,29
6,6,6,6,6.0,12,0,4
4,3,3,4,3.5,7,1,2
17,23,17,23,20.0,40,6,12
7,6,6,7,6.5,13,1,3
17,17,17,17,17.0,34,0,16
7,7,7,7,7.0,14,0,6
19,10,10,19,14.5,29,9,7
4,4,4,4,4.0,8,0,3
3,5,3,5,4.0,8,2,2
5,13,5,13,9.0,18,8,2
1,4,1,4,2.5,5,3,0
4,1,1,4,2.5,5,3,0
7,5,5,7,6.0,12,2,4
7,4,4,7,5.5,11,3,1
4,4,4,4,4.0,8,0,3
7,8,7,8,7.5,15,1,5
10,1,1,10,5.5,11,9,0
15,19,15,19,17.0,34,4,14
21,21,21,21,21.0,42,0,19
2,10,2,10,6.0,12,8,1
17,1,1,17,9.0,18,16,0
2,5,2,5,3.5,7,3,0
7,5,5,7,6.0,12,2,4
1,16,1,16,8.5,17,15,0
4,5,4,5,4.5,9,1,2
30,20,20,30,25.0,50,10,19
13,13,13,13,13.0,26,0,12
1,9,1,9,5.0,10,8,0
6,5,5,6,5.5,11,1,2
1,6,1,6,3.5,7,5,0
17,26,17,26,21.5,43,9,16
3,10,3,10,6.5,13,7,2
1,4,1,4,2.5,5,3,0
5,22,5,22,13.5,27,17,4
1,4,1,4,2.5,5,3,0
20,20,20,20,20.0,40,0,17
4,3,3,4,3.5,7,1,2
4,14,4,14,9.0,18,10,1
32,18,18,32,25.0,50,14,16
18,9,9,18,13.5,27,9,6
5,1,1,5,3.0,6,4,0
18,23,18,23,20.5,41,5,16
6,1,1,6,3.5,7,5,0
1,4,1,4,2.5,5,3,0
11,10,10,11,10.5,21,1,5
5,9,5,9,7.0,14,4,4
5,1,1,5,3.0,6,4,0
29,33,29,33,31.0,62,4,25
1,4,1,4,2.5,5,3,0
3,4,3,4,3.5,7,1,2
4,4,4,4,4.0,8,0,2
5,6,5,6,5.5,11,1,4
4,5,4,5,4.5,9,1,3
6,1,1,6,3.5,7,5,0
1,7,1,7,4.0,8,6,0
1,4,1,4,2.5,5,3,0
1,5,1,5,3.0,6,4,0
1,38,1,38,19.5,39,37,0
34,41,34,41,37.5,75,7,24
6,5,5,6,5.5,11,1,4
21,31,21,31,26.0,52,10,19
21,16,16,21,18.5,37,5,14
4,1,1,4,2.5,5,3,0
5,1,1,5,3.0,6,4,0
1,13,1,13,7.0,14,12,0
11,1,1,11,6.0,12,10,0
1,4,1,4,2.5,5,3,0
1,5,1,5,3.0,6,4,0
11,13,11,13,12.0,24,2,10
10,17,10,17,13.5,27,7,6
1,8,1,8,4.5,9,7,0
7,1,1,7,4.0,8,6,0
7,4,4,7,5.5,11,3,1
20,31,20,31,25.5,51,11,15
5,7,5,7,6.0,12,2,4
1,9,1,9,5.0,10,8,0
4,9,4,9,6.5,13,5,2
20,24,20,24,22.0,44,4,18
43,40,40,43,41.5,83,3,39
6,1,1,6,3.5,7,5,0
18,19,18,19,18.5,37,1,17
5,4,4,5,4.5,9,1,3
1,107,1,107,54.0,108,106,0
4,1,1,4,2.5,5,3,0
4,4,4,4,4.0,8,0,3
19,15,15,19,17.0,34,4,14
4,1,1,4,2.5,5,3,0
11,9,9,11,10.0,20,2,8
6,5,5,6,5.5,11,1,4
8,5,5,8,6.5,13,3,4
1,8,1,8,4.5,9,7,0
6,3,3,6,4.5,9,3,0
8,7,7,8,7.5,15,1,6
6,6,6,6,6.0,12,0,5
1,5,1,5,3.0,6,4,0
1,39,1,39,20.0,40,38,0
26,26,26,26,26.0,52,0,25
23,24,23,24,23.5,47,1,22
4,1,1,4,2.5,5,3,0
4,4,4,4,4.0,8,0,0
2,15,2,15,8.5,17,13,0
9,6,6,9,7.5,15,3,4
6,12,6,12,9.0,18,6,3
7,6,6,7,6.5,13,1,5
10,10,10,10,10.0,20,0,9
3,4,3,4,3.5,7,1,2
9,9,9,9,9.0,18,0,3
15,5,5,15,10.0,20,10,4
5,3,3,5,4.0,8,2,2
6,7,6,7,6.5,13,1,4
15,2,2,15,8.5,17,13,1
12,14,12,14,13.0,26,2,11
26,15,15,26,20.5,41,11,10
1,5,1,5,3.0,6,4,0
4,5,4,5,4.5,9,1,0
9,8,8,9,8.5,17,1,6
12,12,12,12,12.0,24,0,11
13,15,13,15,14.0,28,2,12
1,4,1,4,2.5,5,3,0
6,1,1,6,3.5,7,5,0
18,13,13,18,15.5,31,5,11
4,1,1,4,2.5,5,3,0
1,10,1,10,5.5,11,9,0
4,1,1,4,2.5,5,3,0
7,5,5,7,6.0,12,2,2
6,1,1,6,3.5,7,5,0
16,29,16,29,22.5,45,13,6
11,8,8,11,9.5,19,3,5
2,5,2,5,3.5,7,3,0
15,1,1,15,8.0,16,14,0
6,1,1,6,3.5,7,5,0
1,17,1,17,9.0,18,16,0
12,11,11,12,11.5,23,1,5
1,12,1,12,6.5,13,11,0
11,11,11,11,11.0,22,0,10
24,18,18,24,21.0,42,6,16
29,22,22,29,25.5,51,7,15
32,17,17,32,24.5,49,15,13
6,1,1,6,3.5,7,5,0
7,7,7,7,7.0,14,0,6
1,5,1,5,3.0,6,4,0
8,9,8,9,8.5,17,1,7
1,19,1,19,10.0,20,18,0
9,5,5,9,7.0,14,4,4
4,4,4,4,4.0,8,0,3
18,13,13,18,15.5,31,5,11
26,13,13,26,19.5,39,13,3
4,3,3,4,3.5,7,1,2
1,65,1,65,33.0,66,64,0
12,7,7,12,9.5,19,5,1
9,1,1,9,5.0,10,8,0
14,17,14,17,15.5,31,3,13
17,11,11,17,14.0,28,6,8
7,5,5,7,6.0,12,2,0
4,9,4,9,6.5,13,5,3
4,6,4,6,5.0,10,2,3
4,4,4,4,4.0,8,0,2
1,6,1,6,3.5,7,5,0
54,34,34,54,44.0,88,20,27
7,9,7,9,8.0,16,2,6
11,13,11,13,12.0,24,2,8
2,4,2,4,3.0,6,2,1
1,7,1,7,4.0,8,6,0
13,13,13,13,13.0,26,0,12
1,4,1,4,2.5,5,3,0
2,6,2,6,4.0,8,4,0
1,4,1,4,2.5,5,3,0
11,12,11,12,11.5,23,1,8
24,20,20,24,22.0,44,4,17
21,20,20,21,20.5,41,1,18
2,38,2,38,20.0,40,36,0
38,28,28,38,33.0,66,10,25
37,17,17,37,27.0,54,20,12
16,1,1,16,8.5,17,15,0
8,6,6,8,7.0,14,2,4
5,5,5,5,5.0,10,0,4
5,5,5,5,5.0,10,0,1
2,5,2,5,3.5,7,3,1
2,11,2,11,6.5,13,9,0
24,24,24,24,24.0,48,0,23
4,1,1,4,2.5,5,3,0
4,7,4,7,5.5,11,3,2
6,6,6,6,6.0,12,0,5
8,16,8,16,12.0,24,8,7
5,5,5,5,5.0,10,0,2
1,6,1,6,3.5,7,5,0
1,13,1,13,7.0,14,12,0
11,9,9,11,10.0,20,2,6
5,1,1,5,3.0,6,4,0
23,27,23,27,25.0,50,4,19
7,7,7,7,7.0,14,0,6
4,1,1,4,2.5,5,3,0
14,17,14,17,15.5,31,3,12
44,43,43,44,43.5,87,1,33
2,4,2,4,3.0,6,2,1
2,5,2,5,3.5,7,3,1
18,18,18,18,18.0,36,0,17
1,4,1,4,2.5,5,3,0
5,1,1,5,3.0,6,4,0
1,16,1,16,8.5,17,15,0
4,7,4,7,5.5,11,3,2
20,21,20,21,20.5,41,1,18
5,5,5,5,5.0,10,0,4
12,12,12,12,12.0,24,0,11
5,5,5,5,5.0,10,0,0
1,9,1,9,5.0,10,8,0
1,4,1,4,2.5,5,3,0
4,1,1,4,2.5,5,3,0
21,18,18,21,19.5,39,3,17
26,27,26,27,26.5,53,1,25
6,1,1,6,3.5,7,5,0
1,13,1,13,7.0,14,12,0
7,1,1,7,4.0,8,6,0
4,1,1,4,2.5,5,3,0
12,1,1,12,6.5,13,11,0
4,2,2,4,3.0,6,2,1
5,1,1,5,3.0,6,4,0
4,1,1,4,2.5,5,3,0
2,4,2,4,3.0,6,2,1
1,4,1,4,2.5,5,3,0
25,25,25,25,25.0,50,0,24
1,7,1,7,4.0,8,6,0
19,21,19,21,20.0,40,2,16
2,8,2,8,5.0,10,6,0
10,14,10,14,12.0,24,4,0
5,6,5,6,5.5,11,1,0
18,17,17,18,17.5,35,1,10
8,1,1,8,4.5,9,7,0
5,3,3,5,4.0,8,2,0
17,9,9,17,13.0,26,8,7
1,66,1,66,33.5,67,65,0
37,34,34,37,35.5,71,3,33
11,12,11,12,11.5,23,1,9
6,6,6,6,6.0,12,0,5
25,26,25,26,25.5,51,1,18
4,12,4,12,8.0,16,8,0
5,5,5,5,5.0,10,0,4
4,7,4,7,5.5,11,3,2
21,20,20,21,20.5,41,1,19
14,6,6,14,10.0,20,8,4
2,8,2,8,5.0,10,6,1
5,5,5,5,5.0,10,0,3
9,8,8,9,8.5,17,1,7
1,7,1,7,4.0,8,6,0
1,5,1,5,3.0,6,4,0
5,1,1,5,3.0,6,4,0
7,8,7,8,7.5,15,1,6
1,6,1,6,3.5,7,5,0
32,33,32,33,32.5,65,1,30
2,7,2,7,4.5,9,5,0
27,1,1,27,14.0,28,26,0
1,4,1,4,2.5,5,3,0
7,1,1,7,4.0,8,6,0
3,5,3,5,4.0,8,2,1
4,1,1,4,2.5,5,3,0
1,4,1,4,2.5,5,3,0
4,1,1,4,2.5,5,3,0
1,8,1,8,4.5,9,7,0
9,6,6,9,7.5,15,3,5
1,25,1,25,13.0,26,24,0
5,5,5,5,5.0,10,0,3
7,7,7,7,7.0,14,0,6
1,5,1,5,3.0,6,4,0
1,7,1,7,4.0,8,6,0
11,11,11,11,11.0,22,0,10
12,11,11,12,11.5,23,1,9
5,1,1,5,3.0,6,4,0
9,2,2,9,5.5,11,7,1
2,5,2,5,3.5,7,3,1
8,12,8,12,10.0,20,4,7
11,9,9,11,10.0,20,2,8
5,5,5,5,5.0,10,0,3
38,23,23,38,30.5,61,15,19
9,8,8,9,8.5,17,1,4
30,26,26,30,28.0,56,4,24
8,8,8,8,8.0,16,0,7
4,2,2,4,3.0,6,2,0
8,21,8,21,14.5,29,13,5
4,4,4,4,4.0,8,0,3
3,8,3,8,5.5,11,5,2
1,6,1,6,3.5,7,5,0
21,21,21,21,21.0,42,0,18
6,2,2,6,4.0,8,4,1
11,14,11,14,12.5,25,3,10
16,8,8,16,12.0,24,8,7
1,5,1,5,3.0,6,4,0
16,12,12,16,14.0,28,4,11
4,4,4,4,4.0,8,0,3
9,7,7,9,8.0,16,2,4
5,1,1,5,3.0,6,4,0
13,29,13,29,21.0,42,16,11
36,14,14,36,25.0,50,22,13
6,6,6,6,6.0,12,0,5
1,5,1,5,3.0,6,4,0
1,4,1,4,2.5,5,3,0
7,4,4,7,5.5,11,3,0
13,12,12,13,12.5,25,1,11
13,11,11,13,12.0,24,2,9
1,7,1,7,4.0,8,6,0
6,10,6,10,8.0,16,4,2
8,8,8,8,8.0,16,0,7
3,11,3,11,7.0,14,8,2
4,8,4,8,6.0,12,4,3
5,1,1,5,3.0,6,4,0
8,10,8,10,9.0,18,2,6
23,40,23,40,31.5,63,17,20
4,1,1,4,2.5,5,3,0
11,19,11,19,15.0,30,8,7
4,1,1,4,2.5,5,3,0
42,41,41,42,41.5,83,1,39
30,12,12,30,21.0,42,18,11
4,4,4,4,4.0,8,0,2
31,32,31,32,31.5,63,1,30
8,2,2,8,5.0,10,6,0
6,5,5,6,5.5,11,1,4
32,23,23,32,27.5,55,9,19
1,4,1,4,2.5,5,3,0
11,8,8,11,9.5,19,3,5
6,1,1,6,3.5,7,5,0
5,7,5,7,6.0,12,2,2
5,5,5,5,5.0,10,0,4
4,5,4,5,4.5,9,1,3
5,4,4,5,4.5,9,1,2
32,20,20,32,26.0,52,12,19
7,22,7,22,14.5,29,15,4
5,5,5,5,5.0,10,0,0
19,10,10,19,14.5,29,9,9
5,8,5,8,6.5,13,3,2
4,1,1,4,2.5,5,3,0
4,4,4,4,4.0,8,0,3
7,1,1,7,4.0,8,6,0
10,8,8,10,9.0,18,2,7
18,22,18,22,20.0,40,4,15
9,8,8,9,8.5,17,1,7
20,12,12,20,16.0,32,8,9
4,1,1,4,2.5,5,3,0
5,5,5,5,5.0,10,0,2
46,48,46,48,47.0,94,2,43
18,9,9,18,13.5,27,9,6
1,4,1,4,2.5,5,3,0
10,11,10,11,10.5,21,1,7
1,6,1,6,3.5,7,5,0
4,3,3,4,3.5,7,1,2
8,12,8,12,10.0,20,4,7
4,4,4,4,4.0,8,0,1
8,9,8,9,8.5,17,1,7
66,39,39,66,52.5,105,27,28
5,1,1,5,3.0,6,4,0
7,6,6,7,6.5,13,1,5
1,4,1,4,2.5,5,3,0
6,6,6,6,6.0,12,0,5
1,5,1,5,3.0,6,4,0
16,20,16,20,18.0,36,4,11
2,4,2,4,3.0,6,2,1
5,8,5,8,6.5,13,3,4
9,9,9,9,9.0,18,0,8
5,1,1,5,3.0,6,4,0
3,9,3,9,6.0,12,6,2
1,8,1,8,4.5,9,7,0
10,6,6,10,8.0,16,4,4
4,1,1,4,2.5,5,3,0
10,14,10,14,12.0,24,4,6
2,5,2,5,3.5,7,3,1
9,11,9,11,10.0,20,2,5
1,5,1,5,3.0,6,4,0
10,5,5,10,7.5,15,5,3
1,7,1,7,4.0,8,6,0
5,2,2,5,3.5,7,3,1
1,4,1,4,2.5,5,3,0
1,15,1,15,8.0,16,14,0
4,4,4,4,4.0,8,0,3
28,24,24,28,26.0,52,4,22
4,2,2,4,3.0,6,2,1
1,10,1,10,5.5,11,9,0
1,7,1,7,4.0,8,6,0
4,6,4,6,5.0,10,2,1
6,5,5,6,5.5,11,1,4
1,5,1,5,3.0,6,4,0
18,47,18,47,32.5,65,29,15
7,10,7,10,8.5,17,3,5
6,9,6,9,7.5,15,3,5
12,10,10,12,11.0,22,2,5
24,26,24,26,25.0,50,2,22
4,3,3,4,3.5,7,1,1
7,7,7,7,7.0,14,0,6
7,6,6,7,6.5,13,1,5
43,38,38,43,40.5,81,5,30
4,1,1,4,2.5,5,3,0
5,5,5,5,5.0,10,0,4
15,17,15,17,16.0,32,2,14
4,2,2,4,3.0,6,2,1
29,22,22,29,25.5,51,7,18
6,2,2,6,4.0,8,4,1
12,24,12,24,18.0,36,12,9
17,17,17,17,17.0,34,0,16
1,105,1,105,53.0,106,104,0
2,7,2,7,4.5,9,5,1
6,15,6,15,10.5,21,9,5
1,19,1,19,10.0,20,18,0
24,46,24,46,35.0,70,22,20
6,22,6,22,14.0,28,16,5
9,9,9,9,9.0,18,0,8
1,6,1,6,3.5,7,5,0
1,4,1,4,2.5,5,3,0
5,6,5,6,5.5,11,1,4
12,9,9,12,10.5,21,3,4
1,6,1,6,3.5,7,5,0
16,16,16,16,16.0,32,0,8
18,16,16,18,17.0,34,2,14
1,9,1,9,5.0,10,8,0
1,18,1,18,9.5,19,17,0
9,6,6,9,7.5,15,3,4
1,5,1,5,3.0,6,4,0
25,16,16,25,20.5,41,9,13
14,14,14,14,14.0,28,0,13
5,4,4,5,4.5,9,1,3
1,29,1,29,15.0,30,28,0
6,5,5,6,5.5,11,1,4
7,6,6,7,6.5,13,1,5
7,20,7,20,13.5,27,13,4
1,5,1,5,3.0,6,4,0
2,12,2,12,7.0,14,10,0
6,5,5,6,5.5,11,1,4
7,1,1,7,4.0,8,6,0
7,1,1,7,4.0,8,6,0
2,5,2,5,3.5,7,3,1
9,16,9,16,12.5,25,7,4
18,22,18,22,20.0,40,4,17
11,4,4,11,7.5,15,7,3
7,12,7,12,9.5,19,5,5
5,7,5,7,6.0,12,2,3
9,14,9,14,11.5,23,5,7
16,16,16,16,16.0,32,0,10
1,4,1,4,2.5,5,3,0
8,6,6,8,7.0,14,2,5
20,18,18,20,19.0,38,2,16
1,6,1,6,3.5,7,5,0
6,1,1,6,3.5,7,5,0
19,9,9,19,14.0,28,10,8
19,24,19,24,21.5,43,5,15
7,6,6,7,6.5,13,1,5
1,4,1,4,2.5,5,3,0
7,15,7,15,11.0,22,8,6
2,6,2,6,4.0,8,4,0
1,5,1,5,3.0,6,4,0
34,14,14,34,24.0,48,20,11
1,4,1,4,2.5,5,3,0
4,5,4,5,4.5,9,1,1
4,1,1,4,2.5,5,3,0
8,8,8,8,8.0,16,0,7
5,5,5,5,5.0,10,0,4
4,4,4,4,4.0,8,0,1
4,1,1,4,2.5,5,3,0
34,41,34,41,37.5,75,7,25
3,6,3,6,4.5,9,3,2
1,10,1,10,5.5,11,9,0
18,25,18,25,21.5,43,7,14
1,4,1,4,2.5,5,3,0
9,9,9,9,9.0,18,0,8
13,12,12,13,12.5,25,1,9
5,13,5,13,9.0,18,8,4
7,6,6,7,6.5,13,1,5
4,4,4,4,4.0,8,0,3
14,25,14,25,19.5,39,11,12
5,8,5,8,6.5,13,3,4
1,5,1,5,3.0,6,4,0
10,1,1,10,5.5,11,9,0
10,9,9,10,9.5,19,1,6
6,3,3,6,4.5,9,3,1
8,12,8,12,10.0,20,4,7
9,10,9,10,9.5,19,1,6
5,6,5,6,5.5,11,1,4
4,5,4,5,4.5,9,1,3
13,18,13,18,15.5,31,5,12
4,4,4,4,4.0,8,0,3
16,15,15,16,15.5,31,1,14
13,1,1,13,7.0,14,12,0
9,1,1,9,5.0,10,8,0
12,11,11,12,11.5,23,1,10
1,29,1,29,15.0,30,28,0
1,4,1,4,2.5,5,3,0
1,6,1,6,3.5,7,5,0
5,1,1,5,3.0,6,4,0
17,16,16,17,16.5,33,1,13
6,1,1,6,3.5,7,5,0
8,1,1,8,4.5,9,7,0
26,26,26,26,26.0,52,0,24
14,13,13,14,13.5,27,1,12
1,4,1,4,2.5,5,3,0
4,5,4,5,4.5,9,1,3
14,12,12,14,13.0,26,2,9
5,5,5,5,5.0,10,0,4
3,5,3,5,4.0,8,2,2
5,3,3,5,4.0,8,2,2
25,27,25,27,26.0,52,2,15
14,2,2,14,8.0,16,12,1
1,7,1,7,4.0,8,6,0
6,13,6,13,9.5,19,7,4
6,1,1,6,3.5,7,5,0
8,7,7,8,7.5,15,1,5
20,34,20,34,27.0,54,14,16
4,5,4,5,4.5,9,1,3
6,1,1,6,3.5,7,5,0
4,6,4,6,5.0,10,2,2
4,6,4,6,5.0,10,2,3
4,6,4,6,5.0,10,2,3
9,17,9,17,13.0,26,8,8
6,1,1,6,3.5,7,5,0
42,28,28,42,35.0,70,14,16
3,4,3,4,3.5,7,1,2
12,22,12,22,17.0,34,10,9
16,19,16,19,17.5,35,3,15
14,14,14,14,14.0,28,0,13
15,7,7,15,11.0,22,8,3
12,1,1,12,6.5,13,11,0
41,35,35,41,38.0,76,6,27
14,7,7,14,10.5,21,7,6
12,20,12,20,16.0,32,8,10
1,12,1,12,6.5,13,11,0
1,6,1,6,3.5,7,5,0
12,9,9,12,10.5,21,3,7
4,2,2,4,3.0,6,2,0
1,7,1,7,4.0,8,6,0
14,15,14,15,14.5,29,1,12
6,7,6,7,6.5,13,1,4
18,16,16,18,17.0,34,2,12
20,23,20,23,21.5,43,3,17
6,1,1,6,3.5,7,5,0
1,20,1,20,10.5,21,19,0
5,5,5,5,5.0,10,0,4
14,1,1,14,7.5,15,13,0
7,4,4,7,5.5,11,3,2
9,17,9,17,13.0,26,8,5
9,15,9,15,12.0,24,6,7
5,6,5,6,5.5,11,1,3
5,2,2,5,3.5,7,3,0
15,11,11,15,13.0,26,4,10
13,12,12,13,12.5,25,1,10
5,4,4,5,4.5,9,1,3
1,11,1,11,6.0,12,10,0
6,12,6,12,9.0,18,6,4
3,7,3,7,5.0,10,4,2
38,31,31,38,34.5,69,7,22
13,9,9,13,11.0,22,4,8
4,1,1,4,2.5,5,3,0
10,2,2,10,6.0,12,8,1
20,19,19,20,19.5,39,1,16
24,20,20,24,22.0,44,4,19
1,11,1,11,6.0,12,10,0
16,16,16,16,16.0,32,0,11
6,8,6,8,7.0,14,2,3
1,6,1,6,3.5,7,5,0
9,7,7,9,8.0,16,2,5
1,6,1,6,3.5,7,5,0
40,34,34,40,37.0,74,6,27
7,5,5,7,6.0,12,2,3
4,5,4,5,4.5,9,1,3
1,4,1,4,2.5,5,3,0
20,19,19,20,19.5,39,1,18
20,35,20,35,27.5,55,15,19
1,4,1,4,2.5,5,3,0
6,4,4,6,5.0,10,2,3
4,1,1,4,2.5,5,3,0
10,4,4,10,7.0,14,6,2
12,18,12,18,15.0,30,6,11
10,14,10,14,12.0,24,4,9
7,8,7,8,7.5,15,1,6
20,19,19,20,19.5,39,1,18
5,3,3,5,4.0,8,2,2
29,24,24,29,26.5,53,5,22
2,5,2,5,3.5,7,3,1
45,28,28,45,36.5,73,17,20
10,9,9,10,9.5,19,1,5
1,9,1,9,5.0,10,8,0
5,11,5,11,8.0,16,6,1
4,4,4,4,4.0,8,0,3
4,6,4,6,5.0,10,2,3
4,4,4,4,4.0,8,0,3
10,3,3,10,6.5,13,7,2
2,5,2,5,3.5,7,3,1
5,23,5,23,14.0,28,18,0
22,19,19,22,20.5,41,3,17
8,39,8,39,23.5,47,31,5
42,18,18,42,30.0,60,24,16
5,1,1,5,3.0,6,4,0
1,8,1,8,4.5,9,7,0
12,10,10,12,11.0,22,2,9
1,6,1,6,3.5,7,5,0
1,4,1,4,2.5,5,3,0
5,1,1,5,3.0,6,4,0
14,11,11,14,12.5,25,3,10
8,5,5,8,6.5,13,3,3
14,14,14,14,14.0,28,0,12
1,11,1,11,6.0,12,10,0
8,5,5,8,6.5,13,3,3
1,11,1,11,6.0,12,10,0
6,6,6,6,6.0,12,0,3
32,31,31,32,31.5,63,1,29
1,6,1,6,3.5,7,5,0
1,7,1,7,4.0,8,6,0
6,1,1,6,3.5,7,5,0
8,1,1,8,4.5,9,7,0
17,17,17,17,17.0,34,0,12
11,5,5,11,8.0,16,6,3
8,1,1,8,4.5,9,7,0
31,22,22,31,26.5,53,9,18
4,4,4,4,4.0,8,0,1
4,4,4,4,4.0,8,0,2
4,1,1,4,2.5,5,3,0
5,5,5,5,5.0,10,0,2
17,2,2,17,9.5,19,15,0
16,13,13,16,14.5,29,3,12
4,4,4,4,4.0,8,0,3
32,22,22,32,27.0,54,10,12
14,2,2,14,8.0,16,12,0
5,11,5,11,8.0,16,6,2
1,23,1,23,12.0,24,22,0
1,11,1,11,6.0,12,10,0
3,5,3,5,4.0,8,2,1
22,25,22,25,23.5,47,3,19
4,1,1,4,2.5,5,3,0
18,3,3,18,10.5,21,15,2
4,4,4,4,4.0,8,0,3
5,2,2,5,3.5,7,3,1
20,19,19,20,19.5,39,1,17
5,1,1,5,3.0,6,4,0
9,8,8,9,8.5,17,1,7
1,6,1,6,3.5,7,5,0
8,2,2,8,5.0,10,6,0
8,5,5,8,6.5,13,3,2
8,1,1,8,4.5,9,7,0
19,17,17,19,18.0,36,2,14
4,6,4,6,5.0,10,2,3
25,32,25,32,28.5,57,7,23
1,29,1,29,15.0,30,28,0
5,8,5,8,6.5,13,3,4
1,77,1,77,39.0,78,76,0
2,107,2,107,54.5,109,105,0
6,3,3,6,4.5,9,3,2
5,2,2,5,3.5,7,3,0
5,5,5,5,5.0,10,0,4
10,1,1,10,5.5,11,9,0
7,6,6,7,6.5,13,1,3
4,4,4,4,4.0,8,0,3
5,6,5,6,5.5,11,1,4
13,15,13,15,14.0,28,2,11
2,5,2,5,3.5,7,3,0
13,11,11,13,12.0,24,2,9
1,4,1,4,2.5,5,3,0
9,28,9,28,18.5,37,19,2
2,10,2,10,6.0,12,8,1
10,11,10,11,10.5,21,1,4
6,6,6,6,6.0,12,0,5
5,4,4,5,4.5,9,1,3
1,5,1,5,3.0,6,4,0
4,1,1,4,2.5,5,3,0
17,11,11,17,14.0,28,6,8
4,1,1,4,2.5,5,3,0
1,4,1,4,2.5,5,3,0
45,10,10,45,27.5,55,35,5
8,10,8,10,9.0,18,2,6
9,26,9,26,17.5,35,17,8
23,10,10,23,16.5,33,13,9
2,9,2,9,5.5,11,7,0
1,12,1,12,6.5,13,11,0
11,11,11,11,11.0,22,0,10
6,9,6,9,7.5,15,3,5
9,1,1,9,5.0,10,8,0
3,16,3,16,9.5,19,13,1
12,8,8,12,10.0,20,4,6
1,5,1,5,3.0,6,4,0
10,10,10,10,10.0,20,0,6
10,9,9,10,9.5,19,1,7
5,2,2,5,3.5,7,3,0
39,42,39,42,40.5,81,3,38
4,5,4,5,4.5,9,1,3
16,16,16,16,16.0,32,0,15
4,1,1,4,2.5,5,3,0
9,8,8,9,8.5,17,1,7
20,16,16,20,18.0,36,4,14
4,4,4,4,4.0,8,0,2
17,14,14,17,15.5,31,3,12
21,19,19,21,20.0,40,2,18
8,2,2,8,5.0,10,6,1
1,6,1,6,3.5,7,5,0
6,6,6,6,6.0,12,0,3
1,4,1,4,2.5,5,3,0
8,9,8,9,8.5,17,1,6
3,5,3,5,4.0,8,2,2
5,2,2,5,3.5,7,3,1
12,7,7,12,9.5,19,5,6
1,8,1,8,4.5,9,7,0
6,1,1,6,3.5,7,5,0
4,1,1,4,2.5,5,3,0
5,5,5,5,5.0,10,0,4
20,23,20,23,21.5,43,3,18
47,28,28,47,37.5,75,19,23
4,1,1,4,2.5,5,3,0
7,12,7,12,9.5,19,5,4
4,4,4,4,4.0,8,0,3
27,27,27,27,27.0,54,0,25
10,16,10,16,13.0,26,6,5
1,4,1,4,2.5,5,3,0
13,20,13,20,16.5,33,7,11
22,21,21,22,21.5,43,1,17
10,6,6,10,8.0,16,4,5
16,7,7,16,11.5,23,9,5
6,1,1,6,3.5,7,5,0
8,9,8,9,8.5,17,1,6
9,2,2,9,5.5,11,7,1
4,1,1,4,2.5,5,3,0
32,33,32,33,32.5,65,1,31
26,26,26,26,26.0,52,0,25
6,1,1,6,3.5,7,5,0
5,2,2,5,3.5,7,3,1
12,12,12,12,12.0,24,0,11
14,14,14,14,14.0,28,0,13
6,5,5,6,5.5,11,1,2
7,7,7,7,7.0,14,0,6
5,5,5,5,5.0,10,0,4
1,8,1,8,4.5,9,7,0
1,4,1,4,2.5,5,3,0
7,5,5,7,6.0,12,2,4
19,19,19,19,19.0,38,0,18
2,20,2,20,11.0,22,18,0
39,26,26,39,32.5,65,13,24
1,4,1,4,2.5,5,3,0
20,32,20,32,26.0,52,12,18
4,1,1,4,2.5,5,3,0
1,31,1,31,16.0,32,30,0
6,6,6,6,6.0,12,0,4
8,8,8,8,8.0,16,0,7
5,10,5,10,7.5,15,5,4
9,11,9,11,10.0,20,2,6
4,3,3,4,3.5,7,1,2
1,6,1,6,3.5,7,5,0
8,10,8,10,9.0,18,2,6
16,19,16,19,17.5,35,3,9
7,4,4,7,5.5,11,3,1
9,1,1,9,5.0,10,8,0
6,7,6,7,6.5,13,1,5
11,146,11,146,78.5,157,135,0
1,4,1,4,2.5,5,3,0
4,5,4,5,4.5,9,1,3
5,1,1,5,3.0,6,4,0
1,10,1,10,5.5,11,9,0
21,22,21,22,21.5,43,1,15
6,6,6,6,6.0,12,0,5
4,4,4,4,4.0,8,0,3
35,12,12,35,23.5,47,23,10
4,8,4,8,6.0,12,4,2
7,7,7,7,7.0,14,0,6
14,48,14,48,31.0,62,34,10
11,1,1,11,6.0,12,10,0
1,14,1,14,7.5,15,13,0
1,13,1,13,7.0,14,12,0
2,16,2,16,9.0,18,14,1
2,6,2,6,4.0,8,4,1
7,7,7,7,7.0,14,0,6
8,5,5,8,6.5,13,3,4
3,5,3,5,4.0,8,2,2
5,7,5,7,6.0,12,2,4
7,7,7,7,7.0,14,0,4
12,13,12,13,12.5,25,1,8
1,7,1,7,4.0,8,6,0
6,6,6,6,6.0,12,0,3
13,12,12,13,12.5,25,1,11
10,1,1,10,5.5,11,9,0
29,21,21,29,25.0,50,8,14
6,5,5,6,5.5,11,1,4
6,8,6,8,7.0,14,2,3
49,33,33,49,41.0,82,16,22
4,4,4,4,4.0,8,0,3
45,42,42,45,43.5,87,3,31
4,1,1,4,2.5,5,3,0
14,4,4,14,9.0,18,10,3
4,1,1,4,2.5,5,3,0
24,24,24,24,24.0,48,0,23
9,9,9,9,9.0,18,0,8
13,13,13,13,13.0,26,0,12
17,20,17,20,18.5,37,3,16
1,5,1,5,3.0,6,4,0
11,19,11,19,15.0,30,8,8
7,7,7,7,7.0,14,0,6
8,1,1,8,4.5,9,7,0
14,17,14,17,15.5,31,3,12
8,8,8,8,8.0,16,0,5
1,4,1,4,2.5,5,3,0
4,1,1,4,2.5,5,3,0
5,1,1,5,3.0,6,4,0
4,1,1,4,2.5,5,3,0
1,7,1,7,4.0,8,6,0
26,1,1,26,13.5,27,25,0
6,6,6,6,6.0,12,0,5
9,14,9,14,11.5,23,5,6
1,4,1,4,2.5,5,3,0
9,3,3,9,6.0,12,6,2
6,1,1,6,3.5,7,5,0
6,1,1,6,3.5,7,5,0
15,13,13,15,14.0,28,2,11
4,5,4,5,4.5,9,1,3
1,5,1,5,3.0,6,4,0
4,1,1,4,2.5,5,3,0
29,45,29,45,37.0,74,16,26
5,6,5,6,5.5,11,1,4
12,13,12,13,12.5,25,1,11
7,4,4,7,5.5,11,3,3
4,15,4,15,9.5,19,11,0
5,1,1,5,3.0,6,4,0
1,31,1,31,16.0,32,30,0
19,21,19,21,20.0,40,2,18
7,7,7,7,7.0,14,0,6
6,24,6,24,15.0,30,18,2
4,1,1,4,2.5,5,3,0
4,4,4,4,4.0,8,0,0
2,49,2,49,25.5,51,47,0
5,6,5,6,5.5,11,1,4
33,55,33,55,44.0,88,22,28
4,1,1,4,2.5,5,3,0
11,11,11,11,11.0,22,0,10
7,9,7,9,8.0,16,2,6
24,41,24,41,32.5,65,17,23
4,1,1,4,2.5,5,3,0
4,4,4,4,4.0,8,0,3
7,3,3,7,5.0,10,4,0
10,6,6,10,8.0,16,4,5
5,3,3,5,4.0,8,2,0
8,4,4,8,6.0,12,4,3
1,6,1,6,3.5,7,5,0
1,29,1,29,15.0,30,28,0
1,43,1,43,22.0,44,42,0
7,18,7,18,12.5,25,11,6
12,9,9,12,10.5,21,3,8
26,1,1,26,13.5,27,25,0
9,12,9,12,10.5,21,3,6
3,4,3,4,3.5,7,1,0
22,17,17,22,19.5,39,5,14
32,10,10,32,21.0,42,22,7
9,9,9,9,9.0,18,0,6
6,1,1,6,3.5,7,5,0
7,1,1,7,4.0,8,6,0
12,8,8,12,10.0,20,4,7
4,1,1,4,2.5,5,3,0
4,6,4,6,5.0,10,2,0
20,13,13,20,16.5,33,7,12
4,4,4,4,4.0,8,0,1
13,18,13,18,15.5,31,5,11
2,6,2,6,4.0,8,4,0
7,1,1,7,4.0,8,6,0
16,14,14,16,15.0,30,2,11
8,1,1,8,4.5,9,7,0
9,4,4,9,6.5,13,5,3
4,1,1,4,2.5,5,3,0
9,7,7,9,8.0,16,2,5
14,19,14,19,16.5,33,5,10
9,8,8,9,8.5,17,1,6
1,5,1,5,3.0,6,4,0
14,3,3,14,8.5,17,11,2
6,4,4,6,5.0,10,2,3
29,19,19,29,24.0,48,10,18
33,29,29,33,31.0,62,4,14
4,1,1,4,2.5,5,3,0
6,6,6,6,6.0,12,0,4
4,14,4,14,9.0,18,10,0
4,4,4,4,4.0,8,0,1
4,1,1,4,2.5,5,3,0
1,61,1,61,31.0,62,60,0
3,4,3,4,3.5,7,1,2
6,9,6,9,7.5,15,3,3
28,13,13,28,20.5,41,15,6
2,4,2,4,3.0,6,2,1
30,27,27,30,28.5,57,3,23
32,32,32,32,32.0,64,0,31
16,8,8,16,12.0,24,8,7
29,2,2,29,15.5,31,27,0
47,24,24,47,35.5,71,23,22
1,4,1,4,2.5,5,3,0
45,26,26,45,35.5,71,19,24
7,2,2,7,4.5,9,5,1
12,11,11,12,11.5,23,1,10
11,12,11,12,11.5,23,1,7
1,5,1,5,3.0,6,4,0
8,11,8,11,9.5,19,3,7
2,19,2,19,10.5,21,17,1
23,15,15,23,19.0,38,8,10
5,6,5,6,5.5,11,1,4
3,6,3,6,4.5,9,3,2
1,65,1,65,33.0,66,64,0
5,1,1,5,3.0,6,4,0
1,5,1,5,3.0,6,4,0
6,1,1,6,3.5,7,5,0
8,7,7,8,7.5,15,1,6
5,5,5,5,5.0,10,0,4
1,6,1,6,3.5,7,5,0
1,5,1,5,3.0,6,4,0
4,1,1,4,2.5,5,3,0
1,4,1,4,2.5,5,3,0
11,10,10,11,10.5,21,1,9
65,16,16,65,40.5,81,49,15
8,6,6,8,7.0,14,2,5
32,38,32,38,35.0,70,6,28
7,4,4,7,5.5,11,3,3
11,9,9,11,10.0,20,2,7
12,1,1,12,6.5,13,11,0
5,1,1,5,3.0,6,4,0
7,1,1,7,4.0,8,6,0
9,9,9,9,9.0,18,0,7
9,17,9,17,13.0,26,8,4
9,12,9,12,10.5,21,3,5
32,33,32,33,32.5,65,1,30
5,1,1,5,3.0,6,4,0
8,12,8,12,10.0,20,4,0
5,1,1,5,3.0,6,4,0
40,1,1,40,20.5,41,39,0
2,4,2,4,3.0,6,2,1
11,10,10,11,10.5,21,1,9
1,77,1,77,39.0,78,76,0
9,2,2,9,5.5,11,7,1
9,7,7,9,8.0,16,2,4
25,23,23,25,24.0,48,2,22
5,2,2,5,3.5,7,3,1
19,17,17,19,18.0,36,2,13
31,23,23,31,27.0,54,8,22
8,1,1,8,4.5,9,7,0
10,15,10,15,12.5,25,5,9
7,8,7,8,7.5,15,1,6
2,5,2,5,3.5,7,3,1
1,4,1,4,2.5,5,3,0
2,15,2,15,8.5,17,13,0
25,29,25,29,27.0,54,4,19
1,6,1,6,3.5,7,5,0
4,1,1,4,2.5,5,3,0
4,2,2,4,3.0,6,2,1
28,24,24,28,26.0,52,4,23
30,28,28,30,29.0,58,2,23
4,1,1,4,2.5,5,3,0
4,1,1,4,2.5,5,3,0
7,1,1,7,4.0,8,6,0
4,3,3,4,3.5,7,1,2
4,2,2,4,3.0,6,2,1
1,5,1,5,3.0,6,4,0
1,6,1,6,3.5,7,5,0
6,6,6,6,6.0,12,0,3
9,1,1,9,5.0,10,8,0
6,6,6,6,6.0,12,0,4
4,5,4,5,4.5,9,1,3
5,1,1,5,3.0,6,4,0
16,1,1,16,8.5,17,15,0
5,7,5,7,6.0,12,2,4
1,10,1,10,5.5,11,9,0
15,12,12,15,13.5,27,3,10
11,8,8,11,9.5,19,3,4
6,1,1,6,3.5,7,5,0
12,5,5,12,8.5,17,7,3
6,6,6,6,6.0,12,0,5
2,9,2,9,5.5,11,7,1
1,11,1,11,6.0,12,10,0
19,22,19,22,20.5,41,3,9
5,1,1,5,3.0,6,4,0
5,14,5,14,9.5,19,9,2
6,2,2,6,4.0,8,4,1
10,8,8,10,9.0,18,2,4
4,6,4,6,5.0,10,2,3
8,20,8,20,14.0,28,12,2
6,9,6,9,7.5,15,3,5
4,1,1,4,2.5,5,3,0
9,42,9,42,25.5,51,33,6
5,5,5,5,5.0,10,0,4
15,14,14,15,14.5,29,1,2
32,40,32,40,36.0,72,8,30
5,4,4,5,4.5,9,1,0
26,1,1,26,13.5,27,25,0
26,24,24,26,25.0,50,2,22
1,6,1,6,3.5,7,5,0
3,11,3,11,7.0,14,8,0
15,14,14,15,14.5,29,1,1
5,7,5,7,6.0,12,2,4
4,6,4,6,5.0,10,2,1
12,17,12,17,14.5,29,5,9
16,9,9,16,12.5,25,7,7
5,1,1,5,3.0,6,4,0
1,5,1,5,3.0,6,4,0
6,1,1,6,3.5,7,5,0
1,4,1,4,2.5,5,3,0
3,6,3,6,4.5,9,3,0
2,5,2,5,3.5,7,3,1
5,4,4,5,4.5,9,1,3
4,4,4,4,4.0,8,0,3
4,7,4,7,5.5,11,3,3
1,5,1,5,3.0,6,4,0
14,14,14,14,14.0,28,0,13
1,5,1,5,3.0,6,4,0
4,1,1,4,2.5,5,3,0
17,65,17,65,41.0,82,48,11
11,12,11,12,11.5,23,1,6
13,13,13,13,13.0,26,0,10
9,11,9,11,10.0,20,2,4
15,15,15,15,15.0,30,0,10
5,1,1,5,3.0,6,4,0
1,5,1,5,3.0,6,4,0
14,13,13,14,13.5,27,1,11
14,20,14,20,17.0,34,6,13
22,25,22,25,23.5,47,3,20
5,1,1,5,3.0,6,4,0
4,1,1,4,2.5,5,3,0
1,4,1,4,2.5,5,3,0
27,28,27,28,27.5,55,1,26
1,6,1,6,3.5,7,5,0
4,5,4,5,4.5,9,1,3
2,6,2,6,4.0,8,4,1
1,4,1,4,2.5,5,3,0
11,1,1,11,6.0,12,10,0
7,7,7,7,7.0,14,0,5
7,1,1,7,4.0,8,6,0
4,5,4,5,4.5,9,1,3
6,1,1,6,3.5,7,5,0
11,8,8,11,9.5,19,3,7
7,9,7,9,8.0,16,2,6
4,10,4,10,7.0,14,6,3
21,15,15,21,18.0,36,6,9
4,5,4,5,4.5,9,1,3
4,2,2,4,3.0,6,2,0
9,12,9,12,10.5,21,3,7
4,4,4,4,4.0,8,0,3
5,1,1,5,3.0,6,4,0
10,7,7,10,8.5,17,3,6
16,17,16,17,16.5,33,1,13
21,20,20,21,20.5,41,1,18
17,20,17,20,18.5,37,3,15
8,8,8,8,8.0,16,0,7
12,13,12,13,12.5,25,1,11
17,17,17,17,17.0,34,0,15
1,4,1,4,2.5,5,3,0
6,6,6,6,6.0,12,0,3
6,1,1,6,3.5,7,5,0
6,1,1,6,3.5,7,5,0
19,15,15,19,17.0,34,4,14
4,1,1,4,2.5,5,3,0
4,4,4,4,4.0,8,0,3
5,5,5,5,5.0,10,0,4
5,1,1,5,3.0,6,4,0
4,1,1,4,2.5,5,3,0
11,9,9,11,10.0,20,2,8
9,7,7,9,8.0,16,2,6
1,17,1,17,9.0,18,16,0
1,5,1,5,3.0,6,4,0
1,18,1,18,9.5,19,17,0
66,22,22,66,44.0,88,44,16
8,2,2,8,5.0,10,6,0
17,20,17,20,18.5,37,3,13
1,9,1,9,5.0,10,8,0
12,16,12,16,14.0,28,4,11
8,9,8,9,8.5,17,1,7
22,24,22,24,23.0,46,2,21
5,5,5,5,5.0,10,0,4
4,7,4,7,5.5,11,3,0
12,2,2,12,7.0,14,10,0
4,1,1,4,2.5,5,3,0
11,13,11,13,12.0,24,2,9
5,8,5,8,6.5,13,3,4
9,1,1,9,5.0,10,8,0
23,4,4,23,13.5,27,19,0
14,6,6,14,10.0,20,8,4
9,7,7,9,8.0,16,2,5
6,6,6,6,6.0,12,0,5
7,10,7,10,8.5,17,3,5
1,6,1,6,3.5,7,5,0
15,31,15,31,23.0,46,16,11
11,11,11,11,11.0,22,0,10
20,15,15,20,17.5,35,5,14
1,5,1,5,3.0,6,4,0
4,5,4,5,4.5,9,1,3
8,4,4,8,6.0,12,4,1
1,5,1,5,3.0,6,4,0
6,4,4,6,5.0,10,2,3
12,20,12,20,16.0,32,8,11
8,8,8,8,8.0,16,0,7
8,13,8,13,10.5,21,5,7
8,6,6,8,7.0,14,2,2
1,4,1,4,2.5,5,3,0
1,6,1,6,3.5,7,5,0
1,22,1,22,11.5,23,21,0
1,5,1,5,3.0,6,4,0
4,13,4,13,8.5,17,9,0
1,9,1,9,5.0,10,8,0
5,7,5,7,6.0,12,2,2
4,1,1,4,2.5,5,3,0
4,1,1,4,2.5,5,3,0
2,7,2,7,4.5,9,5,0
4,1,1,4,2.5,5,3,0
5,2,2,5,3.5,7,3,1
3,13,3,13,8.0,16,10,1
26,16,16,26,21.0,42,10,7
4,7,4,7,5.5,11,3,1
6,4,4,6,5.0,10,2,3
23,28,23,28,25.5,51,5,21
5,6,5,6,5.5,11,1,4
4,1,1,4,2.5,5,3,0
4,1,1,4,2.5,5,3,0
14,11,11,14,12.5,25,3,10
6,2,2,6,4.0,8,4,1
6,1,1,6,3.5,7,5,0
1,4,1,4,2.5,5,3,0
4,1,1,4,2.5,5,3,0
4,6,4,6,5.0,10,2,3
39,21,21,39,30.0,60,18,13
1,4,1,4,2.5,5,3,0
31,24,24,31,27.5,55,7,18
5,4,4,5,4.5,9,1,3
8,6,6,8,7.0,14,2,5
2,5,2,5,3.5,7,3,1
8,7,7,8,7.5,15,1,5
4,1,1,4,2.5,5,3,0
13,12,12,13,12.5,25,1,10
1,4,1,4,2.5,5,3,0
6,17,6,17,11.5,23,11,5
3,4,3,4,3.5,7,1,0
35,31,31,35,33.0,66,4,28
1,5,1,5,3.0,6,4,0
9,9,9,9,9.0,18,0,7
42,41,41,42,41.5,83,1,39
10,13,10,13,11.5,23,3,4
7,1,1,7,4.0,8,6,0
23,21,21,23,22.0,44,2,19
16,18,16,18,17.0,34,2,14
18,1,1,18,9.5,19,17,0
4,1,1,4,2.5,5,3,0
5,4,4,5,4.5,9,1,3
16,1,1,16,8.5,17,15,0
5,9,5,9,7.0,14,4,4
1,4,1,4,2.5,5,3,0
6,1,1,6,3.5,7,5,0
4,1,1,4,2.5,5,3,0
4,2,2,4,3.0,6,2,0
26,26,26,26,26.0,52,0,25
27,10,10,27,18.5,37,17,7
14,13,13,14,13.5,27,1,9
3,28,3,28,15.5,31,25,2
1,4,1,4,2.5,5,3,0
1,4,1,4,2.5,5,3,0
34,37,34,37,35.5,71,3,33
9,1,1,9,5.0,10,8,0
10,11,10,11,10.5,21,1,9
4,1,1,4,2.5,5,3,0
8,8,8,8,8.0,16,0,7
9,8,8,9,8.5,17,1,7
19,16,16,19,17.5,35,3,10
4,4,4,4,4.0,8,0,3
9,8,8,9,8.5,17,1,3
1,146,1,146,73.5,147,145,0
7,1,1,7,4.0,8,6,0
7,6,6,7,6.5,13,1,0
7,5,5,7,6.0,12,2,4
26,26,26,26,26.0,52,0,25
7,7,7,7,7.0,14,0,6
1,4,1,4,2.5,5,3,0
4,1,1,4,2.5,5,3,0
6,2,2,6,4.0,8,4,0
4,1,1,4,2.5,5,3,0
1,6,1,6,3.5,7,5,0
6,1,1,6,3.5,7,5,0
3,10,3,10,6.5,13,7,2
15,21,15,21,18.0,36,6,10
6,2,2,6,4.0,8,4,1
9,6,6,9,7.5,15,3,5
43,45,43,45,44.0,88,2,35
6,1,1,6,3.5,7,5,0
7,8,7,8,7.5,15,1,6
7,6,6,7,6.5,13,1,5
10,14,10,14,12.0,24,4,9
7,8,7,8,7.5,15,1,6
1,5,1,5,3.0,6,4,0
5,9,5,9,7.0,14,4,1
19,20,19,20,19.5,39,1,18
7,1,1,7,4.0,8,6,0
5,8,5,8,6.5,13,3,3
51,41,41,51,46.0,92,10,24
8,8,8,8,8.0,16,0,6
7,7,7,7,7.0,14,0,4
21,22,21,22,21.5,43,1,13
5,6,5,6,5.5,11,1,4
4,6,4,6,5.0,10,2,0
41,34,34,41,37.5,75,7,27
25,22,22,25,23.5,47,3,15
4,9,4,9,6.5,13,5,2
1,6,1,6,3.5,7,5,0
1,4,1,4,2.5,5,3,0
4,1,1,4,2.5,5,3,0
6,6,6,6,6.0,12,0,3
146,15,15,146,80.5,161,131,13
9,3,3,9,6.0,12,6,2
11,11,11,11,11.0,22,0,10
6,5,5,6,5.5,11,1,3
6,6,6,6,6.0,12,0,5
14,16,14,16,15.0,30,2,13
1,4,1,4,2.5,5,3,0
1,28,1,28,14.5,29,27,0
5,1,1,5,3.0,6,4,0
5,5,5,5,5.0,10,0,4
10,17,10,17,13.5,27,7,9
4,4,4,4,4.0,8,0,3
13,25,13,25,19.0,38,12,12
4,1,1,4,2.5,5,3,0
11,1,1,11,6.0,12,10,0
50,49,49,50,49.5,99,1,48
16,1,1,16,8.5,17,15,0
1,4,1,4,2.5,5,3,0
4,4,4,4,4.0,8,0,0
1,4,1,4,2.5,5,3,0
18,19,18,19,18.5,37,1,16
1,4,1,4,2.5,5,3,0
1,6,1,6,3.5,7,5,0
6,2,2,6,4.0,8,4,1
7,6,6,7,6.5,13,1,4
49,20,20,49,34.5,69,29,19
1,20,1,20,10.5,21,19,0
27,27,27,27,27.0,54,0,26
1,4,1,4,2.5,5,3,0
1,27,1,27,14.0,28,26,0
11,2,2,11,6.5,13,9,1
5,1,1,5,3.0,6,4,0
35,25,25,35,30.0,60,10,17
1,6,1,6,3.5,7,5,0
4,4,4,4,4.0,8,0,2
24,30,24,30,27.0,54,6,23
4,4,4,4,4.0,8,0,3
5,8,5,8,6.5,13,3,3
31,21,21,31,26.0,52,10,16
20,17,17,20,18.5,37,3,11
25,33,25,33,29.0,58,8,24
5,8,5,8,6.5,13,3,2
17,2,2,17,9.5,19,15,0
1,5,1,5,3.0,6,4,0
12,9,9,12,10.5,21,3,8
1,5,1,5,3.0,6,4,0
4,4,4,4,4.0,8,0,3
4,2,2,4,3.0,6,2,1
4,8,4,8,6.0,12,4,0
1,8,1,8,4.5,9,7,0
4,1,1,4,2.5,5,3,0
8,1,1,8,4.5,9,7,0
7,8,7,8,7.5,15,1,6
1,9,1,9,5.0,10,8,0
16,17,16,17,16.5,33,1,14
24,10,10,24,17.0,34,14,8
23,21,21,23,22.0,44,2,17
8,7,7,8,7.5,15,1,6
12,11,11,12,11.5,23,1,9
4,4,4,4,4.0,8,0,3
6,5,5,6,5.5,11,1,4
1,4,1,4,2.5,5,3,0
11,8,8,11,9.5,19,3,4
12,12,12,12,12.0,24,0,8
11,1,1,11,6.0,12,10,0
7,7,7,7,7.0,14,0,4
1,6,1,6,3.5,7,5,0
4,5,4,5,4.5,9,1,3
4,1,1,4,2.5,5,3,0
1,8,1,8,4.5,9,7,0
1,6,1,6,3.5,7,5,0
39,29,29,39,34.0,68,10,23
5,5,5,5,5.0,10,0,1
9,12,9,12,10.5,21,3,5
3,6,3,6,4.5,9,3,2
38,31,31,38,34.5,69,7,25
6,8,6,8,7.0,14,2,4
6,5,5,6,5.5,11,1,4
5,5,5,5,5.0,10,0,3
4,1,1,4,2.5,5,3,0
1,5,1,5,3.0,6,4,0
12,19,12,19,15.5,31,7,10
4,1,1,4,2.5,5,3,0
22,1,1,22,11.5,23,21,0
13,9,9,13,11.0,22,4,7
50,55,50,55,52.5,105,5,42
5,1,1,5,3.0,6,4,0
1,16,1,16,8.5,17,15,0
4,8,4,8,6.0,12,4,2
5,3,3,5,4.0,8,2,0
20,20,20,20,20.0,40,0,18
38,24,24,38,31.0,62,14,16
12,1,1,12,6.5,13,11,0
18,19,18,19,18.5,37,1,14
1,8,1,8,4.5,9,7,0
1,5,1,5,3.0,6,4,0
7,1,1,7,4.0,8,6,0
4,1,1,4,2.5,5,3,0
8,11,8,11,9.5,19,3,7
1,14,1,14,7.5,15,13,0
14,43,14,43,28.5,57,29,12
8,8,8,8,8.0,16,0,7
6,1,1,6,3.5,7,5,0
4,1,1,4,2.5,5,3,0
4,1,1,4,2.5,5,3,0
4,1,1,4,2.5,5,3,0
4,1,1,4,2.5,5,3,0
12,17,12,17,14.5,29,5,10
2,7,2,7,4.5,9,5,1
7,7,7,7,7.0,14,0,5
31,28,28,31,29.5,59,3,27
17,8,8,17,12.5,25,9,7
4,7,4,7,5.5,11,3,3
5,2,2,5,3.5,7,3,0
14,18,14,18,16.0,32,4,1
6,5,5,6,5.5,11,1,4
1,4,1,4,2.5,5,3,0
1,24,1,24,12.5,25,23,0
8,7,7,8,7.5,15,1,6
4,1,1,4,2.5,5,3,0
26,26,26,26,26.0,52,0,25
2,6,2,6,4.0,8,4,1
5,4,4,5,4.5,9,1,3
4,5,4,5,4.5,9,1,2
1,18,1,18,9.5,19,17,0
17,16,16,17,16.5,33,1,13
5,6,5,6,5.5,11,1,3
1,5,1,5,3.0,6,4,0
4,6,4,6,5.0,10,2,3
5,15,5,15,10.0,20,10,0
6,1,1,6,3.5,7,5,0
25,17,17,25,21.0,42,8,12
18,12,12,18,15.0,30,6,11
19,16,16,19,17.5,35,3,8
5,5,5,5,5.0,10,0,4
5,1,1,5,3.0,6,4,0
5,1,1,5,3.0,6,4,0
5,5,5,5,5.0,10,0,4
8,11,8,11,9.5,19,3,6
7,6,6,7,6.5,13,1,5
6,1,1,6,3.5,7,5,0
25,13,13,25,19.0,38,12,12
7,12,7,12,9.5,19,5,4
5,1,1,5,3.0,6,4,0
4,4,4,4,4.0,8,0,0
8,5,5,8,6.5,13,3,4
6,6,6,6,6.0,12,0,4
5,2,2,5,3.5,7,3,0
4,1,1,4,2.5,5,3,0
4,4,4,4,4.0,8,0,3
29,22,22,29,25.5,51,7,14
5,5,5,5,5.0,10,0,4
8,1,1,8,4.5,9,7,0
8,1,1,8,4.5,9,7,0
1,4,1,4,2.5,5,3,0
27,22,22,27,24.5,49,5,21
5,1,1,5,3.0,6,4,0
11,13,11,13,12.0,24,2,9
9,10,9,10,9.5,19,1,7
1,9,1,9,5.0,10,8,0
8,10,8,10,9.0,18,2,7
5,1,1,5,3.0,6,4,0
13,15,13,15,14.0,28,2,9
10,1,1,10,5.5,11,9,0
6,4,4,6,5.0,10,2,3
5,4,4,5,4.5,9,1,3
5,1,1,5,3.0,6,4,0
18,19,18,19,18.5,37,1,17
1,61,1,61,31.0,62,60,0
5,6,5,6,5.5,11,1,4
21,17,17,21,19.0,38,4,13
5,8,5,8,6.5,13,3,4
13,5,5,13,9.0,18,8,4
6,5,5,6,5.5,11,1,3
1,65,1,65,33.0,66,64,0
15,13,13,15,14.0,28,2,12
5,4,4,5,4.5,9,1,3
8,1,1,8,4.5,9,7,0
20,23,20,23,21.5,43,3,18
37,44,37,44,40.5,81,7,34
6,6,6,6,6.0,12,0,4
1,5,1,5,3.0,6,4,0
17,26,17,26,21.5,43,9,13
10,8,8,10,9.0,18,2,7
1,4,1,4,2.5,5,3,0
1,6,1,6,3.5,7,5,0
5,5,5,5,5.0,10,0,4
13,14,13,14,13.5,27,1,12
1,6,1,6,3.5,7,5,0
6,4,4,6,5.0,10,2,3
6,2,2,6,4.0,8,4,0
10,12,10,12,11.0,22,2,8
15,2,2,15,8.5,17,13,0
4,1,1,4,2.5,5,3,0
5,1,1,5,3.0,6,4,0
2,8,2,8,5.0,10,6,1
22,21,21,22,21.5,43,1,20
9,9,9,9,9.0,18,0,8
4,7,4,7,5.5,11,3,3
36,25,25,36,30.5,61,11,24
14,9,9,14,11.5,23,5,2
8,8,8,8,8.0,16,0,2
14,20,14,20,17.0,34,6,13
13,17,13,17,15.0,30,4,9
13,21,13,21,17.0,34,8,11
1,6,1,6,3.5,7,5,0
4,1,1,4,2.5,5,3,0
42,45,42,45,43.5,87,3,40
7,5,5,7,6.0,12,2,4
5,3,3,5,4.0,8,2,2
9,7,7,9,8.0,16,2,4
1,4,1,4,2.5,5,3,0
1,6,1,6,3.5,7,5,0
6,6,6,6,6.0,12,0,0
14,15,14,15,14.5,29,1,12
17,17,17,17,17.0,34,0,11
4,3,3,4,3.5,7,1,2
1,22,1,22,11.5,23,21,0
9,12,9,12,10.5,21,3,6
12,4,4,12,8.0,16,8,2
5,7,5,7,6.0,12,2,4
10,11,10,11,10.5,21,1,9
11,21,11,21,16.0,32,10,8
23,27,23,27,25.0,50,4,14
1,43,1,43,22.0,44,42,0
5,1,1,5,3.0,6,4,0
1,7,1,7,4.0,8,6,0
12,14,12,14,13.0,26,2,7
5,1,1,5,3.0,6,4,0
5,6,5,6,5.5,11,1,4
4,5,4,5,4.5,9,1,3
16,17,16,17,16.5,33,1,14
1,5,1,5,3.0,6,4,0
32,14,14,32,23.0,46,18,11
33,28,28,33,30.5,61,5,21
2,9,2,9,5.5,11,7,1
1,5,1,5,3.0,6,4,0
5,1,1,5,3.0,6,4,0
12,15,12,15,13.5,27,3,11
30,50,30,50,40.0,80,20,25
5,1,1,5,3.0,6,4,0
5,5,5,5,5.0,10,0,4
19,21,19,21,20.0,40,2,16
1,5,1,5,3.0,6,4,0
1,8,1,8,4.5,9,7,0
25,4,4,25,14.5,29,21,2
31,15,15,31,23.0,46,16,9
5,6,5,6,5.5,11,1,4
8,7,7,8,7.5,15,1,5
3,13,3,13,8.0,16,10,0
10,1,1,10,5.5,11,9,0
6,1,1,6,3.5,7,5,0
1,13,1,13,7.0,14,12,0
11,10,10,11,10.5,21,1,9
1,7,1,7,4.0,8,6,0
1,7,1,7,4.0,8,6,0
16,15,15,16,15.5,31,1,11
10,11,10,11,10.5,21,1,8
6,1,1,6,3.5,7,5,0
18,15,15,18,16.5,33,3,14
10,11,10,11,10.5,21,1,9
6,8,6,8,7.0,14,2,5
4,1,1,4,2.5,5,3,0
43,42,42,43,42.5,85,1,34
7,6,6,7,6.5,13,1,4
11,18,11,18,14.5,29,7,8
6,2,2,6,4.0,8,4,1
19,12,12,19,15.5,31,7,10
12,9,9,12,10.5,21,3,2
1,5,1,5,3.0,6,4,0
5,1,1,5,3.0,6,4,0
9,12,9,12,10.5,21,3,8
75,7,7,75,41.0,82,68,0
25,28,25,28,26.5,53,3,23
5,1,1,5,3.0,6,4,0
11,8,8,11,9.5,19,3,7
23,29,23,29,26.0,52,6,21
4,1,1,4,2.5,5,3,0
14,21,14,21,17.5,35,7,12
8,11,8,11,9.5,19,3,5
4,1,1,4,2.5,5,3,0
22,29,22,29,25.5,51,7,0
9,8,8,9,8.5,17,1,7
4,6,4,6,5.0,10,2,3
9,2,2,9,5.5,11,7,0
4,1,1,4,2.5,5,3,0
12,6,6,12,9.0,18,6,4
6,6,6,6,6.0,12,0,4
10,22,10,22,16.0,32,12,7
12,10,10,12,11.0,22,2,4
11,11,11,11,11.0,22,0,10
28,49,28,49,38.5,77,21,21
5,17,5,17,11.0,22,12,1
4,1,1,4,2.5,5,3,0
12,11,11,12,11.5,23,1,10
6,9,6,9,7.5,15,3,5
6,1,1,6,3.5,7,5,0
3,4,3,4,3.5,7,1,2
1,9,1,9,5.0,10,8,0
1,6,1,6,3.5,7,5,0
2,15,2,15,8.5,17,13,0
4,1,1,4,2.5,5,3,0
4,4,4,4,4.0,8,0,3
77,5,5,77,41.0,82,72,0
1,9,1,9,5.0,10,8,0
5,1,1,5,3.0,6,4,0
1,6,1,6,3.5,7,5,0
1,6,1,6,3.5,7,5,0
13,18,13,18,15.5,31,5,11
4,1,1,4,2.5,5,3,0
27,1,1,27,14.0,28,26,0
13,7,7,13,10.0,20,6,6
9,21,9,21,15.0,30,12,8
2,4,2,4,3.0,6,2,0
4,5,4,5,4.5,9,1,3
24,21,21,24,22.5,45,3,18
4,4,4,4,4.0,8,0,1
46,28,28,46,37.0,74,18,20
1,75,1,75,38.0,76,74,0
2,4,2,4,3.0,6,2,1
4,4,4,4,4.0,8,0,2
2,4,2,4,3.0,6,2,1
2,22,2,22,12.0,24,20,0
1,14,1,14,7.5,15,13,0
5,2,2,5,3.5,7,3,1
4,1,1,4,2.5,5,3,0
5,5,5,5,5.0,10,0,4
4,5,4,5,4.5,9,1,3
10,15,10,15,12.5,25,5,7
6,9,6,9,7.5,15,3,5
26,26,26,26,26.0,52,0,25
47,88,47,88,67.5,135,41,37
5,1,1,5,3.0,6,4,0
4,1,1,4,2.5,5,3,0
28,43,28,43,35.5,71,15,25
4,3,3,4,3.5,7,1,2
4,1,1,4,2.5,5,3,0
2,4,2,4,3.0,6,2,1
16,11,11,16,13.5,27,5,10
15,1,1,15,8.0,16,14,0
5,6,5,6,5.5,11,1,0
4,1,1,4,2.5,5,3,0
3,7,3,7,5.0,10,4,1
7,3,3,7,5.0,10,4,1
45,26,26,45,35.5,71,19,24
4,1,1,4,2.5,5,3,0
10,1,1,10,5.5,11,9,0
1,4,1,4,2.5,5,3,0
18,13,13,18,15.5,31,5,11
6,1,1,6,3.5,7,5,0
6,1,1,6,3.5,7,5,0
23,18,18,23,20.5,41,5,17
7,6,6,7,6.5,13,1,5
4,5,4,5,4.5,9,1,0
1,5,1,5,3.0,6,4,0
5,1,1,5,3.0,6,4,0
15,10,10,15,12.5,25,5,6
1,5,1,5,3.0,6,4,0
5,5,5,5,5.0,10,0,3
22,22,22,22,22.0,44,0,21
4,1,1,4,2.5,5,3,0
11,11,11,11,11.0,22,0,4
4,8,4,8,6.0,12,4,0
1,7,1,7,4.0,8,6,0
1,11,1,11,6.0,12,10,0
1,75,1,75,38.0,76,74,0
31,41,31,41,36.0,72,10,30
2,5,2,5,3.5,7,3,1
1,6,1,6,3.5,7,5,0
5,6,5,6,5.5,11,1,4
26,27,26,27,26.5,53,1,25
1,6,1,6,3.5,7,5,0
2,11,2,11,6.5,13,9,0
4,4,4,4,4.0,8,0,3
13,12,12,13,12.5,25,1,11
3,6,3,6,4.5,9,3,2
6,5,5,6,5.5,11,1,4
5,4,4,5,4.5,9,1,3
1,6,1,6,3.5,7,5,0
4,5,4,5,4.5,9,1,3
6,1,1,6,3.5,7,5,0
7,7,7,7,7.0,14,0,6
17,9,9,17,13.0,26,8,6
21,31,21,31,26.0,52,10,15
5,1,1,5,3.0,6,4,0
14,9,9,14,11.5,23,5,6
2,11,2,11,6.5,13,9,1
9,7,7,9,8.0,16,2,3
5,1,1,5,3.0,6,4,0
1,5,1,5,3.0,6,4,0
9,13,9,13,11.0,22,4,6
1,4,1,4,2.5,5,3,0
16,11,11,16,13.5,27,5,8
1,8,1,8,4.5,9,7,0
11,13,11,13,12.0,24,2,10
5,1,1,5,3.0,6,4,0
24,17,17,24,20.5,41,7,15
1,4,1,4,2.5,5,3,0
4,1,1,4,2.5,5,3,0
2,5,2,5,3.5,7,3,1
12,12,12,12,12.0,24,0,10
5,5,5,5,5.0,10,0,4
13,13,13,13,13.0,26,0,12
5,3,3,5,4.0,8,2,2
27,27,27,27,27.0,54,0,26
3,4,3,4,3.5,7,1,2
19,25,19,25,22.0,44,6,13
4,7,4,7,5.5,11,3,2
11,12,11,12,11.5,23,1,7
4,5,4,5,4.5,9,1,3
15,6,6,15,10.5,21,9,5
5,1,1,5,3.0,6,4,0
9,9,9,9,9.0,18,0,7
1,5,1,5,3.0,6,4,0
4,12,4,12,8.0,16,8,2
31,26,26,31,28.5,57,5,23
19,19,19,19,19.0,38,0,17
17,36,17,36,26.5,53,19,10
5,11,5,11,8.0,16,6,3
6,8,6,8,7.0,14,2,4
4,4,4,4,4.0,8,0,3
4,11,4,11,7.5,15,7,2
6,6,6,6,6.0,12,0,5
4,4,4,4,4.0,8,0,3
3,10,3,10,6.5,13,7,0
1,6,1,6,3.5,7,5,0
18,61,18,61,39.5,79,43,15
6,1,1,6,3.5,7,5,0
5,9,5,9,7.0,14,4,0
4,5,4,5,4.5,9,1,2
1,5,1,5,3.0,6,4,0
20,10,10,20,15.0,30,10,9
13,11,11,13,12.0,24,2,7
1,4,1,4,2.5,5,3,0
10,8,8,10,9.0,18,2,6
1,4,1,4,2.5,5,3,0
19,17,17,19,18.0,36,2,15
22,16,16,22,19.0,38,6,15
1,4,1,4,2.5,5,3,0
10,10,10,10,10.0,20,0,9
5,6,5,6,5.5,11,1,4
1,16,1,16,8.5,17,15,0
39,47,39,47,43.0,86,8,35
1,5,1,5,3.0,6,4,0
4,23,4,23,13.5,27,19,0
5,2,2,5,3.5,7,3,1
5,5,5,5,5.0,10,0,4
12,3,3,12,7.5,15,9,1
4,1,1,4,2.5,5,3,0
19,11,11,19,15.0,30,8,6
23,16,16,23,19.5,39,7,11
2,8,2,8,5.0,10,6,0
13,16,13,16,14.5,29,3,7
7,5,5,7,6.0,12,2,4
11,4,4,11,7.5,15,7,2
4,2,2,4,3.0,6,2,1
17,1,1,17,9.0,18,16,0
25,40,25,40,32.5,65,15,20
16,6,6,16,11.0,22,10,4
5,1,1,5,3.0,6,4,0
1,36,1,36,18.5,37,35,0
1,4,1,4,2.5,5,3,0
12,6,6,12,9.0,18,6,4
8,9,8,9,8.5,17,1,7
47,40,40,47,43.5,87,7,38
10,10,10,10,10.0,20,0,9
8,1,1,8,4.5,9,7,0
9,2,2,9,5.5,11,7,1
4,4,4,4,4.0,8,0,3
4,1,1,4,2.5,5,3,0
29,39,29,39,34.0,68,10,21
5,6,5,6,5.5,11,1,4
4,13,4,13,8.5,17,9,3
4,2,2,4,3.0,6,2,0
1,15,1,15,8.0,16,14,0
4,3,3,4,3.5,7,1,2
11,12,11,12,11.5,23,1,9
5,1,1,5,3.0,6,4,0
13,13,13,13,13.0,26,0,12
18,18,18,18,18.0,36,0,17
4,1,1,4,2.5,5,3,0
4,2,2,4,3.0,6,2,1
19,22,19,22,20.5,41,3,18
7,7,7,7,7.0,14,0,6
4,1,1,4,2.5,5,3,0
4,3,3,4,3.5,7,1,0
6,8,6,8,7.0,14,2,5
5,2,2,5,3.5,7,3,1
1,4,1,4,2.5,5,3,0
8,2,2,8,5.0,10,6,1
1,5,1,5,3.0,6,4,0
6,6,6,6,6.0,12,0,4
16,15,15,16,15.5,31,1,12
3,4,3,4,3.5,7,1,2
4,1,1,4,2.5,5,3,0
5,5,5,5,5.0,10,0,4
7,6,6,7,6.5,13,1,5
1,4,1,4,2.5,5,3,0
27,1,1,27,14.0,28,26,0
16,1,1,16,8.5,17,15,0
18,18,18,18,18.0,36,0,16
1,9,1,9,5.0,10,8,0
4,2,2,4,3.0,6,2,1
1,4,1,4,2.5,5,3,0
19,12,12,19,15.5,31,7,11
2,4,2,4,3.0,6,2,1
10,13,10,13,11.5,23,3,6
2,8,2,8,5.0,10,6,0
4,2,2,4,3.0,6,2,0
11,1,1,11,6.0,12,10,0
6,7,6,7,6.5,13,1,3
8,5,5,8,6.5,13,3,4
1,4,1,4,2.5,5,3,0
11,12,11,12,11.5,23,1,8
1,4,1,4,2.5,5,3,0
7,12,7,12,9.5,19,5,5
14,10,10,14,12.0,24,4,7
5,3,3,5,4.0,8,2,2
13,11,11,13,12.0,24,2,10
32,23,23,32,27.5,55,9,19
1,8,1,8,4.5,9,7,0
9,16,9,16,12.5,25,7,8
10,11,10,11,10.5,21,1,9
4,5,4,5,4.5,9,1,2
6,1,1,6,3.5,7,5,0
4,1,1,4,2.5,5,3,0
8,1,1,8,4.5,9,7,0
14,15,14,15,14.5,29,1,11
20,15,15,20,17.5,35,5,12
41,47,41,47,44.0,88,6,37
7,7,7,7,7.0,14,0,5
4,7,4,7,5.5,11,3,1
1,52,1,52,26.5,53,51,0
4,1,1,4,2.5,5,3,0
31,17,17,31,24.0,48,14,12
7,15,7,15,11.0,22,8,4
4,13,4,13,8.5,17,9,2
27,29,27,29,28.0,56,2,23
6,6,6,6,6.0,12,0,4
1,4,1,4,2.5,5,3,0
6,4,4,6,5.0,10,2,2
4,4,4,4,4.0,8,0,1
19,13,13,19,16.0,32,6,11
8,10,8,10,9.0,18,2,7
1,27,1,27,14.0,28,26,0
2,4,2,4,3.0,6,2,0
5,5,5,5,5.0,10,0,2
8,6,6,8,7.0,14,2,5
16,17,16,17,16.5,33,1,12
18,40,18,40,29.0,58,22,16
12,24,12,24,18.0,36,12,8
5,1,1,5,3.0,6,4,0
10,12,10,12,11.0,22,2,9
2,4,2,4,3.0,6,2,1
32,25,25,32,28.5,57,7,23
5,1,1,5,3.0,6,4,0
6,6,6,6,6.0,12,0,5
15,22,15,22,18.5,37,7,14
1,15,1,15,8.0,16,14,0
1,6,1,6,3.5,7,5,0
5,4,4,5,4.5,9,1,3
8,11,8,11,9.5,19,3,4
5,5,5,5,5.0,10,0,2
4,2,2,4,3.0,6,2,1
12,16,12,16,14.0,28,4,9
1,35,1,35,18.0,36,34,0
11,12,11,12,11.5,23,1,9
5,5,5,5,5.0,10,0,4
4,1,1,4,2.5,5,3,0
6,6,6,6,6.0,12,0,5
1,10,1,10,5.5,11,9,0
1,14,1,14,7.5,15,13,0
4,2,2,4,3.0,6,2,1
1,4,1,4,2.5,5,3,0
11,8,8,11,9.5,19,3,6
1,5,1,5,3.0,6,4,0
1,4,1,4,2.5,5,3,0
4,7,4,7,5.5,11,3,3
39,28,28,39,33.5,67,11,23
18,20,18,20,19.0,38,2,17
2,4,2,4,3.0,6,2,0
2,20,2,20,11.0,22,18,0
4,2,2,4,3.0,6,2,1
5,1,1,5,3.0,6,4,0
26,25,25,26,25.5,51,1,23
2,4,2,4,3.0,6,2,1
11,7,7,11,9.0,18,4,0
5,2,2,5,3.5,7,3,1
7,2,2,7,4.5,9,5,0
6,7,6,7,6.5,13,1,4
3,5,3,5,4.0,8,2,2
10,13,10,13,11.5,23,3,9
7,1,1,7,4.0,8,6,0
13,16,13,16,14.5,29,3,9
5,2,2,5,3.5,7,3,1
4,5,4,5,4.5,9,1,2
6,8,6,8,7.0,14,2,3
6,6,6,6,6.0,12,0,5
6,5,5,6,5.5,11,1,4
3,7,3,7,5.0,10,4,1
11,6,6,11,8.5,17,5,5
4,1,1,4,2.5,5,3,0
6,1,1,6,3.5,7,5,0
11,10,10,11,10.5,21,1,9
25,15,15,25,20.0,40,10,14
6,7,6,7,6.5,13,1,5
18,20,18,20,19.0,38,2,17
1,7,1,7,4.0,8,6,0
7,3,3,7,5.0,10,4,2
1,9,1,9,5.0,10,8,0
4,2,2,4,3.0,6,2,1
7,7,7,7,7.0,14,0,5
1,4,1,4,2.5,5,3,0
5,5,5,5,5.0,10,0,4
5,17,5,17,11.0,22,12,2
6,1,1,6,3.5,7,5,0
2,5,2,5,3.5,7,3,1
9,9,9,9,9.0,18,0,8
17,9,9,17,13.0,26,8,3
5,6,5,6,5.5,11,1,4
1,5,1,5,3.0,6,4,0
6,5,5,6,5.5,11,1,4
8,12,8,12,10.0,20,4,4
4,1,1,4,2.5,5,3,0
5,5,5,5,5.0,10,0,2
5,1,1,5,3.0,6,4,0
1,6,1,6,3.5,7,5,0
4,6,4,6,5.0,10,2,2
4,1,1,4,2.5,5,3,0
1,5,1,5,3.0,6,4,0
10,1,1,10,5.5,11,9,0
8,13,8,13,10.5,21,5,5
2,44,2,44,23.0,46,42,0
5,8,5,8,6.5,13,3,4
1,5,1,5,3.0,6,4,0
6,1,1,6,3.5,7,5,0
4,2,2,4,3.0,6,2,1
5,1,1,5,3.0,6,4,0
1,11,1,11,6.0,12,10,0
13,2,2,13,7.5,15,11,0
25,21,21,25,23.0,46,4,18
1,146,1,146,73.5,147,145,0
8,2,2,8,5.0,10,6,1
1,6,1,6,3.5,7,5,0
5,4,4,5,4.5,9,1,3
5,1,1,5,3.0,6,4,0
1,10,1,10,5.5,11,9,0
1,8,1,8,4.5,9,7,0
8,7,7,8,7.5,15,1,6
15,21,15,21,18.0,36,6,13
19,14,14,19,16.5,33,5,11
18,16,16,18,17.0,34,2,14
49,31,31,49,40.0,80,18,22
13,11,11,13,12.0,24,2,9
9,10,9,10,9.5,19,1,6
4,8,4,8,6.0,12,4,3
8,9,8,9,8.5,17,1,7
5,1,1,5,3.0,6,4,0
4,1,1,4,2.5,5,3,0
3,4,3,4,3.5,7,1,2
12,3,3,12,7.5,15,9,2
1,6,1,6,3.5,7,5,0
1,4,1,4,2.5,5,3,0
4,1,1,4,2.5,5,3,0
4,1,1,4,2.5,5,3,0
9,19,9,19,14.0,28,10,6
4,4,4,4,4.0,8,0,3
5,7,5,7,6.0,12,2,4
12,8,8,12,10.0,20,4,7
4,1,1,4,2.5,5,3,0
37,31,31,37,34.0,68,6,23
8,1,1,8,4.5,9,7,0
23,24,23,24,23.5,47,1,22
1,7,1,7,4.0,8,6,0
7,1,1,7,4.0,8,6,0
5,5,5,5,5.0,10,0,4
4,1,1,4,2.5,5,3,0
18,7,7,18,12.5,25,11,6
54,29,29,54,41.5,83,25,25
15,30,15,30,22.5,45,15,14
4,1,1,4,2.5,5,3,0
4,3,3,4,3.5,7,1,2
6,5,5,6,5.5,11,1,3
40,33,33,40,36.5,73,7,31
1,7,1,7,4.0,8,6,0
1,65,1,65,33.0,66,64,0
6,1,1,6,3.5,7,5,0
8,8,8,8,8.0,16,0,5
4,1,1,4,2.5,5,3,0
5,1,1,5,3.0,6,4,0
22,21,21,22,21.5,43,1,19
5,3,3,5,4.0,8,2,2
7,1,1,7,4.0,8,6,0
6,1,1,6,3.5,7,5,0
4,3,3,4,3.5,7,1,2
1,6,1,6,3.5,7,5,0
5,5,5,5,5.0,10,0,4
44,48,44,48,46.0,92,4,39
21,17,17,21,19.0,38,4,15
13,6,6,13,9.5,19,7,5
28,44,28,44,36.0,72,16,27
7,8,7,8,7.5,15,1,6
8,10,8,10,9.0,18,2,6
10,9,9,10,9.5,19,1,5
6,4,4,6,5.0,10,2,3
5,7,5,7,6.0,12,2,2
5,1,1,5,3.0,6,4,0
4,1,1,4,2.5,5,3,0
6,9,6,9,7.5,15,3,4
6,5,5,6,5.5,11,1,4
24,25,24,25,24.5,49,1,13
6,7,6,7,6.5,13,1,4
11,12,11,12,11.5,23,1,9
12,1,1,12,6.5,13,11,0
24,25,24,25,24.5,49,1,22
16,9,9,16,12.5,25,7,6
12,9,9,12,10.5,21,3,0
6,1,1,6,3.5,7,5,0
17,14,14,17,15.5,31,3,12
10,7,7,10,8.5,17,3,6
3,5,3,5,4.0,8,2,2
4,1,1,4,2.5,5,3,0
1,6,1,6,3.5,7,5,0
18,10,10,18,14.0,28,8,7
45,17,17,45,31.0,62,28,16
6,6,6,6,6.0,12,0,5
11,15,11,15,13.0,26,4,0
11,16,11,16,13.5,27,5,10
5,1,1,5,3.0,6,4,0
12,18,12,18,15.0,30,6,7
14,5,5,14,9.5,19,9,4
5,1,1,5,3.0,6,4,0
4,3,3,4,3.5,7,1,2
16,18,16,18,17.0,34,2,10
1,14,1,14,7.5,15,13,0
10,10,10,10,10.0,20,0,9
32,34,32,34,33.0,66,2,27
1,6,1,6,3.5,7,5,0
17,17,17,17,17.0,34,0,16
4,1,1,4,2.5,5,3,0
1,7,1,7,4.0,8,6,0
6,5,5,6,5.5,11,1,4
4,1,1,4,2.5,5,3,0
2,4,2,4,3.0,6,2,1
5,1,1,5,3.0,6,4,0
13,14,13,14,13.5,27,1,10
5,1,1,5,3.0,6,4,0
6,5,5,6,5.5,11,1,4
11,7,7,11,9.0,18,4,1
7,5,5,7,6.0,12,2,2
20,19,19,20,19.5,39,1,16
15,17,15,17,16.0,32,2,8
3,4,3,4,3.5,7,1,1
11,11,11,11,11.0,22,0,10
11,15,11,15,13.0,26,4,9
1,146,1,146,73.5,147,145,0
20,2,2,20,11.0,22,18,1
49,24,24,49,36.5,73,25,23
5,6,5,6,5.5,11,1,4
1,16,1,16,8.5,17,15,0
4,1,1,4,2.5,5,3,0
1,6,1,6,3.5,7,5,0
45,34,34,45,39.5,79,11,31
26,4,4,26,15.0,30,22,3
1,30,1,30,15.5,31,29,0
4,1,1,4,2.5,5,3,0
4,10,4,10,7.0,14,6,0
8,1,1,8,4.5,9,7,0
1,5,1,5,3.0,6,4,0
1,12,1,12,6.5,13,11,0
16,17,16,17,16.5,33,1,9
1,7,1,7,4.0,8,6,0
4,1,1,4,2.5,5,3,0
7,6,6,7,6.5,13,1,5
1,8,1,8,4.5,9,7,0
11,13,11,13,12.0,24,2,9
4,1,1,4,2.5,5,3,0
1,6,1,6,3.5,7,5,0
14,12,12,14,13.0,26,2,11
8,15,8,15,11.5,23,7,7
8,1,1,8,4.5,9,7,0
5,7,5,7,6.0,12,2,3
11,7,7,11,9.0,18,4,5
4,5,4,5,4.5,9,1,3
4,1,1,4,2.5,5,3,0
5,1,1,5,3.0,6,4,0
6,1,1,6,3.5,7,5,0
1,10,1,10,5.5,11,9,0
8,20,8,20,14.0,28,12,0
5,5,5,5,5.0,10,0,4
12,11,11,12,11.5,23,1,10
13,8,8,13,10.5,21,5,7
9,3,3,9,6.0,12,6,2
5,7,5,7,6.0,12,2,2
1,5,1,5,3.0,6,4,0
6,6,6,6,6.0,12,0,5
28,39,28,39,33.5,67,11,19
2,11,2,11,6.5,13,9,0
20,20,20,20,20.0,40,0,19
7,5,5,7,6.0,12,2,4
4,10,4,10,7.0,14,6,2
11,11,11,11,11.0,22,0,10
5,1,1,5,3.0,6,4,0
10,12,10,12,11.0,22,2,9
1,4,1,4,2.5,5,3,0
4,5,4,5,4.5,9,1,3
10,1,1,10,5.5,11,9,0
13,11,11,13,12.0,24,2,10
1,7,1,7,4.0,8,6,0
14,1,1,14,7.5,15,13,0
1,21,1,21,11.0,22,20,0
4,9,4,9,6.5,13,5,1
25,23,23,25,24.0,48,2,19
14,24,14,24,19.0,38,10,13
2,5,2,5,3.5,7,3,0
5,1,1,5,3.0,6,4,0
10,9,9,10,9.5,19,1,4
1,6,1,6,3.5,7,5,0
12,1,1,12,6.5,13,11,0
6,9,6,9,7.5,15,3,5
1,8,1,8,4.5,9,7,0
4,5,4,5,4.5,9,1,3
16,9,9,16,12.5,25,7,7
14,8,8,14,11.0,22,6,6
1,4,1,4,2.5,5,3,0
6,9,6,9,7.5,15,3,4
3,5,3,5,4.0,8,2,2
5,4,4,5,4.5,9,1,3
7,7,7,7,7.0,14,0,6
5,2,2,5,3.5,7,3,1
17,17,17,17,17.0,34,0,16
1,25,1,25,13.0,26,24,0
2,4,2,4,3.0,6,2,1
1,5,1,5,3.0,6,4,0
6,9,6,9,7.5,15,3,4
1,4,1,4,2.5,5,3,0
1,8,1,8,4.5,9,7,0
4,4,4,4,4.0,8,0,2
5,7,5,7,6.0,12,2,3
9,1,1,9,5.0,10,8,0
17,17,17,17,17.0,34,0,13
5,1,1,5,3.0,6,4,0
26,27,26,27,26.5,53,1,25
10,23,10,23,16.5,33,13,6
12,13,12,13,12.5,25,1,11
18,16,16,18,17.0,34,2,8
6,1,1,6,3.5,7,5,0
17,8,8,17,12.5,25,9,6
4,4,4,4,4.0,8,0,3
6,1,1,6,3.5,7,5,0
5,2,2,5,3.5,7,3,1
2,6,2,6,4.0,8,4,1
4,3,3,4,3.5,7,1,2
6,1,1,6,3.5,7,5,0
16,15,15,16,15.5,31,1,11
18,25,18,25,21.5,43,7,16
5,7,5,7,6.0,12,2,4
14,11,11,14,12.5,25,3,10
1,4,1,4,2.5,5,3,0
29,41,29,41,35.0,70,12,17
12,13,12,13,12.5,25,1,11
1,10,1,10,5.5,11,9,0
1,15,1,15,8.0,16,14,0
2,5,2,5,3.5,7,3,1
9,10,9,10,9.5,19,1,6
5,7,5,7,6.0,12,2,4
28,9,9,28,18.5,37,19,7
9,7,7,9,8.0,16,2,6
1,6,1,6,3.5,7,5,0
12,2,2,12,7.0,14,10,1
13,13,13,13,13.0,26,0,11
2,7,2,7,4.5,9,5,1
6,5,5,6,5.5,11,1,1
26,27,26,27,26.5,53,1,19
12,8,8,12,10.0,20,4,7
1,5,1,5,3.0,6,4,0
22,24,22,24,23.0,46,2,20
17,17,17,17,17.0,34,0,13
6,5,5,6,5.5,11,1,4
7,7,7,7,7.0,14,0,5
4,6,4,6,5.0,10,2,3
17,1,1,17,9.0,18,16,0
19,15,15,19,17.0,34,4,13
11,16,11,16,13.5,27,5,6
5,4,4,5,4.5,9,1,3
10,6,6,10,8.0,16,4,5
4,5,4,5,4.5,9,1,2
1,6,1,6,3.5,7,5,0
1,6,1,6,3.5,7,5,0
1,4,1,4,2.5,5,3,0
5,1,1,5,3.0,6,4,0
7,9,7,9,8.0,16,2,4
37,24,24,37,30.5,61,13,19
49,23,23,49,36.0,72,26,19
16,34,16,34,25.0,50,18,10
6,8,6,8,7.0,14,2,5
15,12,12,15,13.5,27,3,8
21,23,21,23,22.0,44,2,18
1,12,1,12,6.5,13,11,0
4,4,4,4,4.0,8,0,3
20,2,2,20,11.0,22,18,0
3,11,3,11,7.0,14,8,1
12,1,1,12,6.5,13,11,0
5,4,4,5,4.5,9,1,2
4,4,4,4,4.0,8,0,3
5,5,5,5,5.0,10,0,3
29,1,1,29,15.0,30,28,0
4,1,1,4,2.5,5,3,0
5,1,1,5,3.0,6,4,0
12,12,12,12,12.0,24,0,11
4,1,1,4,2.5,5,3,0
6,5,5,6,5.5,11,1,4
40,41,40,41,40.5,81,1,31
7,1,1,7,4.0,8,6,0
10,8,8,10,9.0,18,2,6
6,1,1,6,3.5,7,5,0
9,7,7,9,8.0,16,2,5
6,6,6,6,6.0,12,0,4
1,17,1,17,9.0,18,16,0
6,4,4,6,5.0,10,2,3
26,25,25,26,25.5,51,1,23
22,23,22,23,22.5,45,1,20
1,11,1,11,6.0,12,10,0
4,5,4,5,4.5,9,1,2
4,4,4,4,4.0,8,0,3
2,4,2,4,3.0,6,2,1
6,1,1,6,3.5,7,5,0
3,7,3,7,5.0,10,4,1
17,15,15,17,16.0,32,2,12
4,1,1,4,2.5,5,3,0
10,10,10,10,10.0,20,0,8
42,32,32,42,37.0,74,10,25
10,10,10,10,10.0,20,0,7
27,23,23,27,25.0,50,4,13
5,1,1,5,3.0,6,4,0
1,7,1,7,4.0,8,6,0
8,4,4,8,6.0,12,4,1
11,5,5,11,8.0,16,6,4
1,6,1,6,3.5,7,5,0
5,10,5,10,7.5,15,5,4
9,1,1,9,5.0,10,8,0
4,1,1,4,2.5,5,3,0
2,5,2,5,3.5,7,3,1
4,1,1,4,2.5,5,3,0
3,6,3,6,4.5,9,3,2
5,2,2,5,3.5,7,3,0
1,15,1,15,8.0,16,14,0
1,14,1,14,7.5,15,13,0
4,6,4,6,5.0,10,2,3
2,5,2,5,3.5,7,3,1
4,7,4,7,5.5,11,3,3
1,12,1,12,6.5,13,11,0
5,6,5,6,5.5,11,1,3
5,16,5,16,10.5,21,11,4
1,6,1,6,3.5,7,5,0
5,1,1,5,3.0,6,4,0
5,8,5,8,6.5,13,3,4
17,22,17,22,19.5,39,5,10
8,13,8,13,10.5,21,5,7
10,22,10,22,16.0,32,12,5
7,7,7,7,7.0,14,0,6
3,8,3,8,5.5,11,5,2
31,27,27,31,29.0,58,4,26
18,17,17,18,17.5,35,1,12
7,7,7,7,7.0,14,0,5
38,37,37,38,37.5,75,1,29
5,10,5,10,7.5,15,5,0
35,42,35,42,38.5,77,7,27
4,1,1,4,2.5,5,3,0
2,9,2,9,5.5,11,7,1
12,19,12,19,15.5,31,7,11
3,5,3,5,4.0,8,2,2
8,1,1,8,4.5,9,7,0
1,4,1,4,2.5,5,3,0
6,2,2,6,4.0,8,4,0
16,6,6,16,11.0,22,10,4
1,4,1,4,2.5,5,3,0
1,19,1,19,10.0,20,18,0
7,6,6,7,6.5,13,1,5
3,4,3,4,3.5,7,1,2
1,4,1,4,2.5,5,3,0
19,24,19,24,21.5,43,5,17
11,13,11,13,12.0,24,2,9
42,28,28,42,35.0,70,14,23
1,4,1,4,2.5,5,3,0
5,27,5,27,16.0,32,22,0
1,4,1,4,2.5,5,3,0
1,10,1,10,5.5,11,9,0
4,5,4,5,4.5,9,1,3
4,1,1,4,2.5,5,3,0
14,12,12,14,13.0,26,2,10
6,1,1,6,3.5,7,5,0
22,21,21,22,21.5,43,1,16
16,14,14,16,15.0,30,2,13
20,19,19,20,19.5,39,1,16
11,11,11,11,11.0,22,0,7
8,7,7,8,7.5,15,1,5
17,17,17,17,17.0,34,0,11
1,6,1,6,3.5,7,5,0
28,28,28,28,28.0,56,0,26
6,7,6,7,6.5,13,1,3
11,11,11,11,11.0,22,0,10
9,6,6,9,7.5,15,3,5
7,7,7,7,7.0,14,0,5
2,7,2,7,4.5,9,5,1
4,4,4,4,4.0,8,0,3
8,25,8,25,16.5,33,17,7
17,9,9,17,13.0,26,8,7
17,24,17,24,20.5,41,7,13
12,4,4,12,8.0,16,8,0
4,6,4,6,5.0,10,2,3
4,4,4,4,4.0,8,0,3
44,41,41,44,42.5,85,3,32
23,16,16,23,19.5,39,7,15
14,6,6,14,10.0,20,8,1
1,31,1,31,16.0,32,30,0
19,20,19,20,19.5,39,1,18
17,21,17,21,19.0,38,4,8
6,2,2,6,4.0,8,4,0
30,32,30,32,31.0,62,2,28
1,10,1,10,5.5,11,9,0
4,4,4,4,4.0,8,0,3
11,18,11,18,14.5,29,7,9
14,21,14,21,17.5,35,7,11
17,11,11,17,14.0,28,6,9
21,15,15,21,18.0,36,6,14
13,13,13,13,13.0,26,0,12
1,4,1,4,2.5,5,3,0
6,3,3,6,4.5,9,3,2
5,6,5,6,5.5,11,1,3
6,4,4,6,5.0,10,2,1
1,4,1,4,2.5,5,3,0
7,105,7,105,56.0,112,98,0
2,4,2,4,3.0,6,2,1
2,4,2,4,3.0,6,2,1
6,5,5,6,5.5,11,1,2
10,9,9,10,9.5,19,1,6
1,6,1,6,3.5,7,5,0
3,4,3,4,3.5,7,1,2
4,3,3,4,3.5,7,1,2
1,5,1,5,3.0,6,4,0
1,7,1,7,4.0,8,6,0
5,4,4,5,4.5,9,1,3
4,1,1,4,2.5,5,3,0
13,20,13,20,16.5,33,7,10
6,7,6,7,6.5,13,1,5
1,12,1,12,6.5,13,11,0
7,5,5,7,6.0,12,2,4
4,1,1,4,2.5,5,3,0
1,7,1,7,4.0,8,6,0
4,4,4,4,4.0,8,0,3
6,5,5,6,5.5,11,1,4
23,4,4,23,13.5,27,19,3
5,6,5,6,5.5,11,1,4
8,14,8,14,11.0,22,6,3
1,19,1,19,10.0,20,18,0
1,4,1,4,2.5,5,3,0
7,9,7,9,8.0,16,2,4
18,8,8,18,13.0,26,10,7
33,31,31,33,32.0,64,2,28
23,10,10,23,16.5,33,13,9
18,26,18,26,22.0,44,8,16
5,6,5,6,5.5,11,1,3
4,4,4,4,4.0,8,0,3
30,10,10,30,20.0,40,20,7
1,4,1,4,2.5,5,3,0
1,88,1,88,44.5,89,87,0
5,5,5,5,5.0,10,0,4
6,12,6,12,9.0,18,6,2
8,6,6,8,7.0,14,2,4
5,1,1,5,3.0,6,4,0
4,1,1,4,2.5,5,3,0
5,1,1,5,3.0,6,4,0
7,3,3,7,5.0,10,4,2
11,16,11,16,13.5,27,5,10
1,4,1,4,2.5,5,3,0
6,2,2,6,4.0,8,4,1
5,1,1,5,3.0,6,4,0
6,5,5,6,5.5,11,1,2
2,5,2,5,3.5,7,3,1
8,1,1,8,4.5,9,7,0
19,19,19,19,19.0,38,0,18
4,3,3,4,3.5,7,1,2
5,6,5,6,5.5,11,1,3
1,7,1,7,4.0,8,6,0
5,1,1,5,3.0,6,4,0
2,16,2,16,9.0,18,14,0
2,5,2,5,3.5,7,3,0
11,1,1,11,6.0,12,10,0
1,8,1,8,4.5,9,7,0
10,2,2,10,6.0,12,8,1
1,4,1,4,2.5,5,3,0
10,1,1,10,5.5,11,9,0
24,19,19,24,21.5,43,5,18
10,10,10,10,10.0,20,0,7
24,23,23,24,23.5,47,1,22
6,6,6,6,6.0,12,0,5
4,18,4,18,11.0,22,14,3
4,14,4,14,9.0,18,10,0
1,5,1,5,3.0,6,4,0
16,42,16,42,29.0,58,26,15
8,1,1,8,4.5,9,7,0
18,20,18,20,19.0,38,2,15
2,5,2,5,3.5,7,3,1
2,5,2,5,3.5,7,3,1
4,1,1,4,2.5,5,3,0
1,6,1,6,3.5,7,5,0
4,1,1,4,2.5,5,3,0
7,5,5,7,6.0,12,2,4
4,16,4,16,10.0,20,12,2
5,1,1,5,3.0,6,4,0
20,15,15,20,17.5,35,5,9
30,36,30,36,33.0,66,6,29
4,8,4,8,6.0,12,4,2
1,4,1,4,2.5,5,3,0
10,10,10,10,10.0,20,0,8
1,5,1,5,3.0,6,4,0
6,1,1,6,3.5,7,5,0
4,1,1,4,2.5,5,3,0
42,44,42,44,43.0,86,2,39
16,16,16,16,16.0,32,0,11
32,32,32,32,32.0,64,0,31
17,17,17,17,17.0,34,0,13
4,3,3,4,3.5,7,1,2
8,2,2,8,5.0,10,6,0
5,1,1,5,3.0,6,4,0
4,3,3,4,3.5,7,1,2
31,29,29,31,30.0,60,2,26
18,22,18,22,20.0,40,4,14
12,12,12,12,12.0,24,0,9
2,5,2,5,3.5,7,3,0
1,6,1,6,3.5,7,5,0
22,10,10,22,16.0,32,12,8
1,4,1,4,2.5,5,3,0
14,4,4,14,9.0,18,10,3
7,8,7,8,7.5,15,1,6
4,4,4,4,4.0,8,0,3
7,8,7,8,7.5,15,1,6
1,5,1,5,3.0,6,4,0
23,16,16,23,19.5,39,7,14
19,12,12,19,15.5,31,7,11
1,4,1,4,2.5,5,3,0
10,9,9,10,9.5,19,1,8
9,5,5,9,7.0,14,4,4
6,5,5,6,5.5,11,1,4
29,30,29,30,29.5,59,1,27
1,5,1,5,3.0,6,4,0
53,15,15,53,34.0,68,38,8
5,5,5,5,5.0,10,0,4
7,8,7,8,7.5,15,1,5
11,1,1,11,6.0,12,10,0
10,17,10,17,13.5,27,7,9
6,5,5,6,5.5,11,1,4
5,1,1,5,3.0,6,4,0
41,45,41,45,43.0,86,4,39
16,16,16,16,16.0,32,0,13
41,49,41,49,45.0,90,8,40
8,1,1,8,4.5,9,7,0
15,13,13,15,14.0,28,2,11
11,7,7,11,9.0,18,4,6
1,4,1,4,2.5,5,3,0
4,4,4,4,4.0,8,0,3
12,1,1,12,6.5,13,11,0
1,13,1,13,7.0,14,12,0
6,4,4,6,5.0,10,2,3
38,35,35,38,36.5,73,3,31
5,1,1,5,3.0,6,4,0
4,8,4,8,6.0,12,4,0
1,10,1,10,5.5,11,9,0
12,5,5,12,8.5,17,7,4
1,15,1,15,8.0,16,14,0
30,32,30,32,31.0,62,2,29
18,20,18,20,19.0,38,2,16
4,4,4,4,4.0,8,0,3
4,5,4,5,4.5,9,1,1
16,1,1,16,8.5,17,15,0
24,19,19,24,21.5,43,5,13
4,4,4,4,4.0,8,0,3
5,3,3,5,4.0,8,2,2
17,13,13,17,15.0,30,4,7
12,10,10,12,11.0,22,2,9
1,18,1,18,9.5,19,17,0
4,6,4,6,5.0,10,2,2
13,11,11,13,12.0,24,2,6
16,49,16,49,32.5,65,33,14
21,8,8,21,14.5,29,13,7
10,10,10,10,10.0,20,0,8
18,16,16,18,17.0,34,2,14
5,4,4,5,4.5,9,1,3
8,7,7,8,7.5,15,1,4
43,28,28,43,35.5,71,15,23
12,5,5,12,8.5,17,7,0
19,18,18,19,18.5,37,1,12
22,3,3,22,12.5,25,19,2
5,4,4,5,4.5,9,1,3
1,5,1,5,3.0,6,4,0
5,5,5,5,5.0,10,0,3
4,5,4,5,4.5,9,1,3
6,6,6,6,6.0,12,0,1
5,4,4,5,4.5,9,1,3
4,4,4,4,4.0,8,0,3
5,3,3,5,4.0,8,2,2
12,5,5,12,8.5,17,7,1
1,11,1,11,6.0,12,10,0
1,4,1,4,2.5,5,3,0
6,7,6,7,6.5,13,1,5
1,15,1,15,8.0,16,14,0
5,3,3,5,4.0,8,2,2
11,4,4,11,7.5,15,7,3
38,1,1,38,19.5,39,37,0
9,10,9,10,9.5,19,1,7
27,22,22,27,24.5,49,5,20
17,7,7,17,12.0,24,10,1
1,6,1,6,3.5,7,5,0
10,8,8,10,9.0,18,2,7
4,1,1,4,2.5,5,3,0
5,1,1,5,3.0,6,4,0
8,8,8,8,8.0,16,0,7
7,5,5,7,6.0,12,2,4
1,7,1,7,4.0,8,6,0
5,1,1,5,3.0,6,4,0
1,10,1,10,5.5,11,9,0
5,1,1,5,3.0,6,4,0
8,1,1,8,4.5,9,7,0
6,1,1,6,3.5,7,5,0
28,14,14,28,21.0,42,14,12
2,4,2,4,3.0,6,2,0
10,3,3,10,6.5,13,7,2
1,4,1,4,2.5,5,3,0
8,5,5,8,6.5,13,3,1
1,25,1,25,13.0,26,24,0
1,9,1,9,5.0,10,8,0
13,12,12,13,12.5,25,1,11
10,27,10,27,18.5,37,17,7
1,6,1,6,3.5,7,5,0
7,7,7,7,7.0,14,0,6
1,5,1,5,3.0,6,4,0
30,33,30,33,31.5,63,3,29
36,33,33,36,34.5,69,3,27
4,1,1,4,2.5,5,3,0
1,7,1,7,4.0,8,6,0
5,7,5,7,6.0,12,2,1
1,4,1,4,2.5,5,3,0
7,1,1,7,4.0,8,6,0
6,6,6,6,6.0,12,0,5
17,1,1,17,9.0,18,16,0
18,9,9,18,13.5,27,9,8
10,22,10,22,16.0,32,12,9
1,11,1,11,6.0,12,10,0
22,22,22,22,22.0,44,0,18
19,23,19,23,21.0,42,4,17
4,6,4,6,5.0,10,2,0
1,10,1,10,5.5,11,9,0
4,7,4,7,5.5,11,3,3
34,28,28,34,31.0,62,6,19
30,6,6,30,18.0,36,24,0
7,6,6,7,6.5,13,1,5
10,7,7,10,8.5,17,3,6
5,4,4,5,4.5,9,1,3
16,11,11,16,13.5,27,5,4
6,5,5,6,5.5,11,1,4
2,5,2,5,3.5,7,3,0
4,8,4,8,6.0,12,4,0
7,4,4,7,5.5,11,3,2
10,10,10,10,10.0,20,0,7
26,35,26,35,30.5,61,9,21
4,1,1,4,2.5,5,3,0
15,12,12,15,13.5,27,3,11
5,7,5,7,6.0,12,2,2
1,6,1,6,3.5,7,5,0
4,5,4,5,4.5,9,1,3
8,5,5,8,6.5,13,3,4
29,21,21,29,25.0,50,8,17
10,1,1,10,5.5,11,9,0
13,13,13,13,13.0,26,0,10
7,2,2,7,4.5,9,5,1
6,5,5,6,5.5,11,1,1
7,10,7,10,8.5,17,3,3
4,7,4,7,5.5,11,3,2
7,7,7,7,7.0,14,0,0
18,26,18,26,22.0,44,8,17
7,7,7,7,7.0,14,0,6
10,9,9,10,9.5,19,1,6
25,26,25,26,25.5,51,1,20
4,4,4,4,4.0,8,0,2
6,5,5,6,5.5,11,1,0
1,7,1,7,4.0,8,6,0
77,2,2,77,39.5,79,75,0
16,1,1,16,8.5,17,15,0
1,10,1,10,5.5,11,9,0
9,12,9,12,10.5,21,3,8
9,9,9,9,9.0,18,0,7
5,1,1,5,3.0,6,4,0
6,6,6,6,6.0,12,0,5
1,4,1,4,2.5,5,3,0
5,7,5,7,6.0,12,2,2
4,1,1,4,2.5,5,3,0
4,2,2,4,3.0,6,2,0
2,4,2,4,3.0,6,2,1
23,25,23,25,24.0,48,2,19
9,7,7,9,8.0,16,2,5
7,6,6,7,6.5,13,1,5
12,13,12,13,12.5,25,1,10
4,2,2,4,3.0,6,2,1
1,19,1,19,10.0,20,18,0
12,8,8,12,10.0,20,4,5
12,13,12,13,12.5,25,1,11
1,4,1,4,2.5,5,3,0
9,10,9,10,9.5,19,1,8
16,20,16,20,18.0,36,4,9
1,4,1,4,2.5,5,3,0
5,1,1,5,3.0,6,4,0
5,6,5,6,5.5,11,1,4
11,10,10,11,10.5,21,1,9
29,33,29,33,31.0,62,4,25
3,26,3,26,14.5,29,23,2
12,3,3,12,7.5,15,9,0
7,1,1,7,4.0,8,6,0
1,4,1,4,2.5,5,3,0
4,1,1,4,2.5,5,3,0
7,7,7,7,7.0,14,0,5
1,13,1,13,7.0,14,12,0
6,6,6,6,6.0,12,0,4
5,1,1,5,3.0,6,4,0
1,7,1,7,4.0,8,6,0
32,35,32,35,33.5,67,3,30
3,4,3,4,3.5,7,1,2
1,12,1,12,6.5,13,11,0
49,41,41,49,45.0,90,8,24
18,7,7,18,12.5,25,11,6
7,9,7,9,8.0,16,2,1
15,17,15,17,16.0,32,2,13
4,1,1,4,2.5,5,3,0
5,5,5,5,5.0,10,0,4
11,14,11,14,12.5,25,3,10
4,1,1,4,2.5,5,3,0
1,5,1,5,3.0,6,4,0
4,2,2,4,3.0,6,2,1
4,1,1,4,2.5,5,3,0
4,4,4,4,4.0,8,0,2
1,6,1,6,3.5,7,5,0
16,26,16,26,21.0,42,10,15
7,6,6,7,6.5,13,1,4
5,4,4,5,4.5,9,1,3
6,1,1,6,3.5,7,5,0
13,13,13,13,13.0,26,0,7
7,3,3,7,5.0,10,4,2
8,7,7,8,7.5,15,1,6
17,17,17,17,17.0,34,0,9
16,5,5,16,10.5,21,11,3
1,4,1,4,2.5,5,3,0
1,4,1,4,2.5,5,3,0
27,26,26,27,26.5,53,1,25
5,1,1,5,3.0,6,4,0
38,24,24,38,31.0,62,14,16
9,2,2,9,5.5,11,7,0
19,31,19,31,25.0,50,12,14
4,1,1,4,2.5,5,3,0
1,12,1,12,6.5,13,11,0
3,7,3,7,5.0,10,4,0
6,1,1,6,3.5,7,5,0
4,7,4,7,5.5,11,3,3
16,25,16,25,20.5,41,9,15
24,19,19,24,21.5,43,5,18
10,21,10,21,15.5,31,11,9
46,12,12,46,29.0,58,34,10
5,5,5,5,5.0,10,0,3
6,6,6,6,6.0,12,0,5
1,16,1,16,8.5,17,15,0
4,20,4,20,12.0,24,16,3
31,27,27,31,29.0,58,4,26
1,5,1,5,3.0,6,4,0
5,4,4,5,4.5,9,1,3
1,4,1,4,2.5,5,3,0
4,4,4,4,4.0,8,0,2
1,29,1,29,15.0,30,28,0
6,5,5,6,5.5,11,1,4
16,15,15,16,15.5,31,1,7
11,11,11,11,11.0,22,0,9
5,2,2,5,3.5,7,3,1
26,26,26,26,26.0,52,0,25
13,19,13,19,16.0,32,6,11
12,1,1,12,6.5,13,11,0
20,20,20,20,20.0,40,0,19
4,1,1,4,2.5,5,3,0
1,6,1,6,3.5,7,5,0
13,12,12,13,12.5,25,1,11
29,27,27,29,28.0,56,2,24
1,6,1,6,3.5,7,5,0
6,2,2,6,4.0,8,4,1
1,6,1,6,3.5,7,5,0
1,19,1,19,10.0,20,18,0
10,11,10,11,10.5,21,1,9
8,8,8,8,8.0,16,0,3
9,4,4,9,6.5,13,5,0
1,6,1,6,3.5,7,5,0
7,4,4,7,5.5,11,3,0
26,2,2,26,14.0,28,24,0
11,17,11,17,14.0,28,6,5
5,1,1,5,3.0,6,4,0
4,1,1,4,2.5,5,3,0
3,5,3,5,4.0,8,2,2
8,4,4,8,6.0,12,4,3
5,6,5,6,5.5,11,1,4
18,27,18,27,22.5,45,9,16
5,5,5,5,5.0,10,0,4
13,9,9,13,11.0,22,4,7
7,6,6,7,6.5,13,1,5
8,4,4,8,6.0,12,4,3
16,13,13,16,14.5,29,3,12
7,8,7,8,7.5,15,1,6
8,1,1,8,4.5,9,7,0
13,13,13,13,13.0,26,0,11
1,4,1,4,2.5,5,3,0
9,1,1,9,5.0,10,8,0
5,1,1,5,3.0,6,4,0
6,5,5,6,5.5,11,1,4
9,8,8,9,8.5,17,1,6
10,1,1,10,5.5,11,9,0
21,23,21,23,22.0,44,2,16
4,1,1,4,2.5,5,3,0
12,11,11,12,11.5,23,1,10
4,7,4,7,5.5,11,3,2
4,5,4,5,4.5,9,1,0
14,16,14,16,15.0,30,2,9
6,5,5,6,5.5,11,1,4
13,9,9,13,11.0,22,4,5
1,8,1,8,4.5,9,7,0
4,2,2,4,3.0,6,2,1
12,7,7,12,9.5,19,5,5
27,65,27,65,46.0,92,38,22
7,1,1,7,4.0,8,6,0
4,2,2,4,3.0,6,2,1
11,7,7,11,9.0,18,4,1
12,15,12,15,13.5,27,3,10
2,7,2,7,4.5,9,5,1
1,5,1,5,3.0,6,4,0
5,5,5,5,5.0,10,0,4
26,27,26,27,26.5,53,1,25
10,1,1,10,5.5,11,9,0
2,29,2,29,15.5,31,27,0
21,2,2,21,11.5,23,19,1
3,4,3,4,3.5,7,1,2
4,1,1,4,2.5,5,3,0
8,9,8,9,8.5,17,1,6
9,20,9,20,14.5,29,11,8
21,21,21,21,21.0,42,0,20
7,1,1,7,4.0,8,6,0
2,8,2,8,5.0,10,6,1
6,4,4,6,5.0,10,2,3
5,4,4,5,4.5,9,1,3
11,11,11,11,11.0,22,0,10
5,5,5,5,5.0,10,0,4
1,22,1,22,11.5,23,21,0
5,2,2,5,3.5,7,3,0
2,40,2,40,21.0,42,38,0
5,1,1,5,3.0,6,4,0
4,4,4,4,4.0,8,0,3
12,12,12,12,12.0,24,0,11
7,2,2,7,4.5,9,5,1
5,15,5,15,10.0,20,10,0
1,4,1,4,2.5,5,3,0
5,4,4,5,4.5,9,1,1
22,8,8,22,15.0,30,14,7
16,18,16,18,17.0,34,2,14
1,5,1,5,3.0,6,4,0
4,15,4,15,9.5,19,11,1
36,46,36,46,41.0,82,10,31
4,1,1,4,2.5,5,3,0
8,11,8,11,9.5,19,3,7
4,4,4,4,4.0,8,0,3
1,5,1,5,3.0,6,4,0
9,8,8,9,8.5,17,1,7
4,1,1,4,2.5,5,3,0
1,5,1,5,3.0,6,4,0
18,15,15,18,16.5,33,3,12
35,25,25,35,30.0,60,10,21
5,2,2,5,3.5,7,3,1
21,18,18,21,19.5,39,3,9
1,7,1,7,4.0,8,6,0
23,20,20,23,21.5,43,3,18
4,1,1,4,2.5,5,3,0
21,1,1,21,11.0,22,20,0
10,6,6,10,8.0,16,4,4
3,4,3,4,3.5,7,1,2
1,6,1,6,3.5,7,5,0
6,7,6,7,6.5,13,1,5
3,5,3,5,4.0,8,2,2
4,3,3,4,3.5,7,1,0
7,1,1,7,4.0,8,6,0
6,6,6,6,6.0,12,0,3
5,1,1,5,3.0,6,4,0
1,6,1,6,3.5,7,5,0
11,7,7,11,9.0,18,4,1
19,19,19,19,19.0,38,0,17
5,1,1,5,3.0,6,4,0
8,5,5,8,6.5,13,3,4
15,15,15,15,15.0,30,0,10
5,5,5,5,5.0,10,0,4
5,1,1,5,3.0,6,4,0
1,5,1,5,3.0,6,4,0
5,4,4,5,4.5,9,1,1
1,4,1,4,2.5,5,3,0
12,10,10,12,11.0,22,2,9
1,65,1,65,33.0,66,64,0
26,17,17,26,21.5,43,9,11
1,4,1,4,2.5,5,3,0
6,1,1,6,3.5,7,5,0
7,8,7,8,7.5,15,1,6
2,6,2,6,4.0,8,4,1
17,13,13,17,15.0,30,4,12
8,3,3,8,5.5,11,5,2
4,1,1,4,2.5,5,3,0
21,9,9,21,15.0,30,12,2
1,7,1,7,4.0,8,6,0
7,6,6,7,6.5,13,1,5
26,26,26,26,26.0,52,0,24
19,1,1,19,10.0,20,18,0
10,12,10,12,11.0,22,2,7
32,33,32,33,32.5,65,1,30
20,25,20,25,22.5,45,5,17
2,4,2,4,3.0,6,2,1
1,4,1,4,2.5,5,3,0
7,9,7,9,8.0,16,2,0
9,1,1,9,5.0,10,8,0
5,1,1,5,3.0,6,4,0
4,5,4,5,4.5,9,1,0
13,18,13,18,15.5,31,5,12
1,7,1,7,4.0,8,6,0
1,5,1,5,3.0,6,4,0
4,1,1,4,2.5,5,3,0
15,22,15,22,18.5,37,7,5
3,5,3,5,4.0,8,2,2
4,1,1,4,2.5,5,3,0
4,1,1,4,2.5,5,3,0
41,28,28,41,34.5,69,13,18
2,6,2,6,4.0,8,4,1
12,11,11,12,11.5,23,1,10
7,8,7,8,7.5,15,1,4
8,8,8,8,8.0,16,0,5
8,6,6,8,7.0,14,2,4
3,6,3,6,4.5,9,3,1
4,2,2,4,3.0,6,2,0
2,7,2,7,4.5,9,5,1
21,23,21,23,22.0,44,2,18
2,12,2,12,7.0,14,10,1
8,8,8,8,8.0,16,0,6
1,6,1,6,3.5,7,5,0
1,43,1,43,22.0,44,42,0
5,1,1,5,3.0,6,4,0
5,1,1,5,3.0,6,4,0
4,6,4,6,5.0,10,2,3
1,5,1,5,3.0,6,4,0
2,7,2,7,4.5,9,5,0
1,11,1,11,6.0,12,10,0
38,51,38,51,44.5,89,13,19
23,28,23,28,25.5,51,5,21
1,15,1,15,8.0,16,14,0
2,4,2,4,3.0,6,2,0
17,14,14,17,15.5,31,3,12
1,5,1,5,3.0,6,4,0
1,6,1,6,3.5,7,5,0
28,18,18,28,23.0,46,10,16
15,12,12,15,13.5,27,3,10
6,6,6,6,6.0,12,0,5
34,36,34,36,35.0,70,2,33
7,1,1,7,4.0,8,6,0
1,4,1,4,2.5,5,3,0
36,32,32,36,34.0,68,4,31
6,6,6,6,6.0,12,0,5
12,14,12,14,13.0,26,2,10
2,5,2,5,3.5,7,3,1
18,47,18,47,32.5,65,29,17
8,4,4,8,6.0,12,4,2
5,1,1,5,3.0,6,4,0
7,10,7,10,8.5,17,3,5
11,13,11,13,12.0,24,2,8
8,8,8,8,8.0,16,0,7
5,1,1,5,3.0,6,4,0
2,7,2,7,4.5,9,5,0
29,23,23,29,26.0,52,6,21
7,6,6,7,6.5,13,1,4
1,4,1,4,2.5,5,3,0
19,19,19,19,19.0,38,0,17
13,11,11,13,12.0,24,2,9
9,7,7,9,8.0,16,2,0
7,2,2,7,4.5,9,5,1
8,1,1,8,4.5,9,7,0
11,1,1,11,6.0,12,10,0
49,20,20,49,34.5,69,29,16
29,27,27,29,28.0,56,2,23
45,48,45,48,46.5,93,3,43
1,6,1,6,3.5,7,5,0
25,24,24,25,24.5,49,1,22
6,5,5,6,5.5,11,1,4
5,1,1,5,3.0,6,4,0
9,6,6,9,7.5,15,3,5
6,2,2,6,4.0,8,4,1
12,12,12,12,12.0,24,0,11
1,5,1,5,3.0,6,4,0
6,1,1,6,3.5,7,5,0
26,2,2,26,14.0,28,24,1
1,5,1,5,3.0,6,4,0
4,3,3,4,3.5,7,1,2
19,18,18,19,18.5,37,1,15
19,17,17,19,18.0,36,2,14
6,1,1,6,3.5,7,5,0
10,9,9,10,9.5,19,1,7
7,1,1,7,4.0,8,6,0
1,61,1,61,31.0,62,60,0
22,20,20,22,21.0,42,2,16
6,6,6,6,6.0,12,0,5
8,2,2,8,5.0,10,6,0
5,2,2,5,3.5,7,3,1
7,8,7,8,7.5,15,1,6
9,7,7,9,8.0,16,2,4
1,6,1,6,3.5,7,5,0
20,28,20,28,24.0,48,8,2
16,19,16,19,17.5,35,3,15
10,14,10,14,12.0,24,4,1
14,21,14,21,17.5,35,7,11
1,6,1,6,3.5,7,5,0
8,2,2,8,5.0,10,6,0
1,6,1,6,3.5,7,5,0
9,8,8,9,8.5,17,1,7
6,6,6,6,6.0,12,0,5
5,7,5,7,6.0,12,2,3
33,33,33,33,33.0,66,0,32
4,4,4,4,4.0,8,0,3
4,3,3,4,3.5,7,1,2
7,1,1,7,4.0,8,6,0
5,2,2,5,3.5,7,3,1
13,15,13,15,14.0,28,2,12
4,1,1,4,2.5,5,3,0
7,4,4,7,5.5,11,3,3
7,7,7,7,7.0,14,0,6
2,11,2,11,6.5,13,9,0
8,8,8,8,8.0,16,0,6
2,20,2,20,11.0,22,18,1
4,1,1,4,2.5,5,3,0
16,17,16,17,16.5,33,1,14
4,1,1,4,2.5,5,3,0
23,29,23,29,26.0,52,6,21
4,1,1,4,2.5,5,3,0
1,4,1,4,2.5,5,3,0
8,7,7,8,7.5,15,1,6
11,15,11,15,13.0,26,4,6
4,4,4,4,4.0,8,0,3
1,5,1,5,3.0,6,4,0
8,1,1,8,4.5,9,7,0
1,5,1,5,3.0,6,4,0
4,4,4,4,4.0,8,0,3
6,6,6,6,6.0,12,0,0
6,1,1,6,3.5,7,5,0
1,6,1,6,3.5,7,5,0
6,3,3,6,4.5,9,3,2
19,20,19,20,19.5,39,1,18
17,15,15,17,16.0,32,2,14
24,17,17,24,20.5,41,7,14
1,4,1,4,2.5,5,3,0
5,6,5,6,5.5,11,1,3
6,1,1,6,3.5,7,5,0
9,1,1,9,5.0,10,8,0
5,7,5,7,6.0,12,2,3
7,5,5,7,6.0,12,2,3
9,10,9,10,9.5,19,1,5
6,8,6,8,7.0,14,2,5
7,20,7,20,13.5,27,13,5
4,1,1,4,2.5,5,3,0
1,9,1,9,5.0,10,8,0
21,9,9,21,15.0,30,12,4
4,2,2,4,3.0,6,2,1
14,9,9,14,11.5,23,5,6
14,3,3,14,8.5,17,11,1
7,17,7,17,12.0,24,10,6
8,6,6,8,7.0,14,2,4
13,9,9,13,11.0,22,4,8
9,6,6,9,7.5,15,3,5
17,20,17,20,18.5,37,3,16
21,6,6,21,13.5,27,15,5
1,5,1,5,3.0,6,4,0
19,14,14,19,16.5,33,5,0
3,4,3,4,3.5,7,1,2
4,5,4,5,4.5,9,1,1
15,2,2,15,8.5,17,13,0
5,5,5,5,5.0,10,0,4
7,4,4,7,5.5,11,3,0
7,7,7,7,7.0,14,0,6
5,7,5,7,6.0,12,2,3
1,6,1,6,3.5,7,5,0
11,1,1,11,6.0,12,10,0
4,2,2,4,3.0,6,2,1
10,5,5,10,7.5,15,5,4
14,13,13,14,13.5,27,1,10
10,10,10,10,10.0,20,0,9
8,1,1,8,4.5,9,7,0
9,9,9,9,9.0,18,0,2
10,18,10,18,14.0,28,8,9
5,1,1,5,3.0,6,4,0
146,25,25,146,85.5,171,121,10
8,1,1,8,4.5,9,7,0
4,4,4,4,4.0,8,0,3
7,8,7,8,7.5,15,1,6
4,1,1,4,2.5,5,3,0
25,37,25,37,31.0,62,12,17
6,4,4,6,5.0,10,2,3
1,4,1,4,2.5,5,3,0
1,9,1,9,5.0,10,8,0
1,9,1,9,5.0,10,8,0
1,9,1,9,5.0,10,8,0
4,2,2,4,3.0,6,2,0
11,12,11,12,11.5,23,1,10
9,9,9,9,9.0,18,0,8
6,6,6,6,6.0,12,0,5
14,11,11,14,12.5,25,3,10
13,45,13,45,29.0,58,32,11
9,10,9,10,9.5,19,1,6
8,8,8,8,8.0,16,0,3
17,9,9,17,13.0,26,8,6
25,28,25,28,26.5,53,3,23
8,10,8,10,9.0,18,2,5
19,18,18,19,18.5,37,1,16
1,65,1,65,33.0,66,64,0
1,15,1,15,8.0,16,14,0
1,5,1,5,3.0,6,4,0
4,1,1,4,2.5,5,3,0
5,1,1,5,3.0,6,4,0
4,4,4,4,4.0,8,0,3
4,1,1,4,2.5,5,3,0
4,5,4,5,4.5,9,1,3
1,22,1,22,11.5,23,21,0
1,5,1,5,3.0,6,4,0
1,4,1,4,2.5,5,3,0
11,6,6,11,8.5,17,5,5
1,8,1,8,4.5,9,7,0
1,4,1,4,2.5,5,3,0
4,1,1,4,2.5,5,3,0
1,8,1,8,4.5,9,7,0
41,48,41,48,44.5,89,7,36
9,13,9,13,11.0,22,4,6
4,6,4,6,5.0,10,2,1
1,4,1,4,2.5,5,3,0
4,3,3,4,3.5,7,1,2
8,9,8,9,8.5,17,1,7
9,12,9,12,10.5,21,3,8
1,4,1,4,2.5,5,3,0
16,8,8,16,12.0,24,8,2
5,4,4,5,4.5,9,1,3
5,7,5,7,6.0,12,2,3
4,4,4,4,4.0,8,0,3
1,4,1,4,2.5,5,3,0
4,10,4,10,7.0,14,6,1
4,3,3,4,3.5,7,1,2
18,48,18,48,33.0,66,30,17
34,29,29,34,31.5,63,5,23
4,5,4,5,4.5,9,1,3
1,5,1,5,3.0,6,4,0
17,5,5,17,11.0,22,12,4
4,4,4,4,4.0,8,0,2
1,11,1,11,6.0,12,10,0
27,28,27,28,27.5,55,1,26
6,8,6,8,7.0,14,2,5
11,13,11,13,12.0,24,2,10
10,10,10,10,10.0,20,0,9
1,25,1,25,13.0,26,24,0
38,22,22,38,30.0,60,16,15
2,4,2,4,3.0,6,2,1
7,1,1,7,4.0,8,6,0
7,6,6,7,6.5,13,1,4
10,11,10,11,10.5,21,1,7
18,10,10,18,14.0,28,8,8
4,1,1,4,2.5,5,3,0
1,9,1,9,5.0,10,8,0
1,16,1,16,8.5,17,15,0
6,6,6,6,6.0,12,0,5
10,1,1,10,5.5,11,9,0
25,33,25,33,29.0,58,8,23
1,7,1,7,4.0,8,6,0
16,21,16,21,18.5,37,5,9
4,22,4,22,13.0,26,18,0
1,5,1,5,3.0,6,4,0
5,4,4,5,4.5,9,1,3
9,9,9,9,9.0,18,0,8
11,10,10,11,10.5,21,1,9
2,14,2,14,8.0,16,12,0
3,16,3,16,9.5,19,13,0
15,25,15,25,20.0,40,10,14
4,7,4,7,5.5,11,3,2
6,7,6,7,6.5,13,1,4
1,7,1,7,4.0,8,6,0
21,13,13,21,17.0,34,8,12
6,6,6,6,6.0,12,0,5
6,7,6,7,6.5,13,1,5
14,11,11,14,12.5,25,3,8
9,10,9,10,9.5,19,1,8
5,1,1,5,3.0,6,4,0
17,11,11,17,14.0,28,6,10
2,12,2,12,7.0,14,10,1
7,5,5,7,6.0,12,2,3
5,1,1,5,3.0,6,4,0
11,10,10,11,10.5,21,1,9
5,1,1,5,3.0,6,4,0
11,20,11,20,15.5,31,9,9
4,4,4,4,4.0,8,0,3
6,6,6,6,6.0,12,0,5
1,10,1,10,5.5,11,9,0
3,15,3,15,9.0,18,12,2
1,5,1,5,3.0,6,4,0
6,10,6,10,8.0,16,4,5
8,8,8,8,8.0,16,0,7
3,4,3,4,3.5,7,1,2
14,1,1,14,7.5,15,13,0
17,15,15,17,16.0,32,2,11
2,12,2,12,7.0,14,10,0
7,1,1,7,4.0,8,6,0
4,1,1,4,2.5,5,3,0
38,36,36,38,37.0,74,2,34
18,17,17,18,17.5,35,1,16
2,6,2,6,4.0,8,4,1
1,6,1,6,3.5,7,5,0
5,2,2,5,3.5,7,3,0
1,4,1,4,2.5,5,3,0
3,5,3,5,4.0,8,2,2
4,2,2,4,3.0,6,2,1
43,12,12,43,27.5,55,31,7
18,17,17,18,17.5,35,1,12
13,9,9,13,11.0,22,4,8
8,1,1,8,4.5,9,7,0
10,1,1,10,5.5,11,9,0
21,21,21,21,21.0,42,0,19
10,9,9,10,9.5,19,1,6
2,20,2,20,11.0,22,18,0
5,1,1,5,3.0,6,4,0
2,21,2,21,11.5,23,19,1
6,15,6,15,10.5,21,9,2
6,1,1,6,3.5,7,5,0
4,4,4,4,4.0,8,0,3
5,1,1,5,3.0,6,4,0
13,10,10,13,11.5,23,3,2
18,21,18,21,19.5,39,3,17
24,1,1,24,12.5,25,23,0
9,1,1,9,5.0,10,8,0
1,10,1,10,5.5,11,9,0
1,5,1,5,3.0,6,4,0
15,12,12,15,13.5,27,3,9
13,9,9,13,11.0,22,4,8
5,1,1,5,3.0,6,4,0
22,46,22,46,34.0,68,24,16
12,13,12,13,12.5,25,1,10
1,4,1,4,2.5,5,3,0
14,12,12,14,13.0,26,2,11
1,4,1,4,2.5,5,3,0
7,7,7,7,7.0,14,0,6
47,36,36,47,41.5,83,11,33
7,7,7,7,7.0,14,0,6
13,13,13,13,13.0,26,0,12
5,1,1,5,3.0,6,4,0
2,6,2,6,4.0,8,4,0
4,1,1,4,2.5,5,3,0
1,5,1,5,3.0,6,4,0
23,30,23,30,26.5,53,7,21
11,13,11,13,12.0,24,2,1
1,7,1,7,4.0,8,6,0
1,4,1,4,2.5,5,3,0
6,5,5,6,5.5,11,1,4
10,39,10,39,24.5,49,29,7
4,2,2,4,3.0,6,2,0
4,8,4,8,6.0,12,4,3
1,4,1,4,2.5,5,3,0
11,11,11,11,11.0,22,0,6
1,4,1,4,2.5,5,3,0
9,8,8,9,8.5,17,1,7
1,4,1,4,2.5,5,3,0
34,40,34,40,37.0,74,6,32
4,1,1,4,2.5,5,3,0
3,4,3,4,3.5,7,1,2
2,5,2,5,3.5,7,3,1
1,13,1,13,7.0,14,12,0
38,33,33,38,35.5,71,5,28
1,5,1,5,3.0,6,4,0
4,3,3,4,3.5,7,1,2
8,1,1,8,4.5,9,7,0
5,1,1,5,3.0,6,4,0
6,9,6,9,7.5,15,3,1
14,13,13,14,13.5,27,1,12
6,2,2,6,4.0,8,4,1
1,7,1,7,4.0,8,6,0
6,5,5,6,5.5,11,1,4
4,6,4,6,5.0,10,2,0
1,17,1,17,9.0,18,16,0
5,4,4,5,4.5,9,1,3
18,10,10,18,14.0,28,8,9
5,6,5,6,5.5,11,1,2
4,1,1,4,2.5,5,3,0
13,1,1,13,7.0,14,12,0
7,15,7,15,11.0,22,8,6
10,11,10,11,10.5,21,1,6
33,9,9,33,21.0,42,24,7
7,9,7,9,8.0,16,2,6
6,1,1,6,3.5,7,5,0
4,1,1,4,2.5,5,3,0
1,7,1,7,4.0,8,6,0
3,8,3,8,5.5,11,5,2
12,2,2,12,7.0,14,10,0
1,8,1,8,4.5,9,7,0
8,1,1,8,4.5,9,7,0
3,17,3,17,10.0,20,14,2
29,36,29,36,32.5,65,7,18
7,6,6,7,6.5,13,1,3
9,4,4,9,6.5,13,5,2
5,1,1,5,3.0,6,4,0
5,5,5,5,5.0,10,0,4
17,11,11,17,14.0,28,6,8
3,11,3,11,7.0,14,8,2
9,5,5,9,7.0,14,4,1
13,13,13,13,13.0,26,0,9
11,1,1,11,6.0,12,10,0
11,13,11,13,12.0,24,2,9
1,10,1,10,5.5,11,9,0
1,7,1,7,4.0,8,6,0
5,3,3,5,4.0,8,2,2
13,8,8,13,10.5,21,5,2
4,1,1,4,2.5,5,3,0
7,1,1,7,4.0,8,6,0
27,39,27,39,33.0,66,12,26
1,35,1,35,18.0,36,34,0
7,7,7,7,7.0,14,0,4
5,7,5,7,6.0,12,2,4
5,7,5,7,6.0,12,2,3
1,4,1,4,2.5,5,3,0
22,23,22,23,22.5,45,1,20
15,10,10,15,12.5,25,5,8
19,105,19,105,62.0,124,86,0
6,15,6,15,10.5,21,9,4
32,36,32,36,34.0,68,4,31
9,1,1,9,5.0,10,8,0
10,12,10,12,11.0,22,2,5
32,9,9,32,20.5,41,23,7
1,5,1,5,3.0,6,4,0
4,1,1,4,2.5,5,3,0
9,4,4,9,6.5,13,5,2
1,4,1,4,2.5,5,3,0
1,5,1,5,3.0,6,4,0
4,1,1,4,2.5,5,3,0
11,1,1,11,6.0,12,10,0
1,4,1,4,2.5,5,3,0
4,17,4,17,10.5,21,13,3
4,2,2,4,3.0,6,2,1
1,11,1,11,6.0,12,10,0
1,17,1,17,9.0,18,16,0
5,2,2,5,3.5,7,3,1
9,11,9,11,10.0,20,2,6
14,13,13,14,13.5,27,1,12
1,8,1,8,4.5,9,7,0
9,10,9,10,9.5,19,1,8
6,1,1,6,3.5,7,5,0
5,1,1,5,3.0,6,4,0
12,11,11,12,11.5,23,1,4
9,25,9,25,17.0,34,16,8
4,1,1,4,2.5,5,3,0
42,44,42,44,43.0,86,2,40
24,16,16,24,20.0,40,8,15
2,22,2,22,12.0,24,20,0
5,1,1,5,3.0,6,4,0
7,7,7,7,7.0,14,0,5
6,5,5,6,5.5,11,1,4
7,3,3,7,5.0,10,4,2
5,1,1,5,3.0,6,4,0
12,13,12,13,12.5,25,1,11
41,40,40,41,40.5,81,1,36
20,18,18,20,19.0,38,2,16
8,11,8,11,9.5,19,3,5
13,105,13,105,59.0,118,92,0
7,1,1,7,4.0,8,6,0
2,30,2,30,16.0,32,28,1
12,13,12,13,12.5,25,1,11
1,5,1,5,3.0,6,4,0
6,1,1,6,3.5,7,5,0
4,1,1,4,2.5,5,3,0
4,1,1,4,2.5,5,3,0
1,4,1,4,2.5,5,3,0
1,4,1,4,2.5,5,3,0
14,12,12,14,13.0,26,2,11
6,1,1,6,3.5,7,5,0
20,29,20,29,24.5,49,9,19
7,10,7,10,8.5,17,3,6
11,12,11,12,11.5,23,1,6
5,7,5,7,6.0,12,2,3
17,13,13,17,15.0,30,4,11
22,20,20,22,21.0,42,2,18
6,19,6,19,12.5,25,13,5
7,35,7,35,21.0,42,28,2
6,1,1,6,3.5,7,5,0
7,5,5,7,6.0,12,2,4
7,4,4,7,5.5,11,3,0
5,5,5,5,5.0,10,0,4
1,5,1,5,3.0,6,4,0
6,4,4,6,5.0,10,2,0
7,4,4,7,5.5,11,3,3
42,38,38,42,40.0,80,4,27
2,7,2,7,4.5,9,5,1
25,29,25,29,27.0,54,4,23
17,20,17,20,18.5,37,3,15
4,1,1,4,2.5,5,3,0
6,6,6,6,6.0,12,0,4
22,1,1,22,11.5,23,21,0
2,4,2,4,3.0,6,2,1
1,11,1,11,6.0,12,10,0
5,1,1,5,3.0,6,4,0
27,26,26,27,26.5,53,1,15
7,1,1,7,4.0,8,6,0
10,1,1,10,5.5,11,9,0
1,8,1,8,4.5,9,7,0
9,1,1,9,5.0,10,8,0
2,8,2,8,5.0,10,6,1
4,1,1,4,2.5,5,3,0
5,5,5,5,5.0,10,0,3
6,4,4,6,5.0,10,2,1
4,5,4,5,4.5,9,1,3
1,11,1,11,6.0,12,10,0
1,26,1,26,13.5,27,25,0
9,8,8,9,8.5,17,1,7
16,19,16,19,17.5,35,3,14
5,1,1,5,3.0,6,4,0
1,4,1,4,2.5,5,3,0
5,5,5,5,5.0,10,0,0
1,14,1,14,7.5,15,13,0
1,6,1,6,3.5,7,5,0
13,18,13,18,15.5,31,5,9
2,5,2,5,3.5,7,3,1
8,11,8,11,9.5,19,3,7
8,1,1,8,4.5,9,7,0
6,17,6,17,11.5,23,11,5
4,2,2,4,3.0,6,2,1
1,7,1,7,4.0,8,6,0
3,6,3,6,4.5,9,3,2
3,21,3,21,12.0,24,18,0
1,4,1,4,2.5,5,3,0
9,11,9,11,10.0,20,2,8
7,1,1,7,4.0,8,6,0
1,146,1,146,73.5,147,145,0
3,4,3,4,3.5,7,1,2
8,8,8,8,8.0,16,0,5
9,9,9,9,9.0,18,0,8
33,15,15,33,24.0,48,18,10
34,27,27,34,30.5,61,7,23
6,1,1,6,3.5,7,5,0
4,4,4,4,4.0,8,0,3
2,4,2,4,3.0,6,2,0
6,6,6,6,6.0,12,0,5
1,4,1,4,2.5,5,3,0
9,5,5,9,7.0,14,4,1
12,8,8,12,10.0,20,4,7
1,23,1,23,12.0,24,22,0
5,6,5,6,5.5,11,1,4
1,4,1,4,2.5,5,3,0
6,4,4,6,5.0,10,2,3
4,2,2,4,3.0,6,2,1
11,9,9,11,10.0,20,2,8
6,1,1,6,3.5,7,5,0
10,7,7,10,8.5,17,3,3
7,1,1,7,4.0,8,6,0
4,2,2,4,3.0,6,2,1
19,19,19,19,19.0,38,0,17
6,12,6,12,9.0,18,6,4
5,1,1,5,3.0,6,4,0
10,8,8,10,9.0,18,2,7
4,1,1,4,2.5,5,3,0
10,12,10,12,11.0,22,2,9
30,14,14,30,22.0,44,16,12
5,8,5,8,6.5,13,3,4
11,11,11,11,11.0,22,0,9
1,29,1,29,15.0,30,28,0
6,1,1,6,3.5,7,5,0
15,13,13,15,14.0,28,2,9
5,1,1,5,3.0,6,4,0
10,7,7,10,8.5,17,3,6
5,5,5,5,5.0,10,0,2
4,1,1,4,2.5,5,3,0
19,1,1,19,10.0,20,18,0
1,35,1,35,18.0,36,34,0
25,31,25,31,28.0,56,6,24
4,6,4,6,5.0,10,2,3
8,2,2,8,5.0,10,6,0
5,2,2,5,3.5,7,3,1
8,1,1,8,4.5,9,7,0
5,4,4,5,4.5,9,1,3
10,2,2,10,6.0,12,8,0
5,4,4,5,4.5,9,1,0
5,4,4,5,4.5,9,1,3
24,49,24,49,36.5,73,25,23
4,7,4,7,5.5,11,3,3
21,13,13,21,17.0,34,8,12
14,5,5,14,9.5,19,9,0
17,24,17,24,20.5,41,7,13
26,22,22,26,24.0,48,4,19
16,18,16,18,17.0,34,2,6
1,6,1,6,3.5,7,5,0
12,52,12,52,32.0,64,40,5
14,12,12,14,13.0,26,2,10
7,3,3,7,5.0,10,4,2
13,15,13,15,14.0,28,2,6
4,6,4,6,5.0,10,2,2
5,2,2,5,3.5,7,3,1
5,5,5,5,5.0,10,0,4
9,2,2,9,5.5,11,7,0
1,5,1,5,3.0,6,4,0
7,1,1,7,4.0,8,6,0
8,9,8,9,8.5,17,1,7
1,23,1,23,12.0,24,22,0
1,4,1,4,2.5,5,3,0
5,5,5,5,5.0,10,0,4
3,4,3,4,3.5,7,1,2
6,6,6,6,6.0,12,0,5
25,25,25,25,25.0,50,0,20
7,6,6,7,6.5,13,1,5
14,2,2,14,8.0,16,12,0
4,5,4,5,4.5,9,1,3
20,12,12,20,16.0,32,8,11
1,6,1,6,3.5,7,5,0
41,45,41,45,43.0,86,4,31
5,8,5,8,6.5,13,3,1
5,6,5,6,5.5,11,1,4
7,8,7,8,7.5,15,1,5
4,5,4,5,4.5,9,1,3
8,8,8,8,8.0,16,0,6
12,10,10,12,11.0,22,2,8
5,2,2,5,3.5,7,3,1
17,8,8,17,12.5,25,9,5
1,6,1,6,3.5,7,5,0
7,11,7,11,9.0,18,4,0
6,1,1,6,3.5,7,5,0
25,8,8,25,16.5,33,17,6
2,8,2,8,5.0,10,6,1
1,4,1,4,2.5,5,3,0
8,8,8,8,8.0,16,0,6
1,5,1,5,3.0,6,4,0
4,5,4,5,4.5,9,1,2
1,4,1,4,2.5,5,3,0
40,48,40,48,44.0,88,8,32
27,29,27,29,28.0,56,2,23
7,7,7,7,7.0,14,0,6
1,11,1,11,6.0,12,10,0
34,27,27,34,30.5,61,7,23
5,4,4,5,4.5,9,1,3
2,7,2,7,4.5,9,5,0
5,6,5,6,5.5,11,1,4
8,1,1,8,4.5,9,7,0
3,7,3,7,5.0,10,4,2
14,12,12,14,13.0,26,2,11
1,6,1,6,3.5,7,5,0
24,17,17,24,20.5,41,7,14
4,1,1,4,2.5,5,3,0
8,10,8,10,9.0,18,2,2
8,2,2,8,5.0,10,6,1
22,16,16,22,19.0,38,6,15
2,15,2,15,8.5,17,13,0
6,6,6,6,6.0,12,0,5
1,24,1,24,12.5,25,23,0
6,4,4,6,5.0,10,2,1
1,8,1,8,4.5,9,7,0
6,12,6,12,9.0,18,6,5
15,11,11,15,13.0,26,4,8
5,1,1,5,3.0,6,4,0
9,9,9,9,9.0,18,0,8
1,5,1,5,3.0,6,4,0
10,4,4,10,7.0,14,6,2
8,1,1,8,4.5,9,7,0
7,5,5,7,6.0,12,2,4
10,1,1,10,5.5,11,9,0
12,3,3,12,7.5,15,9,2
1,6,1,6,3.5,7,5,0
8,10,8,10,9.0,18,2,7
9,3,3,9,6.0,12,6,2
8,9,8,9,8.5,17,1,4
5,4,4,5,4.5,9,1,2
19,11,11,19,15.0,30,8,9
7,1,1,7,4.0,8,6,0
6,1,1,6,3.5,7,5,0
2,17,2,17,9.5,19,15,0
4,1,1,4,2.5,5,3,0
5,5,5,5,5.0,10,0,4
19,20,19,20,19.5,39,1,17
2,8,2,8,5.0,10,6,0
6,9,6,9,7.5,15,3,5
2,5,2,5,3.5,7,3,0
24,26,24,26,25.0,50,2,22
8,11,8,11,9.5,19,3,6
4,6,4,6,5.0,10,2,3
5,8,5,8,6.5,13,3,4
5,1,1,5,3.0,6,4,0
1,5,1,5,3.0,6,4,0
1,4,1,4,2.5,5,3,0
22,20,20,22,21.0,42,2,19
13,10,10,13,11.5,23,3,8
8,2,2,8,5.0,10,6,0
8,13,8,13,10.5,21,5,7
6,4,4,6,5.0,10,2,3
6,5,5,6,5.5,11,1,3
2,6,2,6,4.0,8,4,0
8,1,1,8,4.5,9,7,0
2,5,2,5,3.5,7,3,1
1,5,1,5,3.0,6,4,0
1,36,1,36,18.5,37,35,0
1,4,1,4,2.5,5,3,0
2,6,2,6,4.0,8,4,1
4,1,1,4,2.5,5,3,0
1,4,1,4,2.5,5,3,0
7,6,6,7,6.5,13,1,5
1,9,1,9,5.0,10,8,0
6,5,5,6,5.5,11,1,2
12,11,11,12,11.5,23,1,7
4,1,1,4,2.5,5,3,0
4,6,4,6,5.0,10,2,3
12,1,1,12,6.5,13,11,0
6,39,6,39,22.5,45,33,3
19,15,15,19,17.0,34,4,11
5,10,5,10,7.5,15,5,1
13,15,13,15,14.0,28,2,9
19,20,19,20,19.5,39,1,16
4,1,1,4,2.5,5,3,0
19,14,14,19,16.5,33,5,13
5,1,1,5,3.0,6,4,0
5,1,1,5,3.0,6,4,0
24,24,24,24,24.0,48,0,16
5,1,1,5,3.0,6,4,0
1,4,1,4,2.5,5,3,0
1,5,1,5,3.0,6,4,0
6,2,2,6,4.0,8,4,1
45,28,28,45,36.5,73,17,20
20,22,20,22,21.0,42,2,18
6,4,4,6,5.0,10,2,3
1,25,1,25,13.0,26,24,0
1,10,1,10,5.5,11,9,0
5,4,4,5,4.5,9,1,3
7,1,1,7,4.0,8,6,0
1,4,1,4,2.5,5,3,0
1,31,1,31,16.0,32,30,0
4,9,4,9,6.5,13,5,2
12,16,12,16,14.0,28,4,8
4,4,4,4,4.0,8,0,3
5,4,4,5,4.5,9,1,2
13,11,11,13,12.0,24,2,10
5,6,5,6,5.5,11,1,0
5,1,1,5,3.0,6,4,0
18,28,18,28,23.0,46,10,10
5,6,5,6,5.5,11,1,4
3,15,3,15,9.0,18,12,0
5,1,1,5,3.0,6,4,0
4,1,1,4,2.5,5,3,0
4,2,2,4,3.0,6,2,0
23,34,23,34,28.5,57,11,19
9,8,8,9,8.5,17,1,6
1,105,1,105,53.0,106,104,0
10,4,4,10,7.0,14,6,3
4,1,1,4,2.5,5,3,0
5,11,5,11,8.0,16,6,1
11,8,8,11,9.5,19,3,6
6,3,3,6,4.5,9,3,2
5,6,5,6,5.5,11,1,1
1,4,1,4,2.5,5,3,0
14,2,2,14,8.0,16,12,0
5,3,3,5,4.0,8,2,2
8,7,7,8,7.5,15,1,6
10,1,1,10,5.5,11,9,0
8,10,8,10,9.0,18,2,7
9,1,1,9,5.0,10,8,0
2,11,2,11,6.5,13,9,0
2,8,2,8,5.0,10,6,1
4,1,1,4,2.5,5,3,0
1,5,1,5,3.0,6,4,0
7,1,1,7,4.0,8,6,0
17,18,17,18,17.5,35,1,15
27,27,27,27,27.0,54,0,26
1,16,1,16,8.5,17,15,0
14,8,8,14,11.0,22,6,6
27,20,20,27,23.5,47,7,15
38,38,38,38,38.0,76,0,37
5,6,5,6,5.5,11,1,3
14,11,11,14,12.5,25,3,10
26,1,1,26,13.5,27,25,0
15,2,2,15,8.5,17,13,1
1,4,1,4,2.5,5,3,0
6,1,1,6,3.5,7,5,0
6,5,5,6,5.5,11,1,4
4,1,1,4,2.5,5,3,0
2,10,2,10,6.0,12,8,1
22,31,22,31,26.5,53,9,18
38,2,2,38,20.0,40,36,0
10,9,9,10,9.5,19,1,8
1,15,1,15,8.0,16,14,0
7,1,1,7,4.0,8,6,0
6,6,6,6,6.0,12,0,5
5,5,5,5,5.0,10,0,4
17,10,10,17,13.5,27,7,6
11,9,9,11,10.0,20,2,7
14,2,2,14,8.0,16,12,0
14,12,12,14,13.0,26,2,11
1,14,1,14,7.5,15,13,0
7,6,6,7,6.5,13,1,3
11,12,11,12,11.5,23,1,7
10,16,10,16,13.0,26,6,9
1,19,1,19,10.0,20,18,0
33,23,23,33,28.0,56,10,22
33,36,33,36,34.5,69,3,32
9,1,1,9,5.0,10,8,0
2,19,2,19,10.5,21,17,0
27,35,27,35,31.0,62,8,19
10,4,4,10,7.0,14,6,3
5,5,5,5,5.0,10,0,4
10,5,5,10,7.5,15,5,3
8,6,6,8,7.0,14,2,5
13,16,13,16,14.5,29,3,11
1,9,1,9,5.0,10,8,0
1,10,1,10,5.5,11,9,0
32,32,32,32,32.0,64,0,30
11,12,11,12,11.5,23,1,7
17,1,1,17,9.0,18,16,0
5,1,1,5,3.0,6,4,0
1,6,1,6,3.5,7,5,0
9,6,6,9,7.5,15,3,5
9,1,1,9,5.0,10,8,0
1,4,1,4,2.5,5,3,0
2,4,2,4,3.0,6,2,1
4,1,1,4,2.5,5,3,0
1,4,1,4,2.5,5,3,0
5,1,1,5,3.0,6,4,0
1,5,1,5,3.0,6,4,0
4,1,1,4,2.5,5,3,0
5,6,5,6,5.5,11,1,4
23,24,23,24,23.5,47,1,22
1,24,1,24,12.5,25,23,0
13,2,2,13,7.5,15,11,0
49,12,12,49,30.5,61,37,11
8,9,8,9,8.5,17,1,5
7,5,5,7,6.0,12,2,2
1,5,1,5,3.0,6,4,0
1,5,1,5,3.0,6,4,0
10,13,10,13,11.5,23,3,9
5,5,5,5,5.0,10,0,3
11,10,10,11,10.5,21,1,7
12,19,12,19,15.5,31,7,11
2,4,2,4,3.0,6,2,0
1,4,1,4,2.5,5,3,0
17,19,17,19,18.0,36,2,13
2,11,2,11,6.5,13,9,1
6,5,5,6,5.5,11,1,4
22,18,18,22,20.0,40,4,17
5,5,5,5,5.0,10,0,3
6,1,1,6,3.5,7,5,0
4,1,1,4,2.5,5,3,0
4,1,1,4,2.5,5,3,0
41,36,36,41,38.5,77,5,33
4,3,3,4,3.5,7,1,2
1,5,1,5,3.0,6,4,0
10,9,9,10,9.5,19,1,8
4,4,4,4,4.0,8,0,3
12,11,11,12,11.5,23,1,10
1,5,1,5,3.0,6,4,0
10,1,1,10,5.5,11,9,0
41,43,41,43,42.0,84,2,40
9,10,9,10,9.5,19,1,7
5,1,1,5,3.0,6,4,0
1,5,1,5,3.0,6,4,0
10,12,10,12,11.0,22,2,9
1,4,1,4,2.5,5,3,0
9,31,9,31,20.0,40,22,8
7,8,7,8,7.5,15,1,5
9,10,9,10,9.5,19,1,8
4,2,2,4,3.0,6,2,0
9,1,1,9,5.0,10,8,0
1,5,1,5,3.0,6,4,0
18,14,14,18,16.0,32,4,12
33,17,17,33,25.0,50,16,16
26,13,13,26,19.5,39,13,10
18,14,14,18,16.0,32,4,12
5,1,1,5,3.0,6,4,0
12,16,12,16,14.0,28,4,11
6,20,6,20,13.0,26,14,5
7,7,7,7,7.0,14,0,6
31,49,31,49,40.0,80,18,24
4,7,4,7,5.5,11,3,3
1,5,1,5,3.0,6,4,0
6,9,6,9,7.5,15,3,3
10,10,10,10,10.0,20,0,9
1,4,1,4,2.5,5,3,0
45,49,45,49,47.0,94,4,43
1,5,1,5,3.0,6,4,0
16,5,5,16,10.5,21,11,3
4,1,1,4,2.5,5,3,0
1,18,1,18,9.5,19,17,0
4,2,2,4,3.0,6,2,1
1,4,1,4,2.5,5,3,0
1,5,1,5,3.0,6,4,0
7,6,6,7,6.5,13,1,5
6,6,6,6,6.0,12,0,5
1,5,1,5,3.0,6,4,0
31,24,24,31,27.5,55,7,23
22,14,14,22,18.0,36,8,12
26,5,5,26,15.5,31,21,1
6,5,5,6,5.5,11,1,4
5,6,5,6,5.5,11,1,4
4,28,4,28,16.0,32,24,0
5,1,1,5,3.0,6,4,0
10,9,9,10,9.5,19,1,8
19,9,9,19,14.0,28,10,8
11,1,1,11,6.0,12,10,0
1,4,1,4,2.5,5,3,0
1,9,1,9,5.0,10,8,0
4,5,4,5,4.5,9,1,3
30,29,29,30,29.5,59,1,24
6,6,6,6,6.0,12,0,4
1,8,1,8,4.5,9,7,0
18,31,18,31,24.5,49,13,16
1,13,1,13,7.0,14,12,0
12,8,8,12,10.0,20,4,4
29,32,29,32,30.5,61,3,23
4,1,1,4,2.5,5,3,0
4,5,4,5,4.5,9,1,1
6,5,5,6,5.5,11,1,2
1,22,1,22,11.5,23,21,0
37,36,36,37,36.5,73,1,35
4,1,1,4,2.5,5,3,0
7,5,5,7,6.0,12,2,4
6,5,5,6,5.5,11,1,4
1,4,1,4,2.5,5,3,0
27,24,24,27,25.5,51,3,23
5,6,5,6,5.5,11,1,4
7,6,6,7,6.5,13,1,2
1,5,1,5,3.0,6,4,0
4,1,1,4,2.5,5,3,0
6,7,6,7,6.5,13,1,5
19,20,19,20,19.5,39,1,18
1,5,1,5,3.0,6,4,0
33,34,33,34,33.5,67,1,32
10,13,10,13,11.5,23,3,9
1,13,1,13,7.0,14,12,0
5,11,5,11,8.0,16,6,3
1,4,1,4,2.5,5,3,0
17,10,10,17,13.5,27,7,8
33,31,31,33,32.0,64,2,30
24,9,9,24,16.5,33,15,8
17,22,17,22,19.5,39,5,15
26,31,26,31,28.5,57,5,16
1,4,1,4,2.5,5,3,0
2,5,2,5,3.5,7,3,1
27,41,27,41,34.0,68,14,26
9,1,1,9,5.0,10,8,0
5,6,5,6,5.5,11,1,4
6,1,1,6,3.5,7,5,0
1,4,1,4,2.5,5,3,0
33,33,33,33,33.0,66,0,22
11,6,6,11,8.5,17,5,5
30,48,30,48,39.0,78,18,29
5,5,5,5,5.0,10,0,4
5,5,5,5,5.0,10,0,4
7,11,7,11,9.0,18,4,6
4,1,1,4,2.5,5,3,0
17,16,16,17,16.5,33,1,15
1,19,1,19,10.0,20,18,0
5,1,1,5,3.0,6,4,0
16,1,1,16,8.5,17,15,0
13,10,10,13,11.5,23,3,9
22,20,20,22,21.0,42,2,17
5,1,1,5,3.0,6,4,0
6,8,6,8,7.0,14,2,3
19,12,12,19,15.5,31,7,11
13,12,12,13,12.5,25,1,11
1,65,1,65,33.0,66,64,0
23,20,20,23,21.5,43,3,19
6,4,4,6,5.0,10,2,3
4,4,4,4,4.0,8,0,3
1,4,1,4,2.5,5,3,0
7,1,1,7,4.0,8,6,0
1,7,1,7,4.0,8,6,0
9,1,1,9,5.0,10,8,0
1,4,1,4,2.5,5,3,0
4,1,1,4,2.5,5,3,0
8,11,8,11,9.5,19,3,7
5,4,4,5,4.5,9,1,3
3,4,3,4,3.5,7,1,2
2,35,2,35,18.5,37,33,0
20,19,19,20,19.5,39,1,16
27,11,11,27,19.0,38,16,10
6,8,6,8,7.0,14,2,5
5,1,1,5,3.0,6,4,0
4,3,3,4,3.5,7,1,1
1,17,1,17,9.0,18,16,0
5,5,5,5,5.0,10,0,4
12,9,9,12,10.5,21,3,7
42,30,30,42,36.0,72,12,24
17,2,2,17,9.5,19,15,0
1,11,1,11,6.0,12,10,0
2,6,2,6,4.0,8,4,1
5,1,1,5,3.0,6,4,0
12,15,12,15,13.5,27,3,11
5,4,4,5,4.5,9,1,3
10,17,10,17,13.5,27,7,6
10,11,10,11,10.5,21,1,9
8,2,2,8,5.0,10,6,1
5,4,4,5,4.5,9,1,3
4,4,4,4,4.0,8,0,3
8,6,6,8,7.0,14,2,5
46,46,46,46,46.0,92,0,44
5,1,1,5,3.0,6,4,0
33,31,31,33,32.0,64,2,30
1,14,1,14,7.5,15,13,0
6,6,6,6,6.0,12,0,3
16,12,12,16,14.0,28,4,5
4,4,4,4,4.0,8,0,3
9,7,7,9,8.0,16,2,5
9,9,9,9,9.0,18,0,7
1,16,1,16,8.5,17,15,0
1,15,1,15,8.0,16,14,0
9,7,7,9,8.0,16,2,5
4,2,2,4,3.0,6,2,0
1,4,1,4,2.5,5,3,0
1,4,1,4,2.5,5,3,0
1,5,1,5,3.0,6,4,0
4,2,2,4,3.0,6,2,1
1,6,1,6,3.5,7,5,0
6,4,4,6,5.0,10,2,3
13,8,8,13,10.5,21,5,7
8,1,1,8,4.5,9,7,0
5,1,1,5,3.0,6,4,0
24,31,24,31,27.5,55,7,17
41,36,36,41,38.5,77,5,33
4,1,1,4,2.5,5,3,0
13,14,13,14,13.5,27,1,12
1,5,1,5,3.0,6,4,0
7,7,7,7,7.0,14,0,6
3,5,3,5,4.0,8,2,2
31,36,31,36,33.5,67,5,27
6,1,1,6,3.5,7,5,0
1,9,1,9,5.0,10,8,0
5,4,4,5,4.5,9,1,3
10,1,1,10,5.5,11,9,0
10,9,9,10,9.5,19,1,5
6,1,1,6,3.5,7,5,0
10,4,4,10,7.0,14,6,3
9,5,5,9,7.0,14,4,4
1,8,1,8,4.5,9,7,0
1,5,1,5,3.0,6,4,0
2,4,2,4,3.0,6,2,0
5,3,3,5,4.0,8,2,2
1,14,1,14,7.5,15,13,0
8,6,6,8,7.0,14,2,4
40,42,40,42,41.0,82,2,32
1,5,1,5,3.0,6,4,0
1,4,1,4,2.5,5,3,0
2,15,2,15,8.5,17,13,0
27,16,16,27,21.5,43,11,12
4,1,1,4,2.5,5,3,0
12,27,12,27,19.5,39,15,10
43,35,35,43,39.0,78,8,28
1,9,1,9,5.0,10,8,0
11,17,11,17,14.0,28,6,10
4,1,1,4,2.5,5,3,0
5,15,5,15,10.0,20,10,1
10,11,10,11,10.5,21,1,7
14,9,9,14,11.5,23,5,7
20,1,1,20,10.5,21,19,0
5,2,2,5,3.5,7,3,1
5,5,5,5,5.0,10,0,4
5,5,5,5,5.0,10,0,4
42,41,41,42,41.5,83,1,40
3,6,3,6,4.5,9,3,2
21,14,14,21,17.5,35,7,10
18,9,9,18,13.5,27,9,8
5,5,5,5,5.0,10,0,3
1,4,1,4,2.5,5,3,0
1,12,1,12,6.5,13,11,0
4,2,2,4,3.0,6,2,1
7,1,1,7,4.0,8,6,0
6,1,1,6,3.5,7,5,0
6,6,6,6,6.0,12,0,5
2,10,2,10,6.0,12,8,1
5,2,2,5,3.5,7,3,0
5,5,5,5,5.0,10,0,4
9,5,5,9,7.0,14,4,0
20,7,7,20,13.5,27,13,2
1,6,1,6,3.5,7,5,0
23,12,12,23,17.5,35,11,11
5,16,5,16,10.5,21,11,4
15,15,15,15,15.0,30,0,14
12,15,12,15,13.5,27,3,10
21,21,21,21,21.0,42,0,18
7,3,3,7,5.0,10,4,2
1,8,1,8,4.5,9,7,0
6,2,2,6,4.0,8,4,0
32,41,32,41,36.5,73,9,25
9,4,4,9,6.5,13,5,3
4,1,1,4,2.5,5,3,0
4,4,4,4,4.0,8,0,3
1,5,1,5,3.0,6,4,0
4,4,4,4,4.0,8,0,3
5,5,5,5,5.0,10,0,4
49,23,23,49,36.0,72,26,21
2,4,2,4,3.0,6,2,1
13,14,13,14,13.5,27,1,11
7,1,1,7,4.0,8,6,0
4,5,4,5,4.5,9,1,0
2,5,2,5,3.5,7,3,0
4,8,4,8,6.0,12,4,3
1,6,1,6,3.5,7,5,0
6,4,4,6,5.0,10,2,1
5,1,1,5,3.0,6,4,0
9,1,1,9,5.0,10,8,0
3,4,3,4,3.5,7,1,1
3,5,3,5,4.0,8,2,0
9,2,2,9,5.5,11,7,0
8,14,8,14,11.0,22,6,6
1,7,1,7,4.0,8,6,0
4,1,1,4,2.5,5,3,0
6,6,6,6,6.0,12,0,5
22,1,1,22,11.5,23,21,0
4,5,4,5,4.5,9,1,0
10,13,10,13,11.5,23,3,9
2,17,2,17,9.5,19,15,0
4,1,1,4,2.5,5,3,0
5,1,1,5,3.0,6,4,0
4,4,4,4,4.0,8,0,3
11,8,8,11,9.5,19,3,7
22,21,21,22,21.5,43,1,4
17,19,17,19,18.0,36,2,15
1,4,1,4,2.5,5,3,0
45,24,24,45,34.5,69,21,22
1,31,1,31,16.0,32,30,0
30,31,30,31,30.5,61,1,22
10,12,10,12,11.0,22,2,9
9,1,1,9,5.0,10,8,0
5,2,2,5,3.5,7,3,1
8,4,4,8,6.0,12,4,3
6,1,1,6,3.5,7,5,0
18,7,7,18,12.5,25,11,5
4,4,4,4,4.0,8,0,3
1,4,1,4,2.5,5,3,0
13,16,13,16,14.5,29,3,10
1,6,1,6,3.5,7,5,0
1,4,1,4,2.5,5,3,0
1,4,1,4,2.5,5,3,0
51,44,44,51,47.5,95,7,26
5,1,1,5,3.0,6,4,0
19,15,15,19,17.0,34,4,14
5,5,5,5,5.0,10,0,4
1,4,1,4,2.5,5,3,0
4,1,1,4,2.5,5,3,0
4,1,1,4,2.5,5,3,0
43,36,36,43,39.5,79,7,35
12,12,12,12,12.0,24,0,11
10,11,10,11,10.5,21,1,7
5,1,1,5,3.0,6,4,0
3,4,3,4,3.5,7,1,2
8,1,1,8,4.5,9,7,0
16,1,1,16,8.5,17,15,0
4,1,1,4,2.5,5,3,0
4,1,1,4,2.5,5,3,0
20,40,20,40,30.0,60,20,19
7,10,7,10,8.5,17,3,6
6,5,5,6,5.5,11,1,4
5,13,5,13,9.0,18,8,0
41,14,14,41,27.5,55,27,12
6,9,6,9,7.5,15,3,3
5,1,1,5,3.0,6,4,0
20,25,20,25,22.5,45,5,18
4,2,2,4,3.0,6,2,1
1,4,1,4,2.5,5,3,0
4,1,1,4,2.5,5,3,0
4,4,4,4,4.0,8,0,3
5,1,1,5,3.0,6,4,0
9,2,2,9,5.5,11,7,1
6,6,6,6,6.0,12,0,5
11,11,11,11,11.0,22,0,8
5,4,4,5,4.5,9,1,3
5,6,5,6,5.5,11,1,0
4,1,1,4,2.5,5,3,0
1,5,1,5,3.0,6,4,0
1,8,1,8,4.5,9,7,0
7,3,3,7,5.0,10,4,2
7,15,7,15,11.0,22,8,5
6,4,4,6,5.0,10,2,3
4,4,4,4,4.0,8,0,3
1,5,1,5,3.0,6,4,0
35,13,13,35,24.0,48,22,12
25,21,21,25,23.0,46,4,19
1,5,1,5,3.0,6,4,0
10,11,10,11,10.5,21,1,8
4,3,3,4,3.5,7,1,2
11,1,1,11,6.0,12,10,0
1,6,1,6,3.5,7,5,0
4,6,4,6,5.0,10,2,2
5,1,1,5,3.0,6,4,0
8,1,1,8,4.5,9,7,0
32,19,19,32,25.5,51,13,18
11,11,11,11,11.0,22,0,10
2,5,2,5,3.5,7,3,1
4,1,1,4,2.5,5,3,0
4,2,2,4,3.0,6,2,0
1,5,1,5,3.0,6,4,0
7,7,7,7,7.0,14,0,0
11,11,11,11,11.0,22,0,3
33,31,31,33,32.0,64,2,25
5,1,1,5,3.0,6,4,0
8,8,8,8,8.0,16,0,7
10,1,1,10,5.5,11,9,0
10,1,1,10,5.5,11,9,0
4,19,4,19,11.5,23,15,2
19,15,15,19,17.0,34,4,10
7,4,4,7,5.5,11,3,3
1,5,1,5,3.0,6,4,0
6,10,6,10,8.0,16,4,4
4,16,4,16,10.0,20,12,0
39,49,39,49,44.0,88,10,19
9,3,3,9,6.0,12,6,2
5,5,5,5,5.0,10,0,4
14,44,14,44,29.0,58,30,13
1,12,1,12,6.5,13,11,0
11,12,11,12,11.5,23,1,7
3,4,3,4,3.5,7,1,2
31,33,31,33,32.0,64,2,30
6,1,1,6,3.5,7,5,0
13,13,13,13,13.0,26,0,12
6,4,4,6,5.0,10,2,1
5,5,5,5,5.0,10,0,4
8,10,8,10,9.0,18,2,5
21,4,4,21,12.5,25,17,1
1,6,1,6,3.5,7,5,0
14,12,12,14,13.0,26,2,11
1,5,1,5,3.0,6,4,0
7,8,7,8,7.5,15,1,6
7,4,4,7,5.5,11,3,1
3,4,3,4,3.5,7,1,0
20,16,16,20,18.0,36,4,15
4,4,4,4,4.0,8,0,2
12,15,12,15,13.5,27,3,11
9,12,9,12,10.5,21,3,7
19,40,19,40,29.5,59,21,1
7,4,4,7,5.5,11,3,3
7,17,7,17,12.0,24,10,5
4,4,4,4,4.0,8,0,3
15,2,2,15,8.5,17,13,0
13,15,13,15,14.0,28,2,12
18,11,11,18,14.5,29,7,9
54,13,13,54,33.5,67,41,6
7,10,7,10,8.5,17,3,5
4,2,2,4,3.0,6,2,1
13,15,13,15,14.0,28,2,9
1,4,1,4,2.5,5,3,0
7,16,7,16,11.5,23,9,6
18,19,18,19,18.5,37,1,15
13,19,13,19,16.0,32,6,11
4,4,4,4,4.0,8,0,3
5,1,1,5,3.0,6,4,0
5,6,5,6,5.5,11,1,4
1,5,1,5,3.0,6,4,0
9,19,9,19,14.0,28,10,6
4,1,1,4,2.5,5,3,0
10,19,10,19,14.5,29,9,9
12,13,12,13,12.5,25,1,11
40,55,40,55,47.5,95,15,39
5,13,5,13,9.0,18,8,4
28,30,28,30,29.0,58,2,20
33,32,32,33,32.5,65,1,31
12,8,8,12,10.0,20,4,2
8,12,8,12,10.0,20,4,7
16,15,15,16,15.5,31,1,9
1,7,1,7,4.0,8,6,0
1,4,1,4,2.5,5,3,0
11,9,9,11,10.0,20,2,7
42,34,34,42,38.0,76,8,25
9,9,9,9,9.0,18,0,4
12,1,1,12,6.5,13,11,0
36,25,25,36,30.5,61,11,22
1,7,1,7,4.0,8,6,0
1,65,1,65,33.0,66,64,0
1,4,1,4,2.5,5,3,0
7,1,1,7,4.0,8,6,0
5,1,1,5,3.0,6,4,0
27,25,25,27,26.0,52,2,23
1,31,1,31,16.0,32,30,0
1,14,1,14,7.5,15,13,0
10,6,6,10,8.0,16,4,1
9,9,9,9,9.0,18,0,8
16,1,1,16,8.5,17,15,0
2,8,2,8,5.0,10,6,0
1,6,1,6,3.5,7,5,0
1,4,1,4,2.5,5,3,0
5,1,1,5,3.0,6,4,0
19,24,19,24,21.5,43,5,17
19,25,19,25,22.0,44,6,9
24,24,24,24,24.0,48,0,18
14,8,8,14,11.0,22,6,7
6,3,3,6,4.5,9,3,2
3,4,3,4,3.5,7,1,2
6,13,6,13,9.5,19,7,4
13,7,7,13,10.0,20,6,6
10,3,3,10,6.5,13,7,2
19,18,18,19,18.5,37,1,17
8,5,5,8,6.5,13,3,4
5,5,5,5,5.0,10,0,4
4,5,4,5,4.5,9,1,1
9,1,1,9,5.0,10,8,0
37,39,37,39,38.0,76,2,19
33,20,20,33,26.5,53,13,19
7,1,1,7,4.0,8,6,0
5,6,5,6,5.5,11,1,4
13,13,13,13,13.0,26,0,12
1,6,1,6,3.5,7,5,0
6,4,4,6,5.0,10,2,3
32,47,32,47,39.5,79,15,31
6,5,5,6,5.5,11,1,3
2,7,2,7,4.5,9,5,1
33,22,22,33,27.5,55,11,17
13,13,13,13,13.0,26,0,12
1,28,1,28,14.5,29,27,0
7,4,4,7,5.5,11,3,2
12,20,12,20,16.0,32,8,9
2,4,2,4,3.0,6,2,1
1,4,1,4,2.5,5,3,0
7,7,7,7,7.0,14,0,3
1,48,1,48,24.5,49,47,0
5,9,5,9,7.0,14,4,4
11,6,6,11,8.5,17,5,5
2,5,2,5,3.5,7,3,0
21,19,19,21,20.0,40,2,18
1,4,1,4,2.5,5,3,0
4,2,2,4,3.0,6,2,0
1,8,1,8,4.5,9,7,0
12,11,11,12,11.5,23,1,8
4,1,1,4,2.5,5,3,0
2,4,2,4,3.0,6,2,1
10,10,10,10,10.0,20,0,8
1,4,1,4,2.5,5,3,0
11,13,11,13,12.0,24,2,9
20,9,9,20,14.5,29,11,7
5,2,2,5,3.5,7,3,1
6,1,1,6,3.5,7,5,0
1,4,1,4,2.5,5,3,0
4,4,4,4,4.0,8,0,2
4,1,1,4,2.5,5,3,0
5,1,1,5,3.0,6,4,0
9,5,5,9,7.0,14,4,4
26,25,25,26,25.5,51,1,23
13,14,13,14,13.5,27,1,12
8,5,5,8,6.5,13,3,4
1,17,1,17,9.0,18,16,0
5,2,2,5,3.5,7,3,1
6,6,6,6,6.0,12,0,3
2,7,2,7,4.5,9,5,1
11,7,7,11,9.0,18,4,4
23,22,22,23,22.5,45,1,19
6,1,1,6,3.5,7,5,0
8,10,8,10,9.0,18,2,6
7,1,1,7,4.0,8,6,0
7,33,7,33,20.0,40,26,5
6,2,2,6,4.0,8,4,1
4,1,1,4,2.5,5,3,0
20,22,20,22,21.0,42,2,18
4,6,4,6,5.0,10,2,0
4,1,1,4,2.5,5,3,0
1,4,1,4,2.5,5,3,0
19,9,9,19,14.0,28,10,4
9,10,9,10,9.5,19,1,8
4,1,1,4,2.5,5,3,0
5,1,1,5,3.0,6,4,0
4,1,1,4,2.5,5,3,0
16,31,16,31,23.5,47,15,10
5,1,1,5,3.0,6,4,0
3,4,3,4,3.5,7,1,2
16,3,3,16,9.5,19,13,2
4,1,1,4,2.5,5,3,0
7,7,7,7,7.0,14,0,6
8,1,1,8,4.5,9,7,0
7,2,2,7,4.5,9,5,0
4,8,4,8,6.0,12,4,2
1,7,1,7,4.0,8,6,0
13,10,10,13,11.5,23,3,9
19,15,15,19,17.0,34,4,10
18,15,15,18,16.5,33,3,14
43,41,41,43,42.0,84,2,39
29,33,29,33,31.0,62,4,25
9,9,9,9,9.0,18,0,7
2,7,2,7,4.5,9,5,1
5,8,5,8,6.5,13,3,1
3,5,3,5,4.0,8,2,2
4,4,4,4,4.0,8,0,3
20,18,18,20,19.0,38,2,13
37,34,34,37,35.5,71,3,33
5,6,5,6,5.5,11,1,3
5,7,5,7,6.0,12,2,2
10,22,10,22,16.0,32,12,9
6,1,1,6,3.5,7,5,0
1,10,1,10,5.5,11,9,0
13,18,13,18,15.5,31,5,11
6,8,6,8,7.0,14,2,5
13,9,9,13,11.0,22,4,8
1,10,1,10,5.5,11,9,0
6,13,6,13,9.5,19,7,4
9,9,9,9,9.0,18,0,8
4,6,4,6,5.0,10,2,0
1,11,1,11,6.0,12,10,0
4,1,1,4,2.5,5,3,0
11,7,7,11,9.0,18,4,4
1,105,1,105,53.0,106,104,0
11,13,11,13,12.0,24,2,5
1,11,1,11,6.0,12,10,0
1,8,1,8,4.5,9,7,0
6,1,1,6,3.5,7,5,0
8,12,8,12,10.0,20,4,7
1,4,1,4,2.5,5,3,0
8,5,5,8,6.5,13,3,2
5,5,5,5,5.0,10,0,3
23,25,23,25,24.0,48,2,21
6,21,6,21,13.5,27,15,5
3,11,3,11,7.0,14,8,0
8,13,8,13,10.5,21,5,2
15,15,15,15,15.0,30,0,14
1,4,1,4,2.5,5,3,0
9,9,9,9,9.0,18,0,8
1,11,1,11,6.0,12,10,0
7,4,4,7,5.5,11,3,2
6,5,5,6,5.5,11,1,4
12,11,11,12,11.5,23,1,10
33,11,11,33,22.0,44,22,8
9,12,9,12,10.5,21,3,8
1,4,1,4,2.5,5,3,0
1,15,1,15,8.0,16,14,0
12,23,12,23,17.5,35,11,8
6,2,2,6,4.0,8,4,1
6,1,1,6,3.5,7,5,0
6,5,5,6,5.5,11,1,2
2,5,2,5,3.5,7,3,1
4,1,1,4,2.5,5,3,0
5,3,3,5,4.0,8,2,1
4,1,1,4,2.5,5,3,0
7,7,7,7,7.0,14,0,6
6,1,1,6,3.5,7,5,0
25,17,17,25,21.0,42,8,14
30,29,29,30,29.5,59,1,21
1,16,1,16,8.5,17,15,0
9,12,9,12,10.5,21,3,5
3,4,3,4,3.5,7,1,2
8,7,7,8,7.5,15,1,1
9,40,9,40,24.5,49,31,0
5,1,1,5,3.0,6,4,0
6,5,5,6,5.5,11,1,4
1,5,1,5,3.0,6,4,0
6,1,1,6,3.5,7,5,0
3,5,3,5,4.0,8,2,2
6,7,6,7,6.5,13,1,5
2,5,2,5,3.5,7,3,0
4,23,4,23,13.5,27,19,2
5,3,3,5,4.0,8,2,1
4,1,1,4,2.5,5,3,0
1,16,1,16,8.5,17,15,0
8,9,8,9,8.5,17,1,7
5,5,5,5,5.0,10,0,4
19,11,11,19,15.0,30,8,7
1,4,1,4,2.5,5,3,0
12,8,8,12,10.0,20,4,7
1,5,1,5,3.0,6,4,0
6,3,3,6,4.5,9,3,2
12,10,10,12,11.0,22,2,9
2,8,2,8,5.0,10,6,0
38,35,35,38,36.5,73,3,10
4,2,2,4,3.0,6,2,1
41,35,35,41,38.0,76,6,33
16,6,6,16,11.0,22,10,1
6,5,5,6,5.5,11,1,4
15,10,10,15,12.5,25,5,7
2,4,2,4,3.0,6,2,0
4,1,1,4,2.5,5,3,0
7,8,7,8,7.5,15,1,5
4,4,4,4,4.0,8,0,1
7,15,7,15,11.0,22,8,6
4,4,4,4,4.0,8,0,3
5,1,1,5,3.0,6,4,0
4,1,1,4,2.5,5,3,0
12,7,7,12,9.5,19,5,3
4,4,4,4,4.0,8,0,3
41,43,41,43,42.0,84,2,40
5,2,2,5,3.5,7,3,0
7,6,6,7,6.5,13,1,5
6,7,6,7,6.5,13,1,4
1,19,1,19,10.0,20,18,0
13,10,10,13,11.5,23,3,4
4,1,1,4,2.5,5,3,0
10,10,10,10,10.0,20,0,9
7,9,7,9,8.0,16,2,0
5,3,3,5,4.0,8,2,2
14,25,14,25,19.5,39,11,7
43,49,43,49,46.0,92,6,25
13,13,13,13,13.0,26,0,11
3,5,3,5,4.0,8,2,0
36,2,2,36,19.0,38,34,0
24,23,23,24,23.5,47,1,12
1,11,1,11,6.0,12,10,0
23,19,19,23,21.0,42,4,10
4,7,4,7,5.5,11,3,3
4,3,3,4,3.5,7,1,2
12,10,10,12,11.0,22,2,8
13,12,12,13,12.5,25,1,11
8,1,1,8,4.5,9,7,0
4,6,4,6,5.0,10,2,2
8,8,8,8,8.0,16,0,7
20,1,1,20,10.5,21,19,0
6,1,1,6,3.5,7,5,0
1,4,1,4,2.5,5,3,0
5,2,2,5,3.5,7,3,1
5,1,1,5,3.0,6,4,0
7,1,1,7,4.0,8,6,0
5,1,1,5,3.0,6,4,0
1,4,1,4,2.5,5,3,0
5,6,5,6,5.5,11,1,4
20,20,20,20,20.0,40,0,18
27,40,27,40,33.5,67,13,26
5,5,5,5,5.0,10,0,4
9,12,9,12,10.5,21,3,2
49,44,44,49,46.5,93,5,35
7,1,1,7,4.0,8,6,0
6,9,6,9,7.5,15,3,4
1,9,1,9,5.0,10,8,0
4,4,4,4,4.0,8,0,1
25,9,9,25,17.0,34,16,8
15,17,15,17,16.0,32,2,13
23,15,15,23,19.0,38,8,14
15,7,7,15,11.0,22,8,6
5,5,5,5,5.0,10,0,4
1,4,1,4,2.5,5,3,0
4,1,1,4,2.5,5,3,0
6,1,1,6,3.5,7,5,0
18,6,6,18,12.0,24,12,0
22,22,22,22,22.0,44,0,17
8,5,5,8,6.5,13,3,4
7,23,7,23,15.0,30,16,5
29,44,29,44,36.5,73,15,22
9,4,4,9,6.5,13,5,3
10,1,1,10,5.5,11,9,0
5,5,5,5,5.0,10,0,4
4,13,4,13,8.5,17,9,3
6,6,6,6,6.0,12,0,5
12,12,12,12,12.0,24,0,11
5,1,1,5,3.0,6,4,0
7,6,6,7,6.5,13,1,5
6,5,5,6,5.5,11,1,3
8,8,8,8,8.0,16,0,5
1,6,1,6,3.5,7,5,0
15,9,9,15,12.0,24,6,1
2,25,2,25,13.5,27,23,1
10,15,10,15,12.5,25,5,8
6,6,6,6,6.0,12,0,2
9,8,8,9,8.5,17,1,7
4,1,1,4,2.5,5,3,0
4,4,4,4,4.0,8,0,3
49,33,33,49,41.0,82,16,31
8,22,8,22,15.0,30,14,7
32,32,32,32,32.0,64,0,30
13,13,13,13,13.0,26,0,12
5,1,1,5,3.0,6,4,0
8,8,8,8,8.0,16,0,7
11,11,11,11,11.0,22,0,0
7,6,6,7,6.5,13,1,5
1,7,1,7,4.0,8,6,0
19,19,19,19,19.0,38,0,18
2,9,2,9,5.5,11,7,0
8,26,8,26,17.0,34,18,6
4,4,4,4,4.0,8,0,3
6,7,6,7,6.5,13,1,5
1,4,1,4,2.5,5,3,0
7,12,7,12,9.5,19,5,6
12,1,1,12,6.5,13,11,0
11,12,11,12,11.5,23,1,8
3,10,3,10,6.5,13,7,1
5,6,5,6,5.5,11,1,4
7,10,7,10,8.5,17,3,6
5,9,5,9,7.0,14,4,2
24,24,24,24,24.0,48,0,23
4,1,1,4,2.5,5,3,0
4,3,3,4,3.5,7,1,2
13,15,13,15,14.0,28,2,10
6,7,6,7,6.5,13,1,5
20,26,20,26,23.0,46,6,16
8,19,8,19,13.5,27,11,6
36,30,30,36,33.0,66,6,24
7,9,7,9,8.0,16,2,5
1,5,1,5,3.0,6,4,0
1,5,1,5,3.0,6,4,0
27,27,27,27,27.0,54,0,26
5,1,1,5,3.0,6,4,0
11,12,11,12,11.5,23,1,9
11,6,6,11,8.5,17,5,4
1,9,1,9,5.0,10,8,0
1,5,1,5,3.0,6,4,0
4,28,4,28,16.0,32,24,0
31,2,2,31,16.5,33,29,1
4,1,1,4,2.5,5,3,0
1,4,1,4,2.5,5,3,0
41,45,41,45,43.0,86,4,40
8,6,6,8,7.0,14,2,3
6,6,6,6,6.0,12,0,5
9,9,9,9,9.0,18,0,8
7,1,1,7,4.0,8,6,0
8,8,8,8,8.0,16,0,7
8,13,8,13,10.5,21,5,5
5,5,5,5,5.0,10,0,3
1,8,1,8,4.5,9,7,0
7,22,7,22,14.5,29,15,2
10,1,1,10,5.5,11,9,0
6,14,6,14,10.0,20,8,3
24,31,24,31,27.5,55,7,18
37,25,25,37,31.0,62,12,17
4,1,1,4,2.5,5,3,0
6,2,2,6,4.0,8,4,1
6,6,6,6,6.0,12,0,4
5,5,5,5,5.0,10,0,3
2,5,2,5,3.5,7,3,1
1,4,1,4,2.5,5,3,0
4,9,4,9,6.5,13,5,1
6,7,6,7,6.5,13,1,5
15,9,9,15,12.0,24,6,6
5,5,5,5,5.0,10,0,3
10,9,9,10,9.5,19,1,8
29,48,29,48,38.5,77,19,26
8,1,1,8,4.5,9,7,0
5,5,5,5,5.0,10,0,4
6,9,6,9,7.5,15,3,5
4,1,1,4,2.5,5,3,0
2,5,2,5,3.5,7,3,1
5,6,5,6,5.5,11,1,4
1,15,1,15,8.0,16,14,0
6,2,2,6,4.0,8,4,0
10,15,10,15,12.5,25,5,6
8,6,6,8,7.0,14,2,5
26,36,26,36,31.0,62,10,19
6,5,5,6,5.5,11,1,4
9,1,1,9,5.0,10,8,0
9,9,9,9,9.0,18,0,4
9,9,9,9,9.0,18,0,8
4,5,4,5,4.5,9,1,3
1,35,1,35,18.0,36,34,0
4,2,2,4,3.0,6,2,1
13,15,13,15,14.0,28,2,11
4,1,1,4,2.5,5,3,0
5,1,1,5,3.0,6,4,0
51,20,20,51,35.5,71,31,19
13,12,12,13,12.5,25,1,11
5,1,1,5,3.0,6,4,0
1,7,1,7,4.0,8,6,0
2,5,2,5,3.5,7,3,1
19,31,19,31,25.0,50,12,15
7,37,7,37,22.0,44,30,5
5,4,4,5,4.5,9,1,3
5,14,5,14,9.5,19,9,2
1,12,1,12,6.5,13,11,0
4,1,1,4,2.5,5,3,0
4,10,4,10,7.0,14,6,2
4,5,4,5,4.5,9,1,3
1,14,1,14,7.5,15,13,0
9,8,8,9,8.5,17,1,7
17,9,9,17,13.0,26,8,4
1,22,1,22,11.5,23,21,0
10,8,8,10,9.0,18,2,5
14,17,14,17,15.5,31,3,13
7,1,1,7,4.0,8,6,0
4,4,4,4,4.0,8,0,0
15,17,15,17,16.0,32,2,14
5,6,5,6,5.5,11,1,4
38,6,6,38,22.0,44,32,3
2,6,2,6,4.0,8,4,1
6,7,6,7,6.5,13,1,5
1,5,1,5,3.0,6,4,0
1,5,1,5,3.0,6,4,0
7,6,6,7,6.5,13,1,4
11,11,11,11,11.0,22,0,10
1,6,1,6,3.5,7,5,0
9,13,9,13,11.0,22,4,5
15,15,15,15,15.0,30,0,13
5,1,1,5,3.0,6,4,0
10,8,8,10,9.0,18,2,7
7,7,7,7,7.0,14,0,6
5,1,1,5,3.0,6,4,0
3,6,3,6,4.5,9,3,1
6,3,3,6,4.5,9,3,2
1,5,1,5,3.0,6,4,0
6,6,6,6,6.0,12,0,3
7,3,3,7,5.0,10,4,2
2,6,2,6,4.0,8,4,1
12,1,1,12,6.5,13,11,0
4,1,1,4,2.5,5,3,0
12,28,12,28,20.0,40,16,10
15,12,12,15,13.5,27,3,10
2,6,2,6,4.0,8,4,1
10,19,10,19,14.5,29,9,9
17,10,10,17,13.5,27,7,6
2,75,2,75,38.5,77,73,0
4,5,4,5,4.5,9,1,3
17,16,16,17,16.5,33,1,15
12,12,12,12,12.0,24,0,10
1,5,1,5,3.0,6,4,0
14,4,4,14,9.0,18,10,1
19,18,18,19,18.5,37,1,13
13,13,13,13,13.0,26,0,12
10,1,1,10,5.5,11,9,0
9,4,4,9,6.5,13,5,1
7,7,7,7,7.0,14,0,6
1,13,1,13,7.0,14,12,0
17,17,17,17,17.0,34,0,13
5,5,5,5,5.0,10,0,0
1,8,1,8,4.5,9,7,0
10,1,1,10,5.5,11,9,0
18,51,18,51,34.5,69,33,5
6,7,6,7,6.5,13,1,5
12,23,12,23,17.5,35,11,7
7,7,7,7,7.0,14,0,6
11,6,6,11,8.5,17,5,5
5,5,5,5,5.0,10,0,2
1,4,1,4,2.5,5,3,0
1,6,1,6,3.5,7,5,0
4,41,4,41,22.5,45,37,3
27,38,27,38,32.5,65,11,20
4,5,4,5,4.5,9,1,0
2,43,2,43,22.5,45,41,0
5,1,1,5,3.0,6,4,0
17,46,17,46,31.5,63,29,14
14,13,13,14,13.5,27,1,11
1,5,1,5,3.0,6,4,0
12,12,12,12,12.0,24,0,11
4,35,4,35,19.5,39,31,0
6,10,6,10,8.0,16,4,1
12,8,8,12,10.0,20,4,0
33,27,27,33,30.0,60,6,19
38,21,21,38,29.5,59,17,19
8,1,1,8,4.5,9,7,0
9,1,1,9,5.0,10,8,0
4,5,4,5,4.5,9,1,3
1,11,1,11,6.0,12,10,0
14,14,14,14,14.0,28,0,8
12,22,12,22,17.0,34,10,4
1,13,1,13,7.0,14,12,0
18,5,5,18,11.5,23,13,3
5,2,2,5,3.5,7,3,1
5,7,5,7,6.0,12,2,1
4,21,4,21,12.5,25,17,0
7,7,7,7,7.0,14,0,5
4,1,1,4,2.5,5,3,0
6,6,6,6,6.0,12,0,5
9,8,8,9,8.5,17,1,7
2,21,2,21,11.5,23,19,0
10,11,10,11,10.5,21,1,4
7,2,2,7,4.5,9,5,1
22,36,22,36,29.0,58,14,21
8,1,1,8,4.5,9,7,0
25,18,18,25,21.5,43,7,16
5,5,5,5,5.0,10,0,4
1,13,1,13,7.0,14,12,0
15,11,11,15,13.0,26,4,10
9,5,5,9,7.0,14,4,3
17,18,17,18,17.5,35,1,8
8,22,8,22,15.0,30,14,5
4,1,1,4,2.5,5,3,0
5,1,1,5,3.0,6,4,0
25,40,25,40,32.5,65,15,20
1,4,1,4,2.5,5,3,0
9,1,1,9,5.0,10,8,0
19,40,19,40,29.5,59,21,12
5,6,5,6,5.5,11,1,4
1,34,1,34,17.5,35,33,0
8,8,8,8,8.0,16,0,7
4,4,4,4,4.0,8,0,1
7,1,1,7,4.0,8,6,0
5,1,1,5,3.0,6,4,0
5,1,1,5,3.0,6,4,0
1,19,1,19,10.0,20,18,0
2,5,2,5,3.5,7,3,0
1,7,1,7,4.0,8,6,0
3,9,3,9,6.0,12,6,1
10,6,6,10,8.0,16,4,0
8,8,8,8,8.0,16,0,6
1,4,1,4,2.5,5,3,0
9,5,5,9,7.0,14,4,4
4,8,4,8,6.0,12,4,0
16,17,16,17,16.5,33,1,14
1,4,1,4,2.5,5,3,0
9,10,9,10,9.5,19,1,8
1,11,1,11,6.0,12,10,0
28,29,28,29,28.5,57,1,22
32,47,32,47,39.5,79,15,31
5,6,5,6,5.5,11,1,0
4,4,4,4,4.0,8,0,3
5,1,1,5,3.0,6,4,0
15,20,15,20,17.5,35,5,13
2,8,2,8,5.0,10,6,0
2,4,2,4,3.0,6,2,1
5,9,5,9,7.0,14,4,1
6,1,1,6,3.5,7,5,0
1,6,1,6,3.5,7,5,0
1,4,1,4,2.5,5,3,0
16,18,16,18,17.0,34,2,8
1,6,1,6,3.5,7,5,0
4,2,2,4,3.0,6,2,1
1,5,1,5,3.0,6,4,0
5,5,5,5,5.0,10,0,4
15,17,15,17,16.0,32,2,9
5,2,2,5,3.5,7,3,0
18,19,18,19,18.5,37,1,16
7,7,7,7,7.0,14,0,6
5,3,3,5,4.0,8,2,2
14,19,14,19,16.5,33,5,13
4,5,4,5,4.5,9,1,1
27,34,27,34,30.5,61,7,23
4,1,1,4,2.5,5,3,0
4,1,1,4,2.5,5,3,0
10,1,1,10,5.5,11,9,0
4,1,1,4,2.5,5,3,0
2,9,2,9,5.5,11,7,0
5,1,1,5,3.0,6,4,0
2,4,2,4,3.0,6,2,1
9,6,6,9,7.5,15,3,4
8,7,7,8,7.5,15,1,5
8,3,3,8,5.5,11,5,0
6,2,2,6,4.0,8,4,1
2,14,2,14,8.0,16,12,1
1,5,1,5,3.0,6,4,0
10,1,1,10,5.5,11,9,0
1,5,1,5,3.0,6,4,0
7,6,6,7,6.5,13,1,5
4,2,2,4,3.0,6,2,1
6,9,6,9,7.5,15,3,5
5,7,5,7,6.0,12,2,3
7,1,1,7,4.0,8,6,0
1,10,1,10,5.5,11,9,0
8,3,3,8,5.5,11,5,1
33,44,33,44,38.5,77,11,27
5,1,1,5,3.0,6,4,0
3,5,3,5,4.0,8,2,0
13,12,12,13,12.5,25,1,10
13,8,8,13,10.5,21,5,4
1,6,1,6,3.5,7,5,0
4,5,4,5,4.5,9,1,2
7,6,6,7,6.5,13,1,5
27,27,27,27,27.0,54,0,26
1,4,1,4,2.5,5,3,0
5,5,5,5,5.0,10,0,4
10,17,10,17,13.5,27,7,9
11,9,9,11,10.0,20,2,8
8,12,8,12,10.0,20,4,5
5,4,4,5,4.5,9,1,3
12,12,12,12,12.0,24,0,10
23,24,23,24,23.5,47,1,22
19,24,19,24,21.5,43,5,17
1,5,1,5,3.0,6,4,0
1,7,1,7,4.0,8,6,0
1,8,1,8,4.5,9,7,0
4,1,1,4,2.5,5,3,0
13,15,13,15,14.0,28,2,12
1,5,1,5,3.0,6,4,0
10,6,6,10,8.0,16,4,5
12,14,12,14,13.0,26,2,11
6,7,6,7,6.5,13,1,5
7,1,1,7,4.0,8,6,0
19,1,1,19,10.0,20,18,0
2,4,2,4,3.0,6,2,1
35,21,21,35,28.0,56,14,18
4,1,1,4,2.5,5,3,0
23,6,6,23,14.5,29,17,5
12,9,9,12,10.5,21,3,6
1,4,1,4,2.5,5,3,0
23,4,4,23,13.5,27,19,0
9,9,9,9,9.0,18,0,7
1,26,1,26,13.5,27,25,0
3,8,3,8,5.5,11,5,1
6,1,1,6,3.5,7,5,0
19,1,1,19,10.0,20,18,0
5,1,1,5,3.0,6,4,0
7,10,7,10,8.5,17,3,5
21,21,21,21,21.0,42,0,18
4,1,1,4,2.5,5,3,0
6,6,6,6,6.0,12,0,5
12,5,5,12,8.5,17,7,3
15,11,11,15,13.0,26,4,9
6,1,1,6,3.5,7,5,0
5,146,5,146,75.5,151,141,0
7,14,7,14,10.5,21,7,6
8,1,1,8,4.5,9,7,0
5,6,5,6,5.5,11,1,4
5,1,1,5,3.0,6,4,0
8,2,2,8,5.0,10,6,1
4,5,4,5,4.5,9,1,3
1,4,1,4,2.5,5,3,0
7,1,1,7,4.0,8,6,0
40,40,40,40,40.0,80,0,39
5,3,3,5,4.0,8,2,2
12,2,2,12,7.0,14,10,0
7,3,3,7,5.0,10,4,2
1,12,1,12,6.5,13,11,0
20,21,20,21,20.5,41,1,19
19,12,12,19,15.5,31,7,11
13,10,10,13,11.5,23,3,9
1,9,1,9,5.0,10,8,0
13,13,13,13,13.0,26,0,12
6,4,4,6,5.0,10,2,2
4,1,1,4,2.5,5,3,0
5,4,4,5,4.5,9,1,2
4,9,4,9,6.5,13,5,2
9,10,9,10,9.5,19,1,8
4,1,1,4,2.5,5,3,0
7,6,6,7,6.5,13,1,1
5,6,5,6,5.5,11,1,4
1,14,1,14,7.5,15,13,0
1,8,1,8,4.5,9,7,0
4,4,4,4,4.0,8,0,3
38,5,5,38,21.5,43,33,3
9,10,9,10,9.5,19,1,7
2,4,2,4,3.0,6,2,1
16,15,15,16,15.5,31,1,11
24,27,24,27,25.5,51,3,23
7,7,7,7,7.0,14,0,5
23,31,23,31,27.0,54,8,22
23,21,21,23,22.0,44,2,19
5,1,1,5,3.0,6,4,0
7,7,7,7,7.0,14,0,6
7,6,6,7,6.5,13,1,5
10,9,9,10,9.5,19,1,8
15,14,14,15,14.5,29,1,12
10,10,10,10,10.0,20,0,5
5,4,4,5,4.5,9,1,3
3,12,3,12,7.5,15,9,2
12,5,5,12,8.5,17,7,3
4,4,4,4,4.0,8,0,3
7,7,7,7,7.0,14,0,6
7,7,7,7,7.0,14,0,6
9,6,6,9,7.5,15,3,4
13,12,12,13,12.5,25,1,11
19,16,16,19,17.5,35,3,15
4,1,1,4,2.5,5,3,0
29,15,15,29,22.0,44,14,12
4,2,2,4,3.0,6,2,0
12,10,10,12,11.0,22,2,7
5,1,1,5,3.0,6,4,0
4,1,1,4,2.5,5,3,0
4,5,4,5,4.5,9,1,3
5,4,4,5,4.5,9,1,3
1,22,1,22,11.5,23,21,0
4,4,4,4,4.0,8,0,3
1,19,1,19,10.0,20,18,0
5,1,1,5,3.0,6,4,0
1,36,1,36,18.5,37,35,0
5,5,5,5,5.0,10,0,3
11,10,10,11,10.5,21,1,7
11,9,9,11,10.0,20,2,8
6,7,6,7,6.5,13,1,3
1,6,1,6,3.5,7,5,0
18,17,17,18,17.5,35,1,8
8,3,3,8,5.5,11,5,2
33,50,33,50,41.5,83,17,25
4,5,4,5,4.5,9,1,2
7,7,7,7,7.0,14,0,6
5,1,1,5,3.0,6,4,0
9,10,9,10,9.5,19,1,7
4,1,1,4,2.5,5,3,0
2,7,2,7,4.5,9,5,0
20,6,6,20,13.0,26,14,0
5,6,5,6,5.5,11,1,1
33,10,10,33,21.5,43,23,4
4,1,1,4,2.5,5,3,0
9,8,8,9,8.5,17,1,5
4,9,4,9,6.5,13,5,0
10,8,8,10,9.0,18,2,7
16,17,16,17,16.5,33,1,14
1,5,1,5,3.0,6,4,0
1,6,1,6,3.5,7,5,0
2,4,2,4,3.0,6,2,1
1,4,1,4,2.5,5,3,0
5,2,2,5,3.5,7,3,1
7,7,7,7,7.0,14,0,6
32,22,22,32,27.0,54,10,17
1,5,1,5,3.0,6,4,0
19,21,19,21,20.0,40,2,18
5,1,1,5,3.0,6,4,0
2,5,2,5,3.5,7,3,0
4,2,2,4,3.0,6,2,1
11,7,7,11,9.0,18,4,6
1,5,1,5,3.0,6,4,0
7,5,5,7,6.0,12,2,4
20,21,20,21,20.5,41,1,18
4,6,4,6,5.0,10,2,1
66,7,7,66,36.5,73,59,0
22,22,22,22,22.0,44,0,20
51,21,21,51,36.0,72,30,5
4,1,1,4,2.5,5,3,0
9,1,1,9,5.0,10,8,0
6,13,6,13,9.5,19,7,0
4,7,4,7,5.5,11,3,3
6,6,6,6,6.0,12,0,4
5,5,5,5,5.0,10,0,4
19,19,19,19,19.0,38,0,18
15,17,15,17,16.0,32,2,14
5,1,1,5,3.0,6,4,0
31,33,31,33,32.0,64,2,30
13,10,10,13,11.5,23,3,4
7,7,7,7,7.0,14,0,6
14,12,12,14,13.0,26,2,6
42,30,30,42,36.0,72,12,25
7,6,6,7,6.5,13,1,5
17,21,17,21,19.0,38,4,14
5,6,5,6,5.5,11,1,3
6,1,1,6,3.5,7,5,0
18,13,13,18,15.5,31,5,11
4,1,1,4,2.5,5,3,0
7,7,7,7,7.0,14,0,6
8,2,2,8,5.0,10,6,0
50,1,1,50,25.5,51,49,0
1,6,1,6,3.5,7,5,0
5,2,2,5,3.5,7,3,1
6,4,4,6,5.0,10,2,3
6,8,6,8,7.0,14,2,3
6,1,1,6,3.5,7,5,0
6,6,6,6,6.0,12,0,4
13,11,11,13,12.0,24,2,9
4,7,4,7,5.5,11,3,0
31,17,17,31,24.0,48,14,12
47,17,17,47,32.0,64,30,14
1,4,1,4,2.5,5,3,0
23,37,23,37,30.0,60,14,22
5,18,5,18,11.5,23,13,3
13,1,1,13,7.0,14,12,0
23,27,23,27,25.0,50,4,22
2,7,2,7,4.5,9,5,1
4,1,1,4,2.5,5,3,0
8,8,8,8,8.0,16,0,7
21,15,15,21,18.0,36,6,11
1,10,1,10,5.5,11,9,0
1,13,1,13,7.0,14,12,0
24,28,24,28,26.0,52,4,22
7,1,1,7,4.0,8,6,0
1,4,1,4,2.5,5,3,0
1,5,1,5,3.0,6,4,0
6,6,6,6,6.0,12,0,5
11,1,1,11,6.0,12,10,0
12,2,2,12,7.0,14,10,0
1,25,1,25,13.0,26,24,0
31,33,31,33,32.0,64,2,30
1,8,1,8,4.5,9,7,0
8,1,1,8,4.5,9,7,0
9,6,6,9,7.5,15,3,5
6,16,6,16,11.0,22,10,0
1,6,1,6,3.5,7,5,0
7,3,3,7,5.0,10,4,2
1,13,1,13,7.0,14,12,0
2,10,2,10,6.0,12,8,1
7,1,1,7,4.0,8,6,0
3,5,3,5,4.0,8,2,2
1,4,1,4,2.5,5,3,0
10,8,8,10,9.0,18,2,7
1,4,1,4,2.5,5,3,0
13,13,13,13,13.0,26,0,12
9,10,9,10,9.5,19,1,7
10,18,10,18,14.0,28,8,9
66,24,24,66,45.0,90,42,20
1,5,1,5,3.0,6,4,0
40,40,40,40,40.0,80,0,30
5,88,5,88,46.5,93,83,1
4,2,2,4,3.0,6,2,1
2,66,2,66,34.0,68,64,0
8,8,8,8,8.0,16,0,7
18,19,18,19,18.5,37,1,13
4,1,1,4,2.5,5,3,0
32,33,32,33,32.5,65,1,31
1,23,1,23,12.0,24,22,0
21,21,21,21,21.0,42,0,15
20,2,2,20,11.0,22,18,1
37,29,29,37,33.0,66,8,17
4,6,4,6,5.0,10,2,1
4,5,4,5,4.5,9,1,3
17,34,17,34,25.5,51,17,13
5,1,1,5,3.0,6,4,0
7,6,6,7,6.5,13,1,5
1,6,1,6,3.5,7,5,0
33,31,31,33,32.0,64,2,30
5,5,5,5,5.0,10,0,4
20,20,20,20,20.0,40,0,17
9,11,9,11,10.0,20,2,5
6,4,4,6,5.0,10,2,3
8,8,8,8,8.0,16,0,6
5,5,5,5,5.0,10,0,4
5,1,1,5,3.0,6,4,0
5,5,5,5,5.0,10,0,3
42,46,42,46,44.0,88,4,32
7,2,2,7,4.5,9,5,0
4,1,1,4,2.5,5,3,0
4,1,1,4,2.5,5,3,0
5,9,5,9,7.0,14,4,4
1,6,1,6,3.5,7,5,0
13,1,1,13,7.0,14,12,0
24,14,14,24,19.0,38,10,6
8,8,8,8,8.0,16,0,7
8,8,8,8,8.0,16,0,7
4,2,2,4,3.0,6,2,1
6,8,6,8,7.0,14,2,5
4,1,1,4,2.5,5,3,0
1,9,1,9,5.0,10,8,0
5,1,1,5,3.0,6,4,0
1,5,1,5,3.0,6,4,0
11,17,11,17,14.0,28,6,5
14,15,14,15,14.5,29,1,12
1,9,1,9,5.0,10,8,0
11,8,8,11,9.5,19,3,7
1,4,1,4,2.5,5,3,0
5,1,1,5,3.0,6,4,0
20,20,20,20,20.0,40,0,19
3,5,3,5,4.0,8,2,0
4,5,4,5,4.5,9,1,2
8,5,5,8,6.5,13,3,4
1,39,1,39,20.0,40,38,0
14,21,14,21,17.5,35,7,11
1,4,1,4,2.5,5,3,0
4,7,4,7,5.5,11,3,2
4,1,1,4,2.5,5,3,0
11,10,10,11,10.5,21,1,8
7,4,4,7,5.5,11,3,3
2,7,2,7,4.5,9,5,1
6,4,4,6,5.0,10,2,3
5,2,2,5,3.5,7,3,1
12,13,12,13,12.5,25,1,10
4,1,1,4,2.5,5,3,0
10,9,9,10,9.5,19,1,8
4,5,4,5,4.5,9,1,3
24,31,24,31,27.5,55,7,18
5,1,1,5,3.0,6,4,0
5,4,4,5,4.5,9,1,0
26,41,26,41,33.5,67,15,24
1,5,1,5,3.0,6,4,0
8,8,8,8,8.0,16,0,7
5,6,5,6,5.5,11,1,4
6,7,6,7,6.5,13,1,4
39,24,24,39,31.5,63,15,21
4,1,1,4,2.5,5,3,0
7,1,1,7,4.0,8,6,0
4,1,1,4,2.5,5,3,0
31,15,15,31,23.0,46,16,13
25,29,25,29,27.0,54,4,23
1,4,1,4,2.5,5,3,0
36,48,36,48,42.0,84,12,34
17,39,17,39,28.0,56,22,11
1,11,1,11,6.0,12,10,0
4,4,4,4,4.0,8,0,2
42,26,26,42,34.0,68,16,24
27,24,24,27,25.5,51,3,19
5,6,5,6,5.5,11,1,4
21,16,16,21,18.5,37,5,12
34,43,34,43,38.5,77,9,25
4,1,1,4,2.5,5,3,0
12,12,12,12,12.0,24,0,8
1,8,1,8,4.5,9,7,0
1,7,1,7,4.0,8,6,0
4,4,4,4,4.0,8,0,3
4,2,2,4,3.0,6,2,1
10,12,10,12,11.0,22,2,1
21,14,14,21,17.5,35,7,12
6,1,1,6,3.5,7,5,0
13,23,13,23,18.0,36,10,11
1,7,1,7,4.0,8,6,0
5,5,5,5,5.0,10,0,4
24,18,18,24,21.0,42,6,16
4,1,1,4,2.5,5,3,0
4,1,1,4,2.5,5,3,0
54,18,18,54,36.0,72,36,15
10,2,2,10,6.0,12,8,1
35,39,35,39,37.0,74,4,19
1,4,1,4,2.5,5,3,0
43,47,43,47,45.0,90,4,33
6,4,4,6,5.0,10,2,1
4,1,1,4,2.5,5,3,0
1,4,1,4,2.5,5,3,0
6,1,1,6,3.5,7,5,0
6,1,1,6,3.5,7,5,0
9,1,1,9,5.0,10,8,0
10,12,10,12,11.0,22,2,9
18,1,1,18,9.5,19,17,0
5,9,5,9,7.0,14,4,4
1,7,1,7,4.0,8,6,0
12,11,11,12,11.5,23,1,10
14,22,14,22,18.0,36,8,12
6,7,6,7,6.5,13,1,5
10,10,10,10,10.0,20,0,8
23,27,23,27,25.0,50,4,22
4,1,1,4,2.5,5,3,0
32,33,32,33,32.5,65,1,30
14,1,1,14,7.5,15,13,0
4,2,2,4,3.0,6,2,0
6,6,6,6,6.0,12,0,4
33,31,31,33,32.0,64,2,25
1,25,1,25,13.0,26,24,0
4,10,4,10,7.0,14,6,3
14,2,2,14,8.0,16,12,1
1,4,1,4,2.5,5,3,0
6,5,5,6,5.5,11,1,3
5,1,1,5,3.0,6,4,0
6,12,6,12,9.0,18,6,5
12,1,1,12,6.5,13,11,0
2,6,2,6,4.0,8,4,1
35,24,24,35,29.5,59,11,22
13,9,9,13,11.0,22,4,6
23,44,23,44,33.5,67,21,22
7,4,4,7,5.5,11,3,1
14,11,11,14,12.5,25,3,8
9,7,7,9,8.0,16,2,6
12,12,12,12,12.0,24,0,11
3,7,3,7,5.0,10,4,1
4,1,1,4,2.5,5,3,0
6,1,1,6,3.5,7,5,0
43,47,43,47,45.0,90,4,40
4,1,1,4,2.5,5,3,0
21,24,21,24,22.5,45,3,17
19,19,19,19,19.0,38,0,16
26,1,1,26,13.5,27,25,0
13,12,12,13,12.5,25,1,11
8,1,1,8,4.5,9,7,0
4,9,4,9,6.5,13,5,3
35,19,19,35,27.0,54,16,18
1,5,1,5,3.0,6,4,0
31,22,22,31,26.5,53,9,19
2,5,2,5,3.5,7,3,1
23,24,23,24,23.5,47,1,22
19,21,19,21,20.0,40,2,13
13,15,13,15,14.0,28,2,9
9,10,9,10,9.5,19,1,4
7,1,1,7,4.0,8,6,0
10,11,10,11,10.5,21,1,1
10,1,1,10,5.5,11,9,0
18,19,18,19,18.5,37,1,17
6,28,6,28,17.0,34,22,0
4,1,1,4,2.5,5,3,0
7,2,2,7,4.5,9,5,0
18,14,14,18,16.0,32,4,12
4,4,4,4,4.0,8,0,2
11,9,9,11,10.0,20,2,8
11,11,11,11,11.0,22,0,2
15,15,15,15,15.0,30,0,14
7,2,2,7,4.5,9,5,1
11,10,10,11,10.5,21,1,7
17,15,15,17,16.0,32,2,14
26,27,26,27,26.5,53,1,25
6,1,1,6,3.5,7,5,0
11,1,1,11,6.0,12,10,0
7,16,7,16,11.5,23,9,5
19,31,19,31,25.0,50,12,14
34,31,31,34,32.5,65,3,6
3,5,3,5,4.0,8,2,2
1,7,1,7,4.0,8,6,0
6,7,6,7,6.5,13,1,5
12,11,11,12,11.5,23,1,10
4,1,1,4,2.5,5,3,0
4,7,4,7,5.5,11,3,0
12,13,12,13,12.5,25,1,8
6,6,6,6,6.0,12,0,5
4,1,1,4,2.5,5,3,0
4,1,1,4,2.5,5,3,0
5,1,1,5,3.0,6,4,0
14,11,11,14,12.5,25,3,10
4,3,3,4,3.5,7,1,2
4,1,1,4,2.5,5,3,0
24,23,23,24,23.5,47,1,12
5,1,1,5,3.0,6,4,0
22,29,22,29,25.5,51,7,19
25,26,25,26,25.5,51,1,23
12,17,12,17,14.5,29,5,10
5,5,5,5,5.0,10,0,4
41,42,41,42,41.5,83,1,40
1,6,1,6,3.5,7,5,0
18,20,18,20,19.0,38,2,16
29,25,25,29,27.0,54,4,21
20,19,19,20,19.5,39,1,13
20,17,17,20,18.5,37,3,12
4,5,4,5,4.5,9,1,3
39,40,39,40,39.5,79,1,38
7,55,7,55,31.0,62,48,1
10,10,10,10,10.0,20,0,7
13,12,12,13,12.5,25,1,7
14,15,14,15,14.5,29,1,13
1,6,1,6,3.5,7,5,0
5,1,1,5,3.0,6,4,0
1,4,1,4,2.5,5,3,0
32,38,32,38,35.0,70,6,19
28,40,28,40,34.0,68,12,19
1,6,1,6,3.5,7,5,0
8,8,8,8,8.0,16,0,7
7,8,7,8,7.5,15,1,4
4,4,4,4,4.0,8,0,2
12,19,12,19,15.5,31,7,11
31,1,1,31,16.0,32,30,0
4,1,1,4,2.5,5,3,0
1,10,1,10,5.5,11,9,0
9,11,9,11,10.0,20,2,8
13,14,13,14,13.5,27,1,12
5,3,3,5,4.0,8,2,1
17,9,9,17,13.0,26,8,8
1,4,1,4,2.5,5,3,0
2,5,2,5,3.5,7,3,0
51,20,20,51,35.5,71,31,17
13,12,12,13,12.5,25,1,11
7,6,6,7,6.5,13,1,5
4,4,4,4,4.0,8,0,3
31,6,6,31,18.5,37,25,4
9,18,9,18,13.5,27,9,0
36,30,30,36,33.0,66,6,27
3,13,3,13,8.0,16,10,0
10,9,9,10,9.5,19,1,4
43,42,42,43,42.5,85,1,34
4,4,4,4,4.0,8,0,3
66,15,15,66,40.5,81,51,10
25,12,12,25,18.5,37,13,11
22,22,22,22,22.0,44,0,21
4,7,4,7,5.5,11,3,0
6,7,6,7,6.5,13,1,4
1,7,1,7,4.0,8,6,0
4,1,1,4,2.5,5,3,0
10,10,10,10,10.0,20,0,9
1,25,1,25,13.0,26,24,0
7,29,7,29,18.0,36,22,5
6,8,6,8,7.0,14,2,3
5,1,1,5,3.0,6,4,0
7,7,7,7,7.0,14,0,3
44,15,15,44,29.5,59,29,8
1,10,1,10,5.5,11,9,0
16,2,2,16,9.0,18,14,1
1,5,1,5,3.0,6,4,0
7,2,2,7,4.5,9,5,1
9,10,9,10,9.5,19,1,6
5,4,4,5,4.5,9,1,2
6,11,6,11,8.5,17,5,0
5,9,5,9,7.0,14,4,2
1,14,1,14,7.5,15,13,0
1,11,1,11,6.0,12,10,0
6,12,6,12,9.0,18,6,4
4,1,1,4,2.5,5,3,0
2,21,2,21,11.5,23,19,0
10,11,10,11,10.5,21,1,9
19,19,19,19,19.0,38,0,16
4,2,2,4,3.0,6,2,1
26,26,26,26,26.0,52,0,25
14,14,14,14,14.0,28,0,13
1,4,1,4,2.5,5,3,0
13,8,8,13,10.5,21,5,5
6,1,1,6,3.5,7,5,0
9,5,5,9,7.0,14,4,2
4,2,2,4,3.0,6,2,1
42,42,42,42,42.0,84,0,40
8,6,6,8,7.0,14,2,5
9,9,9,9,9.0,18,0,6
1,6,1,6,3.5,7,5,0
4,1,1,4,2.5,5,3,0
6,1,1,6,3.5,7,5,0
22,24,22,24,23.0,46,2,18
7,7,7,7,7.0,14,0,6
10,2,2,10,6.0,12,8,0
1,5,1,5,3.0,6,4,0
12,9,9,12,10.5,21,3,7
4,1,1,4,2.5,5,3,0
9,7,7,9,8.0,16,2,4
7,7,7,7,7.0,14,0,6
22,19,19,22,20.5,41,3,18
5,2,2,5,3.5,7,3,1
1,65,1,65,33.0,66,64,0
1,4,1,4,2.5,5,3,0
7,1,1,7,4.0,8,6,0
1,7,1,7,4.0,8,6,0
1,105,1,105,53.0,106,104,0
27,21,21,27,24.0,48,6,20
24,38,24,38,31.0,62,14,20
6,1,1,6,3.5,7,5,0
18,21,18,21,19.5,39,3,16
2,8,2,8,5.0,10,6,1
10,12,10,12,11.0,22,2,9
3,5,3,5,4.0,8,2,2
8,1,1,8,4.5,9,7,0
9,5,5,9,7.0,14,4,4
1,4,1,4,2.5,5,3,0
20,22,20,22,21.0,42,2,18
10,13,10,13,11.5,23,3,9
6,4,4,6,5.0,10,2,1
25,33,25,33,29.0,58,8,24
1,26,1,26,13.5,27,25,0
4,4,4,4,4.0,8,0,3
12,1,1,12,6.5,13,11,0
1,5,1,5,3.0,6,4,0
13,13,13,13,13.0,26,0,12
1,6,1,6,3.5,7,5,0
36,31,31,36,33.5,67,5,28
8,15,8,15,11.5,23,7,1
9,1,1,9,5.0,10,8,0
4,1,1,4,2.5,5,3,0
25,28,25,28,26.5,53,3,13
13,14,13,14,13.5,27,1,12
4,1,1,4,2.5,5,3,0
4,2,2,4,3.0,6,2,1
4,7,4,7,5.5,11,3,2
33,25,25,33,29.0,58,8,20
1,4,1,4,2.5,5,3,0
4,4,4,4,4.0,8,0,2
43,43,43,43,43.0,86,0,40
7,2,2,7,4.5,9,5,1
4,1,1,4,2.5,5,3,0
1,7,1,7,4.0,8,6,0
12,11,11,12,11.5,23,1,10
1,10,1,10,5.5,11,9,0
7,1,1,7,4.0,8,6,0
22,20,20,22,21.0,42,2,15
14,3,3,14,8.5,17,11,2
21,18,18,21,19.5,39,3,17
1,6,1,6,3.5,7,5,0
1,8,1,8,4.5,9,7,0
6,1,1,6,3.5,7,5,0
6,18,6,18,12.0,24,12,3
21,16,16,21,18.5,37,5,14
1,5,1,5,3.0,6,4,0
1,5,1,5,3.0,6,4,0
5,1,1,5,3.0,6,4,0
15,7,7,15,11.0,22,8,6
6,1,1,6,3.5,7,5,0
4,4,4,4,4.0,8,0,3
4,1,1,4,2.5,5,3,0
6,1,1,6,3.5,7,5,0
4,1,1,4,2.5,5,3,0
20,20,20,20,20.0,40,0,16
2,7,2,7,4.5,9,5,0
23,15,15,23,19.0,38,8,9
15,1,1,15,8.0,16,14,0
5,4,4,5,4.5,9,1,3
4,5,4,5,4.5,9,1,3
6,1,1,6,3.5,7,5,0
23,21,21,23,22.0,44,2,17
1,27,1,27,14.0,28,26,0
9,15,9,15,12.0,24,6,3
11,21,11,21,16.0,32,10,10
10,7,7,10,8.5,17,3,4
27,26,26,27,26.5,53,1,25
15,13,13,15,14.0,28,2,8
49,48,48,49,48.5,97,1,47
1,30,1,30,15.5,31,29,0
11,11,11,11,11.0,22,0,0
7,1,1,7,4.0,8,6,0
1,6,1,6,3.5,7,5,0
6,6,6,6,6.0,12,0,2
1,4,1,4,2.5,5,3,0
1,11,1,11,6.0,12,10,0
7,53,7,53,30.0,60,46,4
6,6,6,6,6.0,12,0,4
30,33,30,33,31.5,63,3,29
1,6,1,6,3.5,7,5,0
1,4,1,4,2.5,5,3,0
7,7,7,7,7.0,14,0,5
7,5,5,7,6.0,12,2,2
4,21,4,21,12.5,25,17,0
5,2,2,5,3.5,7,3,1
25,24,24,25,24.5,49,1,23
1,4,1,4,2.5,5,3,0
19,19,19,19,19.0,38,0,18
1,12,1,12,6.5,13,11,0
5,1,1,5,3.0,6,4,0
1,4,1,4,2.5,5,3,0
18,13,13,18,15.5,31,5,11
1,4,1,4,2.5,5,3,0
1,5,1,5,3.0,6,4,0
5,5,5,5,5.0,10,0,3
5,1,1,5,3.0,6,4,0
4,1,1,4,2.5,5,3,0
1,7,1,7,4.0,8,6,0
6,8,6,8,7.0,14,2,3
4,5,4,5,4.5,9,1,2
1,4,1,4,2.5,5,3,0
2,4,2,4,3.0,6,2,1
9,1,1,9,5.0,10,8,0
11,12,11,12,11.5,23,1,7
5,1,1,5,3.0,6,4,0
6,1,1,6,3.5,7,5,0
1,5,1,5,3.0,6,4,0
5,5,5,5,5.0,10,0,4
9,1,1,9,5.0,10,8,0
4,7,4,7,5.5,11,3,3
1,4,1,4,2.5,5,3,0
2,26,2,26,14.0,28,24,0
1,5,1,5,3.0,6,4,0
11,2,2,11,6.5,13,9,0
5,5,5,5,5.0,10,0,4
9,7,7,9,8.0,16,2,5
5,1,1,5,3.0,6,4,0
2,8,2,8,5.0,10,6,0
27,21,21,27,24.0,48,6,8
1,6,1,6,3.5,7,5,0
14,3,3,14,8.5,17,11,2
44,31,31,44,37.5,75,13,29
6,1,1,6,3.5,7,5,0
4,5,4,5,4.5,9,1,3
6,1,1,6,3.5,7,5,0
2,5,2,5,3.5,7,3,0
1,5,1,5,3.0,6,4,0
7,7,7,7,7.0,14,0,3
8,13,8,13,10.5,21,5,4
23,23,23,23,23.0,46,0,22
2,4,2,4,3.0,6,2,1
6,8,6,8,7.0,14,2,5
27,26,26,27,26.5,53,1,25
1,8,1,8,4.5,9,7,0
6,2,2,6,4.0,8,4,0
7,7,7,7,7.0,14,0,6
6,4,4,6,5.0,10,2,0
11,10,10,11,10.5,21,1,9
5,5,5,5,5.0,10,0,4
5,4,4,5,4.5,9,1,3
6,4,4,6,5.0,10,2,3
6,12,6,12,9.0,18,6,4
13,13,13,13,13.0,26,0,12
5,1,1,5,3.0,6,4,0
32,32,32,32,32.0,64,0,30
14,15,14,15,14.5,29,1,10
9,15,9,15,12.0,24,6,3
5,1,1,5,3.0,6,4,0
1,4,1,4,2.5,5,3,0
5,4,4,5,4.5,9,1,1
5,1,1,5,3.0,6,4,0
61,1,1,61,31.0,62,60,0
5,6,5,6,5.5,11,1,2
4,1,1,4,2.5,5,3,0
6,6,6,6,6.0,12,0,0
11,15,11,15,13.0,26,4,6
5,1,1,5,3.0,6,4,0
4,4,4,4,4.0,8,0,2
5,1,1,5,3.0,6,4,0
4,2,2,4,3.0,6,2,1
12,12,12,12,12.0,24,0,8
8,7,7,8,7.5,15,1,6
4,7,4,7,5.5,11,3,3
14,7,7,14,10.5,21,7,5
40,31,31,40,35.5,71,9,27
5,3,3,5,4.0,8,2,2
4,1,1,4,2.5,5,3,0
35,33,33,35,34.0,68,2,32
8,11,8,11,9.5,19,3,6
1,4,1,4,2.5,5,3,0
4,4,4,4,4.0,8,0,3
7,5,5,7,6.0,12,2,4
4,4,4,4,4.0,8,0,3
1,17,1,17,9.0,18,16,0
1,6,1,6,3.5,7,5,0
2,15,2,15,8.5,17,13,0
16,15,15,16,15.5,31,1,9
22,32,22,32,27.0,54,10,17
2,5,2,5,3.5,7,3,1
9,1,1,9,5.0,10,8,0
37,8,8,37,22.5,45,29,5
13,8,8,13,10.5,21,5,4
7,7,7,7,7.0,14,0,5
27,38,27,38,32.5,65,11,25
5,1,1,5,3.0,6,4,0
10,8,8,10,9.0,18,2,7
7,2,2,7,4.5,9,5,1
11,12,11,12,11.5,23,1,9
1,31,1,31,16.0,32,30,0
11,20,11,20,15.5,31,9,10
6,11,6,11,8.5,17,5,3
4,1,1,4,2.5,5,3,0
1,5,1,5,3.0,6,4,0
17,16,16,17,16.5,33,1,15
3,7,3,7,5.0,10,4,2
8,5,5,8,6.5,13,3,4
5,5,5,5,5.0,10,0,4
1,4,1,4,2.5,5,3,0
41,41,41,41,41.0,82,0,40
7,10,7,10,8.5,17,3,1
4,1,1,4,2.5,5,3,0
5,5,5,5,5.0,10,0,3
9,1,1,9,5.0,10,8,0
7,2,2,7,4.5,9,5,1
4,9,4,9,6.5,13,5,1
1,7,1,7,4.0,8,6,0
7,10,7,10,8.5,17,3,0
18,33,18,33,25.5,51,15,17
2,6,2,6,4.0,8,4,1
18,4,4,18,11.0,22,14,3
1,14,1,14,7.5,15,13,0
20,11,11,20,15.5,31,9,7
5,6,5,6,5.5,11,1,4
8,9,8,9,8.5,17,1,6
1,7,1,7,4.0,8,6,0
1,10,1,10,5.5,11,9,0
12,19,12,19,15.5,31,7,11
1,10,1,10,5.5,11,9,0
7,1,1,7,4.0,8,6,0
5,5,5,5,5.0,10,0,3
4,1,1,4,2.5,5,3,0
5,3,3,5,4.0,8,2,2
6,1,1,6,3.5,7,5,0
10,13,10,13,11.5,23,3,9
12,1,1,12,6.5,13,11,0
5,1,1,5,3.0,6,4,0
7,1,1,7,4.0,8,6,0
31,31,31,31,31.0,62,0,30
1,4,1,4,2.5,5,3,0
12,7,7,12,9.5,19,5,3
2,9,2,9,5.5,11,7,1
5,2,2,5,3.5,7,3,1
19,17,17,19,18.0,36,2,15
1,4,1,4,2.5,5,3,0
36,47,36,47,41.5,83,11,33
26,18,18,26,22.0,44,8,14
3,6,3,6,4.5,9,3,2
11,11,11,11,11.0,22,0,9
1,146,1,146,73.5,147,145,0
4,5,4,5,4.5,9,1,1
6,10,6,10,8.0,16,4,5
8,8,8,8,8.0,16,0,7
5,10,5,10,7.5,15,5,2
4,1,1,4,2.5,5,3,0
9,10,9,10,9.5,19,1,8
5,4,4,5,4.5,9,1,3
1,4,1,4,2.5,5,3,0
1,6,1,6,3.5,7,5,0
1,4,1,4,2.5,5,3,0
1,7,1,7,4.0,8,6,0
1,4,1,4,2.5,5,3,0
1,5,1,5,3.0,6,4,0
1,105,1,105,53.0,106,104,0
19,31,19,31,25.0,50,12,15
4,1,1,4,2.5,5,3,0
7,4,4,7,5.5,11,3,2
14,18,14,18,16.0,32,4,12
1,4,1,4,2.5,5,3,0
1,7,1,7,4.0,8,6,0
1,4,1,4,2.5,5,3,0
4,1,1,4,2.5,5,3,0
1,4,1,4,2.5,5,3,0
15,10,10,15,12.5,25,5,9
4,1,1,4,2.5,5,3,0
10,14,10,14,12.0,24,4,5
2,4,2,4,3.0,6,2,1
5,5,5,5,5.0,10,0,4
5,7,5,7,6.0,12,2,4
4,5,4,5,4.5,9,1,2
45,43,43,45,44.0,88,2,42
5,3,3,5,4.0,8,2,2
1,7,1,7,4.0,8,6,0
4,1,1,4,2.5,5,3,0
1,29,1,29,15.0,30,28,0
1,5,1,5,3.0,6,4,0
4,4,4,4,4.0,8,0,3
5,5,5,5,5.0,10,0,4
4,1,1,4,2.5,5,3,0
1,8,1,8,4.5,9,7,0
1,4,1,4,2.5,5,3,0
1,4,1,4,2.5,5,3,0
7,1,1,7,4.0,8,6,0
9,8,8,9,8.5,17,1,7
10,2,2,10,6.0,12,8,0
17,6,6,17,11.5,23,11,5
1,11,1,11,6.0,12,10,0
19,17,17,19,18.0,36,2,12
22,9,9,22,15.5,31,13,6
4,2,2,4,3.0,6,2,0
5,6,5,6,5.5,11,1,4
5,1,1,5,3.0,6,4,0
6,1,1,6,3.5,7,5,0
24,27,24,27,25.5,51,3,15
4,4,4,4,4.0,8,0,3
3,5,3,5,4.0,8,2,2
1,5,1,5,3.0,6,4,0
4,1,1,4,2.5,5,3,0
20,19,19,20,19.5,39,1,17
7,7,7,7,7.0,14,0,5
4,4,4,4,4.0,8,0,0
3,10,3,10,6.5,13,7,2
2,5,2,5,3.5,7,3,0
4,1,1,4,2.5,5,3,0
23,22,22,23,22.5,45,1,20
10,4,4,10,7.0,14,6,3
14,14,14,14,14.0,28,0,11
12,43,12,43,27.5,55,31,11
4,1,1,4,2.5,5,3,0
1,9,1,9,5.0,10,8,0
4,1,1,4,2.5,5,3,0
2,5,2,5,3.5,7,3,1
4,1,1,4,2.5,5,3,0
4,4,4,4,4.0,8,0,3
10,10,10,10,10.0,20,0,9
12,15,12,15,13.5,27,3,11
9,9,9,9,9.0,18,0,7
12,15,12,15,13.5,27,3,5
5,2,2,5,3.5,7,3,0
5,5,5,5,5.0,10,0,4
1,4,1,4,2.5,5,3,0
4,2,2,4,3.0,6,2,0
4,1,1,4,2.5,5,3,0
5,1,1,5,3.0,6,4,0
1,8,1,8,4.5,9,7,0
6,2,2,6,4.0,8,4,1
4,5,4,5,4.5,9,1,3
2,5,2,5,3.5,7,3,1
7,9,7,9,8.0,16,2,6
1,6,1,6,3.5,7,5,0
2,4,2,4,3.0,6,2,1
4,1,1,4,2.5,5,3,0
6,9,6,9,7.5,15,3,5
9,16,9,16,12.5,25,7,0
30,25,25,30,27.5,55,5,24
23,9,9,23,16.0,32,14,7
9,7,7,9,8.0,16,2,5
15,11,11,15,13.0,26,4,9
1,7,1,7,4.0,8,6,0
1,5,1,5,3.0,6,4,0
1,6,1,6,3.5,7,5,0
4,4,4,4,4.0,8,0,3
1,8,1,8,4.5,9,7,0
5,1,1,5,3.0,6,4,0
35,15,15,35,25.0,50,20,9
5,1,1,5,3.0,6,4,0
13,13,13,13,13.0,26,0,12
10,11,10,11,10.5,21,1,9
4,3,3,4,3.5,7,1,2
5,1,1,5,3.0,6,4,0
4,1,1,4,2.5,5,3,0
6,6,6,6,6.0,12,0,4
6,7,6,7,6.5,13,1,5
8,2,2,8,5.0,10,6,1
32,33,32,33,32.5,65,1,25
5,13,5,13,9.0,18,8,4
11,12,11,12,11.5,23,1,9
1,6,1,6,3.5,7,5,0
9,8,8,9,8.5,17,1,6
37,30,30,37,33.5,67,7,28
9,8,8,9,8.5,17,1,7
1,4,1,4,2.5,5,3,0
3,5,3,5,4.0,8,2,2
9,8,8,9,8.5,17,1,7
16,11,11,16,13.5,27,5,0
1,6,1,6,3.5,7,5,0
6,6,6,6,6.0,12,0,5
18,32,18,32,25.0,50,14,15
4,6,4,6,5.0,10,2,3
9,1,1,9,5.0,10,8,0
8,8,8,8,8.0,16,0,7
23,22,22,23,22.5,45,1,21
6,1,1,6,3.5,7,5,0
1,4,1,4,2.5,5,3,0
4,6,4,6,5.0,10,2,3
5,1,1,5,3.0,6,4,0
5,5,5,5,5.0,10,0,4
13,23,13,23,18.0,36,10,12
5,2,2,5,3.5,7,3,0
8,10,8,10,9.0,18,2,2
1,4,1,4,2.5,5,3,0
1,30,1,30,15.5,31,29,0
4,1,1,4,2.5,5,3,0
8,13,8,13,10.5,21,5,0
15,10,10,15,12.5,25,5,9
4,1,1,4,2.5,5,3,0
1,6,1,6,3.5,7,5,0
5,5,5,5,5.0,10,0,4
1,4,1,4,2.5,5,3,0
8,19,8,19,13.5,27,11,6
8,9,8,9,8.5,17,1,4
8,15,8,15,11.5,23,7,7
6,1,1,6,3.5,7,5,0
1,4,1,4,2.5,5,3,0
1,12,1,12,6.5,13,11,0
7,8,7,8,7.5,15,1,6
1,4,1,4,2.5,5,3,0
1,4,1,4,2.5,5,3,0
14,14,14,14,14.0,28,0,11
1,19,1,19,10.0,20,18,0
9,15,9,15,12.0,24,6,7
11,11,11,11,11.0,22,0,5
1,4,1,4,2.5,5,3,0
5,5,5,5,5.0,10,0,1
24,14,14,24,19.0,38,10,11
4,2,2,4,3.0,6,2,0
1,26,1,26,13.5,27,25,0
49,28,28,49,38.5,77,21,25
5,1,1,5,3.0,6,4,0
15,11,11,15,13.0,26,4,6
1,30,1,30,15.5,31,29,0
11,5,5,11,8.0,16,6,3
7,4,4,7,5.5,11,3,2
14,17,14,17,15.5,31,3,13
13,12,12,13,12.5,25,1,11
4,1,1,4,2.5,5,3,0
2,5,2,5,3.5,7,3,0
5,1,1,5,3.0,6,4,0
1,7,1,7,4.0,8,6,0
25,26,25,26,25.5,51,1,17
36,27,27,36,31.5,63,9,25
12,11,11,12,11.5,23,1,10
10,14,10,14,12.0,24,4,9
5,5,5,5,5.0,10,0,3
39,28,28,39,33.5,67,11,23
8,4,4,8,6.0,12,4,2
1,65,1,65,33.0,66,64,0
1,8,1,8,4.5,9,7,0
1,5,1,5,3.0,6,4,0
38,40,38,40,39.0,78,2,37
19,16,16,19,17.5,35,3,15
46,41,41,46,43.5,87,5,31
1,6,1,6,3.5,7,5,0
11,3,3,11,7.0,14,8,0
8,2,2,8,5.0,10,6,0
24,24,24,24,24.0,48,0,23
1,5,1,5,3.0,6,4,0
1,4,1,4,2.5,5,3,0
1,6,1,6,3.5,7,5,0
4,20,4,20,12.0,24,16,3
2,6,2,6,4.0,8,4,0
4,4,4,4,4.0,8,0,0
5,1,1,5,3.0,6,4,0
5,9,5,9,7.0,14,4,4
4,1,1,4,2.5,5,3,0
5,5,5,5,5.0,10,0,1
4,1,1,4,2.5,5,3,0
32,33,32,33,32.5,65,1,31
25,15,15,25,20.0,40,10,14
4,1,1,4,2.5,5,3,0
4,4,4,4,4.0,8,0,0
4,1,1,4,2.5,5,3,0
5,1,1,5,3.0,6,4,0
5,5,5,5,5.0,10,0,4
16,19,16,19,17.5,35,3,14
4,1,1,4,2.5,5,3,0
12,14,12,14,13.0,26,2,11
6,12,6,12,9.0,18,6,4
2,4,2,4,3.0,6,2,0
4,1,1,4,2.5,5,3,0
4,5,4,5,4.5,9,1,3
19,23,19,23,21.0,42,4,18
1,6,1,6,3.5,7,5,0
4,4,4,4,4.0,8,0,3
7,9,7,9,8.0,16,2,6
1,77,1,77,39.0,78,76,0
2,10,2,10,6.0,12,8,1
11,15,11,15,13.0,26,4,10
1,31,1,31,16.0,32,30,0
7,7,7,7,7.0,14,0,5
1,12,1,12,6.5,13,11,0
1,48,1,48,24.5,49,47,0
9,1,1,9,5.0,10,8,0
2,6,2,6,4.0,8,4,0
5,1,1,5,3.0,6,4,0
23,15,15,23,19.0,38,8,12
4,2,2,4,3.0,6,2,1
5,1,1,5,3.0,6,4,0
1,5,1,5,3.0,6,4,0
19,15,15,19,17.0,34,4,14
7,7,7,7,7.0,14,0,5
1,9,1,9,5.0,10,8,0
4,1,1,4,2.5,5,3,0
5,2,2,5,3.5,7,3,1
15,21,15,21,18.0,36,6,11
6,1,1,6,3.5,7,5,0
12,15,12,15,13.5,27,3,11
1,32,1,32,16.5,33,31,0
1,6,1,6,3.5,7,5,0
8,10,8,10,9.0,18,2,0
17,4,4,17,10.5,21,13,0
13,10,10,13,11.5,23,3,9
14,25,14,25,19.5,39,11,10
28,41,28,41,34.5,69,13,25
13,32,13,32,22.5,45,19,11
8,5,5,8,6.5,13,3,4
4,7,4,7,5.5,11,3,0
2,9,2,9,5.5,11,7,1
12,24,12,24,18.0,36,12,11
2,5,2,5,3.5,7,3,0
2,7,2,7,4.5,9,5,1
15,8,8,15,11.5,23,7,5
25,39,25,39,32.0,64,14,21
9,5,5,9,7.0,14,4,4
6,2,2,6,4.0,8,4,1
8,8,8,8,8.0,16,0,7
11,15,11,15,13.0,26,4,9
8,9,8,9,8.5,17,1,7
13,16,13,16,14.5,29,3,9
15,20,15,20,17.5,35,5,13
6,11,6,11,8.5,17,5,3
21,40,21,40,30.5,61,19,16
4,1,1,4,2.5,5,3,0
3,4,3,4,3.5,7,1,2
17,66,17,66,41.5,83,49,12
5,10,5,10,7.5,15,5,4
26,26,26,26,26.0,52,0,12
1,9,1,9,5.0,10,8,0
7,8,7,8,7.5,15,1,6
1,4,1,4,2.5,5,3,0
9,20,9,20,14.5,29,11,7
1,5,1,5,3.0,6,4,0
8,47,8,47,27.5,55,39,6
34,29,29,34,31.5,63,5,25
6,6,6,6,6.0,12,0,5
6,5,5,6,5.5,11,1,4
1,4,1,4,2.5,5,3,0
10,10,10,10,10.0,20,0,9
4,2,2,4,3.0,6,2,1
1,5,1,5,3.0,6,4,0
6,8,6,8,7.0,14,2,0
11,1,1,11,6.0,12,10,0
6,5,5,6,5.5,11,1,4
21,36,21,36,28.5,57,15,15
1,4,1,4,2.5,5,3,0
7,7,7,7,7.0,14,0,6
15,13,13,15,14.0,28,2,12
4,6,4,6,5.0,10,2,3
7,18,7,18,12.5,25,11,4
9,24,9,24,16.5,33,15,8
1,8,1,8,4.5,9,7,0
19,15,15,19,17.0,34,4,13
10,6,6,10,8.0,16,4,5
5,1,1,5,3.0,6,4,0
2,4,2,4,3.0,6,2,1
20,15,15,20,17.5,35,5,13
7,1,1,7,4.0,8,6,0
7,1,1,7,4.0,8,6,0
5,6,5,6,5.5,11,1,4
14,17,14,17,15.5,31,3,13
9,8,8,9,8.5,17,1,7
5,1,1,5,3.0,6,4,0
4,1,1,4,2.5,5,3,0
4,1,1,4,2.5,5,3,0
9,10,9,10,9.5,19,1,8
18,8,8,18,13.0,26,10,7
18,12,12,18,15.0,30,6,11
8,25,8,25,16.5,33,17,6
2,6,2,6,4.0,8,4,0
6,1,1,6,3.5,7,5,0
4,1,1,4,2.5,5,3,0
8,1,1,8,4.5,9,7,0
3,6,3,6,4.5,9,3,2
34,35,34,35,34.5,69,1,29
23,25,23,25,24.0,48,2,21
5,3,3,5,4.0,8,2,2
43,41,41,43,42.0,84,2,40
5,5,5,5,5.0,10,0,4
10,4,4,10,7.0,14,6,1
2,18,2,18,10.0,20,16,1
11,1,1,11,6.0,12,10,0
9,6,6,9,7.5,15,3,4
1,5,1,5,3.0,6,4,0
2,5,2,5,3.5,7,3,1
2,7,2,7,4.5,9,5,0
5,10,5,10,7.5,15,5,4
1,20,1,20,10.5,21,19,0
1,9,1,9,5.0,10,8,0
16,11,11,16,13.5,27,5,10
1,10,1,10,5.5,11,9,0
14,10,10,14,12.0,24,4,9
1,5,1,5,3.0,6,4,0
4,1,1,4,2.5,5,3,0
11,1,1,11,6.0,12,10,0
11,10,10,11,10.5,21,1,8
2,20,2,20,11.0,22,18,0
8,1,1,8,4.5,9,7,0
9,5,5,9,7.0,14,4,4
4,1,1,4,2.5,5,3,0
5,1,1,5,3.0,6,4,0
146,25,25,146,85.5,171,121,23
11,12,11,12,11.5,23,1,10
12,12,12,12,12.0,24,0,8
4,1,1,4,2.5,5,3,0
7,1,1,7,4.0,8,6,0
4,2,2,4,3.0,6,2,1
8,6,6,8,7.0,14,2,3
1,10,1,10,5.5,11,9,0
49,25,25,49,37.0,74,24,18
4,4,4,4,4.0,8,0,3
7,10,7,10,8.5,17,3,6
25,20,20,25,22.5,45,5,16
1,10,1,10,5.5,11,9,0
2,5,2,5,3.5,7,3,1
13,23,13,23,18.0,36,10,11
8,8,8,8,8.0,16,0,7
12,13,12,13,12.5,25,1,8
5,5,5,5,5.0,10,0,4
1,5,1,5,3.0,6,4,0
15,12,12,15,13.5,27,3,10
27,26,26,27,26.5,53,1,25
13,15,13,15,14.0,28,2,11
4,10,4,10,7.0,14,6,2
10,5,5,10,7.5,15,5,4
9,11,9,11,10.0,20,2,5
1,6,1,6,3.5,7,5,0
4,3,3,4,3.5,7,1,2
25,7,7,25,16.0,32,18,4
16,11,11,16,13.5,27,5,7
5,4,4,5,4.5,9,1,3
33,33,33,33,33.0,66,0,31
16,1,1,16,8.5,17,15,0
4,5,4,5,4.5,9,1,0
1,5,1,5,3.0,6,4,0
8,7,7,8,7.5,15,1,6
15,13,13,15,14.0,28,2,10
1,4,1,4,2.5,5,3,0
18,27,18,27,22.5,45,9,16
7,4,4,7,5.5,11,3,3
12,12,12,12,12.0,24,0,11
27,55,27,55,41.0,82,28,26
10,7,7,10,8.5,17,3,6
4,1,1,4,2.5,5,3,0
1,36,1,36,18.5,37,35,0
6,1,1,6,3.5,7,5,0
1,4,1,4,2.5,5,3,0
4,1,1,4,2.5,5,3,0
5,5,5,5,5.0,10,0,0
31,32,31,32,31.5,63,1,29
7,8,7,8,7.5,15,1,2
4,1,1,4,2.5,5,3,0
32,32,32,32,32.0,64,0,31
1,11,1,11,6.0,12,10,0
1,4,1,4,2.5,5,3,0
19,24,19,24,21.5,43,5,11
5,4,4,5,4.5,9,1,3
5,14,5,14,9.5,19,9,3
1,13,1,13,7.0,14,12,0
8,9,8,9,8.5,17,1,0
22,20,20,22,21.0,42,2,19
1,6,1,6,3.5,7,5,0
6,1,1,6,3.5,7,5,0
15,12,12,15,13.5,27,3,11
8,7,7,8,7.5,15,1,4
4,1,1,4,2.5,5,3,0
9,8,8,9,8.5,17,1,5
22,25,22,25,23.5,47,3,16
4,10,4,10,7.0,14,6,0
26,38,26,38,32.0,64,12,19
2,5,2,5,3.5,7,3,1
4,1,1,4,2.5,5,3,0
15,15,15,15,15.0,30,0,11
11,14,11,14,12.5,25,3,9
7,4,4,7,5.5,11,3,0
2,6,2,6,4.0,8,4,1
2,4,2,4,3.0,6,2,0
4,7,4,7,5.5,11,3,2
7,1,1,7,4.0,8,6,0
5,10,5,10,7.5,15,5,0
1,5,1,5,3.0,6,4,0
2,7,2,7,4.5,9,5,0
8,20,8,20,14.0,28,12,0
12,15,12,15,13.5,27,3,11
12,1,1,12,6.5,13,11,0
4,3,3,4,3.5,7,1,2
14,15,14,15,14.5,29,1,11
17,6,6,17,11.5,23,11,5
1,5,1,5,3.0,6,4,0
8,2,2,8,5.0,10,6,1
1,5,1,5,3.0,6,4,0
2,12,2,12,7.0,14,10,0
16,12,12,16,14.0,28,4,11
23,24,23,24,23.5,47,1,17
5,1,1,5,3.0,6,4,0
6,1,1,6,3.5,7,5,0
4,2,2,4,3.0,6,2,1
14,1,1,14,7.5,15,13,0
15,1,1,15,8.0,16,14,0
4,1,1,4,2.5,5,3,0
5,2,2,5,3.5,7,3,0
49,21,21,49,35.0,70,28,20
49,49,49,49,49.0,98,0,30
7,1,1,7,4.0,8,6,0
11,23,11,23,17.0,34,12,6
8,12,8,12,10.0,20,4,5
15,15,15,15,15.0,30,0,9
3,4,3,4,3.5,7,1,2
4,11,4,11,7.5,15,7,3
4,1,1,4,2.5,5,3,0
1,4,1,4,2.5,5,3,0
20,1,1,20,10.5,21,19,0
25,31,25,31,28.0,56,6,21
16,34,16,34,25.0,50,18,13
13,16,13,16,14.5,29,3,6
6,5,5,6,5.5,11,1,4
7,7,7,7,7.0,14,0,6
9,1,1,9,5.0,10,8,0
24,40,24,40,32.0,64,16,21
6,9,6,9,7.5,15,3,3
14,13,13,14,13.5,27,1,12
6,23,6,23,14.5,29,17,0
4,1,1,4,2.5,5,3,0
1,9,1,9,5.0,10,8,0
4,1,1,4,2.5,5,3,0
29,28,28,29,28.5,57,1,20
19,8,8,19,13.5,27,11,7
4,9,4,9,6.5,13,5,0
10,21,10,21,15.5,31,11,8
6,4,4,6,5.0,10,2,3
1,5,1,5,3.0,6,4,0
1,75,1,75,38.0,76,74,0
2,6,2,6,4.0,8,4,1
30,28,28,30,29.0,58,2,23
11,1,1,11,6.0,12,10,0
5,1,1,5,3.0,6,4,0
2,4,2,4,3.0,6,2,0
4,9,4,9,6.5,13,5,1
4,1,1,4,2.5,5,3,0
1,5,1,5,3.0,6,4,0
8,46,8,46,27.0,54,38,3
5,1,1,5,3.0,6,4,0
1,8,1,8,4.5,9,7,0
1,5,1,5,3.0,6,4,0
13,12,12,13,12.5,25,1,9
1,5,1,5,3.0,6,4,0
10,5,5,10,7.5,15,5,4
20,18,18,20,19.0,38,2,13
6,6,6,6,6.0,12,0,5
1,4,1,4,2.5,5,3,0
24,25,24,25,24.5,49,1,23
1,4,1,4,2.5,5,3,0
4,1,1,4,2.5,5,3,0
14,5,5,14,9.5,19,9,2
15,15,15,15,15.0,30,0,12
7,1,1,7,4.0,8,6,0
4,2,2,4,3.0,6,2,1
31,27,27,31,29.0,58,4,26
2,10,2,10,6.0,12,8,1
1,11,1,11,6.0,12,10,0
4,7,4,7,5.5,11,3,3
1,4,1,4,2.5,5,3,0
23,19,19,23,21.0,42,4,17
20,14,14,20,17.0,34,6,12
1,17,1,17,9.0,18,16,0
15,16,15,16,15.5,31,1,10
12,8,8,12,10.0,20,4,6
1,4,1,4,2.5,5,3,0
1,6,1,6,3.5,7,5,0
38,35,35,38,36.5,73,3,25
7,17,7,17,12.0,24,10,6
21,20,20,21,20.5,41,1,15
36,23,23,36,29.5,59,13,22
5,7,5,7,6.0,12,2,4
3,5,3,5,4.0,8,2,2
4,7,4,7,5.5,11,3,1
11,11,11,11,11.0,22,0,9
7,1,1,7,4.0,8,6,0
7,4,4,7,5.5,11,3,3
5,1,1,5,3.0,6,4,0
13,16,13,16,14.5,29,3,12
4,4,4,4,4.0,8,0,3
14,12,12,14,13.0,26,2,11
6,4,4,6,5.0,10,2,0
2,4,2,4,3.0,6,2,0
6,2,2,6,4.0,8,4,1
5,5,5,5,5.0,10,0,4
5,1,1,5,3.0,6,4,0
10,11,10,11,10.5,21,1,9
10,4,4,10,7.0,14,6,0
2,5,2,5,3.5,7,3,1
13,12,12,13,12.5,25,1,11
8,1,1,8,4.5,9,7,0
3,5,3,5,4.0,8,2,0
24,39,24,39,31.5,63,15,18
2,8,2,8,5.0,10,6,1
31,31,31,31,31.0,62,0,29
9,7,7,9,8.0,16,2,0
4,3,3,4,3.5,7,1,2
2,14,2,14,8.0,16,12,0
6,1,1,6,3.5,7,5,0
2,4,2,4,3.0,6,2,1
1,4,1,4,2.5,5,3,0
3,6,3,6,4.5,9,3,1
31,32,31,32,31.5,63,1,30
6,1,1,6,3.5,7,5,0
1,6,1,6,3.5,7,5,0
14,6,6,14,10.0,20,8,4
1,10,1,10,5.5,11,9,0
8,8,8,8,8.0,16,0,7
9,7,7,9,8.0,16,2,3
6,5,5,6,5.5,11,1,4
3,7,3,7,5.0,10,4,2
30,8,8,30,19.0,38,22,6
4,11,4,11,7.5,15,7,0
1,9,1,9,5.0,10,8,0
5,1,1,5,3.0,6,4,0
5,3,3,5,4.0,8,2,2
4,4,4,4,4.0,8,0,0
7,8,7,8,7.5,15,1,6
5,1,1,5,3.0,6,4,0
4,15,4,15,9.5,19,11,3
5,4,4,5,4.5,9,1,2
23,12,12,23,17.5,35,11,11
25,26,25,26,25.5,51,1,13
4,1,1,4,2.5,5,3,0
7,1,1,7,4.0,8,6,0
19,14,14,19,16.5,33,5,13
4,4,4,4,4.0,8,0,1
1,11,1,11,6.0,12,10,0
11,6,6,11,8.5,17,5,4
13,13,13,13,13.0,26,0,12
1,10,1,10,5.5,11,9,0
54,23,23,54,38.5,77,31,16
8,5,5,8,6.5,13,3,3
5,6,5,6,5.5,11,1,4
4,1,1,4,2.5,5,3,0
5,2,2,5,3.5,7,3,1
5,5,5,5,5.0,10,0,4
17,2,2,17,9.5,19,15,0
1,12,1,12,6.5,13,11,0
2,6,2,6,4.0,8,4,1
34,40,34,40,37.0,74,6,24
7,5,5,7,6.0,12,2,4
6,5,5,6,5.5,11,1,4
1,6,1,6,3.5,7,5,0
9,1,1,9,5.0,10,8,0
6,11,6,11,8.5,17,5,5
1,7,1,7,4.0,8,6,0
5,5,5,5,5.0,10,0,4
4,6,4,6,5.0,10,2,3
2,10,2,10,6.0,12,8,0
5,3,3,5,4.0,8,2,2
11,11,11,11,11.0,22,0,9
7,9,7,9,8.0,16,2,5
12,11,11,12,11.5,23,1,9
4,5,4,5,4.5,9,1,3
13,17,13,17,15.0,30,4,3
38,24,24,38,31.0,62,14,19
5,6,5,6,5.5,11,1,4
8,1,1,8,4.5,9,7,0
4,1,1,4,2.5,5,3,0
4,7,4,7,5.5,11,3,2
1,5,1,5,3.0,6,4,0
1,4,1,4,2.5,5,3,0
20,19,19,20,19.5,39,1,7
6,1,1,6,3.5,7,5,0
1,4,1,4,2.5,5,3,0
1,19,1,19,10.0,20,18,0
29,19,19,29,24.0,48,10,10
5,1,1,5,3.0,6,4,0
1,4,1,4,2.5,5,3,0
25,27,25,27,26.0,52,2,13
4,9,4,9,6.5,13,5,0
5,9,5,9,7.0,14,4,4
5,1,1,5,3.0,6,4,0
10,6,6,10,8.0,16,4,2
1,12,1,12,6.5,13,11,0
4,1,1,4,2.5,5,3,0
40,29,29,40,34.5,69,11,14
13,9,9,13,11.0,22,4,4
4,1,1,4,2.5,5,3,0
3,10,3,10,6.5,13,7,0
7,7,7,7,7.0,14,0,6
4,1,1,4,2.5,5,3,0
1,17,1,17,9.0,18,16,0
6,1,1,6,3.5,7,5,0
1,4,1,4,2.5,5,3,0
4,4,4,4,4.0,8,0,3
4,1,1,4,2.5,5,3,0
1,6,1,6,3.5,7,5,0
32,15,15,32,23.5,47,17,1
15,13,13,15,14.0,28,2,10
1,5,1,5,3.0,6,4,0
1,7,1,7,4.0,8,6,0
1,7,1,7,4.0,8,6,0
14,14,14,14,14.0,28,0,13
4,3,3,4,3.5,7,1,2
7,4,4,7,5.5,11,3,3
19,15,15,19,17.0,34,4,14
3,4,3,4,3.5,7,1,2
8,1,1,8,4.5,9,7,0
1,4,1,4,2.5,5,3,0
17,5,5,17,11.0,22,12,4
6,4,4,6,5.0,10,2,3
4,2,2,4,3.0,6,2,1
2,5,2,5,3.5,7,3,0
4,5,4,5,4.5,9,1,2
6,6,6,6,6.0,12,0,3
1,4,1,4,2.5,5,3,0
1,9,1,9,5.0,10,8,0
1,8,1,8,4.5,9,7,0
4,1,1,4,2.5,5,3,0
5,5,5,5,5.0,10,0,4
10,22,10,22,16.0,32,12,5
9,7,7,9,8.0,16,2,6
1,4,1,4,2.5,5,3,0
11,12,11,12,11.5,23,1,9
14,2,2,14,8.0,16,12,1
7,1,1,7,4.0,8,6,0
13,16,13,16,14.5,29,3,11
6,5,5,6,5.5,11,1,1
1,4,1,4,2.5,5,3,0
1,8,1,8,4.5,9,7,0
25,53,25,53,39.0,78,28,21
4,4,4,4,4.0,8,0,3
1,5,1,5,3.0,6,4,0
39,28,28,39,33.5,67,11,21
39,39,39,39,39.0,78,0,22
4,1,1,4,2.5,5,3,0
5,7,5,7,6.0,12,2,2
1,12,1,12,6.5,13,11,0
10,12,10,12,11.0,22,2,9
19,8,8,19,13.5,27,11,7
2,5,2,5,3.5,7,3,1
1,9,1,9,5.0,10,8,0
4,1,1,4,2.5,5,3,0
1,31,1,31,16.0,32,30,0
4,6,4,6,5.0,10,2,3
7,1,1,7,4.0,8,6,0
23,23,23,23,23.0,46,0,22
5,4,4,5,4.5,9,1,3
4,1,1,4,2.5,5,3,0
4,1,1,4,2.5,5,3,0
5,1,1,5,3.0,6,4,0
7,1,1,7,4.0,8,6,0
12,12,12,12,12.0,24,0,10
3,6,3,6,4.5,9,3,1
16,16,16,16,16.0,32,0,10
4,1,1,4,2.5,5,3,0
8,1,1,8,4.5,9,7,0
10,17,10,17,13.5,27,7,9
1,10,1,10,5.5,11,9,0
5,3,3,5,4.0,8,2,2
4,7,4,7,5.5,11,3,1
10,9,9,10,9.5,19,1,6
5,4,4,5,4.5,9,1,0
3,21,3,21,12.0,24,18,0
7,6,6,7,6.5,13,1,5
4,12,4,12,8.0,16,8,1
29,49,29,49,39.0,78,20,21
4,7,4,7,5.5,11,3,3
6,1,1,6,3.5,7,5,0
9,6,6,9,7.5,15,3,5
7,7,7,7,7.0,14,0,4
11,11,11,11,11.0,22,0,8
4,2,2,4,3.0,6,2,1
2,4,2,4,3.0,6,2,1
7,1,1,7,4.0,8,6,0
3,6,3,6,4.5,9,3,2
4,8,4,8,6.0,12,4,3
1,4,1,4,2.5,5,3,0
37,19,19,37,28.0,56,18,9
6,1,1,6,3.5,7,5,0
4,4,4,4,4.0,8,0,3
4,2,2,4,3.0,6,2,1
5,2,2,5,3.5,7,3,1
5,6,5,6,5.5,11,1,3
12,12,12,12,12.0,24,0,11
34,23,23,34,28.5,57,11,19
5,1,1,5,3.0,6,4,0
5,17,5,17,11.0,22,12,3
4,4,4,4,4.0,8,0,3
5,1,1,5,3.0,6,4,0
1,7,1,7,4.0,8,6,0
5,1,1,5,3.0,6,4,0
8,1,1,8,4.5,9,7,0
6,1,1,6,3.5,7,5,0
32,33,32,33,32.5,65,1,31
21,55,21,55,38.0,76,34,14
12,3,3,12,7.5,15,9,0
20,18,18,20,19.0,38,2,16
3,5,3,5,4.0,8,2,2
11,10,10,11,10.5,21,1,9
6,3,3,6,4.5,9,3,2
5,2,2,5,3.5,7,3,1
3,6,3,6,4.5,9,3,2
4,1,1,4,2.5,5,3,0
10,8,8,10,9.0,18,2,6
31,35,31,35,33.0,66,4,28
13,13,13,13,13.0,26,0,12
7,6,6,7,6.5,13,1,3
6,3,3,6,4.5,9,3,2
40,5,5,40,22.5,45,35,2
5,5,5,5,5.0,10,0,0
2,5,2,5,3.5,7,3,1
4,1,1,4,2.5,5,3,0
7,11,7,11,9.0,18,4,6
1,11,1,11,6.0,12,10,0
5,6,5,6,5.5,11,1,4
9,8,8,9,8.5,17,1,5
1,35,1,35,18.0,36,34,0
4,4,4,4,4.0,8,0,3
1,8,1,8,4.5,9,7,0
3,9,3,9,6.0,12,6,2
7,4,4,7,5.5,11,3,3
23,19,19,23,21.0,42,4,10
12,11,11,12,11.5,23,1,10
5,10,5,10,7.5,15,5,3
27,31,27,31,29.0,58,4,12
1,8,1,8,4.5,9,7,0
5,6,5,6,5.5,11,1,4
9,6,6,9,7.5,15,3,2
1,7,1,7,4.0,8,6,0
34,26,26,34,30.0,60,8,23
4,1,1,4,2.5,5,3,0
4,5,4,5,4.5,9,1,1
33,29,29,33,31.0,62,4,25
2,43,2,43,22.5,45,41,0
1,4,1,4,2.5,5,3,0
1,4,1,4,2.5,5,3,0
7,8,7,8,7.5,15,1,6
2,9,2,9,5.5,11,7,0
7,4,4,7,5.5,11,3,3
25,22,22,25,23.5,47,3,17
7,4,4,7,5.5,11,3,0
17,10,10,17,13.5,27,7,9
7,2,2,7,4.5,9,5,0
27,32,27,32,29.5,59,5,26
6,1,1,6,3.5,7,5,0
1,107,1,107,54.0,108,106,0
1,4,1,4,2.5,5,3,0
4,1,1,4,2.5,5,3,0
4,1,1,4,2.5,5,3,0
8,8,8,8,8.0,16,0,7
5,2,2,5,3.5,7,3,1
1,8,1,8,4.5,9,7,0
41,20,20,41,30.5,61,21,17
4,3,3,4,3.5,7,1,2
9,9,9,9,9.0,18,0,8
1,5,1,5,3.0,6,4,0
7,16,7,16,11.5,23,9,6
4,1,1,4,2.5,5,3,0
8,2,2,8,5.0,10,6,0
50,12,12,50,31.0,62,38,11
27,24,24,27,25.5,51,3,22
4,4,4,4,4.0,8,0,3
5,5,5,5,5.0,10,0,4
9,1,1,9,5.0,10,8,0
15,15,15,15,15.0,30,0,13
8,5,5,8,6.5,13,3,2
2,4,2,4,3.0,6,2,1
1,4,1,4,2.5,5,3,0
1,4,1,4,2.5,5,3,0
1,6,1,6,3.5,7,5,0
12,13,12,13,12.5,25,1,10
5,1,1,5,3.0,6,4,0
14,15,14,15,14.5,29,1,12
5,10,5,10,7.5,15,5,4
2,14,2,14,8.0,16,12,0
4,1,1,4,2.5,5,3,0
8,9,8,9,8.5,17,1,7
17,17,17,17,17.0,34,0,16
29,2,2,29,15.5,31,27,1
14,21,14,21,17.5,35,7,13
1,5,1,5,3.0,6,4,0
27,16,16,27,21.5,43,11,15
26,24,24,26,25.0,50,2,23
4,2,2,4,3.0,6,2,1
13,13,13,13,13.0,26,0,12
1,4,1,4,2.5,5,3,0
18,18,18,18,18.0,36,0,17
13,8,8,13,10.5,21,5,7
8,11,8,11,9.5,19,3,6
2,75,2,75,38.5,77,73,0
4,1,1,4,2.5,5,3,0
7,8,7,8,7.5,15,1,3
4,4,4,4,4.0,8,0,2
24,5,5,24,14.5,29,19,2
5,1,1,5,3.0,6,4,0
21,14,14,21,17.5,35,7,10
14,14,14,14,14.0,28,0,7
5,2,2,5,3.5,7,3,1
5,7,5,7,6.0,12,2,4
6,1,1,6,3.5,7,5,0
1,8,1,8,4.5,9,7,0
14,12,12,14,13.0,26,2,11
4,5,4,5,4.5,9,1,3
1,6,1,6,3.5,7,5,0
4,1,1,4,2.5,5,3,0
1,4,1,4,2.5,5,3,0
1,5,1,5,3.0,6,4,0
5,4,4,5,4.5,9,1,3
10,9,9,10,9.5,19,1,6
1,4,1,4,2.5,5,3,0
17,13,13,17,15.0,30,4,11
4,1,1,4,2.5,5,3,0
1,6,1,6,3.5,7,5,0
6,4,4,6,5.0,10,2,3
4,1,1,4,2.5,5,3,0
21,21,21,21,21.0,42,0,20
13,7,7,13,10.0,20,6,6
4,1,1,4,2.5,5,3,0
9,10,9,10,9.5,19,1,8
31,39,31,39,35.0,70,8,28
7,7,7,7,7.0,14,0,6
1,4,1,4,2.5,5,3,0
5,5,5,5,5.0,10,0,3
12,14,12,14,13.0,26,2,11
1,6,1,6,3.5,7,5,0
16,17,16,17,16.5,33,1,11
16,9,9,16,12.5,25,7,3
17,16,16,17,16.5,33,1,14
4,1,1,4,2.5,5,3,0
6,6,6,6,6.0,12,0,2
5,5,5,5,5.0,10,0,1
14,13,13,14,13.5,27,1,11
15,13,13,15,14.0,28,2,9
4,4,4,4,4.0,8,0,3
9,10,9,10,9.5,19,1,7
5,2,2,5,3.5,7,3,1
1,7,1,7,4.0,8,6,0
17,12,12,17,14.5,29,5,9
26,26,26,26,26.0,52,0,25
21,15,15,21,18.0,36,6,12
6,6,6,6,6.0,12,0,5
1,4,1,4,2.5,5,3,0
4,9,4,9,6.5,13,5,3
19,18,18,19,18.5,37,1,17
25,48,25,48,36.5,73,23,21
49,51,49,51,50.0,100,2,48
4,1,1,4,2.5,5,3,0
10,16,10,16,13.0,26,6,5
29,37,29,37,33.0,66,8,27
6,4,4,6,5.0,10,2,2
26,29,26,29,27.5,55,3,24
1,4,1,4,2.5,5,3,0
6,1,1,6,3.5,7,5,0
8,8,8,8,8.0,16,0,7
5,1,1,5,3.0,6,4,0
31,33,31,33,32.0,64,2,30
11,9,9,11,10.0,20,2,8
1,6,1,6,3.5,7,5,0
4,4,4,4,4.0,8,0,2
14,13,13,14,13.5,27,1,12
2,4,2,4,3.0,6,2,0
4,1,1,4,2.5,5,3,0
40,28,28,40,34.0,68,12,27
19,16,16,19,17.5,35,3,14
5,2,2,5,3.5,7,3,1
8,9,8,9,8.5,17,1,7
6,1,1,6,3.5,7,5,0
24,48,24,48,36.0,72,24,19
12,7,7,12,9.5,19,5,3
8,7,7,8,7.5,15,1,6
11,11,11,11,11.0,22,0,10
6,2,2,6,4.0,8,4,0
9,9,9,9,9.0,18,0,8
1,15,1,15,8.0,16,14,0
31,32,31,32,31.5,63,1,30
6,2,2,6,4.0,8,4,1
1,5,1,5,3.0,6,4,0
6,5,5,6,5.5,11,1,4
32,32,32,32,32.0,64,0,29
28,25,25,28,26.5,53,3,24
1,12,1,12,6.5,13,11,0
6,1,1,6,3.5,7,5,0
6,5,5,6,5.5,11,1,3
1,4,1,4,2.5,5,3,0
4,4,4,4,4.0,8,0,2
7,1,1,7,4.0,8,6,0
5,1,1,5,3.0,6,4,0
23,49,23,49,36.0,72,26,22
8,11,8,11,9.5,19,3,7
32,26,26,32,29.0,58,6,22
24,17,17,24,20.5,41,7,11
25,39,25,39,32.0,64,14,10
6,1,1,6,3.5,7,5,0
2,4,2,4,3.0,6,2,1
24,28,24,28,26.0,52,4,21
12,3,3,12,7.5,15,9,0
29,29,29,29,29.0,58,0,16
1,4,1,4,2.5,5,3,0
7,6,6,7,6.5,13,1,5
8,1,1,8,4.5,9,7,0
2,5,2,5,3.5,7,3,0
9,1,1,9,5.0,10,8,0
8,8,8,8,8.0,16,0,7
15,6,6,15,10.5,21,9,5
20,24,20,24,22.0,44,4,18
1,4,1,4,2.5,5,3,0
8,1,1,8,4.5,9,7,0
8,10,8,10,9.0,18,2,7
4,2,2,4,3.0,6,2,1
2,4,2,4,3.0,6,2,1
5,9,5,9,7.0,14,4,4
11,27,11,27,19.0,38,16,10
12,11,11,12,11.5,23,1,9
5,4,4,5,4.5,9,1,3
2,4,2,4,3.0,6,2,1
1,4,1,4,2.5,5,3,0
13,18,13,18,15.5,31,5,8
5,13,5,13,9.0,18,8,4
2,26,2,26,14.0,28,24,0
4,1,1,4,2.5,5,3,0
23,32,23,32,27.5,55,9,14
1,4,1,4,2.5,5,3,0
6,7,6,7,6.5,13,1,5
5,1,1,5,3.0,6,4,0
14,13,13,14,13.5,27,1,8
2,5,2,5,3.5,7,3,0
4,1,1,4,2.5,5,3,0
1,105,1,105,53.0,106,104,0
1,8,1,8,4.5,9,7,0
15,9,9,15,12.0,24,6,7
5,5,5,5,5.0,10,0,4
1,5,1,5,3.0,6,4,0
29,28,28,29,28.5,57,1,12
7,4,4,7,5.5,11,3,2
4,2,2,4,3.0,6,2,0
1,5,1,5,3.0,6,4,0
19,21,19,21,20.0,40,2,16
14,15,14,15,14.5,29,1,13
6,1,1,6,3.5,7,5,0
6,4,4,6,5.0,10,2,3
1,17,1,17,9.0,18,16,0
5,5,5,5,5.0,10,0,4
1,9,1,9,5.0,10,8,0
7,17,7,17,12.0,24,10,3
8,6,6,8,7.0,14,2,3
24,21,21,24,22.5,45,3,18
1,6,1,6,3.5,7,5,0
24,47,24,47,35.5,71,23,23
25,36,25,36,30.5,61,11,24
6,13,6,13,9.5,19,7,0
18,19,18,19,18.5,37,1,17
5,6,5,6,5.5,11,1,4
7,7,7,7,7.0,14,0,5
1,4,1,4,2.5,5,3,0
6,3,3,6,4.5,9,3,2
7,1,1,7,4.0,8,6,0
20,18,18,20,19.0,38,2,16
13,10,10,13,11.5,23,3,2
13,11,11,13,12.0,24,2,10
4,5,4,5,4.5,9,1,3
15,6,6,15,10.5,21,9,5
8,22,8,22,15.0,30,14,7
9,6,6,9,7.5,15,3,5
7,4,4,7,5.5,11,3,2
17,17,17,17,17.0,34,0,12
1,5,1,5,3.0,6,4,0
4,5,4,5,4.5,9,1,3
9,4,4,9,6.5,13,5,3
1,6,1,6,3.5,7,5,0
5,1,1,5,3.0,6,4,0
6,75,6,75,40.5,81,69,1
1,9,1,9,5.0,10,8,0
4,2,2,4,3.0,6,2,0
6,6,6,6,6.0,12,0,5
4,5,4,5,4.5,9,1,3
1,6,1,6,3.5,7,5,0
12,1,1,12,6.5,13,11,0
4,4,4,4,4.0,8,0,3
6,5,5,6,5.5,11,1,4
24,25,24,25,24.5,49,1,22
146,27,27,146,86.5,173,119,25
15,1,1,15,8.0,16,14,0
6,1,1,6,3.5,7,5,0
5,5,5,5,5.0,10,0,4
13,13,13,13,13.0,26,0,12
7,2,2,7,4.5,9,5,1
1,4,1,4,2.5,5,3,0
11,9,9,11,10.0,20,2,8
5,4,4,5,4.5,9,1,3
4,1,1,4,2.5,5,3,0
4,1,1,4,2.5,5,3,0
9,5,5,9,7.0,14,4,3
1,4,1,4,2.5,5,3,0
8,1,1,8,4.5,9,7,0
1,4,1,4,2.5,5,3,0
13,14,13,14,13.5,27,1,11
5,6,5,6,5.5,11,1,2
1,20,1,20,10.5,21,19,0
1,11,1,11,6.0,12,10,0
1,4,1,4,2.5,5,3,0
5,3,3,5,4.0,8,2,2
3,4,3,4,3.5,7,1,2
12,12,12,12,12.0,24,0,10
17,20,17,20,18.5,37,3,13
2,4,2,4,3.0,6,2,0
1,9,1,9,5.0,10,8,0
19,22,19,22,20.5,41,3,17
1,4,1,4,2.5,5,3,0
20,49,20,49,34.5,69,29,19
6,3,3,6,4.5,9,3,2
7,6,6,7,6.5,13,1,5
7,1,1,7,4.0,8,6,0
9,34,9,34,21.5,43,25,7
2,55,2,55,28.5,57,53,0
4,4,4,4,4.0,8,0,3
14,7,7,14,10.5,21,7,1
1,17,1,17,9.0,18,16,0
31,12,12,31,21.5,43,19,11
3,4,3,4,3.5,7,1,1
38,35,35,38,36.5,73,3,32
4,1,1,4,2.5,5,3,0
2,8,2,8,5.0,10,6,0
5,7,5,7,6.0,12,2,4
8,8,8,8,8.0,16,0,7
7,7,7,7,7.0,14,0,4
17,11,11,17,14.0,28,6,5
7,11,7,11,9.0,18,4,6
16,20,16,20,18.0,36,4,14
1,4,1,4,2.5,5,3,0
7,5,5,7,6.0,12,2,2
1,4,1,4,2.5,5,3,0
1,7,1,7,4.0,8,6,0
5,7,5,7,6.0,12,2,4
7,7,7,7,7.0,14,0,3
4,7,4,7,5.5,11,3,3
9,1,1,9,5.0,10,8,0
15,14,14,15,14.5,29,1,13
18,18,18,18,18.0,36,0,13
9,1,1,9,5.0,10,8,0
4,2,2,4,3.0,6,2,1
5,5,5,5,5.0,10,0,4
5,5,5,5,5.0,10,0,4
13,13,13,13,13.0,26,0,12
9,9,9,9,9.0,18,0,8
7,1,1,7,4.0,8,6,0
5,1,1,5,3.0,6,4,0
4,1,1,4,2.5,5,3,0
48,16,16,48,32.0,64,32,15
17,49,17,49,33.0,66,32,13
6,1,1,6,3.5,7,5,0
16,19,16,19,17.5,35,3,13
14,17,14,17,15.5,31,3,8
27,26,26,27,26.5,53,1,24
4,4,4,4,4.0,8,0,1
6,1,1,6,3.5,7,5,0
15,1,1,15,8.0,16,14,0
28,13,13,28,20.5,41,15,3
12,10,10,12,11.0,22,2,9
5,3,3,5,4.0,8,2,1
4,2,2,4,3.0,6,2,1
6,1,1,6,3.5,7,5,0
14,14,14,14,14.0,28,0,11
6,8,6,8,7.0,14,2,5
6,1,1,6,3.5,7,5,0
18,11,11,18,14.5,29,7,0
27,28,27,28,27.5,55,1,26
4,3,3,4,3.5,7,1,2
1,5,1,5,3.0,6,4,0
4,7,4,7,5.5,11,3,2
34,29,29,34,31.5,63,5,25
2,7,2,7,4.5,9,5,0
4,2,2,4,3.0,6,2,0
8,8,8,8,8.0,16,0,7
7,6,6,7,6.5,13,1,3
7,8,7,8,7.5,15,1,6
7,4,4,7,5.5,11,3,3
4,12,4,12,8.0,16,8,3
15,18,15,18,16.5,33,3,14
20,21,20,21,20.5,41,1,19
7,1,1,7,4.0,8,6,0
1,4,1,4,2.5,5,3,0
4,4,4,4,4.0,8,0,3
1,6,1,6,3.5,7,5,0
9,8,8,9,8.5,17,1,6
6,1,1,6,3.5,7,5,0
7,7,7,7,7.0,14,0,5
13,11,11,13,12.0,24,2,10
17,11,11,17,14.0,28,6,0
1,12,1,12,6.5,13,11,0
16,15,15,16,15.5,31,1,14
16,4,4,16,10.0,20,12,2
9,1,1,9,5.0,10,8,0
1,4,1,4,2.5,5,3,0
5,2,2,5,3.5,7,3,0
24,18,18,24,21.0,42,6,16
9,5,5,9,7.0,14,4,4
4,1,1,4,2.5,5,3,0
4,1,1,4,2.5,5,3,0
1,24,1,24,12.5,25,23,0
5,1,1,5,3.0,6,4,0
12,12,12,12,12.0,24,0,10
15,8,8,15,11.5,23,7,5
25,13,13,25,19.0,38,12,8
2,9,2,9,5.5,11,7,1
1,21,1,21,11.0,22,20,0
1,9,1,9,5.0,10,8,0
5,5,5,5,5.0,10,0,0
6,1,1,6,3.5,7,5,0
30,34,30,34,32.0,64,4,23
7,6,6,7,6.5,13,1,5
4,2,2,4,3.0,6,2,1
37,22,22,37,29.5,59,15,3
4,6,4,6,5.0,10,2,2
4,1,1,4,2.5,5,3,0
1,13,1,13,7.0,14,12,0
1,48,1,48,24.5,49,47,0
4,9,4,9,6.5,13,5,3
6,3,3,6,4.5,9,3,1
8,9,8,9,8.5,17,1,7
4,1,1,4,2.5,5,3,0
6,5,5,6,5.5,11,1,4
1,7,1,7,4.0,8,6,0
8,4,4,8,6.0,12,4,0
38,51,38,51,44.5,89,13,20
1,6,1,6,3.5,7,5,0
11,12,11,12,11.5,23,1,7
11,5,5,11,8.0,16,6,4
1,5,1,5,3.0,6,4,0
5,6,5,6,5.5,11,1,4
61,23,23,61,42.0,84,38,20
11,6,6,11,8.5,17,5,1
1,4,1,4,2.5,5,3,0
4,5,4,5,4.5,9,1,2
5,5,5,5,5.0,10,0,4
8,11,8,11,9.5,19,3,7
9,10,9,10,9.5,19,1,8
7,1,1,7,4.0,8,6,0
4,1,1,4,2.5,5,3,0
17,17,17,17,17.0,34,0,13
5,2,2,5,3.5,7,3,1
5,1,1,5,3.0,6,4,0
7,1,1,7,4.0,8,6,0
5,7,5,7,6.0,12,2,4
4,4,4,4,4.0,8,0,2
10,11,10,11,10.5,21,1,7
1,10,1,10,5.5,11,9,0
22,51,22,51,36.5,73,29,20
2,18,2,18,10.0,20,16,1
6,1,1,6,3.5,7,5,0
26,5,5,26,15.5,31,21,4
20,18,18,20,19.0,38,2,14
4,5,4,5,4.5,9,1,2
5,4,4,5,4.5,9,1,3
1,48,1,48,24.5,49,47,0
1,4,1,4,2.5,5,3,0
25,18,18,25,21.5,43,7,15
5,5,5,5,5.0,10,0,3
1,4,1,4,2.5,5,3,0
8,4,4,8,6.0,12,4,2
5,1,1,5,3.0,6,4,0
8,9,8,9,8.5,17,1,4
7,6,6,7,6.5,13,1,5
8,7,7,8,7.5,15,1,6
15,11,11,15,13.0,26,4,6
1,6,1,6,3.5,7,5,0
1,105,1,105,53.0,106,104,0
1,6,1,6,3.5,7,5,0
5,4,4,5,4.5,9,1,3
19,11,11,19,15.0,30,8,8
3,5,3,5,4.0,8,2,2
14,15,14,15,14.5,29,1,13
9,3,3,9,6.0,12,6,1
7,7,7,7,7.0,14,0,5
1,8,1,8,4.5,9,7,0
10,8,8,10,9.0,18,2,5
1,15,1,15,8.0,16,14,0
5,5,5,5,5.0,10,0,4
12,13,12,13,12.5,25,1,6
6,2,2,6,4.0,8,4,0
20,20,20,20,20.0,40,0,16
21,61,21,61,41.0,82,40,2
4,5,4,5,4.5,9,1,1
10,11,10,11,10.5,21,1,9
10,36,10,36,23.0,46,26,8
4,2,2,4,3.0,6,2,1
7,1,1,7,4.0,8,6,0
4,6,4,6,5.0,10,2,3
24,26,24,26,25.0,50,2,22
30,18,18,30,24.0,48,12,16
8,17,8,17,12.5,25,9,3
1,4,1,4,2.5,5,3,0
1,9,1,9,5.0,10,8,0
9,12,9,12,10.5,21,3,7
1,5,1,5,3.0,6,4,0
4,1,1,4,2.5,5,3,0
5,4,4,5,4.5,9,1,2
1,20,1,20,10.5,21,19,0
2,10,2,10,6.0,12,8,0
14,16,14,16,15.0,30,2,13
24,23,23,24,23.5,47,1,11
4,1,1,4,2.5,5,3,0
5,4,4,5,4.5,9,1,2
8,8,8,8,8.0,16,0,6
3,4,3,4,3.5,7,1,2
1,12,1,12,6.5,13,11,0
1,17,1,17,9.0,18,16,0
14,14,14,14,14.0,28,0,2
1,6,1,6,3.5,7,5,0
2,6,2,6,4.0,8,4,1
8,11,8,11,9.5,19,3,6
37,24,24,37,30.5,61,13,17
51,29,29,51,40.0,80,22,20
1,6,1,6,3.5,7,5,0
7,9,7,9,8.0,16,2,6
6,6,6,6,6.0,12,0,5
16,16,16,16,16.0,32,0,13
4,1,1,4,2.5,5,3,0
16,2,2,16,9.0,18,14,0
7,6,6,7,6.5,13,1,1
1,4,1,4,2.5,5,3,0
6,2,2,6,4.0,8,4,1
11,2,2,11,6.5,13,9,1
1,43,1,43,22.0,44,42,0
29,32,29,32,30.5,61,3,23
17,15,15,17,16.0,32,2,13
9,2,2,9,5.5,11,7,1
3,7,3,7,5.0,10,4,2
5,20,5,20,12.5,25,15,1
9,8,8,9,8.5,17,1,7
36,42,36,42,39.0,78,6,29
16,23,16,23,19.5,39,7,12
4,1,1,4,2.5,5,3,0
1,5,1,5,3.0,6,4,0
18,14,14,18,16.0,32,4,13
10,11,10,11,10.5,21,1,8
13,13,13,13,13.0,26,0,12
5,1,1,5,3.0,6,4,0
6,6,6,6,6.0,12,0,5
6,4,4,6,5.0,10,2,0
28,29,28,29,28.5,57,1,24
4,2,2,4,3.0,6,2,1
4,3,3,4,3.5,7,1,2
15,15,15,15,15.0,30,0,13
1,8,1,8,4.5,9,7,0
1,4,1,4,2.5,5,3,0
1,29,1,29,15.0,30,28,0
6,6,6,6,6.0,12,0,4
12,11,11,12,11.5,23,1,9
17,1,1,17,9.0,18,16,0
19,20,19,20,19.5,39,1,18
6,7,6,7,6.5,13,1,5
12,9,9,12,10.5,21,3,8
1,4,1,4,2.5,5,3,0
16,3,3,16,9.5,19,13,2
6,6,6,6,6.0,12,0,2
4,4,4,4,4.0,8,0,3
27,26,26,27,26.5,53,1,24
1,6,1,6,3.5,7,5,0
5,1,1,5,3.0,6,4,0
2,4,2,4,3.0,6,2,1
17,9,9,17,13.0,26,8,7
4,6,4,6,5.0,10,2,2
1,7,1,7,4.0,8,6,0
8,12,8,12,10.0,20,4,7
5,5,5,5,5.0,10,0,4
4,1,1,4,2.5,5,3,0
5,2,2,5,3.5,7,3,0
4,9,4,9,6.5,13,5,2
7,16,7,16,11.5,23,9,4
5,1,1,5,3.0,6,4,0
1,6,1,6,3.5,7,5,0
3,6,3,6,4.5,9,3,2
10,11,10,11,10.5,21,1,9
4,1,1,4,2.5,5,3,0
11,11,11,11,11.0,22,0,10
6,1,1,6,3.5,7,5,0
25,55,25,55,40.0,80,30,15
5,2,2,5,3.5,7,3,1
1,5,1,5,3.0,6,4,0
18,18,18,18,18.0,36,0,17
9,1,1,9,5.0,10,8,0
1,4,1,4,2.5,5,3,0
1,4,1,4,2.5,5,3,0
8,11,8,11,9.5,19,3,7
4,5,4,5,4.5,9,1,1
1,7,1,7,4.0,8,6,0
5,6,5,6,5.5,11,1,4
2,25,2,25,13.5,27,23,0
1,8,1,8,4.5,9,7,0
5,10,5,10,7.5,15,5,0
18,41,18,41,29.5,59,23,17
18,32,18,32,25.0,50,14,15
4,4,4,4,4.0,8,0,3
15,14,14,15,14.5,29,1,12
25,7,7,25,16.0,32,18,6
13,13,13,13,13.0,26,0,10
23,23,23,23,23.0,46,0,22
4,4,4,4,4.0,8,0,3
22,23,22,23,22.5,45,1,20
1,16,1,16,8.5,17,15,0
1,5,1,5,3.0,6,4,0
13,15,13,15,14.0,28,2,12
25,14,14,25,19.5,39,11,6
1,4,1,4,2.5,5,3,0
11,13,11,13,12.0,24,2,10
1,4,1,4,2.5,5,3,0
24,32,24,32,28.0,56,8,16
5,1,1,5,3.0,6,4,0
16,13,13,16,14.5,29,3,8
2,4,2,4,3.0,6,2,0
1,15,1,15,8.0,16,14,0
4,1,1,4,2.5,5,3,0
1,4,1,4,2.5,5,3,0
10,2,2,10,6.0,12,8,0
3,5,3,5,4.0,8,2,2
1,4,1,4,2.5,5,3,0
7,2,2,7,4.5,9,5,0
8,6,6,8,7.0,14,2,5
14,15,14,15,14.5,29,1,13
9,10,9,10,9.5,19,1,8
5,19,5,19,12.0,24,14,3
14,19,14,19,16.5,33,5,13
24,20,20,24,22.0,44,4,18
4,5,4,5,4.5,9,1,3
13,9,9,13,11.0,22,4,8
13,17,13,17,15.0,30,4,12
9,12,9,12,10.5,21,3,8
6,6,6,6,6.0,12,0,5
36,23,23,36,29.5,59,13,22
5,4,4,5,4.5,9,1,0
6,5,5,6,5.5,11,1,3
1,9,1,9,5.0,10,8,0
2,5,2,5,3.5,7,3,0
17,18,17,18,17.5,35,1,12
17,3,3,17,10.0,20,14,2
7,13,7,13,10.0,20,6,0
14,14,14,14,14.0,28,0,13
1,5,1,5,3.0,6,4,0
12,4,4,12,8.0,16,8,3
2,9,2,9,5.5,11,7,0
4,1,1,4,2.5,5,3,0
5,1,1,5,3.0,6,4,0
11,1,1,11,6.0,12,10,0
1,7,1,7,4.0,8,6,0
25,38,25,38,31.5,63,13,20
26,27,26,27,26.5,53,1,25
25,15,15,25,20.0,40,10,13
19,21,19,21,20.0,40,2,18
3,6,3,6,4.5,9,3,0
19,15,15,19,17.0,34,4,12
12,1,1,12,6.5,13,11,0
4,5,4,5,4.5,9,1,3
12,6,6,12,9.0,18,6,1
4,2,2,4,3.0,6,2,1
11,1,1,11,6.0,12,10,0
20,22,20,22,21.0,42,2,16
6,12,6,12,9.0,18,6,5
2,4,2,4,3.0,6,2,1
9,8,8,9,8.5,17,1,7
13,14,13,14,13.5,27,1,11
1,6,1,6,3.5,7,5,0
32,19,19,32,25.5,51,13,12
18,17,17,18,17.5,35,1,15
15,1,1,15,8.0,16,14,0
26,17,17,26,21.5,43,9,7
15,13,13,15,14.0,28,2,12
8,8,8,8,8.0,16,0,6
5,5,5,5,5.0,10,0,4
1,9,1,9,5.0,10,8,0
27,21,21,27,24.0,48,6,20
1,9,1,9,5.0,10,8,0
7,7,7,7,7.0,14,0,5
7,11,7,11,9.0,18,4,6
4,1,1,4,2.5,5,3,0
1,6,1,6,3.5,7,5,0
5,2,2,5,3.5,7,3,1
33,32,32,33,32.5,65,1,31
1,9,1,9,5.0,10,8,0
16,13,13,16,14.5,29,3,12
9,7,7,9,8.0,16,2,6
3,16,3,16,9.5,19,13,2
13,10,10,13,11.5,23,3,9
1,40,1,40,20.5,41,39,0
14,15,14,15,14.5,29,1,11
2,6,2,6,4.0,8,4,0
10,13,10,13,11.5,23,3,7
4,1,1,4,2.5,5,3,0
6,1,1,6,3.5,7,5,0
5,1,1,5,3.0,6,4,0
4,5,4,5,4.5,9,1,3
1,6,1,6,3.5,7,5,0
4,1,1,4,2.5,5,3,0
10,11,10,11,10.5,21,1,7
37,42,37,42,39.5,79,5,29
14,10,10,14,12.0,24,4,9
5,4,4,5,4.5,9,1,3
8,7,7,8,7.5,15,1,6
1,9,1,9,5.0,10,8,0
20,15,15,20,17.5,35,5,11
42,25,25,42,33.5,67,17,21
4,4,4,4,4.0,8,0,2
31,14,14,31,22.5,45,17,5
6,6,6,6,6.0,12,0,4
7,1,1,7,4.0,8,6,0
17,23,17,23,20.0,40,6,16
4,5,4,5,4.5,9,1,3
12,7,7,12,9.5,19,5,5
7,6,6,7,6.5,13,1,3
9,8,8,9,8.5,17,1,7
8,7,7,8,7.5,15,1,3
5,1,1,5,3.0,6,4,0
6,5,5,6,5.5,11,1,4
42,38,38,42,40.0,80,4,34
19,18,18,19,18.5,37,1,10
4,1,1,4,2.5,5,3,0
6,1,1,6,3.5,7,5,0
17,16,16,17,16.5,33,1,10
13,16,13,16,14.5,29,3,0
1,9,1,9,5.0,10,8,0
5,1,1,5,3.0,6,4,0
5,1,1,5,3.0,6,4,0
16,1,1,16,8.5,17,15,0
2,4,2,4,3.0,6,2,0
1,5,1,5,3.0,6,4,0
4,1,1,4,2.5,5,3,0
1,7,1,7,4.0,8,6,0
6,4,4,6,5.0,10,2,3
39,27,27,39,33.0,66,12,22
4,1,1,4,2.5,5,3,0
6,10,6,10,8.0,16,4,5
6,5,5,6,5.5,11,1,3
18,40,18,40,29.0,58,22,14
11,12,11,12,11.5,23,1,10
1,11,1,11,6.0,12,10,0
1,31,1,31,16.0,32,30,0
9,10,9,10,9.5,19,1,8
6,6,6,6,6.0,12,0,5
7,9,7,9,8.0,16,2,5
6,8,6,8,7.0,14,2,0
12,4,4,12,8.0,16,8,0
9,5,5,9,7.0,14,4,4
13,12,12,13,12.5,25,1,6
4,1,1,4,2.5,5,3,0
7,7,7,7,7.0,14,0,6
21,9,9,21,15.0,30,12,6
48,26,26,48,37.0,74,22,24
6,1,1,6,3.5,7,5,0
11,8,8,11,9.5,19,3,3
5,1,1,5,3.0,6,4,0
5,5,5,5,5.0,10,0,2
18,17,17,18,17.5,35,1,16
1,13,1,13,7.0,14,12,0
1,4,1,4,2.5,5,3,0
2,18,2,18,10.0,20,16,1
9,9,9,9,9.0,18,0,8
23,33,23,33,28.0,56,10,19
1,7,1,7,4.0,8,6,0
9,2,2,9,5.5,11,7,1
12,12,12,12,12.0,24,0,10
1,7,1,7,4.0,8,6,0
26,37,26,37,31.5,63,11,18
20,1,1,20,10.5,21,19,0
4,12,4,12,8.0,16,8,3
4,4,4,4,4.0,8,0,3
4,1,1,4,2.5,5,3,0
13,10,10,13,11.5,23,3,0
1,11,1,11,6.0,12,10,0
11,14,11,14,12.5,25,3,10
1,9,1,9,5.0,10,8,0
5,2,2,5,3.5,7,3,1
10,13,10,13,11.5,23,3,7
7,15,7,15,11.0,22,8,6
1,12,1,12,6.5,13,11,0
2,5,2,5,3.5,7,3,0
11,11,11,11,11.0,22,0,8
6,3,3,6,4.5,9,3,1
1,13,1,13,7.0,14,12,0
4,1,1,4,2.5,5,3,0
5,2,2,5,3.5,7,3,1
22,24,22,24,23.0,46,2,18
23,9,9,23,16.0,32,14,5
25,23,23,25,24.0,48,2,21
14,5,5,14,9.5,19,9,4
33,23,23,33,28.0,56,10,19
4,2,2,4,3.0,6,2,1
5,1,1,5,3.0,6,4,0
2,12,2,12,7.0,14,10,1
7,5,5,7,6.0,12,2,4
4,5,4,5,4.5,9,1,2
1,5,1,5,3.0,6,4,0
18,8,8,18,13.0,26,10,6
4,1,1,4,2.5,5,3,0
42,23,23,42,32.5,65,19,21
7,1,1,7,4.0,8,6,0
7,1,1,7,4.0,8,6,0
6,2,2,6,4.0,8,4,0
13,6,6,13,9.5,19,7,2
1,10,1,10,5.5,11,9,0
11,10,10,11,10.5,21,1,9
13,10,10,13,11.5,23,3,9
5,12,5,12,8.5,17,7,4
1,5,1,5,3.0,6,4,0
5,1,1,5,3.0,6,4,0
5,4,4,5,4.5,9,1,3
7,7,7,7,7.0,14,0,5
1,17,1,17,9.0,18,16,0
1,6,1,6,3.5,7,5,0
4,2,2,4,3.0,6,2,1
5,5,5,5,5.0,10,0,4
9,1,1,9,5.0,10,8,0
5,5,5,5,5.0,10,0,4
5,1,1,5,3.0,6,4,0
15,20,15,20,17.5,35,5,14
10,6,6,10,8.0,16,4,4
10,7,7,10,8.5,17,3,0
7,5,5,7,6.0,12,2,4
12,14,12,14,13.0,26,2,11
3,5,3,5,4.0,8,2,2
6,6,6,6,6.0,12,0,4
4,1,1,4,2.5,5,3,0
7,2,2,7,4.5,9,5,0
18,17,17,18,17.5,35,1,12
18,18,18,18,18.0,36,0,0
5,4,4,5,4.5,9,1,3
6,1,1,6,3.5,7,5,0
4,1,1,4,2.5,5,3,0
1,14,1,14,7.5,15,13,0
1,4,1,4,2.5,5,3,0
4,1,1,4,2.5,5,3,0
13,14,13,14,13.5,27,1,12
8,11,8,11,9.5,19,3,7
13,12,12,13,12.5,25,1,10
8,5,5,8,6.5,13,3,3
6,5,5,6,5.5,11,1,4
1,6,1,6,3.5,7,5,0
1,16,1,16,8.5,17,15,0
1,5,1,5,3.0,6,4,0
4,2,2,4,3.0,6,2,1
8,5,5,8,6.5,13,3,2
12,37,12,37,24.5,49,25,10
5,6,5,6,5.5,11,1,0
10,18,10,18,14.0,28,8,9
7,4,4,7,5.5,11,3,3
5,3,3,5,4.0,8,2,2
12,13,12,13,12.5,25,1,11
6,1,1,6,3.5,7,5,0
4,4,4,4,4.0,8,0,0
24,16,16,24,20.0,40,8,12
19,9,9,19,14.0,28,10,7
8,5,5,8,6.5,13,3,4
12,12,12,12,12.0,24,0,10
6,3,3,6,4.5,9,3,1
1,4,1,4,2.5,5,3,0
2,5,2,5,3.5,7,3,1
5,1,1,5,3.0,6,4,0
1,5,1,5,3.0,6,4,0
4,6,4,6,5.0,10,2,0
8,1,1,8,4.5,9,7,0
1,5,1,5,3.0,6,4,0
12,11,11,12,11.5,23,1,9
14,11,11,14,12.5,25,3,10
9,8,8,9,8.5,17,1,6
4,1,1,4,2.5,5,3,0
6,9,6,9,7.5,15,3,4
8,11,8,11,9.5,19,3,6
6,5,5,6,5.5,11,1,4
5,1,1,5,3.0,6,4,0
2,4,2,4,3.0,6,2,1
4,4,4,4,4.0,8,0,3
8,1,1,8,4.5,9,7,0
75,4,4,75,39.5,79,71,0
23,1,1,23,12.0,24,22,0
5,1,1,5,3.0,6,4,0
4,1,1,4,2.5,5,3,0
11,5,5,11,8.0,16,6,0
1,4,1,4,2.5,5,3,0
16,6,6,16,11.0,22,10,3
9,9,9,9,9.0,18,0,8
6,1,1,6,3.5,7,5,0
20,40,20,40,30.0,60,20,11
1,8,1,8,4.5,9,7,0
5,1,1,5,3.0,6,4,0
7,2,2,7,4.5,9,5,1
29,44,29,44,36.5,73,15,21
1,5,1,5,3.0,6,4,0
7,7,7,7,7.0,14,0,5
5,2,2,5,3.5,7,3,0
17,28,17,28,22.5,45,11,11
6,7,6,7,6.5,13,1,0
19,19,19,19,19.0,38,0,18
27,33,27,33,30.0,60,6,19
49,49,49,49,49.0,98,0,48
1,4,1,4,2.5,5,3,0
1,4,1,4,2.5,5,3,0
4,3,3,4,3.5,7,1,1
1,5,1,5,3.0,6,4,0
10,12,10,12,11.0,22,2,8
10,1,1,10,5.5,11,9,0
2,11,2,11,6.5,13,9,1
4,1,1,4,2.5,5,3,0
4,6,4,6,5.0,10,2,3
6,6,6,6,6.0,12,0,5
4,1,1,4,2.5,5,3,0
2,20,2,20,11.0,22,18,1
7,2,2,7,4.5,9,5,0
4,1,1,4,2.5,5,3,0
10,7,7,10,8.5,17,3,6
1,10,1,10,5.5,11,9,0
5,6,5,6,5.5,11,1,2
9,1,1,9,5.0,10,8,0
4,1,1,4,2.5,5,3,0
12,12,12,12,12.0,24,0,10
4,5,4,5,4.5,9,1,1
17,19,17,19,18.0,36,2,15
51,21,21,51,36.0,72,30,20
12,12,12,12,12.0,24,0,11
24,25,24,25,24.5,49,1,23
5,10,5,10,7.5,15,5,4
6,5,5,6,5.5,11,1,4
4,2,2,4,3.0,6,2,0
6,4,4,6,5.0,10,2,2
4,6,4,6,5.0,10,2,2
16,19,16,19,17.5,35,3,15
10,10,10,10,10.0,20,0,9
17,8,8,17,12.5,25,9,7
41,47,41,47,44.0,88,6,36
7,5,5,7,6.0,12,2,4
8,10,8,10,9.0,18,2,7
23,22,22,23,22.5,45,1,21
1,10,1,10,5.5,11,9,0
5,8,5,8,6.5,13,3,4
14,5,5,14,9.5,19,9,4
2,9,2,9,5.5,11,7,0
7,8,7,8,7.5,15,1,5
18,19,18,19,18.5,37,1,17
42,41,41,42,41.5,83,1,40
4,5,4,5,4.5,9,1,3
9,1,1,9,5.0,10,8,0
5,6,5,6,5.5,11,1,4
22,23,22,23,22.5,45,1,21
11,7,7,11,9.0,18,4,6
4,1,1,4,2.5,5,3,0
22,18,18,22,20.0,40,4,13
4,1,1,4,2.5,5,3,0
14,12,12,14,13.0,26,2,10
6,7,6,7,6.5,13,1,3
5,5,5,5,5.0,10,0,2
8,7,7,8,7.5,15,1,3
9,9,9,9,9.0,18,0,7
5,8,5,8,6.5,13,3,4
8,9,8,9,8.5,17,1,6
1,4,1,4,2.5,5,3,0
1,8,1,8,4.5,9,7,0
4,3,3,4,3.5,7,1,1
7,6,6,7,6.5,13,1,5
23,32,23,32,27.5,55,9,18
3,5,3,5,4.0,8,2,2
4,1,1,4,2.5,5,3,0
1,5,1,5,3.0,6,4,0
9,11,9,11,10.0,20,2,8
3,18,3,18,10.5,21,15,2
13,7,7,13,10.0,20,6,5
11,1,1,11,6.0,12,10,0
5,1,1,5,3.0,6,4,0
25,23,23,25,24.0,48,2,22
1,4,1,4,2.5,5,3,0
4,5,4,5,4.5,9,1,3
6,5,5,6,5.5,11,1,4
9,9,9,9,9.0,18,0,8
30,32,30,32,31.0,62,2,23
1,4,1,4,2.5,5,3,0
29,19,19,29,24.0,48,10,17
9,1,1,9,5.0,10,8,0
7,5,5,7,6.0,12,2,4
1,4,1,4,2.5,5,3,0
6,5,5,6,5.5,11,1,3
4,2,2,4,3.0,6,2,0
1,4,1,4,2.5,5,3,0
14,17,14,17,15.5,31,3,12
22,25,22,25,23.5,47,3,19
17,22,17,22,19.5,39,5,9
6,5,5,6,5.5,11,1,0
14,7,7,14,10.5,21,7,1
7,7,7,7,7.0,14,0,6
11,12,11,12,11.5,23,1,7
4,3,3,4,3.5,7,1,2
12,11,11,12,11.5,23,1,10
11,6,6,11,8.5,17,5,3
1,6,1,6,3.5,7,5,0
16,8,8,16,12.0,24,8,6
10,6,6,10,8.0,16,4,2
11,7,7,11,9.0,18,4,5
4,1,1,4,2.5,5,3,0
6,4,4,6,5.0,10,2,3
9,13,9,13,11.0,22,4,8
7,16,7,16,11.5,23,9,4
1,8,1,8,4.5,9,7,0
8,7,7,8,7.5,15,1,6
1,4,1,4,2.5,5,3,0
6,6,6,6,6.0,12,0,5
5,4,4,5,4.5,9,1,3
4,1,1,4,2.5,5,3,0
14,2,2,14,8.0,16,12,0
2,5,2,5,3.5,7,3,1
1,9,1,9,5.0,10,8,0
1,5,1,5,3.0,6,4,0
1,4,1,4,2.5,5,3,0
1,5,1,5,3.0,6,4,0
4,5,4,5,4.5,9,1,3
49,29,29,49,39.0,78,20,19
42,18,18,42,30.0,60,24,12
1,14,1,14,7.5,15,13,0
1,8,1,8,4.5,9,7,0
16,11,11,16,13.5,27,5,10
5,5,5,5,5.0,10,0,4
4,7,4,7,5.5,11,3,2
22,23,22,23,22.5,45,1,18
1,6,1,6,3.5,7,5,0
13,1,1,13,7.0,14,12,0
5,5,5,5,5.0,10,0,4
5,2,2,5,3.5,7,3,0
38,28,28,38,33.0,66,10,21
5,1,1,5,3.0,6,4,0
9,12,9,12,10.5,21,3,4
12,16,12,16,14.0,28,4,9
5,4,4,5,4.5,9,1,3
1,6,1,6,3.5,7,5,0
17,11,11,17,14.0,28,6,8
4,21,4,21,12.5,25,17,3
12,18,12,18,15.0,30,6,11
6,12,6,12,9.0,18,6,3
18,6,6,18,12.0,24,12,5
17,14,14,17,15.5,31,3,12
1,5,1,5,3.0,6,4,0
14,18,14,18,16.0,32,4,12
10,5,5,10,7.5,15,5,4
2,4,2,4,3.0,6,2,1
5,7,5,7,6.0,12,2,1
22,10,10,22,16.0,32,12,8
10,2,2,10,6.0,12,8,1
6,4,4,6,5.0,10,2,2
7,8,7,8,7.5,15,1,6
6,1,1,6,3.5,7,5,0
5,5,5,5,5.0,10,0,4
6,1,1,6,3.5,7,5,0
4,4,4,4,4.0,8,0,3
9,1,1,9,5.0,10,8,0
6,17,6,17,11.5,23,11,0
15,21,15,21,18.0,36,6,12
14,14,14,14,14.0,28,0,13
9,4,4,9,6.5,13,5,3
5,2,2,5,3.5,7,3,0
32,33,32,33,32.5,65,1,30
4,1,1,4,2.5,5,3,0
1,4,1,4,2.5,5,3,0
9,4,4,9,6.5,13,5,3
10,5,5,10,7.5,15,5,4
1,5,1,5,3.0,6,4,0
4,1,1,4,2.5,5,3,0
20,12,12,20,16.0,32,8,7
10,10,10,10,10.0,20,0,6
43,42,42,43,42.5,85,1,40
9,1,1,9,5.0,10,8,0
20,23,20,23,21.5,43,3,19
1,4,1,4,2.5,5,3,0
1,5,1,5,3.0,6,4,0
7,2,2,7,4.5,9,5,1
1,4,1,4,2.5,5,3,0
12,1,1,12,6.5,13,11,0
8,14,8,14,11.0,22,6,5
3,4,3,4,3.5,7,1,2
4,1,1,4,2.5,5,3,0
8,15,8,15,11.5,23,7,6
1,4,1,4,2.5,5,3,0
5,6,5,6,5.5,11,1,4
6,29,6,29,17.5,35,23,5
2,4,2,4,3.0,6,2,0
15,1,1,15,8.0,16,14,0
5,9,5,9,7.0,14,4,4
1,9,1,9,5.0,10,8,0
1,14,1,14,7.5,15,13,0
2,25,2,25,13.5,27,23,0
5,4,4,5,4.5,9,1,3
6,5,5,6,5.5,11,1,4
3,15,3,15,9.0,18,12,0
10,11,10,11,10.5,21,1,8
2,5,2,5,3.5,7,3,0
31,28,28,31,29.5,59,3,21
1,4,1,4,2.5,5,3,0
1,8,1,8,4.5,9,7,0
11,10,10,11,10.5,21,1,9
1,4,1,4,2.5,5,3,0
5,4,4,5,4.5,9,1,3
7,2,2,7,4.5,9,5,1
2,4,2,4,3.0,6,2,0
11,11,11,11,11.0,22,0,10
18,20,18,20,19.0,38,2,14
4,1,1,4,2.5,5,3,0
4,4,4,4,4.0,8,0,3
2,6,2,6,4.0,8,4,1
6,1,1,6,3.5,7,5,0
7,2,2,7,4.5,9,5,0
11,1,1,11,6.0,12,10,0
8,14,8,14,11.0,22,6,5
29,44,29,44,36.5,73,15,28
6,5,5,6,5.5,11,1,4
5,1,1,5,3.0,6,4,0
7,12,7,12,9.5,19,5,6
12,14,12,14,13.0,26,2,9
14,11,11,14,12.5,25,3,10
5,6,5,6,5.5,11,1,4
4,5,4,5,4.5,9,1,2
11,8,8,11,9.5,19,3,6
23,24,23,24,23.5,47,1,19
31,40,31,40,35.5,71,9,22
23,16,16,23,19.5,39,7,14
9,5,5,9,7.0,14,4,2
1,49,1,49,25.0,50,48,0
2,8,2,8,5.0,10,6,1
18,20,18,20,19.0,38,2,17
1,6,1,6,3.5,7,5,0
5,1,1,5,3.0,6,4,0
5,5,5,5,5.0,10,0,4
6,1,1,6,3.5,7,5,0
5,1,1,5,3.0,6,4,0
2,7,2,7,4.5,9,5,1
13,17,13,17,15.0,30,4,11
1,5,1,5,3.0,6,4,0
8,9,8,9,8.5,17,1,7
4,4,4,4,4.0,8,0,3
5,6,5,6,5.5,11,1,3
17,16,16,17,16.5,33,1,14
6,2,2,6,4.0,8,4,0
4,2,2,4,3.0,6,2,1
17,19,17,19,18.0,36,2,15
21,7,7,21,14.0,28,14,6
8,1,1,8,4.5,9,7,0
34,42,34,42,38.0,76,8,21
16,17,16,17,16.5,33,1,14
7,1,1,7,4.0,8,6,0
11,19,11,19,15.0,30,8,10
1,16,1,16,8.5,17,15,0
5,5,5,5,5.0,10,0,3
2,5,2,5,3.5,7,3,1
32,28,28,32,30.0,60,4,19
9,9,9,9,9.0,18,0,8
18,17,17,18,17.5,35,1,15
1,4,1,4,2.5,5,3,0
19,22,19,22,20.5,41,3,18
13,15,13,15,14.0,28,2,8
49,42,42,49,45.5,91,7,38
7,6,6,7,6.5,13,1,5
4,1,1,4,2.5,5,3,0
26,26,26,26,26.0,52,0,25
32,32,32,32,32.0,64,0,31
2,16,2,16,9.0,18,14,1
18,20,18,20,19.0,38,2,17
4,1,1,4,2.5,5,3,0
9,10,9,10,9.5,19,1,6
26,24,24,26,25.0,50,2,21
1,5,1,5,3.0,6,4,0
7,1,1,7,4.0,8,6,0
11,27,11,27,19.0,38,16,1
1,4,1,4,2.5,5,3,0
37,29,29,37,33.0,66,8,19
30,35,30,35,32.5,65,5,20
4,4,4,4,4.0,8,0,3
13,19,13,19,16.0,32,6,10
1,65,1,65,33.0,66,64,0
5,1,1,5,3.0,6,4,0
1,4,1,4,2.5,5,3,0
4,1,1,4,2.5,5,3,0
4,1,1,4,2.5,5,3,0
1,13,1,13,7.0,14,12,0
23,18,18,23,20.5,41,5,16
51,21,21,51,36.0,72,30,20
13,13,13,13,13.0,26,0,12
1,5,1,5,3.0,6,4,0
17,23,17,23,20.0,40,6,15
5,2,2,5,3.5,7,3,1
1,4,1,4,2.5,5,3,0
1,23,1,23,12.0,24,22,0
6,7,6,7,6.5,13,1,5
1,9,1,9,5.0,10,8,0
4,1,1,4,2.5,5,3,0
1,4,1,4,2.5,5,3,0
20,24,20,24,22.0,44,4,16
7,1,1,7,4.0,8,6,0
3,9,3,9,6.0,12,6,2
1,4,1,4,2.5,5,3,0
4,1,1,4,2.5,5,3,0
7,9,7,9,8.0,16,2,3
1,15,1,15,8.0,16,14,0
18,7,7,18,12.5,25,11,5
4,4,4,4,4.0,8,0,3
12,12,12,12,12.0,24,0,8
4,1,1,4,2.5,5,3,0
11,9,9,11,10.0,20,2,8
8,26,8,26,17.0,34,18,0
1,5,1,5,3.0,6,4,0
22,22,22,22,22.0,44,0,19
19,11,11,19,15.0,30,8,9
10,6,6,10,8.0,16,4,4
1,4,1,4,2.5,5,3,0
1,6,1,6,3.5,7,5,0
8,8,8,8,8.0,16,0,7
20,20,20,20,20.0,40,0,18
4,7,4,7,5.5,11,3,0
42,51,42,51,46.5,93,9,25
7,1,1,7,4.0,8,6,0
19,19,19,19,19.0,38,0,18
4,1,1,4,2.5,5,3,0
8,5,5,8,6.5,13,3,4
4,1,1,4,2.5,5,3,0
9,8,8,9,8.5,17,1,5
11,5,5,11,8.0,16,6,4
5,2,2,5,3.5,7,3,1
29,1,1,29,15.0,30,28,0
5,1,1,5,3.0,6,4,0
1,19,1,19,10.0,20,18,0
1,4,1,4,2.5,5,3,0
13,26,13,26,19.5,39,13,11
23,29,23,29,26.0,52,6,21
1,10,1,10,5.5,11,9,0
26,25,25,26,25.5,51,1,22
5,1,1,5,3.0,6,4,0
5,6,5,6,5.5,11,1,3
1,4,1,4,2.5,5,3,0
4,1,1,4,2.5,5,3,0
1,4,1,4,2.5,5,3,0
1,4,1,4,2.5,5,3,0
5,1,1,5,3.0,6,4,0
10,7,7,10,8.5,17,3,5
18,18,18,18,18.0,36,0,15
6,1,1,6,3.5,7,5,0
4,6,4,6,5.0,10,2,3
40,27,27,40,33.5,67,13,25
12,13,12,13,12.5,25,1,10
1,4,1,4,2.5,5,3,0
13,13,13,13,13.0,26,0,10
13,14,13,14,13.5,27,1,12
5,1,1,5,3.0,6,4,0
22,20,20,22,21.0,42,2,16
4,1,1,4,2.5,5,3,0
34,40,34,40,37.0,74,6,26
12,10,10,12,11.0,22,2,8
8,4,4,8,6.0,12,4,3
4,1,1,4,2.5,5,3,0
11,8,8,11,9.5,19,3,7
10,5,5,10,7.5,15,5,3
7,8,7,8,7.5,15,1,6
6,6,6,6,6.0,12,0,5
1,5,1,5,3.0,6,4,0
5,5,5,5,5.0,10,0,4
9,1,1,9,5.0,10,8,0
4,1,1,4,2.5,5,3,0
7,7,7,7,7.0,14,0,5
1,11,1,11,6.0,12,10,0
39,1,1,39,20.0,40,38,0
11,9,9,11,10.0,20,2,8
27,25,25,27,26.0,52,2,20
7,4,4,7,5.5,11,3,1
5,6,5,6,5.5,11,1,3
5,1,1,5,3.0,6,4,0
7,1,1,7,4.0,8,6,0
9,7,7,9,8.0,16,2,1
3,14,3,14,8.5,17,11,1
1,5,1,5,3.0,6,4,0
8,6,6,8,7.0,14,2,0
4,2,2,4,3.0,6,2,1
5,1,1,5,3.0,6,4,0
5,1,1,5,3.0,6,4,0
4,2,2,4,3.0,6,2,0
5,6,5,6,5.5,11,1,0
10,7,7,10,8.5,17,3,5
6,20,6,20,13.0,26,14,0
4,2,2,4,3.0,6,2,1
1,5,1,5,3.0,6,4,0
1,4,1,4,2.5,5,3,0
23,22,22,23,22.5,45,1,20
4,1,1,4,2.5,5,3,0
14,22,14,22,18.0,36,8,12
37,45,37,45,41.0,82,8,30
4,4,4,4,4.0,8,0,3
5,1,1,5,3.0,6,4,0
32,13,13,32,22.5,45,19,11
1,4,1,4,2.5,5,3,0
13,18,13,18,15.5,31,5,6
5,4,4,5,4.5,9,1,3
2,5,2,5,3.5,7,3,0
9,18,9,18,13.5,27,9,6
5,1,1,5,3.0,6,4,0
7,1,1,7,4.0,8,6,0
5,6,5,6,5.5,11,1,3
6,12,6,12,9.0,18,6,5
13,6,6,13,9.5,19,7,4
1,4,1,4,2.5,5,3,0
6,1,1,6,3.5,7,5,0
7,1,1,7,4.0,8,6,0
12,12,12,12,12.0,24,0,11
14,17,14,17,15.5,31,3,11
1,4,1,4,2.5,5,3,0
6,8,6,8,7.0,14,2,3
4,8,4,8,6.0,12,4,2
12,11,11,12,11.5,23,1,9
14,14,14,14,14.0,28,0,13
11,38,11,38,24.5,49,27,10
4,30,4,30,17.0,34,26,0
1,10,1,10,5.5,11,9,0
1,7,1,7,4.0,8,6,0
21,22,21,22,21.5,43,1,19
24,1,1,24,12.5,25,23,0
11,11,11,11,11.0,22,0,5
10,6,6,10,8.0,16,4,4
12,14,12,14,13.0,26,2,11
39,33,33,39,36.0,72,6,23
5,1,1,5,3.0,6,4,0
4,4,4,4,4.0,8,0,3
4,1,1,4,2.5,5,3,0
9,6,6,9,7.5,15,3,4
8,7,7,8,7.5,15,1,4
13,26,13,26,19.5,39,13,9
1,5,1,5,3.0,6,4,0
16,12,12,16,14.0,28,4,10
4,1,1,4,2.5,5,3,0
11,12,11,12,11.5,23,1,10
9,9,9,9,9.0,18,0,6
6,2,2,6,4.0,8,4,0
1,5,1,5,3.0,6,4,0
1,4,1,4,2.5,5,3,0
34,41,34,41,37.5,75,7,21
3,4,3,4,3.5,7,1,2
5,7,5,7,6.0,12,2,4
4,4,4,4,4.0,8,0,1
6,7,6,7,6.5,13,1,1
9,10,9,10,9.5,19,1,7
17,61,17,61,39.0,78,44,15
7,8,7,8,7.5,15,1,4
18,18,18,18,18.0,36,0,16
20,1,1,20,10.5,21,19,0
6,5,5,6,5.5,11,1,2
6,1,1,6,3.5,7,5,0
1,5,1,5,3.0,6,4,0
4,1,1,4,2.5,5,3,0
14,2,2,14,8.0,16,12,1
2,15,2,15,8.5,17,13,1
9,10,9,10,9.5,19,1,4
9,7,7,9,8.0,16,2,6
31,11,11,31,21.0,42,20,5
24,2,2,24,13.0,26,22,1
6,6,6,6,6.0,12,0,5
8,4,4,8,6.0,12,4,2
1,8,1,8,4.5,9,7,0
22,16,16,22,19.0,38,6,12
5,1,1,5,3.0,6,4,0
25,22,22,25,23.5,47,3,18
1,5,1,5,3.0,6,4,0
4,1,1,4,2.5,5,3,0
6,10,6,10,8.0,16,4,5
6,6,6,6,6.0,12,0,5
7,11,7,11,9.0,18,4,4
10,21,10,21,15.5,31,11,8
6,10,6,10,8.0,16,4,5
15,9,9,15,12.0,24,6,8
4,1,1,4,2.5,5,3,0
4,6,4,6,5.0,10,2,3
6,6,6,6,6.0,12,0,5
2,5,2,5,3.5,7,3,1
8,1,1,8,4.5,9,7,0
4,4,4,4,4.0,8,0,3
31,13,13,31,22.0,44,18,7
4,2,2,4,3.0,6,2,1
29,23,23,29,26.0,52,6,10
5,4,4,5,4.5,9,1,3
4,6,4,6,5.0,10,2,0
4,4,4,4,4.0,8,0,3
18,14,14,18,16.0,32,4,13
5,1,1,5,3.0,6,4,0
6,4,4,6,5.0,10,2,3
15,19,15,19,17.0,34,4,13
4,2,2,4,3.0,6,2,0
10,12,10,12,11.0,22,2,5
6,1,1,6,3.5,7,5,0
8,9,8,9,8.5,17,1,6
1,6,1,6,3.5,7,5,0
1,75,1,75,38.0,76,74,0
3,5,3,5,4.0,8,2,2
14,27,14,27,20.5,41,13,10
4,1,1,4,2.5,5,3,0
2,12,2,12,7.0,14,10,1
6,1,1,6,3.5,7,5,0
1,10,1,10,5.5,11,9,0
5,5,5,5,5.0,10,0,1
14,13,13,14,13.5,27,1,10
50,20,20,50,35.0,70,30,19
40,36,36,40,38.0,76,4,33
5,9,5,9,7.0,14,4,4
9,5,5,9,7.0,14,4,3
19,25,19,25,22.0,44,6,16
27,23,23,27,25.0,50,4,22
4,4,4,4,4.0,8,0,2
34,24,24,34,29.0,58,10,19
9,2,2,9,5.5,11,7,1
2,6,2,6,4.0,8,4,1
1,7,1,7,4.0,8,6,0
20,6,6,20,13.0,26,14,4
24,18,18,24,21.0,42,6,13
41,44,41,44,42.5,85,3,40
16,6,6,16,11.0,22,10,2
4,1,1,4,2.5,5,3,0
5,1,1,5,3.0,6,4,0
1,12,1,12,6.5,13,11,0
7,1,1,7,4.0,8,6,0
34,37,34,37,35.5,71,3,30
7,6,6,7,6.5,13,1,4
12,2,2,12,7.0,14,10,1
1,4,1,4,2.5,5,3,0
1,4,1,4,2.5,5,3,0
5,2,2,5,3.5,7,3,0
12,18,12,18,15.0,30,6,10
4,1,1,4,2.5,5,3,0
6,1,1,6,3.5,7,5,0
4,2,2,4,3.0,6,2,1
8,7,7,8,7.5,15,1,6
18,12,12,18,15.0,30,6,9
6,6,6,6,6.0,12,0,5
1,6,1,6,3.5,7,5,0
1,11,1,11,6.0,12,10,0
4,4,4,4,4.0,8,0,3
22,31,22,31,26.5,53,9,19
4,1,1,4,2.5,5,3,0
2,6,2,6,4.0,8,4,0
6,1,1,6,3.5,7,5,0
4,2,2,4,3.0,6,2,1
1,21,1,21,11.0,22,20,0
8,17,8,17,12.5,25,9,7
9,11,9,11,10.0,20,2,8
1,22,1,22,11.5,23,21,0
4,2,2,4,3.0,6,2,1
20,3,3,20,11.5,23,17,2
9,2,2,9,5.5,11,7,0
5,6,5,6,5.5,11,1,4
26,26,26,26,26.0,52,0,25
36,29,29,36,32.5,65,7,16
6,4,4,6,5.0,10,2,2
2,5,2,5,3.5,7,3,0
2,18,2,18,10.0,20,16,1
2,6,2,6,4.0,8,4,1
1,5,1,5,3.0,6,4,0
1,13,1,13,7.0,14,12,0
1,4,1,4,2.5,5,3,0
6,11,6,11,8.5,17,5,5
16,13,13,16,14.5,29,3,12
18,22,18,22,20.0,40,4,13
4,4,4,4,4.0,8,0,2
4,1,1,4,2.5,5,3,0
28,46,28,46,37.0,74,18,24
8,8,8,8,8.0,16,0,7
29,27,27,29,28.0,56,2,26
7,1,1,7,4.0,8,6,0
23,30,23,30,26.5,53,7,19
6,15,6,15,10.5,21,9,4
7,1,1,7,4.0,8,6,0
55,10,10,55,32.5,65,45,7
8,9,8,9,8.5,17,1,7
1,14,1,14,7.5,15,13,0
7,6,6,7,6.5,13,1,5
6,11,6,11,8.5,17,5,4
14,27,14,27,20.5,41,13,10
24,23,23,24,23.5,47,1,18
18,19,18,19,18.5,37,1,12
2,5,2,5,3.5,7,3,1
6,10,6,10,8.0,16,4,3
4,1,1,4,2.5,5,3,0
5,1,1,5,3.0,6,4,0
16,14,14,16,15.0,30,2,11
2,4,2,4,3.0,6,2,1
9,12,9,12,10.5,21,3,5
49,28,28,49,38.5,77,21,24
6,6,6,6,6.0,12,0,4
9,13,9,13,11.0,22,4,7
1,10,1,10,5.5,11,9,0
4,4,4,4,4.0,8,0,3
5,4,4,5,4.5,9,1,3
1,4,1,4,2.5,5,3,0
4,9,4,9,6.5,13,5,3
1,4,1,4,2.5,5,3,0
1,5,1,5,3.0,6,4,0
6,1,1,6,3.5,7,5,0
17,16,16,17,16.5,33,1,14
7,2,2,7,4.5,9,5,1
4,1,1,4,2.5,5,3,0
15,13,13,15,14.0,28,2,12
7,7,7,7,7.0,14,0,6
11,12,11,12,11.5,23,1,8
5,5,5,5,5.0,10,0,1
2,4,2,4,3.0,6,2,1
18,17,17,18,17.5,35,1,9
11,14,11,14,12.5,25,3,9
15,15,15,15,15.0,30,0,11
22,18,18,22,20.0,40,4,15
5,1,1,5,3.0,6,4,0
1,4,1,4,2.5,5,3,0
1,4,1,4,2.5,5,3,0
6,5,5,6,5.5,11,1,4
1,4,1,4,2.5,5,3,0
5,8,5,8,6.5,13,3,4
6,18,6,18,12.0,24,12,1
11,14,11,14,12.5,25,3,8
18,13,13,18,15.5,31,5,12
4,3,3,4,3.5,7,1,2
25,20,20,25,22.5,45,5,12
8,1,1,8,4.5,9,7,0
6,14,6,14,10.0,20,8,4
5,1,1,5,3.0,6,4,0
1,27,1,27,14.0,28,26,0
5,1,1,5,3.0,6,4,0
1,4,1,4,2.5,5,3,0
10,8,8,10,9.0,18,2,6
6,1,1,6,3.5,7,5,0
6,23,6,23,14.5,29,17,4
1,4,1,4,2.5,5,3,0
6,12,6,12,9.0,18,6,5
8,6,6,8,7.0,14,2,5
5,1,1,5,3.0,6,4,0
5,4,4,5,4.5,9,1,2
11,10,10,11,10.5,21,1,9
3,4,3,4,3.5,7,1,2
9,14,9,14,11.5,23,5,8
6,5,5,6,5.5,11,1,4
15,7,7,15,11.0,22,8,6
4,1,1,4,2.5,5,3,0
5,4,4,5,4.5,9,1,3
7,10,7,10,8.5,17,3,5
4,1,1,4,2.5,5,3,0
4,1,1,4,2.5,5,3,0
12,13,12,13,12.5,25,1,10
7,6,6,7,6.5,13,1,5
55,40,40,55,47.5,95,15,39
5,4,4,5,4.5,9,1,3
2,5,2,5,3.5,7,3,1
8,6,6,8,7.0,14,2,5
18,31,18,31,24.5,49,13,17
2,6,2,6,4.0,8,4,0
11,14,11,14,12.5,25,3,10
4,6,4,6,5.0,10,2,3
2,6,2,6,4.0,8,4,1
12,13,12,13,12.5,25,1,10
6,3,3,6,4.5,9,3,2
18,22,18,22,20.0,40,4,17
4,4,4,4,4.0,8,0,3
4,1,1,4,2.5,5,3,0
36,43,36,43,39.5,79,7,31
9,8,8,9,8.5,17,1,7
4,1,1,4,2.5,5,3,0
4,1,1,4,2.5,5,3,0
7,6,6,7,6.5,13,1,5
2,4,2,4,3.0,6,2,1
41,28,28,41,34.5,69,13,23
31,9,9,31,20.0,40,22,8
1,12,1,12,6.5,13,11,0
13,5,5,13,9.0,18,8,4
29,26,26,29,27.5,55,3,24
21,17,17,21,19.0,38,4,11
10,13,10,13,11.5,23,3,4
17,23,17,23,20.0,40,6,13
23,31,23,31,27.0,54,8,15
6,4,4,6,5.0,10,2,0
44,5,5,44,24.5,49,39,0
10,10,10,10,10.0,20,0,4
5,1,1,5,3.0,6,4,0
24,33,24,33,28.5,57,9,16
32,29,29,32,30.5,61,3,24
4,1,1,4,2.5,5,3,0
8,1,1,8,4.5,9,7,0
45,17,17,45,31.0,62,28,11
36,20,20,36,28.0,56,16,15
1,8,1,8,4.5,9,7,0
2,4,2,4,3.0,6,2,0
4,4,4,4,4.0,8,0,3
16,15,15,16,15.5,31,1,13
6,6,6,6,6.0,12,0,4
10,12,10,12,11.0,22,2,6
1,35,1,35,18.0,36,34,0
21,1,1,21,11.0,22,20,0
1,5,1,5,3.0,6,4,0
1,21,1,21,11.0,22,20,0
1,5,1,5,3.0,6,4,0
7,4,4,7,5.5,11,3,3
9,8,8,9,8.5,17,1,7
6,1,1,6,3.5,7,5,0
4,1,1,4,2.5,5,3,0
8,26,8,26,17.0,34,18,4
15,23,15,23,19.0,38,8,11
1,5,1,5,3.0,6,4,0
13,11,11,13,12.0,24,2,10
15,14,14,15,14.5,29,1,13
1,4,1,4,2.5,5,3,0
1,4,1,4,2.5,5,3,0
12,12,12,12,12.0,24,0,10
12,11,11,12,11.5,23,1,10
22,25,22,25,23.5,47,3,20
3,9,3,9,6.0,12,6,1
25,22,22,25,23.5,47,3,21
6,15,6,15,10.5,21,9,2
1,18,1,18,9.5,19,17,0
9,9,9,9,9.0,18,0,7
4,1,1,4,2.5,5,3,0
5,2,2,5,3.5,7,3,1
2,17,2,17,9.5,19,15,0
21,18,18,21,19.5,39,3,16
15,19,15,19,17.0,34,4,13
16,16,16,16,16.0,32,0,11
1,6,1,6,3.5,7,5,0
2,5,2,5,3.5,7,3,1
13,23,13,23,18.0,36,10,12
3,5,3,5,4.0,8,2,1
1,11,1,11,6.0,12,10,0
5,4,4,5,4.5,9,1,3
9,5,5,9,7.0,14,4,3
5,1,1,5,3.0,6,4,0
4,4,4,4,4.0,8,0,3
1,7,1,7,4.0,8,6,0
6,6,6,6,6.0,12,0,5
6,1,1,6,3.5,7,5,0
4,1,1,4,2.5,5,3,0
8,5,5,8,6.5,13,3,4
1,4,1,4,2.5,5,3,0
1,4,1,4,2.5,5,3,0
17,17,17,17,17.0,34,0,16
14,14,14,14,14.0,28,0,13
1,4,1,4,2.5,5,3,0
14,12,12,14,13.0,26,2,9
4,1,1,4,2.5,5,3,0
1,4,1,4,2.5,5,3,0
7,1,1,7,4.0,8,6,0
1,11,1,11,6.0,12,10,0
1,4,1,4,2.5,5,3,0
11,6,6,11,8.5,17,5,5
22,19,19,22,20.5,41,3,16
1,7,1,7,4.0,8,6,0
6,1,1,6,3.5,7,5,0
4,1,1,4,2.5,5,3,0
4,8,4,8,6.0,12,4,1
17,21,17,21,19.0,38,4,12
5,8,5,8,6.5,13,3,3
1,4,1,4,2.5,5,3,0
33,33,33,33,33.0,66,0,26
13,11,11,13,12.0,24,2,10
4,6,4,6,5.0,10,2,0
1,5,1,5,3.0,6,4,0
5,1,1,5,3.0,6,4,0
1,13,1,13,7.0,14,12,0
6,1,1,6,3.5,7,5,0
4,3,3,4,3.5,7,1,2
1,5,1,5,3.0,6,4,0
5,1,1,5,3.0,6,4,0
4,1,1,4,2.5,5,3,0
6,1,1,6,3.5,7,5,0
1,7,1,7,4.0,8,6,0
1,22,1,22,11.5,23,21,0
4,1,1,4,2.5,5,3,0
13,2,2,13,7.5,15,11,1
1,18,1,18,9.5,19,17,0
20,6,6,20,13.0,26,14,5
1,7,1,7,4.0,8,6,0
11,4,4,11,7.5,15,7,2
2,4,2,4,3.0,6,2,1
6,4,4,6,5.0,10,2,3
2,5,2,5,3.5,7,3,1
34,4,4,34,19.0,38,30,0
3,12,3,12,7.5,15,9,2
4,1,1,4,2.5,5,3,0
1,10,1,10,5.5,11,9,0
1,6,1,6,3.5,7,5,0
2,5,2,5,3.5,7,3,1
7,13,7,13,10.0,20,6,3
14,13,13,14,13.5,27,1,12
6,1,1,6,3.5,7,5,0
11,10,10,11,10.5,21,1,9
8,1,1,8,4.5,9,7,0
10,11,10,11,10.5,21,1,8
4,5,4,5,4.5,9,1,3
5,4,4,5,4.5,9,1,2
4,5,4,5,4.5,9,1,3
2,4,2,4,3.0,6,2,1
5,5,5,5,5.0,10,0,0
7,9,7,9,8.0,16,2,5
1,4,1,4,2.5,5,3,0
1,7,1,7,4.0,8,6,0
4,1,1,4,2.5,5,3,0
8,1,1,8,4.5,9,7,0
7,6,6,7,6.5,13,1,5
24,20,20,24,22.0,44,4,19
1,6,1,6,3.5,7,5,0
1,4,1,4,2.5,5,3,0
47,22,22,47,34.5,69,25,19
4,1,1,4,2.5,5,3,0
6,1,1,6,3.5,7,5,0
4,5,4,5,4.5,9,1,0
8,7,7,8,7.5,15,1,6
6,12,6,12,9.0,18,6,3
21,24,21,24,22.5,45,3,17
9,1,1,9,5.0,10,8,0
15,15,15,15,15.0,30,0,11
5,5,5,5,5.0,10,0,4
5,6,5,6,5.5,11,1,3
21,17,17,21,19.0,38,4,16
4,1,1,4,2.5,5,3,0
5,3,3,5,4.0,8,2,2
1,5,1,5,3.0,6,4,0
1,8,1,8,4.5,9,7,0
5,1,1,5,3.0,6,4,0
3,4,3,4,3.5,7,1,2
12,8,8,12,10.0,20,4,5
8,1,1,8,4.5,9,7,0
4,4,4,4,4.0,8,0,3
1,7,1,7,4.0,8,6,0
6,1,1,6,3.5,7,5,0
7,8,7,8,7.5,15,1,5
5,5,5,5,5.0,10,0,4
1,8,1,8,4.5,9,7,0
8,6,6,8,7.0,14,2,4
33,13,13,33,23.0,46,20,7
10,11,10,11,10.5,21,1,8
4,1,1,4,2.5,5,3,0
4,1,1,4,2.5,5,3,0
13,12,12,13,12.5,25,1,10
9,9,9,9,9.0,18,0,5
14,17,14,17,15.5,31,3,0
13,12,12,13,12.5,25,1,10
2,5,2,5,3.5,7,3,1
12,19,12,19,15.5,31,7,11
5,7,5,7,6.0,12,2,4
5,7,5,7,6.0,12,2,3
4,4,4,4,4.0,8,0,3
6,6,6,6,6.0,12,0,5
15,14,14,15,14.5,29,1,13
55,16,16,55,35.5,71,39,13
1,4,1,4,2.5,5,3,0
13,22,13,22,17.5,35,9,10
5,1,1,5,3.0,6,4,0
20,29,20,29,24.5,49,9,19
7,1,1,7,4.0,8,6,0
1,7,1,7,4.0,8,6,0
23,15,15,23,19.0,38,8,14
4,1,1,4,2.5,5,3,0
20,23,20,23,21.5,43,3,16
7,1,1,7,4.0,8,6,0
5,2,2,5,3.5,7,3,0
19,19,19,19,19.0,38,0,18
12,12,12,12,12.0,24,0,10
1,9,1,9,5.0,10,8,0
1,4,1,4,2.5,5,3,0
2,7,2,7,4.5,9,5,0
17,9,9,17,13.0,26,8,3
5,6,5,6,5.5,11,1,3
1,7,1,7,4.0,8,6,0
24,9,9,24,16.5,33,15,8
23,25,23,25,24.0,48,2,21
16,14,14,16,15.0,30,2,11
36,27,27,36,31.5,63,9,25
4,1,1,4,2.5,5,3,0
4,1,1,4,2.5,5,3,0
12,11,11,12,11.5,23,1,6
20,18,18,20,19.0,38,2,16
3,5,3,5,4.0,8,2,2
5,3,3,5,4.0,8,2,2
4,4,4,4,4.0,8,0,3
2,4,2,4,3.0,6,2,1
12,13,12,13,12.5,25,1,11
18,14,14,18,16.0,32,4,13
42,41,41,42,41.5,83,1,40
13,5,5,13,9.0,18,8,1
16,22,16,22,19.0,38,6,14
34,36,34,36,35.0,70,2,32
1,4,1,4,2.5,5,3,0
1,8,1,8,4.5,9,7,0
25,29,25,29,27.0,54,4,21
22,7,7,22,14.5,29,15,5
6,1,1,6,3.5,7,5,0
27,41,27,41,34.0,68,14,26
5,3,3,5,4.0,8,2,2
22,21,21,22,21.5,43,1,17
7,17,7,17,12.0,24,10,6
14,14,14,14,14.0,28,0,13
6,4,4,6,5.0,10,2,2
30,14,14,30,22.0,44,16,12
1,5,1,5,3.0,6,4,0
8,15,8,15,11.5,23,7,1
27,15,15,27,21.0,42,12,11
4,5,4,5,4.5,9,1,3
5,4,4,5,4.5,9,1,0
5,1,1,5,3.0,6,4,0
7,10,7,10,8.5,17,3,6
8,7,7,8,7.5,15,1,6
19,14,14,19,16.5,33,5,13
35,24,24,35,29.5,59,11,11
4,5,4,5,4.5,9,1,2
1,5,1,5,3.0,6,4,0
1,10,1,10,5.5,11,9,0
4,1,1,4,2.5,5,3,0
12,6,6,12,9.0,18,6,4
2,4,2,4,3.0,6,2,0
14,14,14,14,14.0,28,0,13
28,41,28,41,34.5,69,13,27
4,1,1,4,2.5,5,3,0
22,49,22,49,35.5,71,27,20
8,6,6,8,7.0,14,2,3
20,21,20,21,20.5,41,1,17
4,1,1,4,2.5,5,3,0
4,1,1,4,2.5,5,3,0
6,10,6,10,8.0,16,4,5
8,1,1,8,4.5,9,7,0
14,2,2,14,8.0,16,12,0
10,8,8,10,9.0,18,2,3
22,7,7,22,14.5,29,15,6
11,11,11,11,11.0,22,0,7
4,20,4,20,12.0,24,16,0
20,25,20,25,22.5,45,5,18
7,6,6,7,6.5,13,1,4
1,10,1,10,5.5,11,9,0
1,6,1,6,3.5,7,5,0
5,5,5,5,5.0,10,0,4
1,7,1,7,4.0,8,6,0
1,13,1,13,7.0,14,12,0
11,19,11,19,15.0,30,8,5
9,9,9,9,9.0,18,0,8
6,4,4,6,5.0,10,2,0
5,1,1,5,3.0,6,4,0
22,14,14,22,18.0,36,8,10
2,5,2,5,3.5,7,3,0
5,1,1,5,3.0,6,4,0
5,4,4,5,4.5,9,1,3
8,12,8,12,10.0,20,4,7
11,12,11,12,11.5,23,1,7
6,4,4,6,5.0,10,2,0
5,7,5,7,6.0,12,2,3
1,6,1,6,3.5,7,5,0
7,1,1,7,4.0,8,6,0
16,14,14,16,15.0,30,2,13
4,1,1,4,2.5,5,3,0
6,1,1,6,3.5,7,5,0
2,11,2,11,6.5,13,9,1
5,1,1,5,3.0,6,4,0
7,5,5,7,6.0,12,2,3
12,10,10,12,11.0,22,2,8
13,14,13,14,13.5,27,1,12
1,5,1,5,3.0,6,4,0
6,7,6,7,6.5,13,1,5
8,4,4,8,6.0,12,4,3
30,27,27,30,28.5,57,3,19
1,9,1,9,5.0,10,8,0
9,9,9,9,9.0,18,0,8
13,13,13,13,13.0,26,0,9
2,4,2,4,3.0,6,2,1
5,7,5,7,6.0,12,2,4
26,5,5,26,15.5,31,21,2
4,1,1,4,2.5,5,3,0
15,2,2,15,8.5,17,13,0
17,17,17,17,17.0,34,0,9
15,20,15,20,17.5,35,5,10
1,4,1,4,2.5,5,3,0
5,6,5,6,5.5,11,1,2
10,14,10,14,12.0,24,4,8
25,27,25,27,26.0,52,2,24
8,1,1,8,4.5,9,7,0
22,22,22,22,22.0,44,0,20
4,4,4,4,4.0,8,0,3
15,22,15,22,18.5,37,7,11
1,5,1,5,3.0,6,4,0
1,16,1,16,8.5,17,15,0
4,1,1,4,2.5,5,3,0
4,2,2,4,3.0,6,2,1
5,7,5,7,6.0,12,2,3
27,45,27,45,36.0,72,18,20
7,1,1,7,4.0,8,6,0
3,5,3,5,4.0,8,2,2
51,51,51,51,51.0,102,0,48
2,5,2,5,3.5,7,3,1
6,7,6,7,6.5,13,1,5
1,6,1,6,3.5,7,5,0
19,1,1,19,10.0,20,18,0
5,1,1,5,3.0,6,4,0
8,1,1,8,4.5,9,7,0
1,4,1,4,2.5,5,3,0
4,4,4,4,4.0,8,0,2
8,11,8,11,9.5,19,3,7
28,48,28,48,38.0,76,20,21
4,7,4,7,5.5,11,3,0
2,5,2,5,3.5,7,3,1
5,19,5,19,12.0,24,14,1
13,20,13,20,16.5,33,7,11
4,5,4,5,4.5,9,1,3
29,24,24,29,26.5,53,5,21
9,1,1,9,5.0,10,8,0
1,11,1,11,6.0,12,10,0
1,7,1,7,4.0,8,6,0
11,1,1,11,6.0,12,10,0
14,33,14,33,23.5,47,19,11
1,11,1,11,6.0,12,10,0
1,146,1,146,73.5,147,145,0
41,26,26,41,33.5,67,15,24
4,1,1,4,2.5,5,3,0
18,21,18,21,19.5,39,3,17
7,16,7,16,11.5,23,9,5
20,20,20,20,20.0,40,0,18
4,4,4,4,4.0,8,0,0
23,21,21,23,22.0,44,2,17
31,23,23,31,27.0,54,8,21
13,13,13,13,13.0,26,0,12
5,8,5,8,6.5,13,3,4
21,20,20,21,20.5,41,1,18
20,21,20,21,20.5,41,1,18
2,7,2,7,4.5,9,5,0
5,5,5,5,5.0,10,0,3
11,9,9,11,10.0,20,2,7
8,12,8,12,10.0,20,4,7
10,1,1,10,5.5,11,9,0
11,11,11,11,11.0,22,0,6
8,9,8,9,8.5,17,1,4
17,5,5,17,11.0,22,12,3
1,4,1,4,2.5,5,3,0
5,1,1,5,3.0,6,4,0
17,8,8,17,12.5,25,9,7
5,1,1,5,3.0,6,4,0
1,9,1,9,5.0,10,8,0
3,9,3,9,6.0,12,6,2
2,23,2,23,12.5,25,21,0
7,7,7,7,7.0,14,0,5
9,7,7,9,8.0,16,2,5
6,6,6,6,6.0,12,0,5
8,7,7,8,7.5,15,1,6
42,40,40,42,41.0,82,2,39
24,26,24,26,25.0,50,2,22
2,4,2,4,3.0,6,2,0
4,8,4,8,6.0,12,4,3
7,1,1,7,4.0,8,6,0
6,10,6,10,8.0,16,4,4
1,4,1,4,2.5,5,3,0
3,6,3,6,4.5,9,3,2
6,6,6,6,6.0,12,0,5
9,9,9,9,9.0,18,0,8
3,4,3,4,3.5,7,1,0
16,13,13,16,14.5,29,3,12
2,9,2,9,5.5,11,7,1
4,1,1,4,2.5,5,3,0
2,4,2,4,3.0,6,2,0
18,15,15,18,16.5,33,3,14
2,5,2,5,3.5,7,3,1
4,2,2,4,3.0,6,2,1
6,9,6,9,7.5,15,3,5
15,16,15,16,15.5,31,1,10
4,1,1,4,2.5,5,3,0
6,4,4,6,5.0,10,2,1
16,12,12,16,14.0,28,4,11
11,10,10,11,10.5,21,1,9
1,5,1,5,3.0,6,4,0
11,10,10,11,10.5,21,1,9
8,5,5,8,6.5,13,3,4
6,6,6,6,6.0,12,0,1
5,4,4,5,4.5,9,1,3
4,5,4,5,4.5,9,1,3
22,1,1,22,11.5,23,21,0
17,20,17,20,18.5,37,3,4
4,1,1,4,2.5,5,3,0
4,1,1,4,2.5,5,3,0
4,3,3,4,3.5,7,1,0
21,22,21,22,21.5,43,1,20
21,14,14,21,17.5,35,7,11
11,9,9,11,10.0,20,2,6
1,4,1,4,2.5,5,3,0
9,8,8,9,8.5,17,1,7
8,5,5,8,6.5,13,3,2
18,24,18,24,21.0,42,6,15
1,4,1,4,2.5,5,3,0
45,29,29,45,37.0,74,16,20
1,5,1,5,3.0,6,4,0
4,1,1,4,2.5,5,3,0
1,4,1,4,2.5,5,3,0
6,8,6,8,7.0,14,2,4
4,1,1,4,2.5,5,3,0
4,1,1,4,2.5,5,3,0
4,16,4,16,10.0,20,12,3
1,5,1,5,3.0,6,4,0
1,10,1,10,5.5,11,9,0
7,2,2,7,4.5,9,5,0
8,4,4,8,6.0,12,4,2
3,14,3,14,8.5,17,11,1
21,12,12,21,16.5,33,9,9
4,1,1,4,2.5,5,3,0
5,1,1,5,3.0,6,4,0
29,15,15,29,22.0,44,14,12
25,24,24,25,24.5,49,1,22
1,16,1,16,8.5,17,15,0
5,10,5,10,7.5,15,5,4
4,1,1,4,2.5,5,3,0
16,8,8,16,12.0,24,8,2
6,12,6,12,9.0,18,6,5
1,5,1,5,3.0,6,4,0
6,1,1,6,3.5,7,5,0
19,11,11,19,15.0,30,8,10
4,1,1,4,2.5,5,3,0
4,3,3,4,3.5,7,1,2
5,5,5,5,5.0,10,0,4
1,6,1,6,3.5,7,5,0
4,4,4,4,4.0,8,0,2
8,1,1,8,4.5,9,7,0
1,5,1,5,3.0,6,4,0
4,1,1,4,2.5,5,3,0
5,13,5,13,9.0,18,8,1
8,9,8,9,8.5,17,1,7
5,1,1,5,3.0,6,4,0
4,1,1,4,2.5,5,3,0
6,5,5,6,5.5,11,1,3
4,5,4,5,4.5,9,1,3
5,1,1,5,3.0,6,4,0
20,18,18,20,19.0,38,2,16
1,8,1,8,4.5,9,7,0
4,2,2,4,3.0,6,2,1
4,1,1,4,2.5,5,3,0
4,1,1,4,2.5,5,3,0
5,6,5,6,5.5,11,1,4
5,2,2,5,3.5,7,3,0
6,6,6,6,6.0,12,0,4
4,4,4,4,4.0,8,0,3
4,1,1,4,2.5,5,3,0
15,7,7,15,11.0,22,8,3
14,13,13,14,13.5,27,1,10
4,1,1,4,2.5,5,3,0
50,20,20,50,35.0,70,30,19
4,8,4,8,6.0,12,4,3
4,11,4,11,7.5,15,7,0
26,26,26,26,26.0,52,0,21
4,1,1,4,2.5,5,3,0
14,14,14,14,14.0,28,0,13
2,5,2,5,3.5,7,3,1
1,4,1,4,2.5,5,3,0
6,2,2,6,4.0,8,4,1
1,4,1,4,2.5,5,3,0
7,10,7,10,8.5,17,3,1
1,11,1,11,6.0,12,10,0
20,24,20,24,22.0,44,4,15
1,5,1,5,3.0,6,4,0
4,2,2,4,3.0,6,2,1
7,7,7,7,7.0,14,0,6
1,9,1,9,5.0,10,8,0
1,19,1,19,10.0,20,18,0
4,2,2,4,3.0,6,2,1
45,3,3,45,24.0,48,42,2
4,1,1,4,2.5,5,3,0
26,24,24,26,25.0,50,2,23
9,5,5,9,7.0,14,4,2
6,5,5,6,5.5,11,1,3
1,18,1,18,9.5,19,17,0
1,7,1,7,4.0,8,6,0
22,19,19,22,20.5,41,3,18
17,24,17,24,20.5,41,7,10
27,28,27,28,27.5,55,1,25
1,4,1,4,2.5,5,3,0
26,20,20,26,23.0,46,6,18
12,16,12,16,14.0,28,4,8
20,42,20,42,31.0,62,22,10
1,14,1,14,7.5,15,13,0
5,4,4,5,4.5,9,1,2
4,4,4,4,4.0,8,0,3
17,15,15,17,16.0,32,2,14
8,7,7,8,7.5,15,1,6
8,10,8,10,9.0,18,2,4
22,19,19,22,20.5,41,3,18
8,6,6,8,7.0,14,2,1
4,5,4,5,4.5,9,1,2
6,1,1,6,3.5,7,5,0
19,18,18,19,18.5,37,1,13
1,4,1,4,2.5,5,3,0
16,22,16,22,19.0,38,6,7
23,23,23,23,23.0,46,0,21
4,6,4,6,5.0,10,2,1
4,1,1,4,2.5,5,3,0
2,4,2,4,3.0,6,2,1
13,1,1,13,7.0,14,12,0
1,21,1,21,11.0,22,20,0
4,1,1,4,2.5,5,3,0
22,12,12,22,17.0,34,10,10
1,4,1,4,2.5,5,3,0
12,2,2,12,7.0,14,10,0
5,10,5,10,7.5,15,5,3
8,19,8,19,13.5,27,11,6
41,35,35,41,38.0,76,6,33
13,24,13,24,18.5,37,11,11
11,26,11,26,18.5,37,15,8
11,4,4,11,7.5,15,7,2
4,1,1,4,2.5,5,3,0
5,5,5,5,5.0,10,0,0
7,6,6,7,6.5,13,1,4
13,7,7,13,10.0,20,6,4
18,19,18,19,18.5,37,1,16
33,20,20,33,26.5,53,13,14
18,10,10,18,14.0,28,8,9
8,5,5,8,6.5,13,3,4
1,4,1,4,2.5,5,3,0
7,1,1,7,4.0,8,6,0
13,1,1,13,7.0,14,12,0
11,13,11,13,12.0,24,2,8
6,2,2,6,4.0,8,4,1
2,4,2,4,3.0,6,2,1
4,1,1,4,2.5,5,3,0
1,7,1,7,4.0,8,6,0
1,5,1,5,3.0,6,4,0
27,26,26,27,26.5,53,1,25
36,29,29,36,32.5,65,7,12
1,8,1,8,4.5,9,7,0
15,39,15,39,27.0,54,24,14
88,43,43,88,65.5,131,45,37
31,45,31,45,38.0,76,14,27
1,10,1,10,5.5,11,9,0
4,1,1,4,2.5,5,3,0
3,6,3,6,4.5,9,3,1
27,11,11,27,19.0,38,16,5
5,2,2,5,3.5,7,3,0
29,22,22,29,25.5,51,7,16
1,22,1,22,11.5,23,21,0
6,1,1,6,3.5,7,5,0
1,4,1,4,2.5,5,3,0
4,4,4,4,4.0,8,0,2
26,27,26,27,26.5,53,1,25
17,1,1,17,9.0,18,16,0
29,19,19,29,24.0,48,10,0
4,9,4,9,6.5,13,5,0
1,8,1,8,4.5,9,7,0
4,1,1,4,2.5,5,3,0
5,6,5,6,5.5,11,1,4
6,10,6,10,8.0,16,4,5
1,16,1,16,8.5,17,15,0
1,6,1,6,3.5,7,5,0
5,5,5,5,5.0,10,0,4
5,5,5,5,5.0,10,0,2
5,1,1,5,3.0,6,4,0
7,8,7,8,7.5,15,1,6
8,7,7,8,7.5,15,1,5
19,13,13,19,16.0,32,6,11
21,17,17,21,19.0,38,4,16
18,16,16,18,17.0,34,2,8
14,24,14,24,19.0,38,10,8
1,7,1,7,4.0,8,6,0
8,8,8,8,8.0,16,0,7
6,1,1,6,3.5,7,5,0
11,11,11,11,11.0,22,0,10
8,1,1,8,4.5,9,7,0
19,16,16,19,17.5,35,3,13
36,45,36,45,40.5,81,9,31
1,4,1,4,2.5,5,3,0
12,1,1,12,6.5,13,11,0
7,17,7,17,12.0,24,10,2
4,1,1,4,2.5,5,3,0
6,5,5,6,5.5,11,1,4
1,6,1,6,3.5,7,5,0
5,1,1,5,3.0,6,4,0
11,6,6,11,8.5,17,5,5
1,5,1,5,3.0,6,4,0
5,13,5,13,9.0,18,8,1
1,4,1,4,2.5,5,3,0
15,36,15,36,25.5,51,21,13
3,7,3,7,5.0,10,4,1
1,5,1,5,3.0,6,4,0
6,4,4,6,5.0,10,2,0
6,1,1,6,3.5,7,5,0
33,3,3,33,18.0,36,30,1
9,10,9,10,9.5,19,1,8
2,9,2,9,5.5,11,7,0
4,5,4,5,4.5,9,1,2
6,5,5,6,5.5,11,1,4
39,25,25,39,32.0,64,14,12
13,28,13,28,20.5,41,15,7
12,1,1,12,6.5,13,11,0
13,4,4,13,8.5,17,9,3
19,19,19,19,19.0,38,0,16
4,2,2,4,3.0,6,2,0
5,5,5,5,5.0,10,0,4
14,13,13,14,13.5,27,1,12
1,4,1,4,2.5,5,3,0
1,15,1,15,8.0,16,14,0
66,29,29,66,47.5,95,37,18
11,22,11,22,16.5,33,11,8
1,8,1,8,4.5,9,7,0
4,1,1,4,2.5,5,3,0
24,24,24,24,24.0,48,0,23
4,1,1,4,2.5,5,3,0
1,5,1,5,3.0,6,4,0
1,39,1,39,20.0,40,38,0
5,1,1,5,3.0,6,4,0
4,1,1,4,2.5,5,3,0
15,20,15,20,17.5,35,5,9
36,7,7,36,21.5,43,29,5
5,5,5,5,5.0,10,0,2
5,1,1,5,3.0,6,4,0
19,16,16,19,17.5,35,3,13
7,1,1,7,4.0,8,6,0
6,7,6,7,6.5,13,1,4
8,7,7,8,7.5,15,1,5
20,8,8,20,14.0,28,12,2
2,9,2,9,5.5,11,7,1
5,1,1,5,3.0,6,4,0
4,1,1,4,2.5,5,3,0
6,1,1,6,3.5,7,5,0
1,13,1,13,7.0,14,12,0
5,10,5,10,7.5,15,5,3
11,9,9,11,10.0,20,2,8
17,24,17,24,20.5,41,7,15
9,5,5,9,7.0,14,4,4
1,6,1,6,3.5,7,5,0
10,5,5,10,7.5,15,5,3
146,15,15,146,80.5,161,131,10
21,25,21,25,23.0,46,4,20
11,6,6,11,8.5,17,5,4
14,17,14,17,15.5,31,3,12
13,12,12,13,12.5,25,1,10
4,25,4,25,14.5,29,21,0
6,1,1,6,3.5,7,5,0
6,5,5,6,5.5,11,1,3
2,12,2,12,7.0,14,10,1
13,8,8,13,10.5,21,5,7
32,30,30,32,31.0,62,2,20
48,31,31,48,39.5,79,17,30
30,28,28,30,29.0,58,2,6
1,15,1,15,8.0,16,14,0
6,14,6,14,10.0,20,8,5
2,56,2,56,29.0,58,54,1
19,15,15,19,17.0,34,4,13
13,13,13,13,13.0,26,0,12
4,4,4,4,4.0,8,0,0
1,4,1,4,2.5,5,3,0
1,23,1,23,12.0,24,22,0
1,6,1,6,3.5,7,5,0
1,11,1,11,6.0,12,10,0
4,1,1,4,2.5,5,3,0
7,7,7,7,7.0,14,0,6
15,13,13,15,14.0,28,2,12
1,12,1,12,6.5,13,11,0
5,5,5,5,5.0,10,0,4
4,2,2,4,3.0,6,2,1
26,27,26,27,26.5,53,1,25
14,15,14,15,14.5,29,1,5
1,6,1,6,3.5,7,5,0
8,7,7,8,7.5,15,1,0
12,6,6,12,9.0,18,6,4
6,5,5,6,5.5,11,1,4
5,1,1,5,3.0,6,4,0
4,2,2,4,3.0,6,2,0
34,29,29,34,31.5,63,5,23
4,1,1,4,2.5,5,3,0
8,4,4,8,6.0,12,4,3
5,5,5,5,5.0,10,0,3
6,1,1,6,3.5,7,5,0
30,55,30,55,42.5,85,25,28
1,29,1,29,15.0,30,28,0
7,8,7,8,7.5,15,1,6
7,7,7,7,7.0,14,0,6
8,1,1,8,4.5,9,7,0
19,7,7,19,13.0,26,12,3
2,12,2,12,7.0,14,10,0
7,12,7,12,9.5,19,5,6
5,1,1,5,3.0,6,4,0
6,4,4,6,5.0,10,2,2
32,25,25,32,28.5,57,7,23
7,8,7,8,7.5,15,1,6
6,1,1,6,3.5,7,5,0
7,7,7,7,7.0,14,0,5
18,18,18,18,18.0,36,0,16
1,11,1,11,6.0,12,10,0
4,6,4,6,5.0,10,2,2
19,19,19,19,19.0,38,0,17
6,2,2,6,4.0,8,4,1
10,10,10,10,10.0,20,0,9
1,16,1,16,8.5,17,15,0
1,6,1,6,3.5,7,5,0
7,6,6,7,6.5,13,1,5
4,1,1,4,2.5,5,3,0
7,1,1,7,4.0,8,6,0
1,10,1,10,5.5,11,9,0
9,7,7,9,8.0,16,2,5
1,4,1,4,2.5,5,3,0
18,18,18,18,18.0,36,0,16
7,6,6,7,6.5,13,1,5
1,5,1,5,3.0,6,4,0
2,6,2,6,4.0,8,4,1
26,26,26,26,26.0,52,0,25
4,9,4,9,6.5,13,5,3
23,19,19,23,21.0,42,4,17
9,6,6,9,7.5,15,3,4
6,7,6,7,6.5,13,1,5
12,11,11,12,11.5,23,1,9
4,1,1,4,2.5,5,3,0
9,7,7,9,8.0,16,2,6
8,1,1,8,4.5,9,7,0
10,1,1,10,5.5,11,9,0
1,4,1,4,2.5,5,3,0
5,3,3,5,4.0,8,2,2
4,5,4,5,4.5,9,1,3
1,4,1,4,2.5,5,3,0
5,1,1,5,3.0,6,4,0
5,5,5,5,5.0,10,0,3
27,34,27,34,30.5,61,7,23
6,7,6,7,6.5,13,1,3
13,13,13,13,13.0,26,0,12
12,7,7,12,9.5,19,5,6
5,5,5,5,5.0,10,0,3
15,1,1,15,8.0,16,14,0
10,1,1,10,5.5,11,9,0
24,22,22,24,23.0,46,2,21
4,5,4,5,4.5,9,1,0
4,3,3,4,3.5,7,1,2
22,24,22,24,23.0,46,2,18
12,35,12,35,23.5,47,23,11
5,5,5,5,5.0,10,0,4
2,146,2,146,74.0,148,144,0
6,9,6,9,7.5,15,3,5
9,10,9,10,9.5,19,1,8
45,14,14,45,29.5,59,31,3
10,6,6,10,8.0,16,4,5
7,7,7,7,7.0,14,0,6
7,11,7,11,9.0,18,4,5
24,4,4,24,14.0,28,20,3
7,1,1,7,4.0,8,6,0
1,5,1,5,3.0,6,4,0
7,1,1,7,4.0,8,6,0
33,24,24,33,28.5,57,9,18
3,4,3,4,3.5,7,1,2
1,9,1,9,5.0,10,8,0
1,17,1,17,9.0,18,16,0
1,5,1,5,3.0,6,4,0
5,1,1,5,3.0,6,4,0
2,6,2,6,4.0,8,4,1
4,1,1,4,2.5,5,3,0
48,47,47,48,47.5,95,1,46
19,15,15,19,17.0,34,4,13
1,6,1,6,3.5,7,5,0
14,14,14,14,14.0,28,0,13
4,4,4,4,4.0,8,0,1
4,2,2,4,3.0,6,2,0
7,4,4,7,5.5,11,3,0
21,18,18,21,19.5,39,3,17
7,1,1,7,4.0,8,6,0
8,8,8,8,8.0,16,0,6
1,6,1,6,3.5,7,5,0
6,1,1,6,3.5,7,5,0
2,9,2,9,5.5,11,7,1
5,5,5,5,5.0,10,0,4
7,7,7,7,7.0,14,0,5
1,7,1,7,4.0,8,6,0
8,6,6,8,7.0,14,2,4
5,5,5,5,5.0,10,0,4
1,15,1,15,8.0,16,14,0
1,6,1,6,3.5,7,5,0
14,15,14,15,14.5,29,1,12
15,18,15,18,16.5,33,3,14
7,5,5,7,6.0,12,2,4
4,2,2,4,3.0,6,2,1
7,8,7,8,7.5,15,1,5
24,45,24,45,34.5,69,21,17
20,21,20,21,20.5,41,1,19
10,19,10,19,14.5,29,9,9
6,1,1,6,3.5,7,5,0
2,16,2,16,9.0,18,14,1
4,5,4,5,4.5,9,1,3
14,1,1,14,7.5,15,13,0
16,13,13,16,14.5,29,3,10
1,5,1,5,3.0,6,4,0
11,11,11,11,11.0,22,0,10
1,107,1,107,54.0,108,106,0
3,4,3,4,3.5,7,1,2
25,29,25,29,27.0,54,4,20
25,25,25,25,25.0,50,0,24
3,5,3,5,4.0,8,2,2
7,1,1,7,4.0,8,6,0
11,8,8,11,9.5,19,3,7
1,5,1,5,3.0,6,4,0
7,7,7,7,7.0,14,0,5
4,11,4,11,7.5,15,7,3
5,1,1,5,3.0,6,4,0
2,4,2,4,3.0,6,2,1
5,1,1,5,3.0,6,4,0
5,6,5,6,5.5,11,1,2
5,5,5,5,5.0,10,0,4
15,3,3,15,9.0,18,12,2
9,6,6,9,7.5,15,3,5
1,6,1,6,3.5,7,5,0
1,31,1,31,16.0,32,30,0
10,11,10,11,10.5,21,1,9
1,12,1,12,6.5,13,11,0
33,18,18,33,25.5,51,15,15
26,26,26,26,26.0,52,0,25
37,33,33,37,35.0,70,4,20
1,7,1,7,4.0,8,6,0
4,6,4,6,5.0,10,2,2
27,1,1,27,14.0,28,26,0
1,4,1,4,2.5,5,3,0
6,10,6,10,8.0,16,4,5
2,4,2,4,3.0,6,2,1
4,20,4,20,12.0,24,16,2
4,4,4,4,4.0,8,0,2
4,5,4,5,4.5,9,1,3
26,27,26,27,26.5,53,1,25
1,7,1,7,4.0,8,6,0
4,1,1,4,2.5,5,3,0
4,7,4,7,5.5,11,3,3
5,5,5,5,5.0,10,0,4
21,17,17,21,19.0,38,4,15
28,23,23,28,25.5,51,5,19
5,1,1,5,3.0,6,4,0
4,5,4,5,4.5,9,1,3
4,3,3,4,3.5,7,1,2
1,5,1,5,3.0,6,4,0
5,2,2,5,3.5,7,3,1
19,25,19,25,22.0,44,6,9
1,4,1,4,2.5,5,3,0
5,4,4,5,4.5,9,1,2
19,19,19,19,19.0,38,0,18
13,13,13,13,13.0,26,0,12
5,3,3,5,4.0,8,2,2
1,4,1,4,2.5,5,3,0
8,7,7,8,7.5,15,1,1
8,11,8,11,9.5,19,3,0
17,14,14,17,15.5,31,3,12
4,1,1,4,2.5,5,3,0
26,18,18,26,22.0,44,8,14
4,6,4,6,5.0,10,2,3
5,7,5,7,6.0,12,2,1
9,1,1,9,5.0,10,8,0
7,1,1,7,4.0,8,6,0
6,1,1,6,3.5,7,5,0
11,1,1,11,6.0,12,10,0
7,8,7,8,7.5,15,1,6
1,5,1,5,3.0,6,4,0
7,10,7,10,8.5,17,3,1
6,1,1,6,3.5,7,5,0
13,22,13,22,17.5,35,9,10
8,6,6,8,7.0,14,2,5
28,28,28,28,28.0,56,0,15
17,28,17,28,22.5,45,11,12
4,1,1,4,2.5,5,3,0
5,3,3,5,4.0,8,2,2
5,4,4,5,4.5,9,1,3
17,14,14,17,15.5,31,3,6
1,36,1,36,18.5,37,35,0
8,1,1,8,4.5,9,7,0
2,5,2,5,3.5,7,3,0
27,11,11,27,19.0,38,16,3
4,4,4,4,4.0,8,0,3
6,6,6,6,6.0,12,0,3
6,2,2,6,4.0,8,4,0
29,49,29,49,39.0,78,20,19
2,7,2,7,4.5,9,5,0
10,1,1,10,5.5,11,9,0
13,22,13,22,17.5,35,9,11
4,5,4,5,4.5,9,1,3
31,44,31,44,37.5,75,13,18
18,17,17,18,17.5,35,1,15
14,13,13,14,13.5,27,1,12
9,1,1,9,5.0,10,8,0
2,17,2,17,9.5,19,15,0
9,10,9,10,9.5,19,1,6
43,44,43,44,43.5,87,1,41
23,16,16,23,19.5,39,7,4
7,7,7,7,7.0,14,0,6
1,4,1,4,2.5,5,3,0
8,2,2,8,5.0,10,6,0
10,5,5,10,7.5,15,5,1
4,1,1,4,2.5,5,3,0
4,2,2,4,3.0,6,2,0
13,14,13,14,13.5,27,1,12
5,5,5,5,5.0,10,0,2
42,36,36,42,39.0,78,6,29
7,8,7,8,7.5,15,1,6
8,8,8,8,8.0,16,0,7
1,7,1,7,4.0,8,6,0
4,4,4,4,4.0,8,0,3
5,3,3,5,4.0,8,2,2
1,4,1,4,2.5,5,3,0
7,29,7,29,18.0,36,22,5
6,5,5,6,5.5,11,1,3
25,22,22,25,23.5,47,3,20
15,11,11,15,13.0,26,4,9
4,1,1,4,2.5,5,3,0
1,4,1,4,2.5,5,3,0
27,34,27,34,30.5,61,7,23
4,1,1,4,2.5,5,3,0
2,4,2,4,3.0,6,2,0
1,7,1,7,4.0,8,6,0
1,5,1,5,3.0,6,4,0
17,19,17,19,18.0,36,2,16
11,13,11,13,12.0,24,2,10
5,9,5,9,7.0,14,4,4
16,16,16,16,16.0,32,0,13
5,6,5,6,5.5,11,1,4
1,5,1,5,3.0,6,4,0
15,11,11,15,13.0,26,4,7
1,77,1,77,39.0,78,76,0
35,37,35,37,36.0,72,2,34
5,1,1,5,3.0,6,4,0
17,11,11,17,14.0,28,6,10
4,7,4,7,5.5,11,3,2
1,9,1,9,5.0,10,8,0
7,1,1,7,4.0,8,6,0
6,6,6,6,6.0,12,0,4
25,29,25,29,27.0,54,4,24
1,77,1,77,39.0,78,76,0
6,1,1,6,3.5,7,5,0
20,21,20,21,20.5,41,1,18
1,4,1,4,2.5,5,3,0
1,6,1,6,3.5,7,5,0
6,1,1,6,3.5,7,5,0
12,9,9,12,10.5,21,3,7
18,16,16,18,17.0,34,2,14
5,2,2,5,3.5,7,3,1
4,1,1,4,2.5,5,3,0
18,19,18,19,18.5,37,1,17
12,12,12,12,12.0,24,0,11
4,15,4,15,9.5,19,11,1
6,5,5,6,5.5,11,1,1
4,4,4,4,4.0,8,0,3
4,1,1,4,2.5,5,3,0
3,5,3,5,4.0,8,2,2
4,1,1,4,2.5,5,3,0
4,1,1,4,2.5,5,3,0
39,17,17,39,28.0,56,22,10
2,9,2,9,5.5,11,7,1
1,5,1,5,3.0,6,4,0
9,13,9,13,11.0,22,4,8
31,33,31,33,32.0,64,2,30
39,48,39,48,43.5,87,9,36
26,23,23,26,24.5,49,3,17
13,14,13,14,13.5,27,1,12
8,1,1,8,4.5,9,7,0
7,7,7,7,7.0,14,0,6
38,38,38,38,38.0,76,0,31
1,7,1,7,4.0,8,6,0
9,9,9,9,9.0,18,0,7
31,34,31,34,32.5,65,3,25
15,15,15,15,15.0,30,0,13
3,4,3,4,3.5,7,1,2
4,1,1,4,2.5,5,3,0
5,1,1,5,3.0,6,4,0
8,7,7,8,7.5,15,1,3
4,8,4,8,6.0,12,4,3
1,5,1,5,3.0,6,4,0
1,16,1,16,8.5,17,15,0
5,5,5,5,5.0,10,0,4
10,10,10,10,10.0,20,0,9
5,1,1,5,3.0,6,4,0
1,6,1,6,3.5,7,5,0
12,14,12,14,13.0,26,2,11
18,9,9,18,13.5,27,9,1
1,5,1,5,3.0,6,4,0
1,29,1,29,15.0,30,28,0
1,9,1,9,5.0,10,8,0
5,5,5,5,5.0,10,0,4
17,4,4,17,10.5,21,13,3
2,14,2,14,8.0,16,12,0
1,5,1,5,3.0,6,4,0
3,12,3,12,7.5,15,9,2
1,4,1,4,2.5,5,3,0
7,9,7,9,8.0,16,2,6
12,13,12,13,12.5,25,1,10
25,22,22,25,23.5,47,3,19
1,14,1,14,7.5,15,13,0
4,4,4,4,4.0,8,0,2
32,25,25,32,28.5,57,7,18
5,5,5,5,5.0,10,0,4
1,10,1,10,5.5,11,9,0
7,5,5,7,6.0,12,2,4
6,1,1,6,3.5,7,5,0
8,8,8,8,8.0,16,0,7
4,1,1,4,2.5,5,3,0
20,33,20,33,26.5,53,13,13
3,8,3,8,5.5,11,5,1
1,5,1,5,3.0,6,4,0
15,10,10,15,12.5,25,5,8
1,10,1,10,5.5,11,9,0
2,6,2,6,4.0,8,4,0
1,5,1,5,3.0,6,4,0
7,1,1,7,4.0,8,6,0
2,8,2,8,5.0,10,6,1
16,23,16,23,19.5,39,7,12
4,1,1,4,2.5,5,3,0
4,1,1,4,2.5,5,3,0
4,4,4,4,4.0,8,0,3
7,10,7,10,8.5,17,3,4
6,4,4,6,5.0,10,2,2
5,9,5,9,7.0,14,4,4
12,1,1,12,6.5,13,11,0
1,30,1,30,15.5,31,29,0
4,1,1,4,2.5,5,3,0
9,6,6,9,7.5,15,3,4
1,8,1,8,4.5,9,7,0
5,36,5,36,20.5,41,31,2
5,6,5,6,5.5,11,1,4
21,18,18,21,19.5,39,3,17
21,21,21,21,21.0,42,0,19
4,2,2,4,3.0,6,2,1
2,11,2,11,6.5,13,9,0
7,7,7,7,7.0,14,0,6
1,7,1,7,4.0,8,6,0
5,6,5,6,5.5,11,1,3
1,10,1,10,5.5,11,9,0
10,10,10,10,10.0,20,0,9
4,6,4,6,5.0,10,2,3
4,1,1,4,2.5,5,3,0
13,9,9,13,11.0,22,4,6
16,16,16,16,16.0,32,0,10
7,7,7,7,7.0,14,0,6
31,36,31,36,33.5,67,5,27
1,30,1,30,15.5,31,29,0
22,20,20,22,21.0,42,2,18
13,14,13,14,13.5,27,1,10
6,6,6,6,6.0,12,0,5
5,4,4,5,4.5,9,1,3
1,5,1,5,3.0,6,4,0
6,2,2,6,4.0,8,4,0
19,18,18,19,18.5,37,1,17
19,23,19,23,21.0,42,4,14
5,6,5,6,5.5,11,1,3
9,8,8,9,8.5,17,1,7
1,4,1,4,2.5,5,3,0
19,22,19,22,20.5,41,3,17
5,5,5,5,5.0,10,0,4
3,5,3,5,4.0,8,2,2
19,15,15,19,17.0,34,4,12
4,1,1,4,2.5,5,3,0
1,4,1,4,2.5,5,3,0
49,30,30,49,39.5,79,19,29
4,1,1,4,2.5,5,3,0
24,35,24,35,29.5,59,11,21
23,24,23,24,23.5,47,1,22
26,10,10,26,18.0,36,16,0
5,6,5,6,5.5,11,1,4
4,1,1,4,2.5,5,3,0
4,1,1,4,2.5,5,3,0
1,9,1,9,5.0,10,8,0
43,41,41,43,42.0,84,2,39
14,47,14,47,30.5,61,33,10
4,1,1,4,2.5,5,3,0
10,1,1,10,5.5,11,9,0
1,5,1,5,3.0,6,4,0
1,6,1,6,3.5,7,5,0
25,31,25,31,28.0,56,6,16
2,6,2,6,4.0,8,4,1
4,5,4,5,4.5,9,1,1
12,12,12,12,12.0,24,0,11
5,1,1,5,3.0,6,4,0
2,4,2,4,3.0,6,2,0
4,1,1,4,2.5,5,3,0
9,3,3,9,6.0,12,6,2
10,11,10,11,10.5,21,1,8
1,4,1,4,2.5,5,3,0
4,4,4,4,4.0,8,0,3
4,1,1,4,2.5,5,3,0
1,12,1,12,6.5,13,11,0
21,21,21,21,21.0,42,0,16
4,3,3,4,3.5,7,1,2
31,9,9,31,20.0,40,22,3
4,5,4,5,4.5,9,1,0
11,11,11,11,11.0,22,0,7
4,1,1,4,2.5,5,3,0
16,15,15,16,15.5,31,1,13
1,5,1,5,3.0,6,4,0
5,6,5,6,5.5,11,1,4
42,31,31,42,36.5,73,11,24
5,4,4,5,4.5,9,1,3
1,8,1,8,4.5,9,7,0
28,30,28,30,29.0,58,2,25
12,13,12,13,12.5,25,1,11
6,7,6,7,6.5,13,1,3
6,1,1,6,3.5,7,5,0
5,5,5,5,5.0,10,0,3
25,32,25,32,28.5,57,7,21
1,11,1,11,6.0,12,10,0
33,28,28,33,30.5,61,5,19
13,13,13,13,13.0,26,0,10
5,1,1,5,3.0,6,4,0
5,4,4,5,4.5,9,1,3
5,1,1,5,3.0,6,4,0
2,5,2,5,3.5,7,3,0
7,6,6,7,6.5,13,1,5
11,4,4,11,7.5,15,7,3
4,1,1,4,2.5,5,3,0
7,15,7,15,11.0,22,8,5
4,1,1,4,2.5,5,3,0
1,5,1,5,3.0,6,4,0
8,8,8,8,8.0,16,0,7
11,2,2,11,6.5,13,9,0
21,23,21,23,22.0,44,2,19
21,19,19,21,20.0,40,2,12
5,18,5,18,11.5,23,13,3
22,16,16,22,19.0,38,6,15
22,23,22,23,22.5,45,1,20
6,1,1,6,3.5,7,5,0
15,17,15,17,16.0,32,2,14
9,7,7,9,8.0,16,2,6
8,7,7,8,7.5,15,1,6
1,5,1,5,3.0,6,4,0
4,5,4,5,4.5,9,1,3
1,6,1,6,3.5,7,5,0
1,9,1,9,5.0,10,8,0
8,7,7,8,7.5,15,1,6
1,4,1,4,2.5,5,3,0
4,1,1,4,2.5,5,3,0
6,6,6,6,6.0,12,0,4
16,1,1,16,8.5,17,15,0
6,1,1,6,3.5,7,5,0
32,41,32,41,36.5,73,9,28
6,4,4,6,5.0,10,2,2
2,8,2,8,5.0,10,6,0
33,25,25,33,29.0,58,8,23
15,13,13,15,14.0,28,2,11
23,11,11,23,17.0,34,12,10
5,1,1,5,3.0,6,4,0
11,11,11,11,11.0,22,0,10
1,6,1,6,3.5,7,5,0
4,4,4,4,4.0,8,0,2
4,23,4,23,13.5,27,19,2
4,1,1,4,2.5,5,3,0
17,24,17,24,20.5,41,7,7
7,11,7,11,9.0,18,4,0
39,10,10,39,24.5,49,29,7
12,13,12,13,12.5,25,1,10
1,5,1,5,3.0,6,4,0
10,6,6,10,8.0,16,4,4
13,7,7,13,10.0,20,6,1
9,16,9,16,12.5,25,7,8
17,17,17,17,17.0,34,0,16
13,14,13,14,13.5,27,1,12
18,17,17,18,17.5,35,1,8
1,7,1,7,4.0,8,6,0
7,7,7,7,7.0,14,0,5
4,1,1,4,2.5,5,3,0
2,10,2,10,6.0,12,8,0
4,4,4,4,4.0,8,0,2
25,24,24,25,24.5,49,1,16
12,16,12,16,14.0,28,4,11
7,9,7,9,8.0,16,2,4
23,23,23,23,23.0,46,0,21
2,4,2,4,3.0,6,2,1
5,2,2,5,3.5,7,3,1
13,9,9,13,11.0,22,4,8
4,4,4,4,4.0,8,0,3
1,6,1,6,3.5,7,5,0
1,5,1,5,3.0,6,4,0
4,1,1,4,2.5,5,3,0
10,11,10,11,10.5,21,1,9
15,11,11,15,13.0,26,4,10
1,5,1,5,3.0,6,4,0
6,1,1,6,3.5,7,5,0
3,7,3,7,5.0,10,4,2
7,3,3,7,5.0,10,4,2
9,9,9,9,9.0,18,0,8
4,1,1,4,2.5,5,3,0
19,23,19,23,21.0,42,4,14
1,5,1,5,3.0,6,4,0
5,1,1,5,3.0,6,4,0
1,13,1,13,7.0,14,12,0
34,39,34,39,36.5,73,5,29
15,6,6,15,10.5,21,9,5
6,5,5,6,5.5,11,1,4
5,7,5,7,6.0,12,2,4
1,8,1,8,4.5,9,7,0
2,4,2,4,3.0,6,2,1
4,1,1,4,2.5,5,3,0
4,4,4,4,4.0,8,0,3
49,28,28,49,38.5,77,21,24
20,16,16,20,18.0,36,4,14
18,41,18,41,29.5,59,23,16
6,2,2,6,4.0,8,4,1
11,8,8,11,9.5,19,3,6
10,12,10,12,11.0,22,2,4
14,9,9,14,11.5,23,5,5
6,5,5,6,5.5,11,1,4
1,4,1,4,2.5,5,3,0
11,9,9,11,10.0,20,2,4
26,22,22,26,24.0,48,4,20
4,2,2,4,3.0,6,2,1
9,8,8,9,8.5,17,1,6
10,11,10,11,10.5,21,1,7
11,20,11,20,15.5,31,9,10
4,1,1,4,2.5,5,3,0
4,10,4,10,7.0,14,6,1
5,7,5,7,6.0,12,2,2
4,11,4,11,7.5,15,7,3
21,28,21,28,24.5,49,7,18
5,14,5,14,9.5,19,9,0
20,17,17,20,18.5,37,3,10
6,5,5,6,5.5,11,1,2
1,4,1,4,2.5,5,3,0
4,5,4,5,4.5,9,1,2
4,15,4,15,9.5,19,11,0
36,31,31,36,33.5,67,5,27
8,8,8,8,8.0,16,0,6
2,6,2,6,4.0,8,4,1
9,9,9,9,9.0,18,0,8
2,4,2,4,3.0,6,2,1
18,19,18,19,18.5,37,1,17
5,1,1,5,3.0,6,4,0
1,7,1,7,4.0,8,6,0
5,5,5,5,5.0,10,0,0
5,4,4,5,4.5,9,1,2
9,6,6,9,7.5,15,3,4
5,5,5,5,5.0,10,0,3
4,4,4,4,4.0,8,0,3
27,24,24,27,25.5,51,3,23
7,4,4,7,5.5,11,3,0
4,10,4,10,7.0,14,6,2
8,1,1,8,4.5,9,7,0
26,1,1,26,13.5,27,25,0
10,11,10,11,10.5,21,1,9
15,22,15,22,18.5,37,7,10
5,1,1,5,3.0,6,4,0
10,5,5,10,7.5,15,5,3
10,10,10,10,10.0,20,0,7
4,2,2,4,3.0,6,2,1
7,2,2,7,4.5,9,5,1
9,5,5,9,7.0,14,4,2
1,18,1,18,9.5,19,17,0
1,5,1,5,3.0,6,4,0
7,1,1,7,4.0,8,6,0
3,4,3,4,3.5,7,1,2
1,6,1,6,3.5,7,5,0
1,4,1,4,2.5,5,3,0
10,18,10,18,14.0,28,8,9
8,11,8,11,9.5,19,3,4
4,1,1,4,2.5,5,3,0
1,5,1,5,3.0,6,4,0
2,4,2,4,3.0,6,2,0
1,88,1,88,44.5,89,87,0
1,6,1,6,3.5,7,5,0
1,7,1,7,4.0,8,6,0
6,1,1,6,3.5,7,5,0
6,13,6,13,9.5,19,7,3
5,1,1,5,3.0,6,4,0
24,1,1,24,12.5,25,23,0
4,7,4,7,5.5,11,3,0
8,7,7,8,7.5,15,1,6
9,2,2,9,5.5,11,7,0
4,1,1,4,2.5,5,3,0
5,7,5,7,6.0,12,2,3
4,1,1,4,2.5,5,3,0
8,1,1,8,4.5,9,7,0
17,19,17,19,18.0,36,2,12
10,1,1,10,5.5,11,9,0
24,18,18,24,21.0,42,6,15
6,7,6,7,6.5,13,1,5
10,10,10,10,10.0,20,0,9
4,1,1,4,2.5,5,3,0
38,38,38,38,38.0,76,0,30
20,20,20,20,20.0,40,0,16
4,1,1,4,2.5,5,3,0
5,1,1,5,3.0,6,4,0
17,15,15,17,16.0,32,2,14
30,25,25,30,27.5,55,5,21
6,6,6,6,6.0,12,0,3
10,12,10,12,11.0,22,2,9
6,5,5,6,5.5,11,1,4
4,1,1,4,2.5,5,3,0
8,5,5,8,6.5,13,3,2
4,2,2,4,3.0,6,2,0
4,8,4,8,6.0,12,4,0
23,1,1,23,12.0,24,22,0
1,10,1,10,5.5,11,9,0
5,1,1,5,3.0,6,4,0
4,1,1,4,2.5,5,3,0
4,1,1,4,2.5,5,3,0
15,14,14,15,14.5,29,1,12
7,9,7,9,8.0,16,2,3
6,10,6,10,8.0,16,4,5
3,6,3,6,4.5,9,3,1
9,5,5,9,7.0,14,4,3
21,22,21,22,21.5,43,1,17
7,1,1,7,4.0,8,6,0
5,5,5,5,5.0,10,0,4
16,18,16,18,17.0,34,2,13
5,5,5,5,5.0,10,0,4
11,11,11,11,11.0,22,0,10
1,4,1,4,2.5,5,3,0
1,8,1,8,4.5,9,7,0
5,3,3,5,4.0,8,2,1
4,1,1,4,2.5,5,3,0
2,9,2,9,5.5,11,7,0
3,5,3,5,4.0,8,2,1
1,15,1,15,8.0,16,14,0
8,13,8,13,10.5,21,5,1
4,1,1,4,2.5,5,3,0
1,7,1,7,4.0,8,6,0
10,4,4,10,7.0,14,6,0
2,4,2,4,3.0,6,2,1
7,1,1,7,4.0,8,6,0
1,7,1,7,4.0,8,6,0
5,6,5,6,5.5,11,1,3
6,7,6,7,6.5,13,1,3
3,13,3,13,8.0,16,10,2
4,3,3,4,3.5,7,1,2
9,8,8,9,8.5,17,1,6
10,1,1,10,5.5,11,9,0
11,11,11,11,11.0,22,0,5
6,2,2,6,4.0,8,4,0
10,10,10,10,10.0,20,0,9
12,15,12,15,13.5,27,3,11
5,5,5,5,5.0,10,0,4
5,1,1,5,3.0,6,4,0
2,18,2,18,10.0,20,16,0
6,3,3,6,4.5,9,3,2
1,5,1,5,3.0,6,4,0
1,5,1,5,3.0,6,4,0
7,2,2,7,4.5,9,5,0
1,6,1,6,3.5,7,5,0
7,6,6,7,6.5,13,1,5
10,4,4,10,7.0,14,6,0
1,6,1,6,3.5,7,5,0
5,5,5,5,5.0,10,0,4
1,10,1,10,5.5,11,9,0
4,1,1,4,2.5,5,3,0
39,38,38,39,38.5,77,1,28
3,4,3,4,3.5,7,1,2
8,3,3,8,5.5,11,5,2
1,19,1,19,10.0,20,18,0
2,22,2,22,12.0,24,20,0
1,4,1,4,2.5,5,3,0
5,5,5,5,5.0,10,0,3
12,9,9,12,10.5,21,3,7
9,9,9,9,9.0,18,0,7
1,5,1,5,3.0,6,4,0
1,7,1,7,4.0,8,6,0
1,4,1,4,2.5,5,3,0
13,22,13,22,17.5,35,9,11
4,6,4,6,5.0,10,2,3
5,5,5,5,5.0,10,0,0
4,2,2,4,3.0,6,2,1
1,4,1,4,2.5,5,3,0
22,8,8,22,15.0,30,14,7
11,13,11,13,12.0,24,2,7
2,27,2,27,14.5,29,25,1
21,21,21,21,21.0,42,0,18
4,4,4,4,4.0,8,0,1
1,4,1,4,2.5,5,3,0
1,5,1,5,3.0,6,4,0
4,4,4,4,4.0,8,0,3
20,15,15,20,17.5,35,5,12
1,4,1,4,2.5,5,3,0
1,4,1,4,2.5,5,3,0
5,2,2,5,3.5,7,3,1
10,5,5,10,7.5,15,5,4
6,7,6,7,6.5,13,1,5
10,9,9,10,9.5,19,1,7
1,5,1,5,3.0,6,4,0
13,13,13,13,13.0,26,0,7
26,28,26,28,27.0,54,2,25
15,16,15,16,15.5,31,1,14
1,9,1,9,5.0,10,8,0
5,1,1,5,3.0,6,4,0
51,51,51,51,51.0,102,0,50
11,8,8,11,9.5,19,3,7
1,8,1,8,4.5,9,7,0
1,6,1,6,3.5,7,5,0
7,1,1,7,4.0,8,6,0
8,7,7,8,7.5,15,1,4
30,33,30,33,31.5,63,3,17
7,5,5,7,6.0,12,2,1
11,6,6,11,8.5,17,5,5
5,1,1,5,3.0,6,4,0
29,16,16,29,22.5,45,13,15
20,19,19,20,19.5,39,1,18
7,9,7,9,8.0,16,2,6
13,15,13,15,14.0,28,2,4
5,4,4,5,4.5,9,1,2
14,24,14,24,19.0,38,10,2
13,8,8,13,10.5,21,5,7
7,7,7,7,7.0,14,0,4
12,18,12,18,15.0,30,6,11
1,19,1,19,10.0,20,18,0
15,15,15,15,15.0,30,0,14
11,9,9,11,10.0,20,2,6
4,1,1,4,2.5,5,3,0
4,5,4,5,4.5,9,1,0
4,1,1,4,2.5,5,3,0
13,33,13,33,23.0,46,20,11
6,6,6,6,6.0,12,0,5
4,1,1,4,2.5,5,3,0
2,7,2,7,4.5,9,5,0
27,28,27,28,27.5,55,1,26
1,7,1,7,4.0,8,6,0
6,8,6,8,7.0,14,2,4
1,6,1,6,3.5,7,5,0
4,1,1,4,2.5,5,3,0
1,5,1,5,3.0,6,4,0
4,1,1,4,2.5,5,3,0
9,8,8,9,8.5,17,1,0
4,2,2,4,3.0,6,2,1
13,9,9,13,11.0,22,4,8
7,2,2,7,4.5,9,5,1
17,17,17,17,17.0,34,0,13
11,6,6,11,8.5,17,5,5
1,5,1,5,3.0,6,4,0
11,8,8,11,9.5,19,3,1
6,1,1,6,3.5,7,5,0
6,1,1,6,3.5,7,5,0
41,41,41,41,41.0,82,0,39
7,11,7,11,9.0,18,4,4
19,20,19,20,19.5,39,1,17
30,41,30,41,35.5,71,11,23
14,10,10,14,12.0,24,4,7
3,4,3,4,3.5,7,1,2
21,19,19,21,20.0,40,2,18
2,6,2,6,4.0,8,4,0
6,18,6,18,12.0,24,12,4
7,18,7,18,12.5,25,11,1
1,6,1,6,3.5,7,5,0
8,8,8,8,8.0,16,0,7
15,25,15,25,20.0,40,10,6
4,5,4,5,4.5,9,1,3
1,4,1,4,2.5,5,3,0
16,13,13,16,14.5,29,3,10
43,44,43,44,43.5,87,1,39
1,5,1,5,3.0,6,4,0
29,38,29,38,33.5,67,9,23
11,10,10,11,10.5,21,1,4
16,22,16,22,19.0,38,6,11
15,19,15,19,17.0,34,4,11
6,11,6,11,8.5,17,5,3
1,6,1,6,3.5,7,5,0
7,7,7,7,7.0,14,0,4
7,5,5,7,6.0,12,2,4
17,16,16,17,16.5,33,1,11
4,1,1,4,2.5,5,3,0
7,6,6,7,6.5,13,1,5
26,27,26,27,26.5,53,1,25
10,14,10,14,12.0,24,4,8
4,4,4,4,4.0,8,0,3
18,16,16,18,17.0,34,2,15
1,8,1,8,4.5,9,7,0
1,6,1,6,3.5,7,5,0
1,7,1,7,4.0,8,6,0
6,9,6,9,7.5,15,3,2
1,4,1,4,2.5,5,3,0
14,17,14,17,15.5,31,3,13
7,1,1,7,4.0,8,6,0
11,9,9,11,10.0,20,2,7
1,6,1,6,3.5,7,5,0
2,5,2,5,3.5,7,3,0
6,6,6,6,6.0,12,0,2
12,15,12,15,13.5,27,3,10
3,4,3,4,3.5,7,1,0
5,2,2,5,3.5,7,3,1
8,16,8,16,12.0,24,8,7
9,2,2,9,5.5,11,7,0
22,20,20,22,21.0,42,2,16
1,4,1,4,2.5,5,3,0
8,5,5,8,6.5,13,3,4
3,8,3,8,5.5,11,5,0
11,9,9,11,10.0,20,2,3
5,4,4,5,4.5,9,1,3
17,19,17,19,18.0,36,2,12
7,7,7,7,7.0,14,0,6
3,8,3,8,5.5,11,5,2
13,9,9,13,11.0,22,4,8
4,1,1,4,2.5,5,3,0
27,29,27,29,28.0,56,2,20
7,8,7,8,7.5,15,1,5
5,5,5,5,5.0,10,0,4
34,31,31,34,32.5,65,3,17
21,22,21,22,21.5,43,1,20
12,18,12,18,15.0,30,6,8
6,12,6,12,9.0,18,6,5
5,5,5,5,5.0,10,0,4
35,41,35,41,38.0,76,6,27
4,1,1,4,2.5,5,3,0
3,4,3,4,3.5,7,1,1
12,3,3,12,7.5,15,9,1
1,16,1,16,8.5,17,15,0
18,14,14,18,16.0,32,4,13
1,4,1,4,2.5,5,3,0
24,11,11,24,17.5,35,13,1
5,6,5,6,5.5,11,1,4
7,7,7,7,7.0,14,0,5
1,25,1,25,13.0,26,24,0
8,1,1,8,4.5,9,7,0
1,9,1,9,5.0,10,8,0
17,7,7,17,12.0,24,10,6
9,1,1,9,5.0,10,8,0
4,11,4,11,7.5,15,7,1
13,1,1,13,7.0,14,12,0
10,10,10,10,10.0,20,0,9
1,5,1,5,3.0,6,4,0
4,2,2,4,3.0,6,2,1
20,1,1,20,10.5,21,19,0
1,6,1,6,3.5,7,5,0
6,1,1,6,3.5,7,5,0
8,1,1,8,4.5,9,7,0
1,7,1,7,4.0,8,6,0
25,17,17,25,21.0,42,8,15
4,1,1,4,2.5,5,3,0
1,5,1,5,3.0,6,4,0
5,1,1,5,3.0,6,4,0
8,8,8,8,8.0,16,0,6
8,12,8,12,10.0,20,4,6
6,3,3,6,4.5,9,3,1
3,11,3,11,7.0,14,8,0
12,21,12,21,16.5,33,9,9
14,12,12,14,13.0,26,2,11
5,16,5,16,10.5,21,11,0
5,6,5,6,5.5,11,1,4
3,28,3,28,15.5,31,25,0
1,7,1,7,4.0,8,6,0
10,6,6,10,8.0,16,4,4
1,5,1,5,3.0,6,4,0
5,1,1,5,3.0,6,4,0
4,8,4,8,6.0,12,4,3
8,20,8,20,14.0,28,12,0
5,2,2,5,3.5,7,3,1
43,42,42,43,42.5,85,1,40
1,4,1,4,2.5,5,3,0
17,8,8,17,12.5,25,9,6
4,6,4,6,5.0,10,2,2
5,30,5,30,17.5,35,25,1
5,6,5,6,5.5,11,1,4
1,6,1,6,3.5,7,5,0
2,23,2,23,12.5,25,21,0
33,24,24,33,28.5,57,9,17
4,6,4,6,5.0,10,2,2
1,7,1,7,4.0,8,6,0
1,24,1,24,12.5,25,23,0
13,20,13,20,16.5,33,7,10
5,5,5,5,5.0,10,0,3
13,2,2,13,7.5,15,11,0
4,5,4,5,4.5,9,1,3
4,4,4,4,4.0,8,0,3
2,30,2,30,16.0,32,28,1
9,7,7,9,8.0,16,2,6
17,13,13,17,15.0,30,4,11
10,10,10,10,10.0,20,0,8
8,8,8,8,8.0,16,0,7
11,7,7,11,9.0,18,4,3
20,3,3,20,11.5,23,17,2
8,1,1,8,4.5,9,7,0
7,7,7,7,7.0,14,0,5
6,1,1,6,3.5,7,5,0
50,44,44,50,47.0,94,6,26
21,4,4,21,12.5,25,17,2
1,4,1,4,2.5,5,3,0
5,5,5,5,5.0,10,0,3
1,4,1,4,2.5,5,3,0
2,4,2,4,3.0,6,2,1
26,26,26,26,26.0,52,0,25
4,1,1,4,2.5,5,3,0
3,4,3,4,3.5,7,1,2
10,6,6,10,8.0,16,4,5
25,36,25,36,30.5,61,11,24
4,4,4,4,4.0,8,0,3
9,1,1,9,5.0,10,8,0
5,1,1,5,3.0,6,4,0
2,4,2,4,3.0,6,2,0
12,13,12,13,12.5,25,1,8
10,10,10,10,10.0,20,0,9
19,15,15,19,17.0,34,4,14
2,4,2,4,3.0,6,2,0
4,11,4,11,7.5,15,7,0
16,4,4,16,10.0,20,12,3
4,1,1,4,2.5,5,3,0
1,7,1,7,4.0,8,6,0
5,1,1,5,3.0,6,4,0
1,15,1,15,8.0,16,14,0
4,1,1,4,2.5,5,3,0
4,5,4,5,4.5,9,1,3
10,10,10,10,10.0,20,0,7
2,4,2,4,3.0,6,2,1
15,11,11,15,13.0,26,4,9
24,25,24,25,24.5,49,1,22
8,2,2,8,5.0,10,6,0
11,15,11,15,13.0,26,4,3
37,24,24,37,30.5,61,13,22
1,4,1,4,2.5,5,3,0
5,4,4,5,4.5,9,1,3
13,20,13,20,16.5,33,7,12
10,1,1,10,5.5,11,9,0
9,9,9,9,9.0,18,0,0
38,31,31,38,34.5,69,7,26
7,7,7,7,7.0,14,0,6
20,16,16,20,18.0,36,4,11
14,27,14,27,20.5,41,13,11
14,1,1,14,7.5,15,13,0
1,61,1,61,31.0,62,60,0
1,11,1,11,6.0,12,10,0
1,8,1,8,4.5,9,7,0
7,8,7,8,7.5,15,1,5
5,1,1,5,3.0,6,4,0
1,4,1,4,2.5,5,3,0
8,6,6,8,7.0,14,2,2
26,27,26,27,26.5,53,1,25
4,1,1,4,2.5,5,3,0
1,6,1,6,3.5,7,5,0
6,2,2,6,4.0,8,4,1
25,22,22,25,23.5,47,3,18
16,15,15,16,15.5,31,1,13
23,1,1,23,12.0,24,22,0
17,21,17,21,19.0,38,4,16
6,7,6,7,6.5,13,1,5
13,11,11,13,12.0,24,2,10
5,16,5,16,10.5,21,11,2
7,19,7,19,13.0,26,12,5
2,6,2,6,4.0,8,4,0
42,18,18,42,30.0,60,24,16
8,4,4,8,6.0,12,4,1
9,9,9,9,9.0,18,0,8
4,3,3,4,3.5,7,1,2
1,5,1,5,3.0,6,4,0
1,5,1,5,3.0,6,4,0
4,9,4,9,6.5,13,5,2
1,5,1,5,3.0,6,4,0
3,6,3,6,4.5,9,3,2
11,2,2,11,6.5,13,9,1
19,19,19,19,19.0,38,0,18
10,1,1,10,5.5,11,9,0
1,5,1,5,3.0,6,4,0
23,17,17,23,20.0,40,6,14
4,4,4,4,4.0,8,0,2
1,7,1,7,4.0,8,6,0
4,1,1,4,2.5,5,3,0
22,17,17,22,19.5,39,5,7
14,1,1,14,7.5,15,13,0
1,12,1,12,6.5,13,11,0
1,15,1,15,8.0,16,14,0
5,1,1,5,3.0,6,4,0
8,8,8,8,8.0,16,0,6
4,1,1,4,2.5,5,3,0
1,7,1,7,4.0,8,6,0
14,13,13,14,13.5,27,1,7
3,4,3,4,3.5,7,1,2
1,25,1,25,13.0,26,24,0
5,9,5,9,7.0,14,4,4
2,4,2,4,3.0,6,2,1
1,5,1,5,3.0,6,4,0
5,1,1,5,3.0,6,4,0
1,105,1,105,53.0,106,104,0
10,8,8,10,9.0,18,2,7
1,5,1,5,3.0,6,4,0
4,1,1,4,2.5,5,3,0
1,9,1,9,5.0,10,8,0
33,31,31,33,32.0,64,2,26
1,4,1,4,2.5,5,3,0
10,8,8,10,9.0,18,2,6
5,2,2,5,3.5,7,3,0
6,1,1,6,3.5,7,5,0
5,1,1,5,3.0,6,4,0
6,6,6,6,6.0,12,0,3
13,7,7,13,10.0,20,6,6
1,4,1,4,2.5,5,3,0
11,12,11,12,11.5,23,1,10
1,5,1,5,3.0,6,4,0
50,51,50,51,50.5,101,1,48
1,4,1,4,2.5,5,3,0
1,5,1,5,3.0,6,4,0
3,9,3,9,6.0,12,6,2
6,1,1,6,3.5,7,5,0
5,5,5,5,5.0,10,0,4
30,32,30,32,31.0,62,2,28
4,1,1,4,2.5,5,3,0
1,7,1,7,4.0,8,6,0
6,2,2,6,4.0,8,4,0
8,6,6,8,7.0,14,2,0
17,21,17,21,19.0,38,4,16
9,9,9,9,9.0,18,0,8
21,18,18,21,19.5,39,3,17
8,1,1,8,4.5,9,7,0
5,107,5,107,56.0,112,102,0
5,5,5,5,5.0,10,0,1
14,9,9,14,11.5,23,5,7
10,2,2,10,6.0,12,8,1
2,4,2,4,3.0,6,2,0
7,6,6,7,6.5,13,1,4
4,1,1,4,2.5,5,3,0
4,1,1,4,2.5,5,3,0
18,18,18,18,18.0,36,0,16
5,7,5,7,6.0,12,2,3
5,1,1,5,3.0,6,4,0
5,1,1,5,3.0,6,4,0
3,8,3,8,5.5,11,5,2
1,44,1,44,22.5,45,43,0
5,1,1,5,3.0,6,4,0
8,1,1,8,4.5,9,7,0
5,1,1,5,3.0,6,4,0
20,20,20,20,20.0,40,0,19
6,8,6,8,7.0,14,2,5
1,9,1,9,5.0,10,8,0
3,4,3,4,3.5,7,1,2
10,5,5,10,7.5,15,5,3
4,4,4,4,4.0,8,0,3
1,28,1,28,14.5,29,27,0
10,8,8,10,9.0,18,2,7
4,3,3,4,3.5,7,1,2
8,2,2,8,5.0,10,6,1
31,16,16,31,23.5,47,15,6
8,6,6,8,7.0,14,2,5
15,10,10,15,12.5,25,5,3
8,8,8,8,8.0,16,0,7
7,8,7,8,7.5,15,1,5
4,1,1,4,2.5,5,3,0
18,21,18,21,19.5,39,3,4
6,6,6,6,6.0,12,0,5
5,1,1,5,3.0,6,4,0
1,6,1,6,3.5,7,5,0
6,10,6,10,8.0,16,4,3
6,13,6,13,9.5,19,7,2
2,4,2,4,3.0,6,2,1
9,7,7,9,8.0,16,2,6
51,49,49,51,50.0,100,2,30
24,20,20,24,22.0,44,4,19
1,5,1,5,3.0,6,4,0
33,36,33,36,34.5,69,3,29
1,7,1,7,4.0,8,6,0
1,4,1,4,2.5,5,3,0
6,2,2,6,4.0,8,4,1
7,8,7,8,7.5,15,1,3
11,4,4,11,7.5,15,7,3
14,14,14,14,14.0,28,0,9
33,39,33,39,36.0,72,6,23
5,2,2,5,3.5,7,3,1
7,1,1,7,4.0,8,6,0
1,5,1,5,3.0,6,4,0
23,20,20,23,21.5,43,3,19
7,7,7,7,7.0,14,0,5
9,9,9,9,9.0,18,0,7
1,4,1,4,2.5,5,3,0
8,8,8,8,8.0,16,0,7
20,18,18,20,19.0,38,2,14
5,2,2,5,3.5,7,3,0
4,5,4,5,4.5,9,1,3
12,15,12,15,13.5,27,3,10
6,5,5,6,5.5,11,1,4
4,8,4,8,6.0,12,4,2
6,6,6,6,6.0,12,0,5
15,1,1,15,8.0,16,14,0
1,5,1,5,3.0,6,4,0
4,1,1,4,2.5,5,3,0
1,4,1,4,2.5,5,3,0
1,6,1,6,3.5,7,5,0
6,8,6,8,7.0,14,2,4
5,3,3,5,4.0,8,2,2
3,5,3,5,4.0,8,2,2
7,8,7,8,7.5,15,1,6
7,10,7,10,8.5,17,3,6
8,5,5,8,6.5,13,3,4
4,1,1,4,2.5,5,3,0
29,19,19,29,24.0,48,10,18
5,5,5,5,5.0,10,0,2
22,51,22,51,36.5,73,29,20
1,8,1,8,4.5,9,7,0
19,20,19,20,19.5,39,1,12
11,11,11,11,11.0,22,0,10
1,4,1,4,2.5,5,3,0
30,6,6,30,18.0,36,24,1
5,3,3,5,4.0,8,2,0
8,1,1,8,4.5,9,7,0
5,4,4,5,4.5,9,1,3
4,4,4,4,4.0,8,0,3
10,9,9,10,9.5,19,1,7
13,14,13,14,13.5,27,1,12
7,4,4,7,5.5,11,3,2
26,38,26,38,32.0,64,12,17
1,6,1,6,3.5,7,5,0
1,6,1,6,3.5,7,5,0
7,11,7,11,9.0,18,4,6
12,14,12,14,13.0,26,2,8
6,1,1,6,3.5,7,5,0
42,25,25,42,33.5,67,17,22
23,23,23,23,23.0,46,0,22
15,34,15,34,24.5,49,19,9
15,14,14,15,14.5,29,1,13
4,2,2,4,3.0,6,2,1
13,8,8,13,10.5,21,5,3
3,4,3,4,3.5,7,1,1
1,4,1,4,2.5,5,3,0
5,5,5,5,5.0,10,0,4
14,18,14,18,16.0,32,4,7
4,4,4,4,4.0,8,0,3
8,44,8,44,26.0,52,36,0
16,14,14,16,15.0,30,2,12
1,5,1,5,3.0,6,4,0
5,3,3,5,4.0,8,2,0
1,7,1,7,4.0,8,6,0
5,4,4,5,4.5,9,1,3
5,6,5,6,5.5,11,1,3
5,1,1,5,3.0,6,4,0
10,1,1,10,5.5,11,9,0
6,5,5,6,5.5,11,1,2
4,1,1,4,2.5,5,3,0
6,1,1,6,3.5,7,5,0
1,5,1,5,3.0,6,4,0
24,19,19,24,21.5,43,5,16
16,8,8,16,12.0,24,8,6
21,1,1,21,11.0,22,20,0
1,15,1,15,8.0,16,14,0
7,7,7,7,7.0,14,0,6
6,6,6,6,6.0,12,0,2
5,5,5,5,5.0,10,0,4
1,6,1,6,3.5,7,5,0
4,1,1,4,2.5,5,3,0
12,12,12,12,12.0,24,0,10
16,21,16,21,18.5,37,5,14
13,13,13,13,13.0,26,0,11
11,2,2,11,6.5,13,9,0
1,39,1,39,20.0,40,38,0
6,1,1,6,3.5,7,5,0
1,5,1,5,3.0,6,4,0
16,19,16,19,17.5,35,3,14
4,2,2,4,3.0,6,2,1
1,6,1,6,3.5,7,5,0
1,5,1,5,3.0,6,4,0
16,18,16,18,17.0,34,2,9
1,4,1,4,2.5,5,3,0
4,2,2,4,3.0,6,2,0
4,5,4,5,4.5,9,1,3
20,19,19,20,19.5,39,1,17
18,19,18,19,18.5,37,1,16
1,12,1,12,6.5,13,11,0
11,1,1,11,6.0,12,10,0
12,3,3,12,7.5,15,9,2
1,10,1,10,5.5,11,9,0
17,18,17,18,17.5,35,1,11
11,8,8,11,9.5,19,3,5
7,1,1,7,4.0,8,6,0
26,2,2,26,14.0,28,24,0
1,4,1,4,2.5,5,3,0
38,38,38,38,38.0,76,0,33
12,49,12,49,30.5,61,37,8
16,15,15,16,15.5,31,1,9
38,36,36,38,37.0,74,2,30
5,1,1,5,3.0,6,4,0
4,8,4,8,6.0,12,4,3
29,9,9,29,19.0,38,20,7
6,6,6,6,6.0,12,0,5
30,34,30,34,32.0,64,4,25
12,24,12,24,18.0,36,12,11
4,1,1,4,2.5,5,3,0
6,26,6,26,16.0,32,20,4
5,5,5,5,5.0,10,0,4
20,21,20,21,20.5,41,1,14
10,1,1,10,5.5,11,9,0
4,4,4,4,4.0,8,0,0
5,6,5,6,5.5,11,1,3
31,29,29,31,30.0,60,2,22
11,11,11,11,11.0,22,0,10
7,11,7,11,9.0,18,4,6
2,5,2,5,3.5,7,3,1
4,1,1,4,2.5,5,3,0
5,4,4,5,4.5,9,1,3
4,1,1,4,2.5,5,3,0
1,4,1,4,2.5,5,3,0
5,5,5,5,5.0,10,0,4
9,1,1,9,5.0,10,8,0
1,6,1,6,3.5,7,5,0
6,105,6,105,55.5,111,99,0
5,5,5,5,5.0,10,0,3
1,4,1,4,2.5,5,3,0
4,1,1,4,2.5,5,3,0
7,9,7,9,8.0,16,2,6
12,24,12,24,18.0,36,12,9
14,14,14,14,14.0,28,0,13
7,5,5,7,6.0,12,2,4
1,16,1,16,8.5,17,15,0
1,9,1,9,5.0,10,8,0
6,2,2,6,4.0,8,4,1
2,9,2,9,5.5,11,7,0
6,8,6,8,7.0,14,2,3
7,8,7,8,7.5,15,1,5
1,19,1,19,10.0,20,18,0
12,9,9,12,10.5,21,3,5
2,6,2,6,4.0,8,4,1
5,17,5,17,11.0,22,12,3
6,48,6,48,27.0,54,42,4
15,20,15,20,17.5,35,5,12
6,7,6,7,6.5,13,1,1
1,10,1,10,5.5,11,9,0
11,15,11,15,13.0,26,4,9
11,4,4,11,7.5,15,7,0
17,13,13,17,15.0,30,4,8
3,7,3,7,5.0,10,4,2
8,1,1,8,4.5,9,7,0
8,7,7,8,7.5,15,1,2
1,52,1,52,26.5,53,51,0
9,4,4,9,6.5,13,5,2
8,2,2,8,5.0,10,6,1
6,1,1,6,3.5,7,5,0
4,5,4,5,4.5,9,1,3
7,8,7,8,7.5,15,1,4
1,4,1,4,2.5,5,3,0
9,1,1,9,5.0,10,8,0
11,1,1,11,6.0,12,10,0
32,32,32,32,32.0,64,0,30
3,4,3,4,3.5,7,1,0
2,8,2,8,5.0,10,6,1
2,8,2,8,5.0,10,6,0
4,4,4,4,4.0,8,0,3
8,10,8,10,9.0,18,2,6
6,8,6,8,7.0,14,2,5
22,20,20,22,21.0,42,2,16
8,7,7,8,7.5,15,1,5
1,11,1,11,6.0,12,10,0
43,30,30,43,36.5,73,13,25
10,1,1,10,5.5,11,9,0
4,1,1,4,2.5,5,3,0
8,1,1,8,4.5,9,7,0
2,7,2,7,4.5,9,5,0
7,2,2,7,4.5,9,5,0
9,8,8,9,8.5,17,1,7
6,5,5,6,5.5,11,1,2
14,13,13,14,13.5,27,1,12
4,1,1,4,2.5,5,3,0
4,4,4,4,4.0,8,0,3
4,2,2,4,3.0,6,2,1
1,9,1,9,5.0,10,8,0
4,1,1,4,2.5,5,3,0
1,8,1,8,4.5,9,7,0
12,11,11,12,11.5,23,1,10
1,4,1,4,2.5,5,3,0
5,3,3,5,4.0,8,2,1
7,7,7,7,7.0,14,0,4
27,26,26,27,26.5,53,1,25
1,13,1,13,7.0,14,12,0
1,5,1,5,3.0,6,4,0
10,10,10,10,10.0,20,0,7
8,3,3,8,5.5,11,5,1
33,36,33,36,34.5,69,3,32
4,1,1,4,2.5,5,3,0
14,14,14,14,14.0,28,0,13
49,49,49,49,49.0,98,0,30
9,6,6,9,7.5,15,3,4
1,5,1,5,3.0,6,4,0
1,4,1,4,2.5,5,3,0
1,40,1,40,20.5,41,39,0
19,13,13,19,16.0,32,6,8
6,6,6,6,6.0,12,0,4
1,5,1,5,3.0,6,4,0
4,4,4,4,4.0,8,0,3
7,1,1,7,4.0,8,6,0
1,4,1,4,2.5,5,3,0
10,10,10,10,10.0,20,0,8
23,23,23,23,23.0,46,0,7
5,1,1,5,3.0,6,4,0
1,17,1,17,9.0,18,16,0
4,11,4,11,7.5,15,7,0
1,5,1,5,3.0,6,4,0
39,39,39,39,39.0,78,0,34
10,3,3,10,6.5,13,7,1
20,51,20,51,35.5,71,31,19
4,1,1,4,2.5,5,3,0
7,1,1,7,4.0,8,6,0
19,1,1,19,10.0,20,18,0
8,16,8,16,12.0,24,8,5
1,4,1,4,2.5,5,3,0
17,1,1,17,9.0,18,16,0
5,2,2,5,3.5,7,3,1
12,11,11,12,11.5,23,1,10
14,13,13,14,13.5,27,1,7
5,1,1,5,3.0,6,4,0
21,15,15,21,18.0,36,6,14
13,1,1,13,7.0,14,12,0
4,5,4,5,4.5,9,1,2
5,1,1,5,3.0,6,4,0
14,16,14,16,15.0,30,2,10
1,19,1,19,10.0,20,18,0
4,2,2,4,3.0,6,2,0
1,10,1,10,5.5,11,9,0
5,5,5,5,5.0,10,0,0
1,6,1,6,3.5,7,5,0
5,1,1,5,3.0,6,4,0
2,6,2,6,4.0,8,4,0
1,5,1,5,3.0,6,4,0
5,4,4,5,4.5,9,1,3
5,1,1,5,3.0,6,4,0
4,8,4,8,6.0,12,4,3
16,20,16,20,18.0,36,4,15
4,4,4,4,4.0,8,0,3
8,12,8,12,10.0,20,4,7
5,17,5,17,11.0,22,12,3
3,5,3,5,4.0,8,2,2
1,6,1,6,3.5,7,5,0
4,5,4,5,4.5,9,1,3
16,19,16,19,17.5,35,3,14
20,32,20,32,26.0,52,12,16
5,1,1,5,3.0,6,4,0
4,5,4,5,4.5,9,1,0
5,1,1,5,3.0,6,4,0
7,7,7,7,7.0,14,0,6
5,1,1,5,3.0,6,4,0
18,49,18,49,33.5,67,31,10
1,6,1,6,3.5,7,5,0
4,2,2,4,3.0,6,2,1
4,2,2,4,3.0,6,2,1
1,12,1,12,6.5,13,11,0
12,9,9,12,10.5,21,3,8
12,1,1,12,6.5,13,11,0
22,6,6,22,14.0,28,16,5
9,9,9,9,9.0,18,0,8
8,7,7,8,7.5,15,1,6
1,4,1,4,2.5,5,3,0
7,8,7,8,7.5,15,1,6
14,26,14,26,20.0,40,12,12
1,4,1,4,2.5,5,3,0
10,1,1,10,5.5,11,9,0
6,1,1,6,3.5,7,5,0
27,24,24,27,25.5,51,3,23
2,4,2,4,3.0,6,2,1
7,8,7,8,7.5,15,1,5
7,7,7,7,7.0,14,0,6
1,4,1,4,2.5,5,3,0
5,1,1,5,3.0,6,4,0
24,29,24,29,26.5,53,5,23
1,5,1,5,3.0,6,4,0
7,3,3,7,5.0,10,4,1
1,16,1,16,8.5,17,15,0
5,8,5,8,6.5,13,3,2
6,1,1,6,3.5,7,5,0
6,2,2,6,4.0,8,4,1
1,6,1,6,3.5,7,5,0
11,9,9,11,10.0,20,2,8
14,19,14,19,16.5,33,5,11
2,10,2,10,6.0,12,8,0
4,4,4,4,4.0,8,0,3
1,9,1,9,5.0,10,8,0
1,4,1,4,2.5,5,3,0
6,6,6,6,6.0,12,0,5
41,26,26,41,33.5,67,15,24
5,5,5,5,5.0,10,0,4
2,5,2,5,3.5,7,3,0
4,4,4,4,4.0,8,0,2
2,14,2,14,8.0,16,12,0
4,5,4,5,4.5,9,1,0
4,4,4,4,4.0,8,0,3
27,26,26,27,26.5,53,1,25
5,3,3,5,4.0,8,2,2
1,48,1,48,24.5,49,47,0
1,4,1,4,2.5,5,3,0
9,1,1,9,5.0,10,8,0
12,11,11,12,11.5,23,1,1
4,5,4,5,4.5,9,1,2
1,65,1,65,33.0,66,64,0
26,36,26,36,31.0,62,10,19
9,9,9,9,9.0,18,0,7
7,6,6,7,6.5,13,1,2
1,4,1,4,2.5,5,3,0
5,1,1,5,3.0,6,4,0
2,5,2,5,3.5,7,3,1
2,6,2,6,4.0,8,4,1
1,5,1,5,3.0,6,4,0
1,4,1,4,2.5,5,3,0
15,10,10,15,12.5,25,5,9
5,9,5,9,7.0,14,4,4
1,4,1,4,2.5,5,3,0
2,5,2,5,3.5,7,3,1
2,4,2,4,3.0,6,2,0
21,1,1,21,11.0,22,20,0
31,28,28,31,29.5,59,3,23
20,28,20,28,24.0,48,8,0
4,12,4,12,8.0,16,8,1
4,1,1,4,2.5,5,3,0
22,12,12,22,17.0,34,10,9
4,1,1,4,2.5,5,3,0
5,1,1,5,3.0,6,4,0
4,3,3,4,3.5,7,1,2
2,10,2,10,6.0,12,8,1
6,1,1,6,3.5,7,5,0
5,1,1,5,3.0,6,4,0
4,2,2,4,3.0,6,2,0
7,1,1,7,4.0,8,6,0
1,5,1,5,3.0,6,4,0
21,20,20,21,20.5,41,1,18
18,27,18,27,22.5,45,9,14
6,4,4,6,5.0,10,2,3
1,5,1,5,3.0,6,4,0
8,7,7,8,7.5,15,1,5
6,1,1,6,3.5,7,5,0
4,2,2,4,3.0,6,2,1
5,1,1,5,3.0,6,4,0
7,9,7,9,8.0,16,2,6
4,2,2,4,3.0,6,2,1
9,12,9,12,10.5,21,3,8
2,10,2,10,6.0,12,8,1
5,7,5,7,6.0,12,2,4
13,31,13,31,22.0,44,18,7
33,38,33,38,35.5,71,5,28
5,8,5,8,6.5,13,3,0
1,5,1,5,3.0,6,4,0
42,29,29,42,35.5,71,13,27
5,7,5,7,6.0,12,2,4
11,6,6,11,8.5,17,5,3
19,14,14,19,16.5,33,5,13
1,4,1,4,2.5,5,3,0
10,6,6,10,8.0,16,4,4
1,5,1,5,3.0,6,4,0
1,10,1,10,5.5,11,9,0
7,4,4,7,5.5,11,3,0
19,11,11,19,15.0,30,8,8
6,1,1,6,3.5,7,5,0
9,7,7,9,8.0,16,2,3
7,16,7,16,11.5,23,9,6
29,16,16,29,22.5,45,13,14
1,4,1,4,2.5,5,3,0
1,4,1,4,2.5,5,3,0
7,1,1,7,4.0,8,6,0
7,22,7,22,14.5,29,15,0
9,1,1,9,5.0,10,8,0
5,1,1,5,3.0,6,4,0
20,25,20,25,22.5,45,5,19
45,40,40,45,42.5,85,5,38
4,4,4,4,4.0,8,0,3
41,48,41,48,44.5,89,7,38
29,28,28,29,28.5,57,1,19
2,5,2,5,3.5,7,3,1
1,4,1,4,2.5,5,3,0
11,4,4,11,7.5,15,7,0
8,8,8,8,8.0,16,0,7
2,5,2,5,3.5,7,3,1
8,66,8,66,37.0,74,58,1
11,9,9,11,10.0,20,2,8
9,12,9,12,10.5,21,3,8
10,1,1,10,5.5,11,9,0
1,5,1,5,3.0,6,4,0
4,2,2,4,3.0,6,2,1
14,10,10,14,12.0,24,4,8
2,18,2,18,10.0,20,16,0
1,9,1,9,5.0,10,8,0
1,5,1,5,3.0,6,4,0
1,5,1,5,3.0,6,4,0
4,5,4,5,4.5,9,1,1
46,48,46,48,47.0,94,2,36
1,6,1,6,3.5,7,5,0
1,7,1,7,4.0,8,6,0
1,7,1,7,4.0,8,6,0
1,105,1,105,53.0,106,104,0
6,2,2,6,4.0,8,4,0
1,5,1,5,3.0,6,4,0
13,14,13,14,13.5,27,1,12
6,6,6,6,6.0,12,0,5
13,11,11,13,12.0,24,2,10
1,5,1,5,3.0,6,4,0
7,34,7,34,20.5,41,27,3
4,1,1,4,2.5,5,3,0
10,9,9,10,9.5,19,1,8
5,15,5,15,10.0,20,10,1
9,9,9,9,9.0,18,0,8
2,29,2,29,15.5,31,27,1
27,23,23,27,25.0,50,4,16
4,5,4,5,4.5,9,1,3
11,12,11,12,11.5,23,1,10
10,9,9,10,9.5,19,1,7
8,1,1,8,4.5,9,7,0
4,1,1,4,2.5,5,3,0
19,20,19,20,19.5,39,1,18
8,7,7,8,7.5,15,1,6
2,6,2,6,4.0,8,4,1
28,31,28,31,29.5,59,3,25
17,11,11,17,14.0,28,6,5
14,16,14,16,15.0,30,2,9
5,1,1,5,3.0,6,4,0
2,20,2,20,11.0,22,18,0
4,1,1,4,2.5,5,3,0
12,10,10,12,11.0,22,2,9
2,5,2,5,3.5,7,3,1
7,1,1,7,4.0,8,6,0
3,9,3,9,6.0,12,6,2
14,23,14,23,18.5,37,9,12
1,14,1,14,7.5,15,13,0
4,1,1,4,2.5,5,3,0
11,11,11,11,11.0,22,0,10
1,10,1,10,5.5,11,9,0
2,4,2,4,3.0,6,2,1
4,3,3,4,3.5,7,1,2
6,5,5,6,5.5,11,1,0
1,7,1,7,4.0,8,6,0
9,7,7,9,8.0,16,2,3
1,7,1,7,4.0,8,6,0
6,5,5,6,5.5,11,1,1
1,5,1,5,3.0,6,4,0
1,6,1,6,3.5,7,5,0
1,5,1,5,3.0,6,4,0
6,6,6,6,6.0,12,0,4
2,13,2,13,7.5,15,11,0
6,7,6,7,6.5,13,1,5
4,2,2,4,3.0,6,2,1
1,4,1,4,2.5,5,3,0
6,1,1,6,3.5,7,5,0
1,7,1,7,4.0,8,6,0
8,9,8,9,8.5,17,1,7
2,12,2,12,7.0,14,10,1
34,36,34,36,35.0,70,2,30
5,1,1,5,3.0,6,4,0
11,6,6,11,8.5,17,5,5
13,13,13,13,13.0,26,0,12
5,5,5,5,5.0,10,0,4
7,7,7,7,7.0,14,0,6
2,21,2,21,11.5,23,19,0
17,18,17,18,17.5,35,1,10
7,8,7,8,7.5,15,1,4
12,8,8,12,10.0,20,4,0
4,1,1,4,2.5,5,3,0
17,12,12,17,14.5,29,5,7
4,4,4,4,4.0,8,0,3
29,36,29,36,32.5,65,7,27
18,12,12,18,15.0,30,6,1
4,44,4,44,24.0,48,40,0
8,12,8,12,10.0,20,4,7
7,4,4,7,5.5,11,3,0
1,21,1,21,11.0,22,20,0
11,10,10,11,10.5,21,1,9
4,1,1,4,2.5,5,3,0
17,16,16,17,16.5,33,1,12
9,13,9,13,11.0,22,4,5
5,9,5,9,7.0,14,4,4
1,4,1,4,2.5,5,3,0
1,8,1,8,4.5,9,7,0
1,4,1,4,2.5,5,3,0
10,2,2,10,6.0,12,8,0
7,6,6,7,6.5,13,1,5
5,29,5,29,17.0,34,24,0
4,1,1,4,2.5,5,3,0
4,5,4,5,4.5,9,1,2
1,6,1,6,3.5,7,5,0
24,19,19,24,21.5,43,5,13
4,4,4,4,4.0,8,0,3
7,6,6,7,6.5,13,1,3
4,4,4,4,4.0,8,0,3
6,4,4,6,5.0,10,2,2
15,14,14,15,14.5,29,1,8
9,13,9,13,11.0,22,4,7
6,1,1,6,3.5,7,5,0
12,8,8,12,10.0,20,4,6
46,45,45,46,45.5,91,1,33
6,5,5,6,5.5,11,1,4
13,1,1,13,7.0,14,12,0
28,51,28,51,39.5,79,23,27
22,31,22,31,26.5,53,9,17
1,11,1,11,6.0,12,10,0
23,21,21,23,22.0,44,2,19
20,5,5,20,12.5,25,15,3
12,7,7,12,9.5,19,5,6
4,1,1,4,2.5,5,3,0
7,9,7,9,8.0,16,2,1
9,9,9,9,9.0,18,0,7
10,7,7,10,8.5,17,3,5
18,20,18,20,19.0,38,2,16
35,24,24,35,29.5,59,11,23
7,1,1,7,4.0,8,6,0
11,10,10,11,10.5,21,1,7
5,1,1,5,3.0,6,4,0
8,7,7,8,7.5,15,1,6
32,31,31,32,31.5,63,1,24
11,10,10,11,10.5,21,1,9
1,15,1,15,8.0,16,14,0
4,1,1,4,2.5,5,3,0
16,1,1,16,8.5,17,15,0
4,1,1,4,2.5,5,3,0
5,6,5,6,5.5,11,1,4
4,1,1,4,2.5,5,3,0
9,1,1,9,5.0,10,8,0
39,25,25,39,32.0,64,14,18
11,3,3,11,7.0,14,8,1
6,1,1,6,3.5,7,5,0
3,30,3,30,16.5,33,27,0
6,10,6,10,8.0,16,4,5
4,3,3,4,3.5,7,1,2
7,1,1,7,4.0,8,6,0
6,8,6,8,7.0,14,2,5
2,18,2,18,10.0,20,16,0
19,19,19,19,19.0,38,0,15
6,7,6,7,6.5,13,1,4
4,4,4,4,4.0,8,0,2
31,21,21,31,26.0,52,10,14
6,1,1,6,3.5,7,5,0
5,5,5,5,5.0,10,0,4
1,8,1,8,4.5,9,7,0
5,5,5,5,5.0,10,0,3
10,10,10,10,10.0,20,0,9
9,12,9,12,10.5,21,3,8
5,4,4,5,4.5,9,1,3
8,5,5,8,6.5,13,3,4
1,9,1,9,5.0,10,8,0
19,20,19,20,19.5,39,1,18
4,1,1,4,2.5,5,3,0
11,7,7,11,9.0,18,4,6
4,1,1,4,2.5,5,3,0
16,1,1,16,8.5,17,15,0
1,21,1,21,11.0,22,20,0
19,53,19,53,36.0,72,34,10
6,6,6,6,6.0,12,0,5
5,6,5,6,5.5,11,1,4
6,16,6,16,11.0,22,10,4
6,5,5,6,5.5,11,1,4
5,6,5,6,5.5,11,1,4
17,39,17,39,28.0,56,22,13
22,22,22,22,22.0,44,0,17
21,19,19,21,20.0,40,2,18
1,4,1,4,2.5,5,3,0
3,7,3,7,5.0,10,4,1
9,19,9,19,14.0,28,10,7
5,5,5,5,5.0,10,0,4
13,13,13,13,13.0,26,0,12
2,4,2,4,3.0,6,2,1
8,8,8,8,8.0,16,0,6
13,14,13,14,13.5,27,1,12
29,31,29,31,30.0,60,2,24
4,1,1,4,2.5,5,3,0
5,2,2,5,3.5,7,3,1
11,1,1,11,6.0,12,10,0
9,5,5,9,7.0,14,4,4
1,5,1,5,3.0,6,4,0
11,9,9,11,10.0,20,2,8
9,9,9,9,9.0,18,0,8
9,9,9,9,9.0,18,0,8
4,1,1,4,2.5,5,3,0
23,41,23,41,32.0,64,18,21
16,16,16,16,16.0,32,0,14
20,21,20,21,20.5,41,1,19
11,11,11,11,11.0,22,0,10
6,1,1,6,3.5,7,5,0
5,1,1,5,3.0,6,4,0
5,1,1,5,3.0,6,4,0
18,20,18,20,19.0,38,2,14
12,10,10,12,11.0,22,2,7
4,1,1,4,2.5,5,3,0
7,1,1,7,4.0,8,6,0
15,19,15,19,17.0,34,4,12
2,6,2,6,4.0,8,4,0
1,4,1,4,2.5,5,3,0
4,1,1,4,2.5,5,3,0
5,7,5,7,6.0,12,2,4
4,8,4,8,6.0,12,4,3
13,10,10,13,11.5,23,3,4
4,1,1,4,2.5,5,3,0
4,1,1,4,2.5,5,3,0
8,10,8,10,9.0,18,2,6
2,7,2,7,4.5,9,5,1
4,5,4,5,4.5,9,1,3
6,1,1,6,3.5,7,5,0
8,1,1,8,4.5,9,7,0
1,4,1,4,2.5,5,3,0
4,4,4,4,4.0,8,0,3
1,8,1,8,4.5,9,7,0
1,6,1,6,3.5,7,5,0
23,24,23,24,23.5,47,1,22
1,9,1,9,5.0,10,8,0
13,11,11,13,12.0,24,2,9
5,2,2,5,3.5,7,3,1
4,2,2,4,3.0,6,2,1
1,11,1,11,6.0,12,10,0
5,5,5,5,5.0,10,0,3
4,4,4,4,4.0,8,0,3
13,10,10,13,11.5,23,3,8
7,3,3,7,5.0,10,4,2
5,4,4,5,4.5,9,1,3
6,1,1,6,3.5,7,5,0
6,4,4,6,5.0,10,2,3
23,21,21,23,22.0,44,2,20
7,1,1,7,4.0,8,6,0
1,6,1,6,3.5,7,5,0
18,24,18,24,21.0,42,6,15
1,27,1,27,14.0,28,26,0
26,28,26,28,27.0,54,2,21
13,13,13,13,13.0,26,0,12
6,9,6,9,7.5,15,3,4
17,15,15,17,16.0,32,2,14
4,1,1,4,2.5,5,3,0
7,6,6,7,6.5,13,1,5
7,5,5,7,6.0,12,2,2
1,11,1,11,6.0,12,10,0
5,3,3,5,4.0,8,2,2
5,4,4,5,4.5,9,1,3
2,5,2,5,3.5,7,3,0
11,12,11,12,11.5,23,1,10
2,4,2,4,3.0,6,2,1
6,8,6,8,7.0,14,2,3
1,4,1,4,2.5,5,3,0
5,4,4,5,4.5,9,1,2
15,15,15,15,15.0,30,0,12
1,5,1,5,3.0,6,4,0
6,6,6,6,6.0,12,0,5
2,7,2,7,4.5,9,5,0
24,35,24,35,29.5,59,11,16
14,12,12,14,13.0,26,2,10
6,22,6,22,14.0,28,16,1
9,6,6,9,7.5,15,3,5
5,1,1,5,3.0,6,4,0
7,7,7,7,7.0,14,0,4
20,18,18,20,19.0,38,2,17
4,1,1,4,2.5,5,3,0
7,9,7,9,8.0,16,2,5
1,4,1,4,2.5,5,3,0
5,5,5,5,5.0,10,0,4
5,2,2,5,3.5,7,3,0
50,24,24,50,37.0,74,26,23
5,2,2,5,3.5,7,3,0
4,4,4,4,4.0,8,0,3
21,23,21,23,22.0,44,2,12
5,6,5,6,5.5,11,1,4
4,1,1,4,2.5,5,3,0
4,1,1,4,2.5,5,3,0
2,10,2,10,6.0,12,8,1
38,22,22,38,30.0,60,16,20
6,5,5,6,5.5,11,1,4
15,2,2,15,8.5,17,13,0
10,11,10,11,10.5,21,1,9
21,15,15,21,18.0,36,6,12
2,5,2,5,3.5,7,3,1
4,15,4,15,9.5,19,11,1
16,14,14,16,15.0,30,2,9
4,1,1,4,2.5,5,3,0
5,1,1,5,3.0,6,4,0
2,9,2,9,5.5,11,7,1
14,11,11,14,12.5,25,3,10
5,1,1,5,3.0,6,4,0
7,1,1,7,4.0,8,6,0
17,6,6,17,11.5,23,11,5
4,6,4,6,5.0,10,2,1
7,7,7,7,7.0,14,0,5
32,33,32,33,32.5,65,1,25
10,4,4,10,7.0,14,6,3
4,2,2,4,3.0,6,2,1
7,1,1,7,4.0,8,6,0
13,12,12,13,12.5,25,1,10
22,19,19,22,20.5,41,3,18
9,1,1,9,5.0,10,8,0
18,19,18,19,18.5,37,1,17
5,5,5,5,5.0,10,0,4
5,5,5,5,5.0,10,0,4
1,4,1,4,2.5,5,3,0
5,4,4,5,4.5,9,1,2
7,1,1,7,4.0,8,6,0
12,18,12,18,15.0,30,6,11
14,7,7,14,10.5,21,7,4
2,5,2,5,3.5,7,3,1
11,9,9,11,10.0,20,2,4
6,7,6,7,6.5,13,1,5
4,16,4,16,10.0,20,12,0
17,14,14,17,15.5,31,3,13
11,1,1,11,6.0,12,10,0
5,31,5,31,18.0,36,26,4
6,5,5,6,5.5,11,1,3
4,5,4,5,4.5,9,1,0
18,22,18,22,20.0,40,4,14
4,1,1,4,2.5,5,3,0
4,7,4,7,5.5,11,3,0
1,6,1,6,3.5,7,5,0
8,9,8,9,8.5,17,1,7
3,5,3,5,4.0,8,2,0
1,5,1,5,3.0,6,4,0
1,4,1,4,2.5,5,3,0
34,29,29,34,31.5,63,5,11
4,4,4,4,4.0,8,0,2
6,6,6,6,6.0,12,0,5
14,1,1,14,7.5,15,13,0
4,4,4,4,4.0,8,0,3
5,6,5,6,5.5,11,1,4
6,1,1,6,3.5,7,5,0
8,1,1,8,4.5,9,7,0
5,6,5,6,5.5,11,1,4
1,6,1,6,3.5,7,5,0
14,9,9,14,11.5,23,5,7
9,3,3,9,6.0,12,6,2
10,11,10,11,10.5,21,1,8
2,11,2,11,6.5,13,9,0
1,4,1,4,2.5,5,3,0
10,2,2,10,6.0,12,8,1
10,6,6,10,8.0,16,4,5
11,6,6,11,8.5,17,5,2
4,17,4,17,10.5,21,13,2
20,46,20,46,33.0,66,26,19
24,41,24,41,32.5,65,17,23
6,7,6,7,6.5,13,1,5
5,5,5,5,5.0,10,0,3
6,7,6,7,6.5,13,1,5
6,1,1,6,3.5,7,5,0
21,21,21,21,21.0,42,0,19
8,5,5,8,6.5,13,3,1
13,7,7,13,10.0,20,6,5
12,8,8,12,10.0,20,4,7
5,1,1,5,3.0,6,4,0
5,1,1,5,3.0,6,4,0
9,7,7,9,8.0,16,2,4
10,8,8,10,9.0,18,2,7
7,10,7,10,8.5,17,3,6
6,5,5,6,5.5,11,1,0
1,4,1,4,2.5,5,3,0
10,6,6,10,8.0,16,4,5
9,11,9,11,10.0,20,2,6
7,7,7,7,7.0,14,0,6
24,21,21,24,22.5,45,3,18
15,15,15,15,15.0,30,0,9
1,4,1,4,2.5,5,3,0
4,5,4,5,4.5,9,1,3
9,1,1,9,5.0,10,8,0
21,23,21,23,22.0,44,2,17
14,14,14,14,14.0,28,0,11
15,10,10,15,12.5,25,5,5
13,23,13,23,18.0,36,10,12
16,14,14,16,15.0,30,2,11
9,8,8,9,8.5,17,1,7
16,14,14,16,15.0,30,2,10
15,25,15,25,20.0,40,10,12
1,4,1,4,2.5,5,3,0
8,15,8,15,11.5,23,7,7
1,10,1,10,5.5,11,9,0
6,11,6,11,8.5,17,5,5
1,4,1,4,2.5,5,3,0
1,7,1,7,4.0,8,6,0
9,4,4,9,6.5,13,5,3
1,5,1,5,3.0,6,4,0
4,4,4,4,4.0,8,0,3
3,5,3,5,4.0,8,2,2
1,4,1,4,2.5,5,3,0
48,36,36,48,42.0,84,12,35
7,9,7,9,8.0,16,2,6
6,6,6,6,6.0,12,0,5
8,8,8,8,8.0,16,0,4
13,9,9,13,11.0,22,4,6
25,19,19,25,22.0,44,6,18
29,13,13,29,21.0,42,16,3
13,12,12,13,12.5,25,1,11
5,1,1,5,3.0,6,4,0
6,4,4,6,5.0,10,2,2
10,8,8,10,9.0,18,2,7
5,1,1,5,3.0,6,4,0
9,8,8,9,8.5,17,1,5
7,6,6,7,6.5,13,1,4
1,5,1,5,3.0,6,4,0
13,15,13,15,14.0,28,2,12
9,5,5,9,7.0,14,4,4
10,11,10,11,10.5,21,1,9
4,5,4,5,4.5,9,1,2
8,6,6,8,7.0,14,2,4
4,1,1,4,2.5,5,3,0
31,31,31,31,31.0,62,0,28
7,6,6,7,6.5,13,1,3
4,1,1,4,2.5,5,3,0
6,5,5,6,5.5,11,1,4
27,29,27,29,28.0,56,2,20
5,5,5,5,5.0,10,0,4
6,1,1,6,3.5,7,5,0
10,10,10,10,10.0,20,0,8
5,5,5,5,5.0,10,0,4
19,23,19,23,21.0,42,4,17
4,1,1,4,2.5,5,3,0
7,6,6,7,6.5,13,1,2
1,5,1,5,3.0,6,4,0
18,24,18,24,21.0,42,6,17
23,42,23,42,32.5,65,19,21
29,28,28,29,28.5,57,1,24
13,56,13,56,34.5,69,43,1
6,6,6,6,6.0,12,0,1
6,15,6,15,10.5,21,9,4
13,12,12,13,12.5,25,1,11
21,20,20,21,20.5,41,1,17
10,13,10,13,11.5,23,3,9
4,5,4,5,4.5,9,1,1
5,14,5,14,9.5,19,9,3
6,10,6,10,8.0,16,4,5
4,4,4,4,4.0,8,0,1
1,4,1,4,2.5,5,3,0
4,6,4,6,5.0,10,2,1
8,3,3,8,5.5,11,5,0
5,10,5,10,7.5,15,5,4
5,5,5,5,5.0,10,0,4
1,8,1,8,4.5,9,7,0
43,43,43,43,43.0,86,0,40
1,9,1,9,5.0,10,8,0
5,2,2,5,3.5,7,3,1
9,5,5,9,7.0,14,4,1
13,10,10,13,11.5,23,3,9
9,13,9,13,11.0,22,4,6
19,42,19,42,30.5,61,23,18
9,10,9,10,9.5,19,1,8
2,7,2,7,4.5,9,5,1
2,9,2,9,5.5,11,7,1
8,11,8,11,9.5,19,3,5
4,4,4,4,4.0,8,0,3
6,5,5,6,5.5,11,1,1
4,2,2,4,3.0,6,2,1
1,4,1,4,2.5,5,3,0
16,12,12,16,14.0,28,4,11
1,6,1,6,3.5,7,5,0
12,11,11,12,11.5,23,1,6
18,15,15,18,16.5,33,3,11
24,28,24,28,26.0,52,4,23
7,11,7,11,9.0,18,4,6
4,3,3,4,3.5,7,1,2
11,7,7,11,9.0,18,4,6
4,1,1,4,2.5,5,3,0
1,7,1,7,4.0,8,6,0
8,1,1,8,4.5,9,7,0
18,19,18,19,18.5,37,1,15
4,1,1,4,2.5,5,3,0
20,25,20,25,22.5,45,5,19
5,6,5,6,5.5,11,1,3
1,5,1,5,3.0,6,4,0
1,5,1,5,3.0,6,4,0
1,4,1,4,2.5,5,3,0
4,1,1,4,2.5,5,3,0
1,5,1,5,3.0,6,4,0
15,10,10,15,12.5,25,5,7
4,1,1,4,2.5,5,3,0
6,2,2,6,4.0,8,4,0
5,5,5,5,5.0,10,0,4
1,11,1,11,6.0,12,10,0
47,37,37,47,42.0,84,10,27
27,37,27,37,32.0,64,10,10
14,9,9,14,11.5,23,5,8
13,10,10,13,11.5,23,3,9
22,37,22,37,29.5,59,15,19
1,17,1,17,9.0,18,16,0
1,4,1,4,2.5,5,3,0
1,4,1,4,2.5,5,3,0
1,8,1,8,4.5,9,7,0
8,6,6,8,7.0,14,2,5
1,9,1,9,5.0,10,8,0
6,4,4,6,5.0,10,2,3
1,16,1,16,8.5,17,15,0
4,10,4,10,7.0,14,6,2
7,19,7,19,13.0,26,12,6
1,4,1,4,2.5,5,3,0
12,10,10,12,11.0,22,2,5
14,22,14,22,18.0,36,8,12
6,21,6,21,13.5,27,15,4
31,44,31,44,37.5,75,13,26
7,1,1,7,4.0,8,6,0
4,6,4,6,5.0,10,2,3
13,12,12,13,12.5,25,1,8
5,6,5,6,5.5,11,1,4
4,13,4,13,8.5,17,9,2
36,47,36,47,41.5,83,11,34
13,17,13,17,15.0,30,4,11
34,53,34,53,43.5,87,19,21
5,16,5,16,10.5,21,11,3
8,1,1,8,4.5,9,7,0
9,7,7,9,8.0,16,2,6
5,1,1,5,3.0,6,4,0
1,6,1,6,3.5,7,5,0
17,6,6,17,11.5,23,11,4
1,6,1,6,3.5,7,5,0
2,10,2,10,6.0,12,8,0
20,21,20,21,20.5,41,1,16
17,22,17,22,19.5,39,5,12
7,7,7,7,7.0,14,0,5
4,2,2,4,3.0,6,2,0
6,7,6,7,6.5,13,1,0
1,10,1,10,5.5,11,9,0
6,6,6,6,6.0,12,0,5
4,4,4,4,4.0,8,0,3
2,12,2,12,7.0,14,10,0
2,4,2,4,3.0,6,2,1
42,47,42,47,44.5,89,5,32
1,4,1,4,2.5,5,3,0
1,17,1,17,9.0,18,16,0
5,2,2,5,3.5,7,3,1
1,10,1,10,5.5,11,9,0
13,10,10,13,11.5,23,3,6
5,8,5,8,6.5,13,3,2
36,44,36,44,40.0,80,8,35
1,4,1,4,2.5,5,3,0
27,20,20,27,23.5,47,7,19
1,36,1,36,18.5,37,35,0
1,5,1,5,3.0,6,4,0
5,5,5,5,5.0,10,0,4
4,1,1,4,2.5,5,3,0
7,6,6,7,6.5,13,1,5
1,9,1,9,5.0,10,8,0
7,7,7,7,7.0,14,0,6
5,2,2,5,3.5,7,3,0
16,17,16,17,16.5,33,1,10
2,7,2,7,4.5,9,5,1
1,18,1,18,9.5,19,17,0
9,9,9,9,9.0,18,0,8
12,12,12,12,12.0,24,0,10
6,1,1,6,3.5,7,5,0
18,14,14,18,16.0,32,4,12
1,9,1,9,5.0,10,8,0
21,6,6,21,13.5,27,15,5
2,5,2,5,3.5,7,3,1
8,10,8,10,9.0,18,2,5
2,5,2,5,3.5,7,3,0
5,1,1,5,3.0,6,4,0
22,51,22,51,36.5,73,29,19
3,4,3,4,3.5,7,1,2
15,6,6,15,10.5,21,9,5
5,4,4,5,4.5,9,1,3
3,7,3,7,5.0,10,4,1
7,1,1,7,4.0,8,6,0
4,1,1,4,2.5,5,3,0
27,26,26,27,26.5,53,1,25
1,8,1,8,4.5,9,7,0
7,11,7,11,9.0,18,4,3
43,44,43,44,43.5,87,1,40
6,4,4,6,5.0,10,2,0
29,40,29,40,34.5,69,11,17
25,44,25,44,34.5,69,19,20
2,7,2,7,4.5,9,5,1
10,11,10,11,10.5,21,1,5
1,11,1,11,6.0,12,10,0
5,4,4,5,4.5,9,1,3
1,11,1,11,6.0,12,10,0
26,27,26,27,26.5,53,1,25
9,1,1,9,5.0,10,8,0
2,8,2,8,5.0,10,6,1
1,4,1,4,2.5,5,3,0
11,2,2,11,6.5,13,9,1
5,1,1,5,3.0,6,4,0
4,5,4,5,4.5,9,1,3
11,10,10,11,10.5,21,1,9
12,4,4,12,8.0,16,8,3
7,7,7,7,7.0,14,0,6
12,13,12,13,12.5,25,1,8
11,14,11,14,12.5,25,3,10
4,1,1,4,2.5,5,3,0
26,26,26,26,26.0,52,0,19
1,20,1,20,10.5,21,19,0
5,1,1,5,3.0,6,4,0
1,12,1,12,6.5,13,11,0
11,6,6,11,8.5,17,5,2
41,33,33,41,37.0,74,8,30
5,17,5,17,11.0,22,12,4
5,5,5,5,5.0,10,0,4
14,20,14,20,17.0,34,6,12
7,1,1,7,4.0,8,6,0
18,20,18,20,19.0,38,2,17
20,5,5,20,12.5,25,15,4
9,9,9,9,9.0,18,0,8
25,11,11,25,18.0,36,14,9
23,19,19,23,21.0,42,4,18
10,8,8,10,9.0,18,2,7
7,11,7,11,9.0,18,4,6
19,12,12,19,15.5,31,7,10
5,2,2,5,3.5,7,3,1
10,8,8,10,9.0,18,2,6
12,5,5,12,8.5,17,7,1
13,24,13,24,18.5,37,11,12
5,6,5,6,5.5,11,1,4
1,4,1,4,2.5,5,3,0
10,10,10,10,10.0,20,0,6
7,13,7,13,10.0,20,6,6
13,11,11,13,12.0,24,2,10
1,5,1,5,3.0,6,4,0
7,8,7,8,7.5,15,1,6
1,11,1,11,6.0,12,10,0
8,1,1,8,4.5,9,7,0
6,6,6,6,6.0,12,0,4
6,8,6,8,7.0,14,2,4
5,8,5,8,6.5,13,3,4
8,2,2,8,5.0,10,6,1
1,6,1,6,3.5,7,5,0
8,6,6,8,7.0,14,2,4
9,1,1,9,5.0,10,8,0
3,12,3,12,7.5,15,9,1
8,7,7,8,7.5,15,1,5
6,1,1,6,3.5,7,5,0
4,1,1,4,2.5,5,3,0
10,13,10,13,11.5,23,3,9
4,1,1,4,2.5,5,3,0
34,27,27,34,30.5,61,7,23
1,4,1,4,2.5,5,3,0
8,12,8,12,10.0,20,4,6
4,1,1,4,2.5,5,3,0
1,21,1,21,11.0,22,20,0
4,1,1,4,2.5,5,3,0
10,9,9,10,9.5,19,1,7
1,30,1,30,15.5,31,29,0
2,4,2,4,3.0,6,2,0
6,1,1,6,3.5,7,5,0
2,26,2,26,14.0,28,24,0
1,5,1,5,3.0,6,4,0
4,4,4,4,4.0,8,0,1
5,9,5,9,7.0,14,4,4
1,5,1,5,3.0,6,4,0
1,6,1,6,3.5,7,5,0
2,4,2,4,3.0,6,2,1
6,6,6,6,6.0,12,0,5
11,12,11,12,11.5,23,1,9
2,6,2,6,4.0,8,4,0
14,8,8,14,11.0,22,6,7
1,13,1,13,7.0,14,12,0
5,3,3,5,4.0,8,2,2
1,10,1,10,5.5,11,9,0
5,8,5,8,6.5,13,3,0
9,7,7,9,8.0,16,2,6
34,23,23,34,28.5,57,11,21
5,5,5,5,5.0,10,0,4
2,6,2,6,4.0,8,4,1
5,7,5,7,6.0,12,2,4
9,9,9,9,9.0,18,0,8
4,1,1,4,2.5,5,3,0
4,4,4,4,4.0,8,0,3
6,1,1,6,3.5,7,5,0
10,1,1,10,5.5,11,9,0
11,12,11,12,11.5,23,1,8
7,1,1,7,4.0,8,6,0
2,4,2,4,3.0,6,2,1
6,5,5,6,5.5,11,1,4
9,9,9,9,9.0,18,0,8
13,33,13,33,23.0,46,20,11
4,1,1,4,2.5,5,3,0
39,40,39,40,39.5,79,1,37
11,8,8,11,9.5,19,3,5
1,4,1,4,2.5,5,3,0
7,1,1,7,4.0,8,6,0
8,10,8,10,9.0,18,2,6
1,8,1,8,4.5,9,7,0
23,24,23,24,23.5,47,1,22
8,8,8,8,8.0,16,0,6
2,5,2,5,3.5,7,3,1
14,1,1,14,7.5,15,13,0
1,5,1,5,3.0,6,4,0
1,6,1,6,3.5,7,5,0
5,4,4,5,4.5,9,1,3
5,1,1,5,3.0,6,4,0
25,20,20,25,22.5,45,5,14
16,19,16,19,17.5,35,3,15
1,4,1,4,2.5,5,3,0
14,19,14,19,16.5,33,5,5
4,5,4,5,4.5,9,1,2
1,5,1,5,3.0,6,4,0
1,6,1,6,3.5,7,5,0
22,17,17,22,19.5,39,5,8
8,2,2,8,5.0,10,6,0
1,12,1,12,6.5,13,11,0
5,4,4,5,4.5,9,1,3
6,2,2,6,4.0,8,4,0
17,21,17,21,19.0,38,4,16
4,1,1,4,2.5,5,3,0
10,20,10,20,15.0,30,10,9
4,1,1,4,2.5,5,3,0
4,4,4,4,4.0,8,0,3
8,8,8,8,8.0,16,0,4
6,10,6,10,8.0,16,4,5
6,1,1,6,3.5,7,5,0
15,11,11,15,13.0,26,4,7
26,26,26,26,26.0,52,0,25
1,5,1,5,3.0,6,4,0
9,7,7,9,8.0,16,2,6
11,13,11,13,12.0,24,2,10
9,8,8,9,8.5,17,1,7
2,5,2,5,3.5,7,3,1
4,1,1,4,2.5,5,3,0
15,9,9,15,12.0,24,6,6
1,4,1,4,2.5,5,3,0
1,14,1,14,7.5,15,13,0
1,4,1,4,2.5,5,3,0
12,9,9,12,10.5,21,3,8
12,1,1,12,6.5,13,11,0
19,12,12,19,15.5,31,7,11
1,36,1,36,18.5,37,35,0
24,26,24,26,25.0,50,2,22
51,20,20,51,35.5,71,31,17
17,11,11,17,14.0,28,6,9
4,1,1,4,2.5,5,3,0
1,4,1,4,2.5,5,3,0
32,1,1,32,16.5,33,31,0
33,25,25,33,29.0,58,8,21
1,29,1,29,15.0,30,28,0
7,7,7,7,7.0,14,0,4
6,5,5,6,5.5,11,1,4
10,11,10,11,10.5,21,1,9
7,5,5,7,6.0,12,2,4
4,11,4,11,7.5,15,7,3
9,11,9,11,10.0,20,2,8
9,7,7,9,8.0,16,2,6
1,17,1,17,9.0,18,16,0
50,38,38,50,44.0,88,12,19
7,10,7,10,8.5,17,3,6
8,5,5,8,6.5,13,3,0
5,1,1,5,3.0,6,4,0
5,7,5,7,6.0,12,2,4
5,1,1,5,3.0,6,4,0
15,11,11,15,13.0,26,4,10
5,4,4,5,4.5,9,1,3
5,6,5,6,5.5,11,1,4
23,29,23,29,26.0,52,6,11
27,27,27,27,27.0,54,0,26
1,12,1,12,6.5,13,11,0
5,1,1,5,3.0,6,4,0
7,9,7,9,8.0,16,2,5
6,2,2,6,4.0,8,4,1
4,1,1,4,2.5,5,3,0
1,10,1,10,5.5,11,9,0
38,26,26,38,32.0,64,12,25
1,9,1,9,5.0,10,8,0
1,6,1,6,3.5,7,5,0
1,5,1,5,3.0,6,4,0
13,9,9,13,11.0,22,4,5
5,2,2,5,3.5,7,3,1
5,5,5,5,5.0,10,0,2
1,4,1,4,2.5,5,3,0
10,11,10,11,10.5,21,1,2
4,4,4,4,4.0,8,0,3
7,7,7,7,7.0,14,0,6
4,5,4,5,4.5,9,1,3
4,1,1,4,2.5,5,3,0
4,4,4,4,4.0,8,0,2
8,9,8,9,8.5,17,1,7
8,11,8,11,9.5,19,3,7
11,8,8,11,9.5,19,3,7
8,11,8,11,9.5,19,3,6
5,1,1,5,3.0,6,4,0
4,1,1,4,2.5,5,3,0
16,17,16,17,16.5,33,1,9
11,9,9,11,10.0,20,2,8
8,7,7,8,7.5,15,1,6
7,1,1,7,4.0,8,6,0
7,1,1,7,4.0,8,6,0
1,8,1,8,4.5,9,7,0
10,2,2,10,6.0,12,8,0
11,20,11,20,15.5,31,9,10
1,6,1,6,3.5,7,5,0
4,2,2,4,3.0,6,2,1
4,6,4,6,5.0,10,2,3
8,9,8,9,8.5,17,1,6
1,27,1,27,14.0,28,26,0
23,2,2,23,12.5,25,21,0
15,22,15,22,18.5,37,7,10
5,1,1,5,3.0,6,4,0
9,4,4,9,6.5,13,5,3
1,4,1,4,2.5,5,3,0
8,8,8,8,8.0,16,0,7
1,10,1,10,5.5,11,9,0
15,16,15,16,15.5,31,1,13
37,36,36,37,36.5,73,1,30
3,5,3,5,4.0,8,2,2
12,7,7,12,9.5,19,5,6
24,1,1,24,12.5,25,23,0
19,32,19,32,25.5,51,13,11
12,9,9,12,10.5,21,3,8
1,4,1,4,2.5,5,3,0
1,5,1,5,3.0,6,4,0
15,13,13,15,14.0,28,2,9
27,23,23,27,25.0,50,4,22
22,15,15,22,18.5,37,7,9
6,9,6,9,7.5,15,3,4
6,7,6,7,6.5,13,1,5
41,33,33,41,37.0,74,8,27
11,16,11,16,13.5,27,5,5
4,1,1,4,2.5,5,3,0
26,26,26,26,26.0,52,0,25
6,2,2,6,4.0,8,4,1
7,2,2,7,4.5,9,5,1
7,1,1,7,4.0,8,6,0
8,2,2,8,5.0,10,6,1
4,1,1,4,2.5,5,3,0
5,1,1,5,3.0,6,4,0
4,2,2,4,3.0,6,2,1
11,1,1,11,6.0,12,10,0
5,5,5,5,5.0,10,0,4
1,36,1,36,18.5,37,35,0
13,13,13,13,13.0,26,0,9
18,9,9,18,13.5,27,9,6
2,7,2,7,4.5,9,5,1
20,29,20,29,24.5,49,9,17
1,5,1,5,3.0,6,4,0
2,5,2,5,3.5,7,3,1
19,23,19,23,21.0,42,4,16
5,1,1,5,3.0,6,4,0
5,8,5,8,6.5,13,3,0
7,7,7,7,7.0,14,0,6
7,8,7,8,7.5,15,1,5
1,6,1,6,3.5,7,5,0
49,33,33,49,41.0,82,16,30
4,5,4,5,4.5,9,1,3
5,4,4,5,4.5,9,1,3
11,13,11,13,12.0,24,2,8
1,4,1,4,2.5,5,3,0
31,12,12,31,21.5,43,19,6
5,10,5,10,7.5,15,5,1
5,4,4,5,4.5,9,1,3
12,9,9,12,10.5,21,3,8
12,51,12,51,31.5,63,39,11
1,7,1,7,4.0,8,6,0
4,1,1,4,2.5,5,3,0
9,2,2,9,5.5,11,7,1
13,4,4,13,8.5,17,9,3
2,4,2,4,3.0,6,2,1
1,12,1,12,6.5,13,11,0
4,1,1,4,2.5,5,3,0
10,4,4,10,7.0,14,6,0
4,3,3,4,3.5,7,1,2
8,7,7,8,7.5,15,1,1
9,8,8,9,8.5,17,1,7
1,15,1,15,8.0,16,14,0
1,5,1,5,3.0,6,4,0
7,8,7,8,7.5,15,1,6
10,12,10,12,11.0,22,2,9
8,6,6,8,7.0,14,2,5
1,9,1,9,5.0,10,8,0
6,1,1,6,3.5,7,5,0
33,23,23,33,28.0,56,10,22
7,5,5,7,6.0,12,2,4
7,6,6,7,6.5,13,1,5
5,6,5,6,5.5,11,1,4
4,1,1,4,2.5,5,3,0
19,17,17,19,18.0,36,2,15
12,13,12,13,12.5,25,1,11
4,1,1,4,2.5,5,3,0
1,5,1,5,3.0,6,4,0
21,15,15,21,18.0,36,6,8
8,8,8,8,8.0,16,0,7
4,4,4,4,4.0,8,0,2
17,17,17,17,17.0,34,0,15
7,1,1,7,4.0,8,6,0
1,5,1,5,3.0,6,4,0
32,25,25,32,28.5,57,7,21
22,12,12,22,17.0,34,10,11
1,5,1,5,3.0,6,4,0
1,4,1,4,2.5,5,3,0
7,20,7,20,13.5,27,13,6
1,4,1,4,2.5,5,3,0
13,14,13,14,13.5,27,1,12
13,9,9,13,11.0,22,4,6
1,7,1,7,4.0,8,6,0
5,14,5,14,9.5,19,9,3
15,7,7,15,11.0,22,8,4
14,3,3,14,8.5,17,11,2
7,7,7,7,7.0,14,0,5
5,1,1,5,3.0,6,4,0
8,9,8,9,8.5,17,1,7
1,4,1,4,2.5,5,3,0
1,5,1,5,3.0,6,4,0
16,1,1,16,8.5,17,15,0
13,18,13,18,15.5,31,5,12
1,4,1,4,2.5,5,3,0
6,6,6,6,6.0,12,0,5
1,4,1,4,2.5,5,3,0
1,6,1,6,3.5,7,5,0
1,4,1,4,2.5,5,3,0
4,2,2,4,3.0,6,2,1
19,20,19,20,19.5,39,1,13
5,1,1,5,3.0,6,4,0
7,6,6,7,6.5,13,1,5
12,5,5,12,8.5,17,7,4
4,1,1,4,2.5,5,3,0
8,1,1,8,4.5,9,7,0
27,29,27,29,28.0,56,2,24
5,2,2,5,3.5,7,3,1
7,5,5,7,6.0,12,2,4
6,6,6,6,6.0,12,0,5
1,6,1,6,3.5,7,5,0
32,32,32,32,32.0,64,0,30
1,6,1,6,3.5,7,5,0
4,5,4,5,4.5,9,1,3
4,1,1,4,2.5,5,3,0
26,36,26,36,31.0,62,10,19
10,4,4,10,7.0,14,6,0
4,6,4,6,5.0,10,2,3
2,7,2,7,4.5,9,5,1
1,5,1,5,3.0,6,4,0
5,11,5,11,8.0,16,6,4
33,18,18,33,25.5,51,15,16
4,4,4,4,4.0,8,0,3
1,6,1,6,3.5,7,5,0
2,4,2,4,3.0,6,2,0
1,5,1,5,3.0,6,4,0
1,4,1,4,2.5,5,3,0
1,4,1,4,2.5,5,3,0
4,1,1,4,2.5,5,3,0
4,1,1,4,2.5,5,3,0
16,25,16,25,20.5,41,9,13
6,1,1,6,3.5,7,5,0
13,17,13,17,15.0,30,4,12
1,5,1,5,3.0,6,4,0
9,6,6,9,7.5,15,3,2
27,27,27,27,27.0,54,0,26
1,5,1,5,3.0,6,4,0
1,10,1,10,5.5,11,9,0
1,7,1,7,4.0,8,6,0
1,4,1,4,2.5,5,3,0
5,4,4,5,4.5,9,1,2
1,5,1,5,3.0,6,4,0
4,2,2,4,3.0,6,2,1
25,17,17,25,21.0,42,8,15
6,6,6,6,6.0,12,0,5
4,1,1,4,2.5,5,3,0
6,2,2,6,4.0,8,4,0
15,15,15,15,15.0,30,0,11
6,6,6,6,6.0,12,0,5
1,6,1,6,3.5,7,5,0
2,5,2,5,3.5,7,3,1
6,1,1,6,3.5,7,5,0
2,10,2,10,6.0,12,8,0
4,6,4,6,5.0,10,2,0
7,4,4,7,5.5,11,3,3
15,1,1,15,8.0,16,14,0
16,15,15,16,15.5,31,1,13
5,1,1,5,3.0,6,4,0
10,2,2,10,6.0,12,8,1
1,8,1,8,4.5,9,7,0
4,9,4,9,6.5,13,5,2
1,6,1,6,3.5,7,5,0
9,12,9,12,10.5,21,3,8
15,17,15,17,16.0,32,2,11
1,18,1,18,9.5,19,17,0
2,9,2,9,5.5,11,7,0
6,7,6,7,6.5,13,1,5
2,6,2,6,4.0,8,4,1
1,7,1,7,4.0,8,6,0
6,7,6,7,6.5,13,1,5
6,1,1,6,3.5,7,5,0
8,8,8,8,8.0,16,0,6
2,4,2,4,3.0,6,2,1
14,34,14,34,24.0,48,20,9
1,5,1,5,3.0,6,4,0
6,4,4,6,5.0,10,2,1
4,1,1,4,2.5,5,3,0
27,24,24,27,25.5,51,3,20
7,6,6,7,6.5,13,1,4
5,1,1,5,3.0,6,4,0
5,1,1,5,3.0,6,4,0
45,43,43,45,44.0,88,2,42
5,1,1,5,3.0,6,4,0
5,1,1,5,3.0,6,4,0
4,1,1,4,2.5,5,3,0
4,2,2,4,3.0,6,2,1
26,22,22,26,24.0,48,4,19
7,6,6,7,6.5,13,1,4
1,39,1,39,20.0,40,38,0
1,4,1,4,2.5,5,3,0
31,32,31,32,31.5,63,1,29
5,2,2,5,3.5,7,3,1
5,4,4,5,4.5,9,1,3
7,7,7,7,7.0,14,0,6
1,5,1,5,3.0,6,4,0
4,4,4,4,4.0,8,0,3
5,4,4,5,4.5,9,1,3
1,5,1,5,3.0,6,4,0
24,3,3,24,13.5,27,21,2
6,6,6,6,6.0,12,0,4
7,1,1,7,4.0,8,6,0
2,9,2,9,5.5,11,7,1
16,7,7,16,11.5,23,9,6
2,7,2,7,4.5,9,5,1
4,4,4,4,4.0,8,0,3
25,33,25,33,29.0,58,8,18
12,14,12,14,13.0,26,2,9
6,6,6,6,6.0,12,0,5
25,32,25,32,28.5,57,7,21
11,11,11,11,11.0,22,0,10
1,4,1,4,2.5,5,3,0
1,4,1,4,2.5,5,3,0
1,4,1,4,2.5,5,3,0
19,33,19,33,26.0,52,14,18
34,29,29,34,31.5,63,5,13
7,6,6,7,6.5,13,1,4
12,12,12,12,12.0,24,0,11
2,4,2,4,3.0,6,2,1
9,1,1,9,5.0,10,8,0
1,10,1,10,5.5,11,9,0
7,7,7,7,7.0,14,0,6
1,4,1,4,2.5,5,3,0
51,20,20,51,35.5,71,31,16
7,6,6,7,6.5,13,1,5
13,13,13,13,13.0,26,0,12
40,11,11,40,25.5,51,29,10
14,17,14,17,15.5,31,3,7
1,6,1,6,3.5,7,5,0
14,13,13,14,13.5,27,1,0
4,1,1,4,2.5,5,3,0
8,6,6,8,7.0,14,2,5
11,11,11,11,11.0,22,0,10
5,1,1,5,3.0,6,4,0
36,17,17,36,26.5,53,19,16
11,2,2,11,6.5,13,9,1
31,33,31,33,32.0,64,2,30
1,5,1,5,3.0,6,4,0
7,17,7,17,12.0,24,10,6
10,11,10,11,10.5,21,1,9
5,5,5,5,5.0,10,0,4
4,1,1,4,2.5,5,3,0
16,16,16,16,16.0,32,0,14
1,5,1,5,3.0,6,4,0
1,6,1,6,3.5,7,5,0
4,4,4,4,4.0,8,0,2
1,13,1,13,7.0,14,12,0
2,88,2,88,45.0,90,86,0
10,39,10,39,24.5,49,29,1
11,10,10,11,10.5,21,1,8
4,5,4,5,4.5,9,1,2
4,4,4,4,4.0,8,0,3
14,15,14,15,14.5,29,1,11
5,2,2,5,3.5,7,3,1
11,23,11,23,17.0,34,12,10
10,8,8,10,9.0,18,2,7
6,5,5,6,5.5,11,1,3
7,1,1,7,4.0,8,6,0
1,7,1,7,4.0,8,6,0
11,7,7,11,9.0,18,4,6
7,6,6,7,6.5,13,1,5
1,26,1,26,13.5,27,25,0
4,4,4,4,4.0,8,0,3
30,31,30,31,30.5,61,1,22
1,4,1,4,2.5,5,3,0
19,17,17,19,18.0,36,2,15
20,20,20,20,20.0,40,0,19
4,1,1,4,2.5,5,3,0
20,25,20,25,22.5,45,5,17
5,1,1,5,3.0,6,4,0
12,19,12,19,15.5,31,7,11
16,10,10,16,13.0,26,6,9
1,7,1,7,4.0,8,6,0
9,5,5,9,7.0,14,4,3
4,3,3,4,3.5,7,1,2
7,5,5,7,6.0,12,2,4
5,1,1,5,3.0,6,4,0
4,2,2,4,3.0,6,2,1
5,5,5,5,5.0,10,0,4
13,12,12,13,12.5,25,1,10
1,5,1,5,3.0,6,4,0
14,1,1,14,7.5,15,13,0
19,23,19,23,21.0,42,4,18
6,6,6,6,6.0,12,0,3
7,2,2,7,4.5,9,5,0
5,6,5,6,5.5,11,1,4
15,14,14,15,14.5,29,1,12
1,4,1,4,2.5,5,3,0
2,5,2,5,3.5,7,3,1
6,8,6,8,7.0,14,2,5
5,5,5,5,5.0,10,0,4
9,11,9,11,10.0,20,2,8
1,7,1,7,4.0,8,6,0
1,5,1,5,3.0,6,4,0
5,5,5,5,5.0,10,0,4
4,3,3,4,3.5,7,1,2
1,4,1,4,2.5,5,3,0
4,4,4,4,4.0,8,0,3
14,14,14,14,14.0,28,0,13
7,7,7,7,7.0,14,0,6
1,4,1,4,2.5,5,3,0
5,4,4,5,4.5,9,1,3
7,1,1,7,4.0,8,6,0
12,11,11,12,11.5,23,1,6
4,3,3,4,3.5,7,1,0
16,16,16,16,16.0,32,0,15
6,1,1,6,3.5,7,5,0
6,8,6,8,7.0,14,2,2
5,17,5,17,11.0,22,12,3
22,25,22,25,23.5,47,3,20
32,25,25,32,28.5,57,7,21
10,19,10,19,14.5,29,9,9
6,8,6,8,7.0,14,2,5
5,6,5,6,5.5,11,1,4
29,30,29,30,29.5,59,1,26
5,1,1,5,3.0,6,4,0
4,1,1,4,2.5,5,3,0
9,4,4,9,6.5,13,5,3
11,9,9,11,10.0,20,2,6
4,1,1,4,2.5,5,3,0
13,1,1,13,7.0,14,12,0
25,32,25,32,28.5,57,7,23
5,1,1,5,3.0,6,4,0
17,8,8,17,12.5,25,9,7
11,2,2,11,6.5,13,9,0
1,5,1,5,3.0,6,4,0
6,1,1,6,3.5,7,5,0
7,8,7,8,7.5,15,1,6
22,21,21,22,21.5,43,1,17
22,18,18,22,20.0,40,4,12
33,18,18,33,25.5,51,15,13
29,8,8,29,18.5,37,21,7
5,1,1,5,3.0,6,4,0
11,13,11,13,12.0,24,2,2
7,1,1,7,4.0,8,6,0
7,5,5,7,6.0,12,2,3
1,11,1,11,6.0,12,10,0
4,1,1,4,2.5,5,3,0
8,9,8,9,8.5,17,1,5
1,9,1,9,5.0,10,8,0
5,6,5,6,5.5,11,1,4
2,13,2,13,7.5,15,11,0
9,5,5,9,7.0,14,4,4
6,1,1,6,3.5,7,5,0
7,6,6,7,6.5,13,1,5
4,5,4,5,4.5,9,1,3
1,4,1,4,2.5,5,3,0
6,12,6,12,9.0,18,6,4
7,4,4,7,5.5,11,3,3
9,11,9,11,10.0,20,2,7
15,9,9,15,12.0,24,6,6
5,2,2,5,3.5,7,3,1
25,44,25,44,34.5,69,19,20
49,42,42,49,45.5,91,7,25
31,24,24,31,27.5,55,7,23
7,2,2,7,4.5,9,5,0
7,12,7,12,9.5,19,5,0
8,1,1,8,4.5,9,7,0
1,4,1,4,2.5,5,3,0
7,11,7,11,9.0,18,4,4
7,4,4,7,5.5,11,3,3
1,5,1,5,3.0,6,4,0
7,6,6,7,6.5,13,1,1
21,21,21,21,21.0,42,0,19
4,3,3,4,3.5,7,1,2
42,46,42,46,44.0,88,4,39
8,18,8,18,13.0,26,10,3
5,8,5,8,6.5,13,3,2
1,5,1,5,3.0,6,4,0
5,4,4,5,4.5,9,1,3
1,5,1,5,3.0,6,4,0
1,4,1,4,2.5,5,3,0
18,20,18,20,19.0,38,2,17
32,21,21,32,26.5,53,11,18
1,9,1,9,5.0,10,8,0
39,30,30,39,34.5,69,9,29
1,4,1,4,2.5,5,3,0
19,11,11,19,15.0,30,8,8
10,17,10,17,13.5,27,7,8
1,12,1,12,6.5,13,11,0
4,1,1,4,2.5,5,3,0
8,1,1,8,4.5,9,7,0
5,4,4,5,4.5,9,1,3
4,3,3,4,3.5,7,1,2
14,13,13,14,13.5,27,1,12
4,7,4,7,5.5,11,3,3
6,7,6,7,6.5,13,1,5
10,55,10,55,32.5,65,45,9
35,42,35,42,38.5,77,7,28
1,5,1,5,3.0,6,4,0
7,1,1,7,4.0,8,6,0
7,7,7,7,7.0,14,0,6
45,16,16,45,30.5,61,29,15
6,1,1,6,3.5,7,5,0
4,1,1,4,2.5,5,3,0
1,5,1,5,3.0,6,4,0
7,1,1,7,4.0,8,6,0
1,6,1,6,3.5,7,5,0
1,5,1,5,3.0,6,4,0
5,1,1,5,3.0,6,4,0
1,15,1,15,8.0,16,14,0
6,2,2,6,4.0,8,4,1
4,2,2,4,3.0,6,2,1
1,6,1,6,3.5,7,5,0
4,8,4,8,6.0,12,4,3
27,21,21,27,24.0,48,6,20
5,8,5,8,6.5,13,3,0
15,12,12,15,13.5,27,3,11
4,3,3,4,3.5,7,1,2
7,8,7,8,7.5,15,1,6
4,7,4,7,5.5,11,3,3
31,31,31,31,31.0,62,0,30
30,31,30,31,30.5,61,1,29
4,5,4,5,4.5,9,1,3
4,7,4,7,5.5,11,3,1
28,29,28,29,28.5,57,1,26
4,1,1,4,2.5,5,3,0
26,34,26,34,30.0,60,8,22
4,1,1,4,2.5,5,3,0
4,4,4,4,4.0,8,0,3
2,52,2,52,27.0,54,50,0
6,9,6,9,7.5,15,3,1
3,5,3,5,4.0,8,2,2
4,1,1,4,2.5,5,3,0
7,10,7,10,8.5,17,3,6
11,10,10,11,10.5,21,1,9
1,6,1,6,3.5,7,5,0
24,19,19,24,21.5,43,5,17
6,5,5,6,5.5,11,1,4
8,6,6,8,7.0,14,2,3
22,12,12,22,17.0,34,10,9
9,10,9,10,9.5,19,1,7
8,9,8,9,8.5,17,1,5
9,1,1,9,5.0,10,8,0
1,6,1,6,3.5,7,5,0
1,4,1,4,2.5,5,3,0
5,1,1,5,3.0,6,4,0
11,18,11,18,14.5,29,7,8
21,12,12,21,16.5,33,9,11
17,4,4,17,10.5,21,13,3
17,17,17,17,17.0,34,0,16
14,14,14,14,14.0,28,0,13
5,7,5,7,6.0,12,2,4
7,1,1,7,4.0,8,6,0
11,6,6,11,8.5,17,5,5
19,20,19,20,19.5,39,1,15
4,5,4,5,4.5,9,1,2
2,4,2,4,3.0,6,2,0
1,4,1,4,2.5,5,3,0
2,10,2,10,6.0,12,8,1
1,9,1,9,5.0,10,8,0
5,1,1,5,3.0,6,4,0
5,6,5,6,5.5,11,1,3
15,4,4,15,9.5,19,11,3
5,4,4,5,4.5,9,1,1
1,22,1,22,11.5,23,21,0
2,6,2,6,4.0,8,4,0
5,4,4,5,4.5,9,1,3
4,4,4,4,4.0,8,0,3
4,1,1,4,2.5,5,3,0
4,19,4,19,11.5,23,15,2
4,4,4,4,4.0,8,0,2
33,10,10,33,21.5,43,23,8
5,1,1,5,3.0,6,4,0
7,7,7,7,7.0,14,0,3
1,6,1,6,3.5,7,5,0
15,39,15,39,27.0,54,24,14
10,18,10,18,14.0,28,8,9
2,4,2,4,3.0,6,2,1
5,4,4,5,4.5,9,1,3
5,1,1,5,3.0,6,4,0
2,15,2,15,8.5,17,13,0
6,3,3,6,4.5,9,3,2
4,4,4,4,4.0,8,0,3
1,19,1,19,10.0,20,18,0
9,1,1,9,5.0,10,8,0
5,1,1,5,3.0,6,4,0
26,24,24,26,25.0,50,2,23
1,4,1,4,2.5,5,3,0
1,4,1,4,2.5,5,3,0
8,1,1,8,4.5,9,7,0
1,5,1,5,3.0,6,4,0
8,8,8,8,8.0,16,0,5
20,20,20,20,20.0,40,0,18
3,7,3,7,5.0,10,4,0
14,15,14,15,14.5,29,1,11
2,8,2,8,5.0,10,6,1
33,33,33,33,33.0,66,0,18
1,14,1,14,7.5,15,13,0
16,15,15,16,15.5,31,1,13
26,27,26,27,26.5,53,1,24
4,6,4,6,5.0,10,2,0
8,8,8,8,8.0,16,0,6
23,12,12,23,17.5,35,11,10
1,5,1,5,3.0,6,4,0
38,6,6,38,22.0,44,32,4
5,1,1,5,3.0,6,4,0
1,4,1,4,2.5,5,3,0
7,8,7,8,7.5,15,1,6
21,21,21,21,21.0,42,0,20
26,22,22,26,24.0,48,4,18
4,1,1,4,2.5,5,3,0
20,12,12,20,16.0,32,8,11
1,6,1,6,3.5,7,5,0
6,5,5,6,5.5,11,1,4
3,8,3,8,5.5,11,5,1
4,3,3,4,3.5,7,1,2
1,16,1,16,8.5,17,15,0
10,10,10,10,10.0,20,0,9
19,19,19,19,19.0,38,0,18
4,49,4,49,26.5,53,45,3
6,7,6,7,6.5,13,1,5
4,1,1,4,2.5,5,3,0
33,19,19,33,26.0,52,14,16
5,4,4,5,4.5,9,1,2
25,17,17,25,21.0,42,8,11
4,7,4,7,5.5,11,3,3
20,24,20,24,22.0,44,4,19
6,1,1,6,3.5,7,5,0
7,8,7,8,7.5,15,1,6
3,4,3,4,3.5,7,1,2
12,48,12,48,30.0,60,36,10
16,2,2,16,9.0,18,14,1
1,9,1,9,5.0,10,8,0
11,10,10,11,10.5,21,1,9
8,6,6,8,7.0,14,2,5
6,12,6,12,9.0,18,6,5
35,43,35,43,39.0,78,8,21
15,4,4,15,9.5,19,11,1
1,6,1,6,3.5,7,5,0
1,5,1,5,3.0,6,4,0
7,10,7,10,8.5,17,3,6
4,1,1,4,2.5,5,3,0
7,6,6,7,6.5,13,1,3
5,4,4,5,4.5,9,1,3
17,13,13,17,15.0,30,4,11
11,10,10,11,10.5,21,1,9
5,1,1,5,3.0,6,4,0
1,5,1,5,3.0,6,4,0
8,9,8,9,8.5,17,1,5
4,2,2,4,3.0,6,2,1
18,17,17,18,17.5,35,1,14
6,7,6,7,6.5,13,1,5
8,8,8,8,8.0,16,0,6
5,3,3,5,4.0,8,2,2
5,10,5,10,7.5,15,5,4
4,4,4,4,4.0,8,0,3
4,4,4,4,4.0,8,0,3
11,6,6,11,8.5,17,5,5
15,14,14,15,14.5,29,1,13
1,17,1,17,9.0,18,16,0
29,2,2,29,15.5,31,27,1
5,5,5,5,5.0,10,0,4
16,18,16,18,17.0,34,2,8
5,1,1,5,3.0,6,4,0
11,7,7,11,9.0,18,4,6
6,1,1,6,3.5,7,5,0
1,5,1,5,3.0,6,4,0
4,1,1,4,2.5,5,3,0
29,34,29,34,31.5,63,5,10
11,11,11,11,11.0,22,0,10
5,6,5,6,5.5,11,1,4
3,4,3,4,3.5,7,1,2
13,13,13,13,13.0,26,0,12
1,12,1,12,6.5,13,11,0
4,23,4,23,13.5,27,19,0
6,4,4,6,5.0,10,2,3
4,1,1,4,2.5,5,3,0
2,6,2,6,4.0,8,4,1
4,1,1,4,2.5,5,3,0
1,4,1,4,2.5,5,3,0
10,12,10,12,11.0,22,2,9
8,1,1,8,4.5,9,7,0
31,25,25,31,28.0,56,6,16
15,6,6,15,10.5,21,9,4
1,13,1,13,7.0,14,12,0
1,12,1,12,6.5,13,11,0
6,8,6,8,7.0,14,2,5
17,24,17,24,20.5,41,7,14
5,5,5,5,5.0,10,0,4
1,22,1,22,11.5,23,21,0
1,5,1,5,3.0,6,4,0
1,4,1,4,2.5,5,3,0
5,9,5,9,7.0,14,4,4
28,49,28,49,38.5,77,21,21
5,6,5,6,5.5,11,1,4
1,4,1,4,2.5,5,3,0
1,41,1,41,21.0,42,40,0
8,1,1,8,4.5,9,7,0
1,7,1,7,4.0,8,6,0
23,15,15,23,19.0,38,8,14
8,1,1,8,4.5,9,7,0
9,7,7,9,8.0,16,2,5
3,6,3,6,4.5,9,3,2
4,1,1,4,2.5,5,3,0
2,4,2,4,3.0,6,2,1
5,4,4,5,4.5,9,1,3
4,1,1,4,2.5,5,3,0
5,1,1,5,3.0,6,4,0
18,8,8,18,13.0,26,10,7
1,9,1,9,5.0,10,8,0
9,7,7,9,8.0,16,2,5
5,1,1,5,3.0,6,4,0
9,9,9,9,9.0,18,0,8
1,6,1,6,3.5,7,5,0
1,4,1,4,2.5,5,3,0
1,4,1,4,2.5,5,3,0
1,9,1,9,5.0,10,8,0
7,5,5,7,6.0,12,2,4
4,1,1,4,2.5,5,3,0
15,15,15,15,15.0,30,0,13
10,7,7,10,8.5,17,3,5
1,13,1,13,7.0,14,12,0
1,4,1,4,2.5,5,3,0
1,4,1,4,2.5,5,3,0
5,6,5,6,5.5,11,1,3
1,4,1,4,2.5,5,3,0
11,22,11,22,16.5,33,11,2
5,5,5,5,5.0,10,0,2
10,1,1,10,5.5,11,9,0
4,4,4,4,4.0,8,0,3
1,4,1,4,2.5,5,3,0
10,2,2,10,6.0,12,8,1
8,8,8,8,8.0,16,0,7
2,77,2,77,39.5,79,75,0
4,1,1,4,2.5,5,3,0
1,7,1,7,4.0,8,6,0
8,6,6,8,7.0,14,2,5
16,14,14,16,15.0,30,2,13
4,17,4,17,10.5,21,13,0
36,23,23,36,29.5,59,13,22
14,14,14,14,14.0,28,0,13
7,11,7,11,9.0,18,4,6
7,4,4,7,5.5,11,3,3
1,6,1,6,3.5,7,5,0
1,9,1,9,5.0,10,8,0
17,14,14,17,15.5,31,3,12
17,10,10,17,13.5,27,7,8
6,1,1,6,3.5,7,5,0
6,5,5,6,5.5,11,1,4
16,16,16,16,16.0,32,0,13
12,10,10,12,11.0,22,2,9
5,1,1,5,3.0,6,4,0
20,15,15,20,17.5,35,5,12
1,5,1,5,3.0,6,4,0
7,10,7,10,8.5,17,3,4
1,15,1,15,8.0,16,14,0
10,5,5,10,7.5,15,5,4
32,23,23,32,27.5,55,9,22
7,5,5,7,6.0,12,2,3
15,18,15,18,16.5,33,3,14
5,2,2,5,3.5,7,3,1
19,13,13,19,16.0,32,6,11
4,1,1,4,2.5,5,3,0
5,9,5,9,7.0,14,4,1
4,1,1,4,2.5,5,3,0
7,6,6,7,6.5,13,1,5
7,5,5,7,6.0,12,2,4
10,7,7,10,8.5,17,3,6
29,23,23,29,26.0,52,6,20
8,4,4,8,6.0,12,4,3
15,2,2,15,8.5,17,13,0
4,4,4,4,4.0,8,0,3
5,1,1,5,3.0,6,4,0
7,4,4,7,5.5,11,3,2
1,7,1,7,4.0,8,6,0
2,10,2,10,6.0,12,8,1
5,4,4,5,4.5,9,1,3
1,5,1,5,3.0,6,4,0
9,7,7,9,8.0,16,2,4
1,7,1,7,4.0,8,6,0
12,4,4,12,8.0,16,8,1
1,5,1,5,3.0,6,4,0
1,4,1,4,2.5,5,3,0
27,24,24,27,25.5,51,3,20
4,1,1,4,2.5,5,3,0
34,27,27,34,30.5,61,7,26
1,19,1,19,10.0,20,18,0
8,7,7,8,7.5,15,1,6
26,26,26,26,26.0,52,0,25
1,14,1,14,7.5,15,13,0
1,5,1,5,3.0,6,4,0
5,3,3,5,4.0,8,2,2
7,7,7,7,7.0,14,0,5
4,5,4,5,4.5,9,1,2
10,6,6,10,8.0,16,4,4
13,13,13,13,13.0,26,0,12
4,10,4,10,7.0,14,6,3
6,3,3,6,4.5,9,3,0
5,11,5,11,8.0,16,6,4
5,2,2,5,3.5,7,3,1
5,1,1,5,3.0,6,4,0
10,11,10,11,10.5,21,1,9
4,1,1,4,2.5,5,3,0
5,6,5,6,5.5,11,1,0
10,10,10,10,10.0,20,0,9
1,7,1,7,4.0,8,6,0
9,2,2,9,5.5,11,7,0
19,25,19,25,22.0,44,6,12
7,6,6,7,6.5,13,1,5
7,8,7,8,7.5,15,1,6
4,4,4,4,4.0,8,0,0
4,7,4,7,5.5,11,3,3
9,17,9,17,13.0,26,8,4
1,8,1,8,4.5,9,7,0
25,16,16,25,20.5,41,9,15
12,11,11,12,11.5,23,1,10
1,5,1,5,3.0,6,4,0
3,9,3,9,6.0,12,6,2
5,1,1,5,3.0,6,4,0
1,6,1,6,3.5,7,5,0
5,2,2,5,3.5,7,3,0
1,4,1,4,2.5,5,3,0
30,21,21,30,25.5,51,9,19
5,1,1,5,3.0,6,4,0
14,15,14,15,14.5,29,1,6
8,9,8,9,8.5,17,1,7
20,22,20,22,21.0,42,2,18
8,10,8,10,9.0,18,2,6
4,6,4,6,5.0,10,2,3
7,1,1,7,4.0,8,6,0
14,14,14,14,14.0,28,0,12
1,18,1,18,9.5,19,17,0
29,33,29,33,31.0,62,4,25
1,5,1,5,3.0,6,4,0
10,11,10,11,10.5,21,1,7
2,16,2,16,9.0,18,14,1
1,6,1,6,3.5,7,5,0
26,14,14,26,20.0,40,12,12
26,4,4,26,15.0,30,22,0
1,9,1,9,5.0,10,8,0
1,6,1,6,3.5,7,5,0
21,22,21,22,21.5,43,1,16
4,1,1,4,2.5,5,3,0
8,4,4,8,6.0,12,4,1
4,1,1,4,2.5,5,3,0
5,10,5,10,7.5,15,5,4
13,7,7,13,10.0,20,6,6
6,10,6,10,8.0,16,4,4
4,8,4,8,6.0,12,4,3
1,4,1,4,2.5,5,3,0
7,11,7,11,9.0,18,4,5
7,10,7,10,8.5,17,3,5
9,1,1,9,5.0,10,8,0
1,5,1,5,3.0,6,4,0
4,5,4,5,4.5,9,1,0
1,5,1,5,3.0,6,4,0
11,9,9,11,10.0,20,2,6
13,13,13,13,13.0,26,0,12
9,25,9,25,17.0,34,16,4
5,8,5,8,6.5,13,3,4
1,9,1,9,5.0,10,8,0
1,18,1,18,9.5,19,17,0
10,5,5,10,7.5,15,5,2
11,12,11,12,11.5,23,1,10
12,9,9,12,10.5,21,3,7
4,10,4,10,7.0,14,6,0
4,1,1,4,2.5,5,3,0
15,17,15,17,16.0,32,2,14
1,7,1,7,4.0,8,6,0
1,4,1,4,2.5,5,3,0
9,12,9,12,10.5,21,3,8
13,9,9,13,11.0,22,4,6
21,19,19,21,20.0,40,2,18
5,6,5,6,5.5,11,1,2
8,2,2,8,5.0,10,6,1
5,5,5,5,5.0,10,0,0
7,8,7,8,7.5,15,1,6
1,5,1,5,3.0,6,4,0
8,3,3,8,5.5,11,5,2
2,21,2,21,11.5,23,19,0
10,16,10,16,13.0,26,6,8
24,18,18,24,21.0,42,6,15
6,10,6,10,8.0,16,4,5
10,1,1,10,5.5,11,9,0
5,7,5,7,6.0,12,2,4
1,4,1,4,2.5,5,3,0
8,5,5,8,6.5,13,3,2
6,6,6,6,6.0,12,0,5
1,36,1,36,18.5,37,35,0
1,5,1,5,3.0,6,4,0
1,7,1,7,4.0,8,6,0
8,5,5,8,6.5,13,3,4
12,1,1,12,6.5,13,11,0
7,4,4,7,5.5,11,3,3
4,5,4,5,4.5,9,1,3
1,11,1,11,6.0,12,10,0
8,11,8,11,9.5,19,3,7
10,13,10,13,11.5,23,3,7
8,1,1,8,4.5,9,7,0
43,17,17,43,30.0,60,26,11
12,7,7,12,9.5,19,5,1
5,15,5,15,10.0,20,10,2
4,1,1,4,2.5,5,3,0
14,1,1,14,7.5,15,13,0
1,11,1,11,6.0,12,10,0
6,11,6,11,8.5,17,5,5
18,14,14,18,16.0,32,4,12
6,3,3,6,4.5,9,3,2
5,5,5,5,5.0,10,0,4
5,1,1,5,3.0,6,4,0
11,13,11,13,12.0,24,2,9
24,35,24,35,29.5,59,11,19
18,13,13,18,15.5,31,5,11
8,8,8,8,8.0,16,0,7
5,1,1,5,3.0,6,4,0
6,5,5,6,5.5,11,1,0
10,18,10,18,14.0,28,8,6
20,12,12,20,16.0,32,8,10
1,8,1,8,4.5,9,7,0
1,33,1,33,17.0,34,32,0
9,8,8,9,8.5,17,1,7
10,2,2,10,6.0,12,8,1
4,1,1,4,2.5,5,3,0
6,10,6,10,8.0,16,4,0
1,4,1,4,2.5,5,3,0
6,1,1,6,3.5,7,5,0
2,6,2,6,4.0,8,4,0
24,21,21,24,22.5,45,3,17
1,6,1,6,3.5,7,5,0
14,34,14,34,24.0,48,20,13
4,7,4,7,5.5,11,3,3
6,6,6,6,6.0,12,0,5
24,18,18,24,21.0,42,6,17
30,33,30,33,31.5,63,3,23
9,8,8,9,8.5,17,1,7
16,17,16,17,16.5,33,1,12
10,1,1,10,5.5,11,9,0
3,4,3,4,3.5,7,1,2
8,5,5,8,6.5,13,3,4
2,6,2,6,4.0,8,4,0
6,5,5,6,5.5,11,1,4
1,5,1,5,3.0,6,4,0
7,5,5,7,6.0,12,2,3
11,1,1,11,6.0,12,10,0
8,1,1,8,4.5,9,7,0
19,4,4,19,11.5,23,15,1
15,17,15,17,16.0,32,2,11
31,32,31,32,31.5,63,1,29
9,9,9,9,9.0,18,0,8
5,1,1,5,3.0,6,4,0
4,6,4,6,5.0,10,2,3
4,1,1,4,2.5,5,3,0
23,15,15,23,19.0,38,8,11
15,1,1,15,8.0,16,14,0
13,9,9,13,11.0,22,4,8
6,7,6,7,6.5,13,1,4
5,6,5,6,5.5,11,1,4
15,15,15,15,15.0,30,0,11
2,5,2,5,3.5,7,3,0
1,4,1,4,2.5,5,3,0
4,1,1,4,2.5,5,3,0
10,18,10,18,14.0,28,8,4
29,34,29,34,31.5,63,5,24
5,1,1,5,3.0,6,4,0
25,27,25,27,26.0,52,2,20
38,30,30,38,34.0,68,8,27
1,4,1,4,2.5,5,3,0
7,1,1,7,4.0,8,6,0
6,6,6,6,6.0,12,0,5
1,7,1,7,4.0,8,6,0
9,8,8,9,8.5,17,1,5
14,14,14,14,14.0,28,0,13
15,12,12,15,13.5,27,3,11
6,7,6,7,6.5,13,1,4
1,5,1,5,3.0,6,4,0
10,23,10,23,16.5,33,13,9
2,13,2,13,7.5,15,11,0
7,1,1,7,4.0,8,6,0
27,25,25,27,26.0,52,2,24
5,9,5,9,7.0,14,4,3
9,18,9,18,13.5,27,9,8
2,4,2,4,3.0,6,2,0
1,4,1,4,2.5,5,3,0
4,7,4,7,5.5,11,3,1
29,23,23,29,26.0,52,6,21
5,1,1,5,3.0,6,4,0
25,28,25,28,26.5,53,3,24
11,11,11,11,11.0,22,0,10
4,1,1,4,2.5,5,3,0
26,13,13,26,19.5,39,13,10
4,4,4,4,4.0,8,0,3
12,10,10,12,11.0,22,2,9
3,4,3,4,3.5,7,1,2
8,7,7,8,7.5,15,1,6
1,4,1,4,2.5,5,3,0
8,11,8,11,9.5,19,3,6
2,8,2,8,5.0,10,6,1
1,4,1,4,2.5,5,3,0
2,6,2,6,4.0,8,4,0
7,36,7,36,21.5,43,29,5
34,46,34,46,40.0,80,12,26
5,12,5,12,8.5,17,7,3
50,20,20,50,35.0,70,30,16
12,2,2,12,7.0,14,10,1
4,1,1,4,2.5,5,3,0
12,12,12,12,12.0,24,0,11
9,14,9,14,11.5,23,5,8
1,5,1,5,3.0,6,4,0
6,5,5,6,5.5,11,1,4
31,32,31,32,31.5,63,1,30
1,16,1,16,8.5,17,15,0
1,6,1,6,3.5,7,5,0
17,2,2,17,9.5,19,15,1
1,11,1,11,6.0,12,10,0
15,9,9,15,12.0,24,6,7
13,12,12,13,12.5,25,1,10
10,19,10,19,14.5,29,9,9
7,36,7,36,21.5,43,29,5
4,1,1,4,2.5,5,3,0
6,7,6,7,6.5,13,1,2
8,7,7,8,7.5,15,1,6
8,11,8,11,9.5,19,3,7
1,5,1,5,3.0,6,4,0
11,5,5,11,8.0,16,6,0
5,1,1,5,3.0,6,4,0
1,22,1,22,11.5,23,21,0
4,2,2,4,3.0,6,2,1
6,1,1,6,3.5,7,5,0
27,17,17,27,22.0,44,10,13
39,47,39,47,43.0,86,8,35
7,8,7,8,7.5,15,1,3
1,4,1,4,2.5,5,3,0
3,6,3,6,4.5,9,3,2
1,6,1,6,3.5,7,5,0
12,9,9,12,10.5,21,3,8
11,10,10,11,10.5,21,1,8
4,2,2,4,3.0,6,2,0
9,5,5,9,7.0,14,4,4
23,20,20,23,21.5,43,3,19
7,4,4,7,5.5,11,3,2
6,2,2,6,4.0,8,4,0
24,21,21,24,22.5,45,3,17
6,7,6,7,6.5,13,1,5
10,10,10,10,10.0,20,0,7
5,1,1,5,3.0,6,4,0
20,38,20,38,29.0,58,18,18
1,8,1,8,4.5,9,7,0
14,13,13,14,13.5,27,1,12
8,8,8,8,8.0,16,0,6
11,15,11,15,13.0,26,4,9
5,2,2,5,3.5,7,3,0
19,20,19,20,19.5,39,1,18
2,8,2,8,5.0,10,6,0
2,6,2,6,4.0,8,4,1
4,1,1,4,2.5,5,3,0
24,29,24,29,26.5,53,5,23
1,6,1,6,3.5,7,5,0
1,7,1,7,4.0,8,6,0
4,4,4,4,4.0,8,0,3
15,11,11,15,13.0,26,4,10
4,1,1,4,2.5,5,3,0
5,7,5,7,6.0,12,2,4
6,1,1,6,3.5,7,5,0
6,6,6,6,6.0,12,0,5
13,3,3,13,8.0,16,10,2
1,15,1,15,8.0,16,14,0
10,18,10,18,14.0,28,8,9
1,22,1,22,11.5,23,21,0
6,10,6,10,8.0,16,4,5
5,1,1,5,3.0,6,4,0
5,5,5,5,5.0,10,0,4
5,1,1,5,3.0,6,4,0
1,6,1,6,3.5,7,5,0
18,22,18,22,20.0,40,4,15
6,8,6,8,7.0,14,2,5
2,8,2,8,5.0,10,6,0
1,4,1,4,2.5,5,3,0
6,7,6,7,6.5,13,1,5
6,6,6,6,6.0,12,0,5
8,2,2,8,5.0,10,6,0
55,16,16,55,35.5,71,39,9
2,6,2,6,4.0,8,4,1
1,28,1,28,14.5,29,27,0
7,12,7,12,9.5,19,5,1
1,5,1,5,3.0,6,4,0
20,28,20,28,24.0,48,8,14
1,4,1,4,2.5,5,3,0
15,16,15,16,15.5,31,1,12
4,1,1,4,2.5,5,3,0
1,5,1,5,3.0,6,4,0
19,24,19,24,21.5,43,5,17
8,6,6,8,7.0,14,2,5
12,4,4,12,8.0,16,8,3
9,7,7,9,8.0,16,2,3
31,33,31,33,32.0,64,2,30
10,10,10,10,10.0,20,0,8
10,9,9,10,9.5,19,1,7
3,5,3,5,4.0,8,2,2
14,12,12,14,13.0,26,2,11
10,10,10,10,10.0,20,0,8
5,1,1,5,3.0,6,4,0
8,9,8,9,8.5,17,1,3
5,1,1,5,3.0,6,4,0
4,6,4,6,5.0,10,2,3
14,14,14,14,14.0,28,0,13
1,4,1,4,2.5,5,3,0
21,21,21,21,21.0,42,0,20
6,6,6,6,6.0,12,0,5
4,3,3,4,3.5,7,1,2
7,7,7,7,7.0,14,0,6
6,6,6,6,6.0,12,0,3
2,5,2,5,3.5,7,3,1
4,1,1,4,2.5,5,3,0
9,10,9,10,9.5,19,1,7
1,5,1,5,3.0,6,4,0
5,6,5,6,5.5,11,1,4
2,30,2,30,16.0,32,28,0
6,7,6,7,6.5,13,1,5
5,6,5,6,5.5,11,1,4
4,1,1,4,2.5,5,3,0
33,28,28,33,30.5,61,5,22
33,30,30,33,31.5,63,3,25
7,9,7,9,8.0,16,2,5
2,12,2,12,7.0,14,10,1
1,15,1,15,8.0,16,14,0
1,5,1,5,3.0,6,4,0
12,10,10,12,11.0,22,2,7
20,23,20,23,21.5,43,3,18
1,6,1,6,3.5,7,5,0
19,15,15,19,17.0,34,4,14
1,13,1,13,7.0,14,12,0
7,3,3,7,5.0,10,4,2
12,3,3,12,7.5,15,9,0
5,6,5,6,5.5,11,1,4
38,25,25,38,31.5,63,13,20
21,35,21,35,28.0,56,14,16
11,15,11,15,13.0,26,4,10
7,1,1,7,4.0,8,6,0
1,19,1,19,10.0,20,18,0
2,5,2,5,3.5,7,3,1
1,52,1,52,26.5,53,51,0
1,5,1,5,3.0,6,4,0
7,7,7,7,7.0,14,0,6
31,31,31,31,31.0,62,0,28
2,8,2,8,5.0,10,6,0
1,5,1,5,3.0,6,4,0
5,6,5,6,5.5,11,1,4
31,10,10,31,20.5,41,21,8
15,27,15,27,21.0,42,12,14
3,13,3,13,8.0,16,10,2
21,21,21,21,21.0,42,0,19
2,4,2,4,3.0,6,2,1
1,4,1,4,2.5,5,3,0
8,19,8,19,13.5,27,11,4
1,5,1,5,3.0,6,4,0
19,23,19,23,21.0,42,4,7
20,24,20,24,22.0,44,4,17
5,1,1,5,3.0,6,4,0
4,1,1,4,2.5,5,3,0
1,4,1,4,2.5,5,3,0
5,5,5,5,5.0,10,0,4
21,25,21,25,23.0,46,4,20
4,6,4,6,5.0,10,2,3
6,1,1,6,3.5,7,5,0
5,3,3,5,4.0,8,2,2
1,6,1,6,3.5,7,5,0
6,6,6,6,6.0,12,0,5
36,48,36,48,42.0,84,12,28
6,9,6,9,7.5,15,3,3
5,1,1,5,3.0,6,4,0
4,1,1,4,2.5,5,3,0
10,7,7,10,8.5,17,3,5
20,22,20,22,21.0,42,2,19
1,5,1,5,3.0,6,4,0
10,12,10,12,11.0,22,2,8
11,18,11,18,14.5,29,7,10
1,4,1,4,2.5,5,3,0
11,1,1,11,6.0,12,10,0
5,1,1,5,3.0,6,4,0
4,6,4,6,5.0,10,2,3
11,16,11,16,13.5,27,5,10
1,9,1,9,5.0,10,8,0
24,26,24,26,25.0,50,2,22
5,4,4,5,4.5,9,1,3
4,2,2,4,3.0,6,2,1
12,19,12,19,15.5,31,7,10
10,11,10,11,10.5,21,1,9
8,8,8,8,8.0,16,0,4
26,26,26,26,26.0,52,0,25
26,27,26,27,26.5,53,1,25
1,4,1,4,2.5,5,3,0
1,4,1,4,2.5,5,3,0
17,18,17,18,17.5,35,1,16
5,5,5,5,5.0,10,0,3
16,19,16,19,17.5,35,3,15
5,1,1,5,3.0,6,4,0
5,8,5,8,6.5,13,3,3
1,5,1,5,3.0,6,4,0
4,1,1,4,2.5,5,3,0
12,4,4,12,8.0,16,8,0
6,1,1,6,3.5,7,5,0
1,4,1,4,2.5,5,3,0
15,17,15,17,16.0,32,2,14
4,1,1,4,2.5,5,3,0
4,1,1,4,2.5,5,3,0
38,15,15,38,26.5,53,23,11
5,5,5,5,5.0,10,0,4
6,5,5,6,5.5,11,1,4
9,10,9,10,9.5,19,1,6
15,16,15,16,15.5,31,1,13
18,20,18,20,19.0,38,2,17
5,4,4,5,4.5,9,1,3
26,26,26,26,26.0,52,0,25
7,1,1,7,4.0,8,6,0
22,13,13,22,17.5,35,9,11
11,8,8,11,9.5,19,3,7
7,7,7,7,7.0,14,0,5
21,11,11,21,16.0,32,10,10
10,1,1,10,5.5,11,9,0
5,1,1,5,3.0,6,4,0
3,13,3,13,8.0,16,10,0
2,10,2,10,6.0,12,8,0
4,5,4,5,4.5,9,1,3
6,5,5,6,5.5,11,1,4
20,23,20,23,21.5,43,3,17
5,3,3,5,4.0,8,2,2
4,2,2,4,3.0,6,2,1
5,5,5,5,5.0,10,0,4
4,1,1,4,2.5,5,3,0
4,5,4,5,4.5,9,1,3
1,10,1,10,5.5,11,9,0
7,6,6,7,6.5,13,1,5
19,23,19,23,21.0,42,4,15
4,1,1,4,2.5,5,3,0
20,22,20,22,21.0,42,2,19
4,2,2,4,3.0,6,2,0
1,28,1,28,14.5,29,27,0
6,6,6,6,6.0,12,0,5
1,6,1,6,3.5,7,5,0
41,34,34,41,37.5,75,7,27
8,1,1,8,4.5,9,7,0
7,1,1,7,4.0,8,6,0
18,11,11,18,14.5,29,7,8
15,25,15,25,20.0,40,10,14
5,1,1,5,3.0,6,4,0
11,9,9,11,10.0,20,2,6
13,19,13,19,16.0,32,6,10
7,1,1,7,4.0,8,6,0
28,4,4,28,16.0,32,24,3
11,12,11,12,11.5,23,1,10
24,29,24,29,26.5,53,5,17
40,23,23,40,31.5,63,17,21
1,5,1,5,3.0,6,4,0
3,5,3,5,4.0,8,2,0
12,13,12,13,12.5,25,1,9
14,13,13,14,13.5,27,1,10
1,5,1,5,3.0,6,4,0
8,9,8,9,8.5,17,1,3
2,19,2,19,10.5,21,17,0
16,9,9,16,12.5,25,7,7
5,1,1,5,3.0,6,4,0
4,9,4,9,6.5,13,5,3
32,31,31,32,31.5,63,1,29
5,1,1,5,3.0,6,4,0
4,2,2,4,3.0,6,2,1
1,4,1,4,2.5,5,3,0
5,4,4,5,4.5,9,1,3
8,1,1,8,4.5,9,7,0
8,8,8,8,8.0,16,0,7
5,6,5,6,5.5,11,1,0
4,1,1,4,2.5,5,3,0
1,4,1,4,2.5,5,3,0
4,4,4,4,4.0,8,0,2
6,5,5,6,5.5,11,1,0
4,1,1,4,2.5,5,3,0
6,1,1,6,3.5,7,5,0
10,9,9,10,9.5,19,1,7
7,4,4,7,5.5,11,3,3
4,1,1,4,2.5,5,3,0
19,19,19,19,19.0,38,0,16
15,11,11,15,13.0,26,4,10
1,16,1,16,8.5,17,15,0
1,6,1,6,3.5,7,5,0
5,6,5,6,5.5,11,1,4
4,4,4,4,4.0,8,0,3
5,2,2,5,3.5,7,3,1
9,9,9,9,9.0,18,0,8
4,5,4,5,4.5,9,1,3
13,12,12,13,12.5,25,1,11
25,24,24,25,24.5,49,1,23
1,146,1,146,73.5,147,145,0
17,14,14,17,15.5,31,3,12
1,6,1,6,3.5,7,5,0
5,6,5,6,5.5,11,1,4
9,1,1,9,5.0,10,8,0
5,1,1,5,3.0,6,4,0
4,1,1,4,2.5,5,3,0
2,7,2,7,4.5,9,5,1
3,12,3,12,7.5,15,9,2
7,9,7,9,8.0,16,2,4
1,5,1,5,3.0,6,4,0
1,5,1,5,3.0,6,4,0
17,6,6,17,11.5,23,11,5
9,10,9,10,9.5,19,1,8
1,4,1,4,2.5,5,3,0
4,4,4,4,4.0,8,0,3
6,2,2,6,4.0,8,4,1
8,5,5,8,6.5,13,3,3
5,6,5,6,5.5,11,1,4
5,1,1,5,3.0,6,4,0
4,1,1,4,2.5,5,3,0
3,8,3,8,5.5,11,5,1
11,11,11,11,11.0,22,0,9
1,8,1,8,4.5,9,7,0
4,2,2,4,3.0,6,2,1
5,1,1,5,3.0,6,4,0
4,20,4,20,12.0,24,16,2
5,4,4,5,4.5,9,1,2
1,5,1,5,3.0,6,4,0
4,6,4,6,5.0,10,2,3
11,9,9,11,10.0,20,2,2
29,38,29,38,33.5,67,9,11
6,6,6,6,6.0,12,0,5
3,4,3,4,3.5,7,1,2
3,4,3,4,3.5,7,1,1
1,5,1,5,3.0,6,4,0
2,4,2,4,3.0,6,2,1
4,12,4,12,8.0,16,8,1
14,19,14,19,16.5,33,5,13
1,5,1,5,3.0,6,4,0
1,56,1,56,28.5,57,55,0
25,10,10,25,17.5,35,15,8
5,6,5,6,5.5,11,1,0
1,4,1,4,2.5,5,3,0
6,6,6,6,6.0,12,0,5
41,44,41,44,42.5,85,3,40
7,6,6,7,6.5,13,1,5
4,11,4,11,7.5,15,7,3
6,4,4,6,5.0,10,2,3
45,45,45,45,45.0,90,0,33
4,1,1,4,2.5,5,3,0
13,10,10,13,11.5,23,3,8
5,6,5,6,5.5,11,1,4
12,1,1,12,6.5,13,11,0
1,39,1,39,20.0,40,38,0
30,20,20,30,25.0,50,10,15
5,48,5,48,26.5,53,43,2
1,4,1,4,2.5,5,3,0
49,45,45,49,47.0,94,4,35
4,4,4,4,4.0,8,0,3
2,4,2,4,3.0,6,2,1
2,5,2,5,3.5,7,3,0
1,77,1,77,39.0,78,76,0
5,1,1,5,3.0,6,4,0
5,5,5,5,5.0,10,0,1
1,22,1,22,11.5,23,21,0
7,8,7,8,7.5,15,1,6
6,2,2,6,4.0,8,4,0
27,26,26,27,26.5,53,1,25
1,6,1,6,3.5,7,5,0
2,4,2,4,3.0,6,2,1
1,5,1,5,3.0,6,4,0
5,1,1,5,3.0,6,4,0
12,9,9,12,10.5,21,3,7
5,4,4,5,4.5,9,1,0
4,1,1,4,2.5,5,3,0
9,9,9,9,9.0,18,0,8
49,41,41,49,45.0,90,8,40
7,5,5,7,6.0,12,2,2
5,1,1,5,3.0,6,4,0
7,8,7,8,7.5,15,1,4
28,7,7,28,17.5,35,21,0
4,1,1,4,2.5,5,3,0
5,3,3,5,4.0,8,2,2
51,49,49,51,50.0,100,2,48
4,1,1,4,2.5,5,3,0
3,9,3,9,6.0,12,6,0
11,13,11,13,12.0,24,2,8
8,11,8,11,9.5,19,3,6
8,23,8,23,15.5,31,15,3
29,33,29,33,31.0,62,4,21
4,5,4,5,4.5,9,1,3
19,22,19,22,20.5,41,3,18
2,6,2,6,4.0,8,4,1
61,23,23,61,42.0,84,38,20
4,4,4,4,4.0,8,0,0
16,9,9,16,12.5,25,7,8
4,1,1,4,2.5,5,3,0
4,4,4,4,4.0,8,0,3
1,9,1,9,5.0,10,8,0
4,4,4,4,4.0,8,0,3
4,1,1,4,2.5,5,3,0
5,1,1,5,3.0,6,4,0
3,11,3,11,7.0,14,8,1
10,8,8,10,9.0,18,2,7
4,6,4,6,5.0,10,2,3
49,38,38,49,43.5,87,11,19
32,23,23,32,27.5,55,9,21
25,44,25,44,34.5,69,19,20
15,8,8,15,11.5,23,7,6
30,1,1,30,15.5,31,29,0
16,17,16,17,16.5,33,1,11
8,2,2,8,5.0,10,6,0
7,1,1,7,4.0,8,6,0
12,13,12,13,12.5,25,1,10
42,34,34,42,38.0,76,8,18
13,8,8,13,10.5,21,5,4
13,13,13,13,13.0,26,0,10
8,15,8,15,11.5,23,7,5
13,1,1,13,7.0,14,12,0
16,5,5,16,10.5,21,11,3
16,40,16,40,28.0,56,24,12
7,11,7,11,9.0,18,4,5
22,21,21,22,21.5,43,1,20
7,11,7,11,9.0,18,4,6
5,1,1,5,3.0,6,4,0
10,12,10,12,11.0,22,2,8
8,1,1,8,4.5,9,7,0
14,14,14,14,14.0,28,0,13
4,1,1,4,2.5,5,3,0
1,5,1,5,3.0,6,4,0
5,2,2,5,3.5,7,3,1
14,2,2,14,8.0,16,12,1
13,17,13,17,15.0,30,4,12
7,15,7,15,11.0,22,8,6
1,13,1,13,7.0,14,12,0
1,6,1,6,3.5,7,5,0
24,27,24,27,25.5,51,3,20
5,1,1,5,3.0,6,4,0
6,1,1,6,3.5,7,5,0
27,24,24,27,25.5,51,3,23
3,4,3,4,3.5,7,1,1
3,4,3,4,3.5,7,1,1
20,20,20,20,20.0,40,0,17
5,5,5,5,5.0,10,0,4
21,9,9,21,15.0,30,12,8
1,4,1,4,2.5,5,3,0
22,21,21,22,21.5,43,1,20
49,24,24,49,36.5,73,25,20
1,15,1,15,8.0,16,14,0
49,18,18,49,33.5,67,31,17
12,12,12,12,12.0,24,0,10
4,9,4,9,6.5,13,5,0
7,5,5,7,6.0,12,2,4
5,1,1,5,3.0,6,4,0
1,10,1,10,5.5,11,9,0
5,8,5,8,6.5,13,3,4
27,22,22,27,24.5,49,5,20
7,10,7,10,8.5,17,3,3
7,1,1,7,4.0,8,6,0
1,5,1,5,3.0,6,4,0
2,7,2,7,4.5,9,5,0
23,1,1,23,12.0,24,22,0
5,1,1,5,3.0,6,4,0
11,6,6,11,8.5,17,5,5
5,5,5,5,5.0,10,0,4
7,4,4,7,5.5,11,3,0
5,5,5,5,5.0,10,0,4
1,4,1,4,2.5,5,3,0
9,7,7,9,8.0,16,2,4
11,10,10,11,10.5,21,1,8
1,4,1,4,2.5,5,3,0
1,5,1,5,3.0,6,4,0
1,14,1,14,7.5,15,13,0
6,5,5,6,5.5,11,1,4
1,4,1,4,2.5,5,3,0
4,1,1,4,2.5,5,3,0
16,15,15,16,15.5,31,1,12
4,1,1,4,2.5,5,3,0
20,20,20,20,20.0,40,0,18
4,7,4,7,5.5,11,3,3
19,4,4,19,11.5,23,15,0
2,4,2,4,3.0,6,2,1
1,5,1,5,3.0,6,4,0
4,5,4,5,4.5,9,1,0
2,4,2,4,3.0,6,2,1
1,4,1,4,2.5,5,3,0
1,7,1,7,4.0,8,6,0
10,9,9,10,9.5,19,1,7
6,10,6,10,8.0,16,4,2
53,24,24,53,38.5,77,29,21
1,5,1,5,3.0,6,4,0
6,6,6,6,6.0,12,0,4
11,1,1,11,6.0,12,10,0
13,8,8,13,10.5,21,5,6
20,17,17,20,18.5,37,3,15
6,6,6,6,6.0,12,0,5
1,8,1,8,4.5,9,7,0
5,2,2,5,3.5,7,3,1
1,12,1,12,6.5,13,11,0
6,6,6,6,6.0,12,0,5
47,30,30,47,38.5,77,17,16
12,1,1,12,6.5,13,11,0
7,9,7,9,8.0,16,2,6
1,5,1,5,3.0,6,4,0
11,1,1,11,6.0,12,10,0
8,8,8,8,8.0,16,0,7
14,9,9,14,11.5,23,5,3
4,1,1,4,2.5,5,3,0
14,1,1,14,7.5,15,13,0
5,6,5,6,5.5,11,1,3
5,1,1,5,3.0,6,4,0
27,11,11,27,19.0,38,16,10
9,22,9,22,15.5,31,13,7
5,6,5,6,5.5,11,1,4
29,30,29,30,29.5,59,1,21
5,1,1,5,3.0,6,4,0
3,5,3,5,4.0,8,2,2
4,9,4,9,6.5,13,5,0
5,9,5,9,7.0,14,4,4
23,36,23,36,29.5,59,13,22
23,28,23,28,25.5,51,5,2
4,1,1,4,2.5,5,3,0
1,49,1,49,25.0,50,48,0
11,10,10,11,10.5,21,1,9
6,9,6,9,7.5,15,3,5
9,11,9,11,10.0,20,2,8
7,9,7,9,8.0,16,2,6
1,4,1,4,2.5,5,3,0
19,19,19,19,19.0,38,0,18
18,20,18,20,19.0,38,2,4
40,31,31,40,35.5,71,9,28
1,4,1,4,2.5,5,3,0
5,19,5,19,12.0,24,14,4
1,5,1,5,3.0,6,4,0
34,37,34,37,35.5,71,3,33
4,8,4,8,6.0,12,4,3
6,5,5,6,5.5,11,1,4
1,4,1,4,2.5,5,3,0
8,6,6,8,7.0,14,2,5
13,12,12,13,12.5,25,1,8
26,16,16,26,21.0,42,10,15
9,9,9,9,9.0,18,0,5
5,6,5,6,5.5,11,1,4
1,10,1,10,5.5,11,9,0
9,1,1,9,5.0,10,8,0
10,1,1,10,5.5,11,9,0
4,4,4,4,4.0,8,0,2
5,3,3,5,4.0,8,2,2
15,2,2,15,8.5,17,13,0
14,12,12,14,13.0,26,2,11
1,6,1,6,3.5,7,5,0
14,1,1,14,7.5,15,13,0
6,1,1,6,3.5,7,5,0
20,18,18,20,19.0,38,2,10
7,8,7,8,7.5,15,1,6
8,1,1,8,4.5,9,7,0
1,6,1,6,3.5,7,5,0
8,8,8,8,8.0,16,0,7
6,1,1,6,3.5,7,5,0
1,12,1,12,6.5,13,11,0
1,6,1,6,3.5,7,5,0
12,1,1,12,6.5,13,11,0
22,49,22,49,35.5,71,27,19
1,88,1,88,44.5,89,87,0
1,4,1,4,2.5,5,3,0
1,5,1,5,3.0,6,4,0
31,30,30,31,30.5,61,1,20
5,4,4,5,4.5,9,1,3
18,36,18,36,27.0,54,18,15
18,17,17,18,17.5,35,1,10
7,11,7,11,9.0,18,4,6
31,25,25,31,28.0,56,6,24
5,2,2,5,3.5,7,3,1
1,5,1,5,3.0,6,4,0
2,20,2,20,11.0,22,18,1
4,2,2,4,3.0,6,2,0
6,10,6,10,8.0,16,4,4
2,10,2,10,6.0,12,8,1
1,4,1,4,2.5,5,3,0
1,4,1,4,2.5,5,3,0
20,13,13,20,16.5,33,7,11
1,5,1,5,3.0,6,4,0
9,6,6,9,7.5,15,3,5
5,5,5,5,5.0,10,0,4
5,5,5,5,5.0,10,0,3
5,1,1,5,3.0,6,4,0
5,7,5,7,6.0,12,2,0
10,8,8,10,9.0,18,2,7
1,20,1,20,10.5,21,19,0
1,12,1,12,6.5,13,11,0
36,22,22,36,29.0,58,14,18
14,26,14,26,20.0,40,12,0
4,1,1,4,2.5,5,3,0
1,4,1,4,2.5,5,3,0
1,5,1,5,3.0,6,4,0
1,19,1,19,10.0,20,18,0
14,6,6,14,10.0,20,8,3
5,6,5,6,5.5,11,1,4
4,1,1,4,2.5,5,3,0
7,6,6,7,6.5,13,1,5
10,19,10,19,14.5,29,9,8
5,6,5,6,5.5,11,1,4
6,6,6,6,6.0,12,0,5
34,45,34,45,39.5,79,11,27
4,8,4,8,6.0,12,4,0
33,7,7,33,20.0,40,26,6
7,4,4,7,5.5,11,3,3
6,16,6,16,11.0,22,10,5
4,6,4,6,5.0,10,2,1
4,1,1,4,2.5,5,3,0
16,6,6,16,11.0,22,10,3
5,6,5,6,5.5,11,1,4
1,4,1,4,2.5,5,3,0
7,146,7,146,76.5,153,139,0
3,16,3,16,9.5,19,13,1
8,4,4,8,6.0,12,4,3
7,5,5,7,6.0,12,2,4
9,8,8,9,8.5,17,1,7
9,9,9,9,9.0,18,0,8
7,7,7,7,7.0,14,0,6
6,1,1,6,3.5,7,5,0
4,1,1,4,2.5,5,3,0
16,44,16,44,30.0,60,28,10
4,2,2,4,3.0,6,2,1
6,1,1,6,3.5,7,5,0
1,7,1,7,4.0,8,6,0
1,5,1,5,3.0,6,4,0
6,6,6,6,6.0,12,0,5
33,31,31,33,32.0,64,2,30
11,1,1,11,6.0,12,10,0
1,5,1,5,3.0,6,4,0
5,4,4,5,4.5,9,1,2
12,18,12,18,15.0,30,6,7
4,11,4,11,7.5,15,7,1
8,7,7,8,7.5,15,1,4
12,6,6,12,9.0,18,6,4
4,1,1,4,2.5,5,3,0
23,22,22,23,22.5,45,1,21
7,1,1,7,4.0,8,6,0
18,23,18,23,20.5,41,5,16
1,4,1,4,2.5,5,3,0
7,6,6,7,6.5,13,1,5
4,2,2,4,3.0,6,2,1
4,1,1,4,2.5,5,3,0
8,6,6,8,7.0,14,2,5
40,25,25,40,32.5,65,15,20
17,40,17,40,28.5,57,23,13
2,9,2,9,5.5,11,7,0
23,23,23,23,23.0,46,0,21
4,5,4,5,4.5,9,1,2
4,1,1,4,2.5,5,3,0
6,4,4,6,5.0,10,2,3
4,1,1,4,2.5,5,3,0
17,13,13,17,15.0,30,4,6
9,5,5,9,7.0,14,4,1
1,4,1,4,2.5,5,3,0
7,1,1,7,4.0,8,6,0
10,9,9,10,9.5,19,1,6
43,47,43,47,45.0,90,4,40
14,15,14,15,14.5,29,1,8
2,5,2,5,3.5,7,3,0
8,8,8,8,8.0,16,0,7
8,1,1,8,4.5,9,7,0
11,8,8,11,9.5,19,3,5
12,15,12,15,13.5,27,3,11
5,1,1,5,3.0,6,4,0
4,1,1,4,2.5,5,3,0
10,10,10,10,10.0,20,0,8
10,1,1,10,5.5,11,9,0
5,5,5,5,5.0,10,0,4
7,4,4,7,5.5,11,3,1
7,11,7,11,9.0,18,4,5
14,12,12,14,13.0,26,2,9
4,5,4,5,4.5,9,1,3
1,4,1,4,2.5,5,3,0
25,27,25,27,26.0,52,2,23
7,4,4,7,5.5,11,3,1
12,16,12,16,14.0,28,4,11
4,2,2,4,3.0,6,2,1
12,13,12,13,12.5,25,1,10
6,6,6,6,6.0,12,0,5
1,6,1,6,3.5,7,5,0
1,14,1,14,7.5,15,13,0
10,146,10,146,78.0,156,136,1
41,41,41,41,41.0,82,0,40
13,1,1,13,7.0,14,12,0
1,6,1,6,3.5,7,5,0
13,8,8,13,10.5,21,5,5
1,6,1,6,3.5,7,5,0
5,4,4,5,4.5,9,1,3
4,1,1,4,2.5,5,3,0
5,5,5,5,5.0,10,0,0
19,11,11,19,15.0,30,8,10
5,5,5,5,5.0,10,0,3
4,4,4,4,4.0,8,0,3
1,9,1,9,5.0,10,8,0
2,6,2,6,4.0,8,4,1
4,2,2,4,3.0,6,2,0
5,6,5,6,5.5,11,1,2
17,24,17,24,20.5,41,7,9
1,5,1,5,3.0,6,4,0
4,1,1,4,2.5,5,3,0
4,4,4,4,4.0,8,0,3
5,1,1,5,3.0,6,4,0
6,4,4,6,5.0,10,2,3
4,1,1,4,2.5,5,3,0
28,27,27,28,27.5,55,1,25
1,7,1,7,4.0,8,6,0
16,15,15,16,15.5,31,1,12
1,27,1,27,14.0,28,26,0
5,4,4,5,4.5,9,1,1
6,4,4,6,5.0,10,2,1
6,7,6,7,6.5,13,1,4
23,9,9,23,16.0,32,14,5
33,31,31,33,32.0,64,2,30
4,5,4,5,4.5,9,1,3
1,5,1,5,3.0,6,4,0
1,11,1,11,6.0,12,10,0
27,22,22,27,24.5,49,5,21
1,10,1,10,5.5,11,9,0
6,6,6,6,6.0,12,0,2
107,21,21,107,64.0,128,86,15
4,1,1,4,2.5,5,3,0
9,7,7,9,8.0,16,2,6
11,19,11,19,15.0,30,8,9
7,4,4,7,5.5,11,3,1
7,8,7,8,7.5,15,1,6
24,36,24,36,30.0,60,12,19
22,25,22,25,23.5,47,3,18
13,11,11,13,12.0,24,2,10
2,13,2,13,7.5,15,11,1
2,5,2,5,3.5,7,3,1
21,27,21,27,24.0,48,6,19
11,7,7,11,9.0,18,4,4
1,8,1,8,4.5,9,7,0
5,1,1,5,3.0,6,4,0
9,1,1,9,5.0,10,8,0
25,25,25,25,25.0,50,0,22
10,21,10,21,15.5,31,11,9
1,4,1,4,2.5,5,3,0
1,10,1,10,5.5,11,9,0
1,26,1,26,13.5,27,25,0
4,14,4,14,9.0,18,10,3
5,30,5,30,17.5,35,25,0
5,7,5,7,6.0,12,2,4
10,12,10,12,11.0,22,2,9
3,7,3,7,5.0,10,4,2
1,5,1,5,3.0,6,4,0
1,12,1,12,6.5,13,11,0
1,10,1,10,5.5,11,9,0
13,12,12,13,12.5,25,1,11
1,88,1,88,44.5,89,87,0
4,1,1,4,2.5,5,3,0
7,13,7,13,10.0,20,6,2
1,4,1,4,2.5,5,3,0
4,6,4,6,5.0,10,2,1
13,14,13,14,13.5,27,1,6
5,1,1,5,3.0,6,4,0
6,6,6,6,6.0,12,0,0
1,7,1,7,4.0,8,6,0
12,13,12,13,12.5,25,1,10
88,45,45,88,66.5,133,43,38
2,6,2,6,4.0,8,4,1
5,1,1,5,3.0,6,4,0
10,5,5,10,7.5,15,5,4
32,32,32,32,32.0,64,0,25
27,23,23,27,25.0,50,4,22
1,4,1,4,2.5,5,3,0
20,1,1,20,10.5,21,19,0
6,1,1,6,3.5,7,5,0
12,1,1,12,6.5,13,11,0
5,1,1,5,3.0,6,4,0
1,4,1,4,2.5,5,3,0
45,29,29,45,37.0,74,16,20
2,5,2,5,3.5,7,3,0
1,20,1,20,10.5,21,19,0
13,9,9,13,11.0,22,4,8
14,13,13,14,13.5,27,1,11
13,14,13,14,13.5,27,1,8
5,5,5,5,5.0,10,0,3
11,11,11,11,11.0,22,0,10
11,11,11,11,11.0,22,0,10
4,2,2,4,3.0,6,2,0
4,1,1,4,2.5,5,3,0
1,31,1,31,16.0,32,30,0
5,1,1,5,3.0,6,4,0
14,20,14,20,17.0,34,6,13
4,1,1,4,2.5,5,3,0
1,6,1,6,3.5,7,5,0
2,8,2,8,5.0,10,6,1
1,14,1,14,7.5,15,13,0
4,3,3,4,3.5,7,1,2
4,3,3,4,3.5,7,1,2
4,1,1,4,2.5,5,3,0
4,1,1,4,2.5,5,3,0
10,15,10,15,12.5,25,5,2
10,1,1,10,5.5,11,9,0
6,1,1,6,3.5,7,5,0
5,1,1,5,3.0,6,4,0
8,4,4,8,6.0,12,4,3
2,7,2,7,4.5,9,5,1
40,40,40,40,40.0,80,0,33
1,105,1,105,53.0,106,104,0
7,1,1,7,4.0,8,6,0
3,12,3,12,7.5,15,9,0
4,6,4,6,5.0,10,2,0
6,3,3,6,4.5,9,3,0
27,29,27,29,28.0,56,2,18
2,5,2,5,3.5,7,3,1
13,13,13,13,13.0,26,0,12
17,18,17,18,17.5,35,1,16
17,46,17,46,31.5,63,29,13
16,20,16,20,18.0,36,4,12
4,1,1,4,2.5,5,3,0
12,13,12,13,12.5,25,1,10
1,7,1,7,4.0,8,6,0
6,2,2,6,4.0,8,4,1
1,5,1,5,3.0,6,4,0
5,15,5,15,10.0,20,10,2
5,1,1,5,3.0,6,4,0
25,25,25,25,25.0,50,0,20
25,37,25,37,31.0,62,12,22
14,20,14,20,17.0,34,6,11
3,5,3,5,4.0,8,2,2
7,10,7,10,8.5,17,3,5
11,1,1,11,6.0,12,10,0
9,6,6,9,7.5,15,3,5
6,5,5,6,5.5,11,1,3
12,1,1,12,6.5,13,11,0
7,6,6,7,6.5,13,1,5
39,36,36,39,37.5,75,3,30
5,1,1,5,3.0,6,4,0
1,4,1,4,2.5,5,3,0
5,1,1,5,3.0,6,4,0
1,5,1,5,3.0,6,4,0
15,12,12,15,13.5,27,3,11
1,5,1,5,3.0,6,4,0
4,4,4,4,4.0,8,0,0
25,32,25,32,28.5,57,7,23
4,1,1,4,2.5,5,3,0
7,5,5,7,6.0,12,2,2
1,10,1,10,5.5,11,9,0
2,5,2,5,3.5,7,3,1
1,6,1,6,3.5,7,5,0
1,6,1,6,3.5,7,5,0
6,1,1,6,3.5,7,5,0
13,6,6,13,9.5,19,7,4
4,6,4,6,5.0,10,2,2
14,18,14,18,16.0,32,4,13
4,1,1,4,2.5,5,3,0
4,4,4,4,4.0,8,0,3
28,25,25,28,26.5,53,3,24
37,48,37,48,42.5,85,11,24
21,21,21,21,21.0,42,0,19
14,15,14,15,14.5,29,1,13
2,5,2,5,3.5,7,3,1
1,5,1,5,3.0,6,4,0
1,5,1,5,3.0,6,4,0
4,1,1,4,2.5,5,3,0
4,1,1,4,2.5,5,3,0
34,27,27,34,30.5,61,7,22
4,1,1,4,2.5,5,3,0
7,7,7,7,7.0,14,0,5
4,1,1,4,2.5,5,3,0
7,7,7,7,7.0,14,0,5
4,1,1,4,2.5,5,3,0
4,1,1,4,2.5,5,3,0
4,4,4,4,4.0,8,0,3
6,8,6,8,7.0,14,2,5
8,9,8,9,8.5,17,1,3
11,8,8,11,9.5,19,3,6
6,2,2,6,4.0,8,4,1
13,15,13,15,14.0,28,2,8
1,7,1,7,4.0,8,6,0
34,34,34,34,34.0,68,0,33
5,1,1,5,3.0,6,4,0
1,9,1,9,5.0,10,8,0
1,5,1,5,3.0,6,4,0
29,49,29,49,39.0,78,20,22
7,6,6,7,6.5,13,1,2
5,1,1,5,3.0,6,4,0
4,5,4,5,4.5,9,1,3
1,4,1,4,2.5,5,3,0
16,17,16,17,16.5,33,1,12
8,2,2,8,5.0,10,6,1
2,12,2,12,7.0,14,10,0
8,8,8,8,8.0,16,0,7
5,1,1,5,3.0,6,4,0
19,9,9,19,14.0,28,10,5
5,5,5,5,5.0,10,0,4
4,1,1,4,2.5,5,3,0
11,9,9,11,10.0,20,2,6
7,7,7,7,7.0,14,0,6
1,146,1,146,73.5,147,145,0
1,4,1,4,2.5,5,3,0
10,17,10,17,13.5,27,7,7
6,5,5,6,5.5,11,1,4
5,2,2,5,3.5,7,3,1
1,17,1,17,9.0,18,16,0
10,5,5,10,7.5,15,5,4
1,11,1,11,6.0,12,10,0
46,41,41,46,43.5,87,5,31
6,6,6,6,6.0,12,0,4
12,8,8,12,10.0,20,4,7
9,7,7,9,8.0,16,2,4
2,4,2,4,3.0,6,2,1
7,8,7,8,7.5,15,1,0
5,2,2,5,3.5,7,3,1
4,2,2,4,3.0,6,2,1
8,7,7,8,7.5,15,1,4
6,9,6,9,7.5,15,3,5
5,1,1,5,3.0,6,4,0
6,15,6,15,10.5,21,9,2
4,4,4,4,4.0,8,0,0
1,10,1,10,5.5,11,9,0
6,4,4,6,5.0,10,2,0
12,7,7,12,9.5,19,5,6
4,1,1,4,2.5,5,3,0
21,23,21,23,22.0,44,2,18
13,19,13,19,16.0,32,6,12
19,17,17,19,18.0,36,2,15
2,17,2,17,9.5,19,15,1
5,6,5,6,5.5,11,1,4
5,1,1,5,3.0,6,4,0
23,15,15,23,19.0,38,8,14
15,21,15,21,18.0,36,6,11
4,2,2,4,3.0,6,2,1
31,31,31,31,31.0,62,0,28
6,6,6,6,6.0,12,0,5
20,21,20,21,20.5,41,1,15
6,1,1,6,3.5,7,5,0
1,10,1,10,5.5,11,9,0
4,6,4,6,5.0,10,2,2
11,16,11,16,13.5,27,5,10
8,1,1,8,4.5,9,7,0
8,8,8,8,8.0,16,0,6
1,5,1,5,3.0,6,4,0
1,5,1,5,3.0,6,4,0
19,19,19,19,19.0,38,0,18
5,3,3,5,4.0,8,2,1
1,4,1,4,2.5,5,3,0
11,24,11,24,17.5,35,13,10
18,6,6,18,12.0,24,12,4
29,24,24,29,26.5,53,5,19
16,39,16,39,27.5,55,23,13
19,15,15,19,17.0,34,4,14
22,25,22,25,23.5,47,3,20
8,5,5,8,6.5,13,3,2
7,1,1,7,4.0,8,6,0
1,4,1,4,2.5,5,3,0
20,20,20,20,20.0,40,0,17
4,2,2,4,3.0,6,2,1
7,3,3,7,5.0,10,4,2
1,4,1,4,2.5,5,3,0
19,5,5,19,12.0,24,14,4
4,1,1,4,2.5,5,3,0
1,5,1,5,3.0,6,4,0
7,4,4,7,5.5,11,3,1
4,4,4,4,4.0,8,0,2
2,4,2,4,3.0,6,2,0
32,31,31,32,31.5,63,1,28
7,6,6,7,6.5,13,1,3
4,1,1,4,2.5,5,3,0
17,1,1,17,9.0,18,16,0
10,8,8,10,9.0,18,2,7
4,1,1,4,2.5,5,3,0
16,15,15,16,15.5,31,1,12
18,19,18,19,18.5,37,1,13
13,8,8,13,10.5,21,5,4
3,4,3,4,3.5,7,1,2
13,17,13,17,15.0,30,4,12
22,20,20,22,21.0,42,2,17
15,1,1,15,8.0,16,14,0
8,5,5,8,6.5,13,3,0
1,6,1,6,3.5,7,5,0
14,9,9,14,11.5,23,5,6
26,8,8,26,17.0,34,18,1
4,1,1,4,2.5,5,3,0
11,9,9,11,10.0,20,2,6
17,30,17,30,23.5,47,13,11
5,2,2,5,3.5,7,3,0
12,1,1,12,6.5,13,11,0
18,42,18,42,30.0,60,24,13
2,4,2,4,3.0,6,2,1
8,2,2,8,5.0,10,6,0
7,11,7,11,9.0,18,4,4
13,15,13,15,14.0,28,2,7
4,2,2,4,3.0,6,2,1
7,6,6,7,6.5,13,1,3
4,1,1,4,2.5,5,3,0
1,6,1,6,3.5,7,5,0
18,6,6,18,12.0,24,12,5
27,23,23,27,25.0,50,4,22
1,7,1,7,4.0,8,6,0
35,1,1,35,18.0,36,34,0
13,12,12,13,12.5,25,1,11
11,2,2,11,6.5,13,9,0
5,4,4,5,4.5,9,1,1
10,7,7,10,8.5,17,3,5
4,1,1,4,2.5,5,3,0
1,5,1,5,3.0,6,4,0
2,6,2,6,4.0,8,4,1
14,15,14,15,14.5,29,1,12
2,4,2,4,3.0,6,2,1
10,2,2,10,6.0,12,8,0
24,26,24,26,25.0,50,2,20
10,12,10,12,11.0,22,2,9
6,4,4,6,5.0,10,2,1
5,1,1,5,3.0,6,4,0
5,7,5,7,6.0,12,2,4
30,1,1,30,15.5,31,29,0
10,10,10,10,10.0,20,0,8
1,4,1,4,2.5,5,3,0
1,5,1,5,3.0,6,4,0
7,4,4,7,5.5,11,3,0
4,1,1,4,2.5,5,3,0
44,28,28,44,36.0,72,16,25
7,10,7,10,8.5,17,3,5
8,8,8,8,8.0,16,0,7
1,7,1,7,4.0,8,6,0
4,4,4,4,4.0,8,0,3
7,6,6,7,6.5,13,1,4
7,7,7,7,7.0,14,0,6
3,9,3,9,6.0,12,6,0
2,6,2,6,4.0,8,4,0
4,1,1,4,2.5,5,3,0
22,33,22,33,27.5,55,11,21
14,16,14,16,15.0,30,2,12
8,8,8,8,8.0,16,0,7
4,1,1,4,2.5,5,3,0
2,5,2,5,3.5,7,3,1
2,5,2,5,3.5,7,3,0
4,1,1,4,2.5,5,3,0
23,12,12,23,17.5,35,11,10
1,18,1,18,9.5,19,17,0
13,10,10,13,11.5,23,3,8
1,4,1,4,2.5,5,3,0
7,2,2,7,4.5,9,5,1
6,1,1,6,3.5,7,5,0
11,11,11,11,11.0,22,0,6
4,1,1,4,2.5,5,3,0
6,5,5,6,5.5,11,1,2
1,6,1,6,3.5,7,5,0
6,5,5,6,5.5,11,1,1
6,6,6,6,6.0,12,0,5
19,22,19,22,20.5,41,3,18
20,17,17,20,18.5,37,3,14
17,22,17,22,19.5,39,5,15
7,4,4,7,5.5,11,3,3
4,1,1,4,2.5,5,3,0
4,1,1,4,2.5,5,3,0
14,12,12,14,13.0,26,2,9
2,7,2,7,4.5,9,5,0
4,1,1,4,2.5,5,3,0
2,6,2,6,4.0,8,4,1
4,2,2,4,3.0,6,2,1
4,4,4,4,4.0,8,0,2
13,18,13,18,15.5,31,5,11
12,10,10,12,11.0,22,2,7
23,21,21,23,22.0,44,2,18
8,13,8,13,10.5,21,5,7
8,3,3,8,5.5,11,5,0
55,11,11,55,33.0,66,44,7
7,3,3,7,5.0,10,4,2
1,5,1,5,3.0,6,4,0
2,8,2,8,5.0,10,6,1
3,9,3,9,6.0,12,6,0
17,18,17,18,17.5,35,1,15
9,7,7,9,8.0,16,2,6
21,20,20,21,20.5,41,1,18
13,10,10,13,11.5,23,3,9
5,5,5,5,5.0,10,0,4
6,1,1,6,3.5,7,5,0
1,20,1,20,10.5,21,19,0
1,4,1,4,2.5,5,3,0
5,6,5,6,5.5,11,1,4
10,8,8,10,9.0,18,2,7
6,5,5,6,5.5,11,1,3
5,1,1,5,3.0,6,4,0
5,5,5,5,5.0,10,0,4
1,5,1,5,3.0,6,4,0
4,1,1,4,2.5,5,3,0
1,6,1,6,3.5,7,5,0
4,1,1,4,2.5,5,3,0
8,11,8,11,9.5,19,3,6
1,4,1,4,2.5,5,3,0
29,22,22,29,25.5,51,7,18
6,2,2,6,4.0,8,4,0
7,9,7,9,8.0,16,2,6
13,12,12,13,12.5,25,1,4
1,4,1,4,2.5,5,3,0
5,1,1,5,3.0,6,4,0
11,5,5,11,8.0,16,6,3
5,14,5,14,9.5,19,9,4
8,7,7,8,7.5,15,1,3
6,4,4,6,5.0,10,2,0
9,10,9,10,9.5,19,1,6
18,15,15,18,16.5,33,3,10
2,12,2,12,7.0,14,10,0
18,20,18,20,19.0,38,2,15
32,30,30,32,31.0,62,2,29
1,4,1,4,2.5,5,3,0
8,4,4,8,6.0,12,4,3
11,6,6,11,8.5,17,5,3
7,8,7,8,7.5,15,1,6
1,6,1,6,3.5,7,5,0
11,19,11,19,15.0,30,8,10
4,4,4,4,4.0,8,0,3
1,4,1,4,2.5,5,3,0
4,11,4,11,7.5,15,7,3
15,17,15,17,16.0,32,2,14
4,5,4,5,4.5,9,1,3
5,4,4,5,4.5,9,1,3
8,8,8,8,8.0,16,0,7
1,4,1,4,2.5,5,3,0
19,33,19,33,26.0,52,14,18
4,2,2,4,3.0,6,2,1
5,7,5,7,6.0,12,2,3
5,8,5,8,6.5,13,3,3
16,14,14,16,15.0,30,2,13
4,1,1,4,2.5,5,3,0
12,17,12,17,14.5,29,5,11
1,5,1,5,3.0,6,4,0
4,5,4,5,4.5,9,1,3
5,1,1,5,3.0,6,4,0
15,25,15,25,20.0,40,10,13
36,28,28,36,32.0,64,8,24
4,3,3,4,3.5,7,1,2
1,4,1,4,2.5,5,3,0
1,4,1,4,2.5,5,3,0
6,15,6,15,10.5,21,9,3
1,5,1,5,3.0,6,4,0
1,4,1,4,2.5,5,3,0
21,19,19,21,20.0,40,2,18
7,1,1,7,4.0,8,6,0
1,8,1,8,4.5,9,7,0
9,7,7,9,8.0,16,2,6
4,4,4,4,4.0,8,0,3
1,8,1,8,4.5,9,7,0
9,4,4,9,6.5,13,5,0
15,22,15,22,18.5,37,7,0
7,7,7,7,7.0,14,0,6
1,5,1,5,3.0,6,4,0
2,14,2,14,8.0,16,12,0
4,1,1,4,2.5,5,3,0
14,6,6,14,10.0,20,8,5
18,23,18,23,20.5,41,5,17
1,7,1,7,4.0,8,6,0
1,28,1,28,14.5,29,27,0
12,11,11,12,11.5,23,1,7
38,51,38,51,44.5,89,13,19
1,4,1,4,2.5,5,3,0
6,11,6,11,8.5,17,5,4
29,28,28,29,28.5,57,1,26
33,24,24,33,28.5,57,9,16
9,15,9,15,12.0,24,6,7
17,9,9,17,13.0,26,8,7
6,6,6,6,6.0,12,0,3
4,1,1,4,2.5,5,3,0
5,2,2,5,3.5,7,3,0
4,1,1,4,2.5,5,3,0
9,10,9,10,9.5,19,1,7
8,7,7,8,7.5,15,1,5
6,1,1,6,3.5,7,5,0
1,4,1,4,2.5,5,3,0
7,24,7,24,15.5,31,17,4
4,2,2,4,3.0,6,2,0
17,7,7,17,12.0,24,10,0
4,1,1,4,2.5,5,3,0
1,7,1,7,4.0,8,6,0
7,6,6,7,6.5,13,1,5
21,9,9,21,15.0,30,12,8
4,5,4,5,4.5,9,1,3
1,4,1,4,2.5,5,3,0
5,6,5,6,5.5,11,1,4
24,27,24,27,25.5,51,3,15
20,33,20,33,26.5,53,13,18
4,5,4,5,4.5,9,1,3
1,6,1,6,3.5,7,5,0
4,1,1,4,2.5,5,3,0
1,8,1,8,4.5,9,7,0
11,6,6,11,8.5,17,5,4
5,1,1,5,3.0,6,4,0
4,4,4,4,4.0,8,0,3
4,1,1,4,2.5,5,3,0
10,1,1,10,5.5,11,9,0
4,1,1,4,2.5,5,3,0
33,28,28,33,30.5,61,5,16
5,1,1,5,3.0,6,4,0
4,5,4,5,4.5,9,1,0
4,3,3,4,3.5,7,1,2
25,17,17,25,21.0,42,8,14
12,14,12,14,13.0,26,2,5
6,5,5,6,5.5,11,1,3
4,1,1,4,2.5,5,3,0
1,5,1,5,3.0,6,4,0
19,21,19,21,20.0,40,2,18
6,5,5,6,5.5,11,1,4
1,9,1,9,5.0,10,8,0
1,4,1,4,2.5,5,3,0
16,24,16,24,20.0,40,8,11
9,5,5,9,7.0,14,4,3
20,20,20,20,20.0,40,0,19
19,16,16,19,17.5,35,3,15
10,8,8,10,9.0,18,2,5
4,1,1,4,2.5,5,3,0
17,7,7,17,12.0,24,10,5
6,2,2,6,4.0,8,4,0
1,6,1,6,3.5,7,5,0
1,5,1,5,3.0,6,4,0
10,15,10,15,12.5,25,5,5
5,4,4,5,4.5,9,1,3
8,6,6,8,7.0,14,2,4
12,13,12,13,12.5,25,1,11
4,7,4,7,5.5,11,3,2
4,5,4,5,4.5,9,1,1
3,4,3,4,3.5,7,1,2
4,4,4,4,4.0,8,0,0
30,20,20,30,25.0,50,10,3
11,9,9,11,10.0,20,2,6
14,47,14,47,30.5,61,33,13
7,6,6,7,6.5,13,1,4
5,1,1,5,3.0,6,4,0
4,10,4,10,7.0,14,6,0
14,13,13,14,13.5,27,1,12
3,5,3,5,4.0,8,2,2
5,2,2,5,3.5,7,3,1
1,105,1,105,53.0,106,104,0
39,1,1,39,20.0,40,38,0
28,33,28,33,30.5,61,5,23
4,6,4,6,5.0,10,2,3
10,1,1,10,5.5,11,9,0
5,1,1,5,3.0,6,4,0
19,19,19,19,19.0,38,0,17
4,1,1,4,2.5,5,3,0
1,14,1,14,7.5,15,13,0
4,1,1,4,2.5,5,3,0
4,4,4,4,4.0,8,0,3
6,1,1,6,3.5,7,5,0
7,1,1,7,4.0,8,6,0
1,4,1,4,2.5,5,3,0
9,1,1,9,5.0,10,8,0
8,2,2,8,5.0,10,6,0
1,17,1,17,9.0,18,16,0
1,9,1,9,5.0,10,8,0
4,1,1,4,2.5,5,3,0
1,7,1,7,4.0,8,6,0
4,1,1,4,2.5,5,3,0
15,8,8,15,11.5,23,7,7
2,24,2,24,13.0,26,22,1
4,1,1,4,2.5,5,3,0
10,1,1,10,5.5,11,9,0
6,5,5,6,5.5,11,1,0
13,3,3,13,8.0,16,10,2
17,16,16,17,16.5,33,1,14
25,17,17,25,21.0,42,8,14
7,7,7,7,7.0,14,0,6
14,13,13,14,13.5,27,1,12
7,2,2,7,4.5,9,5,0
7,9,7,9,8.0,16,2,6
50,49,49,50,49.5,99,1,48
7,7,7,7,7.0,14,0,6
2,14,2,14,8.0,16,12,1
13,13,13,13,13.0,26,0,12
20,20,20,20,20.0,40,0,18
23,16,16,23,19.5,39,7,9
6,1,1,6,3.5,7,5,0
4,1,1,4,2.5,5,3,0
7,3,3,7,5.0,10,4,2
5,5,5,5,5.0,10,0,4
19,18,18,19,18.5,37,1,13
5,4,4,5,4.5,9,1,3
4,1,1,4,2.5,5,3,0
1,19,1,19,10.0,20,18,0
13,17,13,17,15.0,30,4,12
8,28,8,28,18.0,36,20,3
22,19,19,22,20.5,41,3,18
13,19,13,19,16.0,32,6,11
29,19,19,29,24.0,48,10,14
2,4,2,4,3.0,6,2,1
2,5,2,5,3.5,7,3,1
10,8,8,10,9.0,18,2,5
4,4,4,4,4.0,8,0,0
2,12,2,12,7.0,14,10,0
36,33,33,36,34.5,69,3,28
11,6,6,11,8.5,17,5,2
4,1,1,4,2.5,5,3,0
35,33,33,35,34.0,68,2,29
5,2,2,5,3.5,7,3,1
15,15,15,15,15.0,30,0,13
7,7,7,7,7.0,14,0,5
9,9,9,9,9.0,18,0,8
1,5,1,5,3.0,6,4,0
27,20,20,27,23.5,47,7,14
12,13,12,13,12.5,25,1,11
1,6,1,6,3.5,7,5,0
13,12,12,13,12.5,25,1,11
2,7,2,7,4.5,9,5,1
12,14,12,14,13.0,26,2,9
4,1,1,4,2.5,5,3,0
4,4,4,4,4.0,8,0,3
5,6,5,6,5.5,11,1,4
3,24,3,24,13.5,27,21,0
4,5,4,5,4.5,9,1,3
1,4,1,4,2.5,5,3,0
5,3,3,5,4.0,8,2,2
1,5,1,5,3.0,6,4,0
1,10,1,10,5.5,11,9,0
6,19,6,19,12.5,25,13,0
17,18,17,18,17.5,35,1,15
4,1,1,4,2.5,5,3,0
5,1,1,5,3.0,6,4,0
5,5,5,5,5.0,10,0,4
1,4,1,4,2.5,5,3,0
1,5,1,5,3.0,6,4,0
1,5,1,5,3.0,6,4,0
12,1,1,12,6.5,13,11,0
7,1,1,7,4.0,8,6,0
5,2,2,5,3.5,7,3,1
1,29,1,29,15.0,30,28,0
1,7,1,7,4.0,8,6,0
10,6,6,10,8.0,16,4,4
1,13,1,13,7.0,14,12,0
28,38,28,38,33.0,66,10,18
8,7,7,8,7.5,15,1,5
4,1,1,4,2.5,5,3,0
12,10,10,12,11.0,22,2,8
18,24,18,24,21.0,42,6,16
32,25,25,32,28.5,57,7,13
4,4,4,4,4.0,8,0,2
9,5,5,9,7.0,14,4,4
1,10,1,10,5.5,11,9,0
2,4,2,4,3.0,6,2,0
17,1,1,17,9.0,18,16,0
10,1,1,10,5.5,11,9,0
27,36,27,36,31.5,63,9,25
15,23,15,23,19.0,38,8,11
14,4,4,14,9.0,18,10,3
17,16,16,17,16.5,33,1,13
26,1,1,26,13.5,27,25,0
21,20,20,21,20.5,41,1,16
2,5,2,5,3.5,7,3,1
6,5,5,6,5.5,11,1,4
11,1,1,11,6.0,12,10,0
4,1,1,4,2.5,5,3,0
1,4,1,4,2.5,5,3,0
5,5,5,5,5.0,10,0,4
5,13,5,13,9.0,18,8,2
20,9,9,20,14.5,29,11,6
1,6,1,6,3.5,7,5,0
1,13,1,13,7.0,14,12,0
6,2,2,6,4.0,8,4,1
9,9,9,9,9.0,18,0,8
4,1,1,4,2.5,5,3,0
27,20,20,27,23.5,47,7,18
13,13,13,13,13.0,26,0,10
5,6,5,6,5.5,11,1,4
7,8,7,8,7.5,15,1,6
18,17,17,18,17.5,35,1,13
38,21,21,38,29.5,59,17,18
6,1,1,6,3.5,7,5,0
7,7,7,7,7.0,14,0,6
4,1,1,4,2.5,5,3,0
1,4,1,4,2.5,5,3,0
1,7,1,7,4.0,8,6,0
1,6,1,6,3.5,7,5,0
31,33,31,33,32.0,64,2,30
10,11,10,11,10.5,21,1,9
12,2,2,12,7.0,14,10,0
17,18,17,18,17.5,35,1,9
14,15,14,15,14.5,29,1,12
5,6,5,6,5.5,11,1,0
6,9,6,9,7.5,15,3,4
13,9,9,13,11.0,22,4,8
49,45,45,49,47.0,94,4,43
11,10,10,11,10.5,21,1,7
1,5,1,5,3.0,6,4,0
4,1,1,4,2.5,5,3,0
49,43,43,49,46.0,92,6,25
1,5,1,5,3.0,6,4,0
2,4,2,4,3.0,6,2,0
1,7,1,7,4.0,8,6,0
6,1,1,6,3.5,7,5,0
8,23,8,23,15.5,31,15,3
7,6,6,7,6.5,13,1,5
1,5,1,5,3.0,6,4,0
1,4,1,4,2.5,5,3,0
12,13,12,13,12.5,25,1,6
4,5,4,5,4.5,9,1,3
16,18,16,18,17.0,34,2,14
1,8,1,8,4.5,9,7,0
4,1,1,4,2.5,5,3,0
3,15,3,15,9.0,18,12,2
4,1,1,4,2.5,5,3,0
5,1,1,5,3.0,6,4,0
4,4,4,4,4.0,8,0,3
6,6,6,6,6.0,12,0,4
2,7,2,7,4.5,9,5,1
5,1,1,5,3.0,6,4,0
5,1,1,5,3.0,6,4,0
7,6,6,7,6.5,13,1,0
7,1,1,7,4.0,8,6,0
26,24,24,26,25.0,50,2,22
14,13,13,14,13.5,27,1,12
8,9,8,9,8.5,17,1,7
32,33,32,33,32.5,65,1,30
20,21,20,21,20.5,41,1,19
26,26,26,26,26.0,52,0,25
1,7,1,7,4.0,8,6,0
15,5,5,15,10.0,20,10,4
8,1,1,8,4.5,9,7,0
6,5,5,6,5.5,11,1,4
5,32,5,32,18.5,37,27,0
1,26,1,26,13.5,27,25,0
6,1,1,6,3.5,7,5,0
7,6,6,7,6.5,13,1,3
10,12,10,12,11.0,22,2,8
1,4,1,4,2.5,5,3,0
7,10,7,10,8.5,17,3,3
8,2,2,8,5.0,10,6,0
1,4,1,4,2.5,5,3,0
1,9,1,9,5.0,10,8,0
5,5,5,5,5.0,10,0,4
40,30,30,40,35.0,70,10,27
1,16,1,16,8.5,17,15,0
1,4,1,4,2.5,5,3,0
1,7,1,7,4.0,8,6,0
5,5,5,5,5.0,10,0,4
4,4,4,4,4.0,8,0,1
3,8,3,8,5.5,11,5,2
7,1,1,7,4.0,8,6,0
5,1,1,5,3.0,6,4,0
41,45,41,45,43.0,86,4,31
1,17,1,17,9.0,18,16,0
6,6,6,6,6.0,12,0,3
50,51,50,51,50.5,101,1,48
5,5,5,5,5.0,10,0,4
1,4,1,4,2.5,5,3,0
24,26,24,26,25.0,50,2,19
2,6,2,6,4.0,8,4,1
43,30,30,43,36.5,73,13,25
3,9,3,9,6.0,12,6,2
5,1,1,5,3.0,6,4,0
1,7,1,7,4.0,8,6,0
17,2,2,17,9.5,19,15,0
7,7,7,7,7.0,14,0,6
11,7,7,11,9.0,18,4,1
1,26,1,26,13.5,27,25,0
8,4,4,8,6.0,12,4,1
4,2,2,4,3.0,6,2,1
5,5,5,5,5.0,10,0,4
43,1,1,43,22.0,44,42,0
4,4,4,4,4.0,8,0,3
40,27,27,40,33.5,67,13,26
13,16,13,16,14.5,29,3,11
1,4,1,4,2.5,5,3,0
6,2,2,6,4.0,8,4,0
4,1,1,4,2.5,5,3,0
6,7,6,7,6.5,13,1,5
11,1,1,11,6.0,12,10,0
1,4,1,4,2.5,5,3,0
1,6,1,6,3.5,7,5,0
7,6,6,7,6.5,13,1,0
14,10,10,14,12.0,24,4,5
8,7,7,8,7.5,15,1,1
18,13,13,18,15.5,31,5,11
6,2,2,6,4.0,8,4,1
5,5,5,5,5.0,10,0,4
1,6,1,6,3.5,7,5,0
1,5,1,5,3.0,6,4,0
1,8,1,8,4.5,9,7,0
40,30,30,40,35.0,70,10,26
19,23,19,23,21.0,42,4,15
5,1,1,5,3.0,6,4,0
4,1,1,4,2.5,5,3,0
19,20,19,20,19.5,39,1,16
5,1,1,5,3.0,6,4,0
7,7,7,7,7.0,14,0,6
6,1,1,6,3.5,7,5,0
18,6,6,18,12.0,24,12,5
4,6,4,6,5.0,10,2,2
1,12,1,12,6.5,13,11,0
6,1,1,6,3.5,7,5,0
5,9,5,9,7.0,14,4,1
14,1,1,14,7.5,15,13,0
15,17,15,17,16.0,32,2,12
31,27,27,31,29.0,58,4,23
11,7,7,11,9.0,18,4,5
1,11,1,11,6.0,12,10,0
11,18,11,18,14.5,29,7,6
1,9,1,9,5.0,10,8,0
1,31,1,31,16.0,32,30,0
9,10,9,10,9.5,19,1,8
23,16,16,23,19.5,39,7,15
22,13,13,22,17.5,35,9,10
15,26,15,26,20.5,41,11,13
11,1,1,11,6.0,12,10,0
4,1,1,4,2.5,5,3,0
17,10,10,17,13.5,27,7,9
1,10,1,10,5.5,11,9,0
5,4,4,5,4.5,9,1,2
3,5,3,5,4.0,8,2,2
6,9,6,9,7.5,15,3,4
13,14,13,14,13.5,27,1,12
24,15,15,24,19.5,39,9,14
28,48,28,48,38.0,76,20,25
13,26,13,26,19.5,39,13,11
2,4,2,4,3.0,6,2,1
4,2,2,4,3.0,6,2,1
2,11,2,11,6.5,13,9,0
28,24,24,28,26.0,52,4,23
4,4,4,4,4.0,8,0,3
5,4,4,5,4.5,9,1,1
4,5,4,5,4.5,9,1,3
47,2,2,47,24.5,49,45,1
7,6,6,7,6.5,13,1,3
25,20,20,25,22.5,45,5,18
5,2,2,5,3.5,7,3,1
1,8,1,8,4.5,9,7,0
8,9,8,9,8.5,17,1,7
4,1,1,4,2.5,5,3,0
5,5,5,5,5.0,10,0,3
1,4,1,4,2.5,5,3,0
1,5,1,5,3.0,6,4,0
29,44,29,44,36.5,73,15,25
1,9,1,9,5.0,10,8,0
5,1,1,5,3.0,6,4,0
13,16,13,16,14.5,29,3,11
6,7,6,7,6.5,13,1,5
6,17,6,17,11.5,23,11,5
10,9,9,10,9.5,19,1,8
1,5,1,5,3.0,6,4,0
7,7,7,7,7.0,14,0,6
1,4,1,4,2.5,5,3,0
1,5,1,5,3.0,6,4,0
4,3,3,4,3.5,7,1,2
18,31,18,31,24.5,49,13,16
13,17,13,17,15.0,30,4,11
11,31,11,31,21.0,42,20,8
1,12,1,12,6.5,13,11,0
6,9,6,9,7.5,15,3,2
4,1,1,4,2.5,5,3,0
3,4,3,4,3.5,7,1,2
6,5,5,6,5.5,11,1,3
15,22,15,22,18.5,37,7,13
4,1,1,4,2.5,5,3,0
9,7,7,9,8.0,16,2,6
1,8,1,8,4.5,9,7,0
2,5,2,5,3.5,7,3,1
4,1,1,4,2.5,5,3,0
8,18,8,18,13.0,26,10,5
2,24,2,24,13.0,26,22,0
1,11,1,11,6.0,12,10,0
12,12,12,12,12.0,24,0,11
1,7,1,7,4.0,8,6,0
18,17,17,18,17.5,35,1,14
1,19,1,19,10.0,20,18,0
4,1,1,4,2.5,5,3,0
6,3,3,6,4.5,9,3,2
16,4,4,16,10.0,20,12,0
4,2,2,4,3.0,6,2,1
11,12,11,12,11.5,23,1,9
24,21,21,24,22.5,45,3,19
13,35,13,35,24.0,48,22,12
5,15,5,15,10.0,20,10,3
1,4,1,4,2.5,5,3,0
4,4,4,4,4.0,8,0,3
6,2,2,6,4.0,8,4,1
10,21,10,21,15.5,31,11,7
8,6,6,8,7.0,14,2,4
1,6,1,6,3.5,7,5,0
10,31,10,31,20.5,41,21,0
5,4,4,5,4.5,9,1,3
4,4,4,4,4.0,8,0,2
9,10,9,10,9.5,19,1,8
5,5,5,5,5.0,10,0,3
26,4,4,26,15.0,30,22,0
1,36,1,36,18.5,37,35,0
31,20,20,31,25.5,51,11,16
14,20,14,20,17.0,34,6,9
4,1,1,4,2.5,5,3,0
14,8,8,14,11.0,22,6,5
5,5,5,5,5.0,10,0,4
6,4,4,6,5.0,10,2,3
8,8,8,8,8.0,16,0,5
5,8,5,8,6.5,13,3,4
1,16,1,16,8.5,17,15,0
23,21,21,23,22.0,44,2,20
1,17,1,17,9.0,18,16,0
6,1,1,6,3.5,7,5,0
4,4,4,4,4.0,8,0,3
9,1,1,9,5.0,10,8,0
18,23,18,23,20.5,41,5,17
1,4,1,4,2.5,5,3,0
2,5,2,5,3.5,7,3,0
23,15,15,23,19.0,38,8,14
22,25,22,25,23.5,47,3,20
4,4,4,4,4.0,8,0,2
1,4,1,4,2.5,5,3,0
9,1,1,9,5.0,10,8,0
1,107,1,107,54.0,108,106,0
8,2,2,8,5.0,10,6,1
40,23,23,40,31.5,63,17,19
10,14,10,14,12.0,24,4,8
21,21,21,21,21.0,42,0,20
10,10,10,10,10.0,20,0,8
9,4,4,9,6.5,13,5,3
1,4,1,4,2.5,5,3,0
14,11,11,14,12.5,25,3,10
1,4,1,4,2.5,5,3,0
7,3,3,7,5.0,10,4,2
6,1,1,6,3.5,7,5,0
9,1,1,9,5.0,10,8,0
6,1,1,6,3.5,7,5,0
1,5,1,5,3.0,6,4,0
4,1,1,4,2.5,5,3,0
4,1,1,4,2.5,5,3,0
5,4,4,5,4.5,9,1,3
13,2,2,13,7.5,15,11,1
15,22,15,22,18.5,37,7,14
33,27,27,33,30.0,60,6,22
15,17,15,17,16.0,32,2,13
5,4,4,5,4.5,9,1,3
33,9,9,33,21.0,42,24,0
7,11,7,11,9.0,18,4,6
4,10,4,10,7.0,14,6,0
17,17,17,17,17.0,34,0,10
1,14,1,14,7.5,15,13,0
5,1,1,5,3.0,6,4,0
1,5,1,5,3.0,6,4,0
5,1,1,5,3.0,6,4,0
21,20,20,21,20.5,41,1,18
6,6,6,6,6.0,12,0,5
7,1,1,7,4.0,8,6,0
4,4,4,4,4.0,8,0,3
5,6,5,6,5.5,11,1,3
1,22,1,22,11.5,23,21,0
4,1,1,4,2.5,5,3,0
20,19,19,20,19.5,39,1,18
5,3,3,5,4.0,8,2,2
21,33,21,33,27.0,54,12,18
6,1,1,6,3.5,7,5,0
4,10,4,10,7.0,14,6,3
49,42,42,49,45.5,91,7,25
1,14,1,14,7.5,15,13,0
24,50,24,50,37.0,74,26,20
11,3,3,11,7.0,14,8,2
9,11,9,11,10.0,20,2,6
9,10,9,10,9.5,19,1,6
25,33,25,33,29.0,58,8,24
4,3,3,4,3.5,7,1,2
5,1,1,5,3.0,6,4,0
8,9,8,9,8.5,17,1,7
6,6,6,6,6.0,12,0,5
23,15,15,23,19.0,38,8,12
17,22,17,22,19.5,39,5,5
5,2,2,5,3.5,7,3,0
28,21,21,28,24.5,49,7,19
10,9,9,10,9.5,19,1,6
6,1,1,6,3.5,7,5,0
4,4,4,4,4.0,8,0,3
5,1,1,5,3.0,6,4,0
9,9,9,9,9.0,18,0,0
8,1,1,8,4.5,9,7,0
27,27,27,27,27.0,54,0,24
7,9,7,9,8.0,16,2,5
1,4,1,4,2.5,5,3,0
1,6,1,6,3.5,7,5,0
6,1,1,6,3.5,7,5,0
1,5,1,5,3.0,6,4,0
37,46,37,46,41.5,83,9,25
4,1,1,4,2.5,5,3,0
8,12,8,12,10.0,20,4,7
8,1,1,8,4.5,9,7,0
1,10,1,10,5.5,11,9,0
11,6,6,11,8.5,17,5,5
5,6,5,6,5.5,11,1,4
7,1,1,7,4.0,8,6,0
1,10,1,10,5.5,11,9,0
3,6,3,6,4.5,9,3,2
23,10,10,23,16.5,33,13,8
7,7,7,7,7.0,14,0,4
16,25,16,25,20.5,41,9,15
1,5,1,5,3.0,6,4,0
11,12,11,12,11.5,23,1,8
10,6,6,10,8.0,16,4,5
5,6,5,6,5.5,11,1,2
5,13,5,13,9.0,18,8,4
4,1,1,4,2.5,5,3,0
13,8,8,13,10.5,21,5,7
8,22,8,22,15.0,30,14,6
15,13,13,15,14.0,28,2,12
16,19,16,19,17.5,35,3,15
47,32,32,47,39.5,79,15,24
1,11,1,11,6.0,12,10,0
1,5,1,5,3.0,6,4,0
17,40,17,40,28.5,57,23,15
1,4,1,4,2.5,5,3,0
2,5,2,5,3.5,7,3,0
10,10,10,10,10.0,20,0,9
6,5,5,6,5.5,11,1,4
38,26,26,38,32.0,64,12,15
4,1,1,4,2.5,5,3,0
6,10,6,10,8.0,16,4,5
16,23,16,23,19.5,39,7,15
4,2,2,4,3.0,6,2,0
14,14,14,14,14.0,28,0,13
27,24,24,27,25.5,51,3,23
40,25,25,40,32.5,65,15,20
6,12,6,12,9.0,18,6,5
7,1,1,7,4.0,8,6,0
10,12,10,12,11.0,22,2,9
5,1,1,5,3.0,6,4,0
1,6,1,6,3.5,7,5,0
26,48,26,48,37.0,74,22,25
1,4,1,4,2.5,5,3,0
12,10,10,12,11.0,22,2,6
5,3,3,5,4.0,8,2,2
6,11,6,11,8.5,17,5,3
18,18,18,18,18.0,36,0,14
4,12,4,12,8.0,16,8,3
5,1,1,5,3.0,6,4,0
26,13,13,26,19.5,39,13,10
1,4,1,4,2.5,5,3,0
6,4,4,6,5.0,10,2,3
17,18,17,18,17.5,35,1,16
5,1,1,5,3.0,6,4,0
16,13,13,16,14.5,29,3,9
17,31,17,31,24.0,48,14,12
4,1,1,4,2.5,5,3,0
1,5,1,5,3.0,6,4,0
13,1,1,13,7.0,14,12,0
19,19,19,19,19.0,38,0,13
10,10,10,10,10.0,20,0,7
33,32,32,33,32.5,65,1,26
21,20,20,21,20.5,41,1,19
11,14,11,14,12.5,25,3,10
21,19,19,21,20.0,40,2,18
1,4,1,4,2.5,5,3,0
9,13,9,13,11.0,22,4,7
4,9,4,9,6.5,13,5,3
4,1,1,4,2.5,5,3,0
14,17,14,17,15.5,31,3,12
1,11,1,11,6.0,12,10,0
34,19,19,34,26.5,53,15,18
6,1,1,6,3.5,7,5,0
2,6,2,6,4.0,8,4,1
1,10,1,10,5.5,11,9,0
2,4,2,4,3.0,6,2,1
4,3,3,4,3.5,7,1,2
4,1,1,4,2.5,5,3,0
1,5,1,5,3.0,6,4,0
20,8,8,20,14.0,28,12,3
4,4,4,4,4.0,8,0,2
4,3,3,4,3.5,7,1,2
1,5,1,5,3.0,6,4,0
22,15,15,22,18.5,37,7,12
26,25,25,26,25.5,51,1,10
6,1,1,6,3.5,7,5,0
2,9,2,9,5.5,11,7,1
1,8,1,8,4.5,9,7,0
19,5,5,19,12.0,24,14,0
1,11,1,11,6.0,12,10,0
12,10,10,12,11.0,22,2,9
6,12,6,12,9.0,18,6,5
7,8,7,8,7.5,15,1,6
8,8,8,8,8.0,16,0,2
4,1,1,4,2.5,5,3,0
4,1,1,4,2.5,5,3,0
6,16,6,16,11.0,22,10,3
1,4,1,4,2.5,5,3,0
1,7,1,7,4.0,8,6,0
4,4,4,4,4.0,8,0,3
13,20,13,20,16.5,33,7,11
13,13,13,13,13.0,26,0,12
1,10,1,10,5.5,11,9,0
1,21,1,21,11.0,22,20,0
25,32,25,32,28.5,57,7,21
4,6,4,6,5.0,10,2,1
4,1,1,4,2.5,5,3,0
2,5,2,5,3.5,7,3,1
8,8,8,8,8.0,16,0,3
6,6,6,6,6.0,12,0,1
31,33,31,33,32.0,64,2,25
7,2,2,7,4.5,9,5,0
5,4,4,5,4.5,9,1,3
1,105,1,105,53.0,106,104,0
6,5,5,6,5.5,11,1,4
2,5,2,5,3.5,7,3,1
5,2,2,5,3.5,7,3,0
4,4,4,4,4.0,8,0,0
18,10,10,18,14.0,28,8,9
8,7,7,8,7.5,15,1,4
10,7,7,10,8.5,17,3,5
5,5,5,5,5.0,10,0,4
43,1,1,43,22.0,44,42,0
7,1,1,7,4.0,8,6,0
13,10,10,13,11.5,23,3,9
5,6,5,6,5.5,11,1,3
7,8,7,8,7.5,15,1,6
14,24,14,24,19.0,38,10,11
14,21,14,21,17.5,35,7,8
22,26,22,26,24.0,48,4,21
5,4,4,5,4.5,9,1,3
9,6,6,9,7.5,15,3,4
4,9,4,9,6.5,13,5,1
5,1,1,5,3.0,6,4,0
2,4,2,4,3.0,6,2,1
17,17,17,17,17.0,34,0,14
6,3,3,6,4.5,9,3,2
5,1,1,5,3.0,6,4,0
16,17,16,17,16.5,33,1,12
1,4,1,4,2.5,5,3,0
5,1,1,5,3.0,6,4,0
26,33,26,33,29.5,59,7,24
2,4,2,4,3.0,6,2,1
7,5,5,7,6.0,12,2,2
1,4,1,4,2.5,5,3,0
4,4,4,4,4.0,8,0,3
47,41,41,47,44.0,88,6,39
31,32,31,32,31.5,63,1,29
7,2,2,7,4.5,9,5,0
7,11,7,11,9.0,18,4,5
27,14,14,27,20.5,41,13,5
3,7,3,7,5.0,10,4,2
5,4,4,5,4.5,9,1,3
6,7,6,7,6.5,13,1,5
4,4,4,4,4.0,8,0,3
14,10,10,14,12.0,24,4,8
77,2,2,77,39.5,79,75,0
16,20,16,20,18.0,36,4,15
8,4,4,8,6.0,12,4,3
7,1,1,7,4.0,8,6,0
34,38,34,38,36.0,72,4,32
42,42,42,42,42.0,84,0,40
1,5,1,5,3.0,6,4,0
13,32,13,32,22.5,45,19,11
5,1,1,5,3.0,6,4,0
4,1,1,4,2.5,5,3,0
4,5,4,5,4.5,9,1,3
23,20,20,23,21.5,43,3,19
9,10,9,10,9.5,19,1,8
1,11,1,11,6.0,12,10,0
4,2,2,4,3.0,6,2,1
4,5,4,5,4.5,9,1,3
10,18,10,18,14.0,28,8,9
31,32,31,32,31.5,63,1,29
6,6,6,6,6.0,12,0,5
2,7,2,7,4.5,9,5,0
21,17,17,21,19.0,38,4,14
4,1,1,4,2.5,5,3,0
21,20,20,21,20.5,41,1,18
1,6,1,6,3.5,7,5,0
5,1,1,5,3.0,6,4,0
4,1,1,4,2.5,5,3,0
27,34,27,34,30.5,61,7,10
5,1,1,5,3.0,6,4,0
9,35,9,35,22.0,44,26,7
15,15,15,15,15.0,30,0,14
27,21,21,27,24.0,48,6,15
6,13,6,13,9.5,19,7,4
1,4,1,4,2.5,5,3,0
1,8,1,8,4.5,9,7,0
28,24,24,28,26.0,52,4,23
1,22,1,22,11.5,23,21,0
4,4,4,4,4.0,8,0,3
24,24,24,24,24.0,48,0,21
4,1,1,4,2.5,5,3,0
18,14,14,18,16.0,32,4,13
4,4,4,4,4.0,8,0,3
1,6,1,6,3.5,7,5,0
3,21,3,21,12.0,24,18,1
11,9,9,11,10.0,20,2,8
20,17,17,20,18.5,37,3,14
42,24,24,42,33.0,66,18,23
36,44,36,44,40.0,80,8,30
26,26,26,26,26.0,52,0,25
4,1,1,4,2.5,5,3,0
4,1,1,4,2.5,5,3,0
12,16,12,16,14.0,28,4,11
4,2,2,4,3.0,6,2,1
19,31,19,31,25.0,50,12,14
47,41,41,47,44.0,88,6,39
1,6,1,6,3.5,7,5,0
4,4,4,4,4.0,8,0,3
3,8,3,8,5.5,11,5,0
12,12,12,12,12.0,24,0,11
1,27,1,27,14.0,28,26,0
8,1,1,8,4.5,9,7,0
50,30,30,50,40.0,80,20,25
1,5,1,5,3.0,6,4,0
5,4,4,5,4.5,9,1,2
49,47,47,49,48.0,96,2,38
5,3,3,5,4.0,8,2,2
11,10,10,11,10.5,21,1,9
5,7,5,7,6.0,12,2,4
13,11,11,13,12.0,24,2,10
1,8,1,8,4.5,9,7,0
31,24,24,31,27.5,55,7,23
10,16,10,16,13.0,26,6,8
27,27,27,27,27.0,54,0,26
4,4,4,4,4.0,8,0,3
2,7,2,7,4.5,9,5,1
3,4,3,4,3.5,7,1,2
6,107,6,107,56.5,113,101,4
4,4,4,4,4.0,8,0,3
11,10,10,11,10.5,21,1,7
24,18,18,24,21.0,42,6,13
4,4,4,4,4.0,8,0,3
1,4,1,4,2.5,5,3,0
5,2,2,5,3.5,7,3,1
5,6,5,6,5.5,11,1,3
7,4,4,7,5.5,11,3,3
9,15,9,15,12.0,24,6,8
2,107,2,107,54.5,109,105,0
1,12,1,12,6.5,13,11,0
4,6,4,6,5.0,10,2,3
5,1,1,5,3.0,6,4,0
6,1,1,6,3.5,7,5,0
12,10,10,12,11.0,22,2,8
16,14,14,16,15.0,30,2,12
6,6,6,6,6.0,12,0,5
4,2,2,4,3.0,6,2,1
5,6,5,6,5.5,11,1,3
4,1,1,4,2.5,5,3,0
13,8,8,13,10.5,21,5,6
13,11,11,13,12.0,24,2,8
5,1,1,5,3.0,6,4,0
1,5,1,5,3.0,6,4,0
5,5,5,5,5.0,10,0,0
6,1,1,6,3.5,7,5,0
8,17,8,17,12.5,25,9,6
1,5,1,5,3.0,6,4,0
43,47,43,47,45.0,90,4,34
1,7,1,7,4.0,8,6,0
18,17,17,18,17.5,35,1,14
5,1,1,5,3.0,6,4,0
3,9,3,9,6.0,12,6,2
8,1,1,8,4.5,9,7,0
8,1,1,8,4.5,9,7,0
25,38,25,38,31.5,63,13,20
1,4,1,4,2.5,5,3,0
11,9,9,11,10.0,20,2,4
6,6,6,6,6.0,12,0,5
1,5,1,5,3.0,6,4,0
1,17,1,17,9.0,18,16,0
49,35,35,49,42.0,84,14,29
5,5,5,5,5.0,10,0,4
6,1,1,6,3.5,7,5,0
11,12,11,12,11.5,23,1,7
1,8,1,8,4.5,9,7,0
21,17,17,21,19.0,38,4,15
8,4,4,8,6.0,12,4,1
14,14,14,14,14.0,28,0,13
5,1,1,5,3.0,6,4,0
1,5,1,5,3.0,6,4,0
1,5,1,5,3.0,6,4,0
5,5,5,5,5.0,10,0,4
5,4,4,5,4.5,9,1,3
1,6,1,6,3.5,7,5,0
4,2,2,4,3.0,6,2,1
7,1,1,7,4.0,8,6,0
7,5,5,7,6.0,12,2,4
8,5,5,8,6.5,13,3,0
2,6,2,6,4.0,8,4,1
23,24,23,24,23.5,47,1,22
9,14,9,14,11.5,23,5,0
14,11,11,14,12.5,25,3,10
17,19,17,19,18.0,36,2,16
1,4,1,4,2.5,5,3,0
12,16,12,16,14.0,28,4,10
11,12,11,12,11.5,23,1,10
4,1,1,4,2.5,5,3,0
17,18,17,18,17.5,35,1,16
5,4,4,5,4.5,9,1,3
5,5,5,5,5.0,10,0,4
6,5,5,6,5.5,11,1,4
5,8,5,8,6.5,13,3,4
18,21,18,21,19.5,39,3,17
4,1,1,4,2.5,5,3,0
14,14,14,14,14.0,28,0,12
20,10,10,20,15.0,30,10,6
8,4,4,8,6.0,12,4,2
5,9,5,9,7.0,14,4,4
5,1,1,5,3.0,6,4,0
12,8,8,12,10.0,20,4,4
13,23,13,23,18.0,36,10,10
5,7,5,7,6.0,12,2,4
6,1,1,6,3.5,7,5,0
5,1,1,5,3.0,6,4,0
4,1,1,4,2.5,5,3,0
2,5,2,5,3.5,7,3,0
42,30,30,42,36.0,72,12,24
17,13,13,17,15.0,30,4,2
14,22,14,22,18.0,36,8,13
8,8,8,8,8.0,16,0,7
16,28,16,28,22.0,44,12,15
8,7,7,8,7.5,15,1,1
10,13,10,13,11.5,23,3,8
4,2,2,4,3.0,6,2,1
9,10,9,10,9.5,19,1,1
7,5,5,7,6.0,12,2,4
1,5,1,5,3.0,6,4,0
10,13,10,13,11.5,23,3,7
15,12,12,15,13.5,27,3,1
4,1,1,4,2.5,5,3,0
3,6,3,6,4.5,9,3,2
4,1,1,4,2.5,5,3,0
1,4,1,4,2.5,5,3,0
4,1,1,4,2.5,5,3,0
5,4,4,5,4.5,9,1,3
146,55,55,146,100.5,201,91,30
4,5,4,5,4.5,9,1,3
10,2,2,10,6.0,12,8,0
5,5,5,5,5.0,10,0,4
4,7,4,7,5.5,11,3,0
1,4,1,4,2.5,5,3,0
4,4,4,4,4.0,8,0,3
6,3,3,6,4.5,9,3,2
4,1,1,4,2.5,5,3,0
4,2,2,4,3.0,6,2,1
51,8,8,51,29.5,59,43,6
5,4,4,5,4.5,9,1,1
40,35,35,40,37.5,75,5,29
8,21,8,21,14.5,29,13,7
9,8,8,9,8.5,17,1,4
9,12,9,12,10.5,21,3,8
39,24,24,39,31.5,63,15,19
21,20,20,21,20.5,41,1,17
13,6,6,13,9.5,19,7,3
1,30,1,30,15.5,31,29,0
4,1,1,4,2.5,5,3,0
1,7,1,7,4.0,8,6,0
1,6,1,6,3.5,7,5,0
1,9,1,9,5.0,10,8,0
1,5,1,5,3.0,6,4,0
24,20,20,24,22.0,44,4,17
24,24,24,24,24.0,48,0,21
1,5,1,5,3.0,6,4,0
1,6,1,6,3.5,7,5,0
1,39,1,39,20.0,40,38,0
4,2,2,4,3.0,6,2,1
1,7,1,7,4.0,8,6,0
1,7,1,7,4.0,8,6,0
8,8,8,8,8.0,16,0,7
9,2,2,9,5.5,11,7,1
11,18,11,18,14.5,29,7,8
1,4,1,4,2.5,5,3,0
4,1,1,4,2.5,5,3,0
1,6,1,6,3.5,7,5,0
34,15,15,34,24.5,49,19,12
6,6,6,6,6.0,12,0,0
4,1,1,4,2.5,5,3,0
4,2,2,4,3.0,6,2,1
9,26,9,26,17.5,35,17,0
6,1,1,6,3.5,7,5,0
1,5,1,5,3.0,6,4,0
9,1,1,9,5.0,10,8,0
4,5,4,5,4.5,9,1,1
3,9,3,9,6.0,12,6,0
12,17,12,17,14.5,29,5,10
6,7,6,7,6.5,13,1,5
1,4,1,4,2.5,5,3,0
6,5,5,6,5.5,11,1,4
13,13,13,13,13.0,26,0,12
11,8,8,11,9.5,19,3,3
41,34,34,41,37.5,75,7,27
4,8,4,8,6.0,12,4,3
4,1,1,4,2.5,5,3,0
5,2,2,5,3.5,7,3,1
12,27,12,27,19.5,39,15,11
16,10,10,16,13.0,26,6,9
5,1,1,5,3.0,6,4,0
10,10,10,10,10.0,20,0,9
4,1,1,4,2.5,5,3,0
5,2,2,5,3.5,7,3,0
9,4,4,9,6.5,13,5,2
9,6,6,9,7.5,15,3,1
6,4,4,6,5.0,10,2,3
1,8,1,8,4.5,9,7,0
6,1,1,6,3.5,7,5,0
7,25,7,25,16.0,32,18,6
4,4,4,4,4.0,8,0,0
6,1,1,6,3.5,7,5,0
9,12,9,12,10.5,21,3,6
19,8,8,19,13.5,27,11,5
21,22,21,22,21.5,43,1,20
1,9,1,9,5.0,10,8,0
9,1,1,9,5.0,10,8,0
16,17,16,17,16.5,33,1,13
12,15,12,15,13.5,27,3,9
3,6,3,6,4.5,9,3,1
1,4,1,4,2.5,5,3,0
4,4,4,4,4.0,8,0,3
3,10,3,10,6.5,13,7,0
12,12,12,12,12.0,24,0,11
1,5,1,5,3.0,6,4,0
1,8,1,8,4.5,9,7,0
10,4,4,10,7.0,14,6,3
2,12,2,12,7.0,14,10,0
2,4,2,4,3.0,6,2,0
7,4,4,7,5.5,11,3,3
7,5,5,7,6.0,12,2,4
5,2,2,5,3.5,7,3,1
7,1,1,7,4.0,8,6,0
15,4,4,15,9.5,19,11,3
4,4,4,4,4.0,8,0,2
4,2,2,4,3.0,6,2,1
6,1,1,6,3.5,7,5,0
6,1,1,6,3.5,7,5,0
20,47,20,47,33.5,67,27,12
5,6,5,6,5.5,11,1,1
5,1,1,5,3.0,6,4,0
11,10,10,11,10.5,21,1,9
6,4,4,6,5.0,10,2,2
18,18,18,18,18.0,36,0,17
1,35,1,35,18.0,36,34,0
6,1,1,6,3.5,7,5,0
1,4,1,4,2.5,5,3,0
8,5,5,8,6.5,13,3,4
24,18,18,24,21.0,42,6,15
30,37,30,37,33.5,67,7,15
27,23,23,27,25.0,50,4,16
4,5,4,5,4.5,9,1,2
4,1,1,4,2.5,5,3,0
4,1,1,4,2.5,5,3,0
4,1,1,4,2.5,5,3,0
15,6,6,15,10.5,21,9,5
9,8,8,9,8.5,17,1,7
4,5,4,5,4.5,9,1,3
1,4,1,4,2.5,5,3,0
6,5,5,6,5.5,11,1,2
5,11,5,11,8.0,16,6,4
7,7,7,7,7.0,14,0,6
10,6,6,10,8.0,16,4,4
7,7,7,7,7.0,14,0,5
1,7,1,7,4.0,8,6,0
1,7,1,7,4.0,8,6,0
9,7,7,9,8.0,16,2,6
7,1,1,7,4.0,8,6,0
6,5,5,6,5.5,11,1,4
11,2,2,11,6.5,13,9,1
4,1,1,4,2.5,5,3,0
4,5,4,5,4.5,9,1,0
4,24,4,24,14.0,28,20,0
19,10,10,19,14.5,29,9,7
7,12,7,12,9.5,19,5,4
19,15,15,19,17.0,34,4,14
6,9,6,9,7.5,15,3,5
42,36,36,42,39.0,78,6,31
8,8,8,8,8.0,16,0,7
5,1,1,5,3.0,6,4,0
4,1,1,4,2.5,5,3,0
1,4,1,4,2.5,5,3,0
25,8,8,25,16.5,33,17,6
19,25,19,25,22.0,44,6,13
12,14,12,14,13.0,26,2,11
35,43,35,43,39.0,78,8,28
8,17,8,17,12.5,25,9,3
8,17,8,17,12.5,25,9,7
4,8,4,8,6.0,12,4,1
18,20,18,20,19.0,38,2,16
6,1,1,6,3.5,7,5,0
5,5,5,5,5.0,10,0,4
5,2,2,5,3.5,7,3,1
18,20,18,20,19.0,38,2,12
6,4,4,6,5.0,10,2,3
4,1,1,4,2.5,5,3,0
1,17,1,17,9.0,18,16,0
1,5,1,5,3.0,6,4,0
5,1,1,5,3.0,6,4,0
5,2,2,5,3.5,7,3,0
1,6,1,6,3.5,7,5,0
4,7,4,7,5.5,11,3,3
10,15,10,15,12.5,25,5,8
2,5,2,5,3.5,7,3,1
42,51,42,51,46.5,93,9,25
8,10,8,10,9.0,18,2,7
20,2,2,20,11.0,22,18,1
7,13,7,13,10.0,20,6,6
1,7,1,7,4.0,8,6,0
18,17,17,18,17.5,35,1,15
24,20,20,24,22.0,44,4,18
5,5,5,5,5.0,10,0,4
1,10,1,10,5.5,11,9,0
8,1,1,8,4.5,9,7,0
1,4,1,4,2.5,5,3,0
32,32,32,32,32.0,64,0,30
18,8,8,18,13.0,26,10,6
4,1,1,4,2.5,5,3,0
10,9,9,10,9.5,19,1,8
1,14,1,14,7.5,15,13,0
7,15,7,15,11.0,22,8,6
7,8,7,8,7.5,15,1,5
49,22,22,49,35.5,71,27,18
2,12,2,12,7.0,14,10,1
20,1,1,20,10.5,21,19,0
7,4,4,7,5.5,11,3,3
5,7,5,7,6.0,12,2,0
6,5,5,6,5.5,11,1,4
9,11,9,11,10.0,20,2,7
5,1,1,5,3.0,6,4,0
1,30,1,30,15.5,31,29,0
4,4,4,4,4.0,8,0,3
7,7,7,7,7.0,14,0,6
6,9,6,9,7.5,15,3,5
5,1,1,5,3.0,6,4,0
31,33,31,33,32.0,64,2,30
1,7,1,7,4.0,8,6,0
22,1,1,22,11.5,23,21,0
11,11,11,11,11.0,22,0,7
10,4,4,10,7.0,14,6,3
6,5,5,6,5.5,11,1,3
8,9,8,9,8.5,17,1,5
21,31,21,31,26.0,52,10,17
21,32,21,32,26.5,53,11,20
1,18,1,18,9.5,19,17,0
5,7,5,7,6.0,12,2,0
17,9,9,17,13.0,26,8,7
10,10,10,10,10.0,20,0,7
5,4,4,5,4.5,9,1,2
6,6,6,6,6.0,12,0,5
13,9,9,13,11.0,22,4,8
4,1,1,4,2.5,5,3,0
10,19,10,19,14.5,29,9,9
11,10,10,11,10.5,21,1,8
1,11,1,11,6.0,12,10,0
4,1,1,4,2.5,5,3,0
4,10,4,10,7.0,14,6,3
2,8,2,8,5.0,10,6,0
13,12,12,13,12.5,25,1,10
51,27,27,51,39.0,78,24,19
9,8,8,9,8.5,17,1,7
5,7,5,7,6.0,12,2,4
4,5,4,5,4.5,9,1,3
7,7,7,7,7.0,14,0,5
6,1,1,6,3.5,7,5,0
3,4,3,4,3.5,7,1,2
1,12,1,12,6.5,13,11,0
9,5,5,9,7.0,14,4,0
6,11,6,11,8.5,17,5,0
27,29,27,29,28.0,56,2,26
2,4,2,4,3.0,6,2,1
7,6,6,7,6.5,13,1,5
6,6,6,6,6.0,12,0,5
4,2,2,4,3.0,6,2,1
4,5,4,5,4.5,9,1,3
9,8,8,9,8.5,17,1,7
1,8,1,8,4.5,9,7,0
19,19,19,19,19.0,38,0,18
5,4,4,5,4.5,9,1,3
5,6,5,6,5.5,11,1,4
11,9,9,11,10.0,20,2,8
5,1,1,5,3.0,6,4,0
4,6,4,6,5.0,10,2,3
7,3,3,7,5.0,10,4,2
4,7,4,7,5.5,11,3,2
7,12,7,12,9.5,19,5,6
7,7,7,7,7.0,14,0,6
35,23,23,35,29.0,58,12,20
11,12,11,12,11.5,23,1,8
21,25,21,25,23.0,46,4,20
4,4,4,4,4.0,8,0,3
5,7,5,7,6.0,12,2,3
6,5,5,6,5.5,11,1,0
8,9,8,9,8.5,17,1,7
6,1,1,6,3.5,7,5,0
2,4,2,4,3.0,6,2,1
10,12,10,12,11.0,22,2,4
4,5,4,5,4.5,9,1,3
7,1,1,7,4.0,8,6,0
14,20,14,20,17.0,34,6,12
24,8,8,24,16.0,32,16,1
11,7,7,11,9.0,18,4,6
5,8,5,8,6.5,13,3,2
7,13,7,13,10.0,20,6,4
5,2,2,5,3.5,7,3,1
7,6,6,7,6.5,13,1,5
49,49,49,49,49.0,98,0,48
13,13,13,13,13.0,26,0,12
5,5,5,5,5.0,10,0,0
8,12,8,12,10.0,20,4,4
1,7,1,7,4.0,8,6,0
1,10,1,10,5.5,11,9,0
1,35,1,35,18.0,36,34,0
5,35,5,35,20.0,40,30,0
42,41,41,42,41.5,83,1,40
40,20,20,40,30.0,60,20,18
20,20,20,20,20.0,40,0,18
2,5,2,5,3.5,7,3,1
15,23,15,23,19.0,38,8,14
5,1,1,5,3.0,6,4,0
19,24,19,24,21.5,43,5,18
5,4,4,5,4.5,9,1,0
2,24,2,24,13.0,26,22,0
2,5,2,5,3.5,7,3,1
39,45,39,45,42.0,84,6,30
41,41,41,41,41.0,82,0,39
6,2,2,6,4.0,8,4,0
8,11,8,11,9.5,19,3,5
17,22,17,22,19.5,39,5,7
5,1,1,5,3.0,6,4,0
4,1,1,4,2.5,5,3,0
2,5,2,5,3.5,7,3,0
1,16,1,16,8.5,17,15,0
20,10,10,20,15.0,30,10,9
4,1,1,4,2.5,5,3,0
11,9,9,11,10.0,20,2,8
2,4,2,4,3.0,6,2,1
5,1,1,5,3.0,6,4,0
6,1,1,6,3.5,7,5,0
5,6,5,6,5.5,11,1,4
2,10,2,10,6.0,12,8,0
6,6,6,6,6.0,12,0,5
4,1,1,4,2.5,5,3,0
13,12,12,13,12.5,25,1,10
12,3,3,12,7.5,15,9,2
1,6,1,6,3.5,7,5,0
23,23,23,23,23.0,46,0,22
11,17,11,17,14.0,28,6,7
8,1,1,8,4.5,9,7,0
5,2,2,5,3.5,7,3,1
4,1,1,4,2.5,5,3,0
16,21,16,21,18.5,37,5,13
4,1,1,4,2.5,5,3,0
1,4,1,4,2.5,5,3,0
4,1,1,4,2.5,5,3,0
11,12,11,12,11.5,23,1,9
20,24,20,24,22.0,44,4,18
12,4,4,12,8.0,16,8,0
5,7,5,7,6.0,12,2,1
40,47,40,47,43.5,87,7,36
8,4,4,8,6.0,12,4,2
4,1,1,4,2.5,5,3,0
8,9,8,9,8.5,17,1,7
24,34,24,34,29.0,58,10,16
25,31,25,31,28.0,56,6,19
14,24,14,24,19.0,38,10,12
18,31,18,31,24.5,49,13,8
4,1,1,4,2.5,5,3,0
7,1,1,7,4.0,8,6,0
23,23,23,23,23.0,46,0,22
28,40,28,40,34.0,68,12,21
5,1,1,5,3.0,6,4,0
11,5,5,11,8.0,16,6,4
4,1,1,4,2.5,5,3,0
29,24,24,29,26.5,53,5,16
40,18,18,40,29.0,58,22,16
1,4,1,4,2.5,5,3,0
8,1,1,8,4.5,9,7,0
4,1,1,4,2.5,5,3,0
4,1,1,4,2.5,5,3,0
1,7,1,7,4.0,8,6,0
4,8,4,8,6.0,12,4,1
5,1,1,5,3.0,6,4,0
1,4,1,4,2.5,5,3,0
5,1,1,5,3.0,6,4,0
7,8,7,8,7.5,15,1,5
6,6,6,6,6.0,12,0,5
4,1,1,4,2.5,5,3,0
4,1,1,4,2.5,5,3,0
1,7,1,7,4.0,8,6,0
17,18,17,18,17.5,35,1,16
16,24,16,24,20.0,40,8,15
1,4,1,4,2.5,5,3,0
19,13,13,19,16.0,32,6,10
7,9,7,9,8.0,16,2,6
5,18,5,18,11.5,23,13,1
14,11,11,14,12.5,25,3,4
1,5,1,5,3.0,6,4,0
8,1,1,8,4.5,9,7,0
19,19,19,19,19.0,38,0,17
20,21,20,21,20.5,41,1,19
5,3,3,5,4.0,8,2,2
26,1,1,26,13.5,27,25,0
21,15,15,21,18.0,36,6,9
6,3,3,6,4.5,9,3,2
1,4,1,4,2.5,5,3,0
16,16,16,16,16.0,32,0,15
6,8,6,8,7.0,14,2,3
7,11,7,11,9.0,18,4,4
1,5,1,5,3.0,6,4,0
1,5,1,5,3.0,6,4,0
8,1,1,8,4.5,9,7,0
16,1,1,16,8.5,17,15,0
25,30,25,30,27.5,55,5,24
7,9,7,9,8.0,16,2,6
5,4,4,5,4.5,9,1,3
4,1,1,4,2.5,5,3,0
7,6,6,7,6.5,13,1,4
6,8,6,8,7.0,14,2,5
8,6,6,8,7.0,14,2,2
5,5,5,5,5.0,10,0,4
1,4,1,4,2.5,5,3,0
4,3,3,4,3.5,7,1,2
4,4,4,4,4.0,8,0,3
1,28,1,28,14.5,29,27,0
12,1,1,12,6.5,13,11,0
4,1,1,4,2.5,5,3,0
12,3,3,12,7.5,15,9,0
10,8,8,10,9.0,18,2,6
26,22,22,26,24.0,48,4,8
2,4,2,4,3.0,6,2,0
8,1,1,8,4.5,9,7,0
5,1,1,5,3.0,6,4,0
3,7,3,7,5.0,10,4,2
1,11,1,11,6.0,12,10,0
23,6,6,23,14.5,29,17,5
4,2,2,4,3.0,6,2,0
6,6,6,6,6.0,12,0,5
6,4,4,6,5.0,10,2,1
2,5,2,5,3.5,7,3,0
49,88,49,88,68.5,137,39,32
12,7,7,12,9.5,19,5,2
4,4,4,4,4.0,8,0,3
4,1,1,4,2.5,5,3,0
5,1,1,5,3.0,6,4,0
2,4,2,4,3.0,6,2,0
6,2,2,6,4.0,8,4,1
1,4,1,4,2.5,5,3,0
6,10,6,10,8.0,16,4,2
7,9,7,9,8.0,16,2,3
6,6,6,6,6.0,12,0,5
1,4,1,4,2.5,5,3,0
20,13,13,20,16.5,33,7,12
7,1,1,7,4.0,8,6,0
5,4,4,5,4.5,9,1,2
23,33,23,33,28.0,56,10,16
7,2,2,7,4.5,9,5,1
13,1,1,13,7.0,14,12,0
6,6,6,6,6.0,12,0,3
10,19,10,19,14.5,29,9,8
1,4,1,4,2.5,5,3,0
14,25,14,25,19.5,39,11,11
1,4,1,4,2.5,5,3,0
16,13,13,16,14.5,29,3,9
1,4,1,4,2.5,5,3,0
5,1,1,5,3.0,6,4,0
4,1,1,4,2.5,5,3,0
24,22,22,24,23.0,46,2,18
1,10,1,10,5.5,11,9,0
1,4,1,4,2.5,5,3,0
4,1,1,4,2.5,5,3,0
21,18,18,21,19.5,39,3,15
1,7,1,7,4.0,8,6,0
4,2,2,4,3.0,6,2,0
6,1,1,6,3.5,7,5,0
10,5,5,10,7.5,15,5,4
23,17,17,23,20.0,40,6,13
12,1,1,12,6.5,13,11,0
1,5,1,5,3.0,6,4,0
32,32,32,32,32.0,64,0,31
29,21,21,29,25.0,50,8,18
6,1,1,6,3.5,7,5,0
4,5,4,5,4.5,9,1,3
4,1,1,4,2.5,5,3,0
6,5,5,6,5.5,11,1,3
10,11,10,11,10.5,21,1,8
7,4,4,7,5.5,11,3,3
5,6,5,6,5.5,11,1,1
1,9,1,9,5.0,10,8,0
7,22,7,22,14.5,29,15,6
28,41,28,41,34.5,69,13,23
4,1,1,4,2.5,5,3,0
5,4,4,5,4.5,9,1,3
9,1,1,9,5.0,10,8,0
1,6,1,6,3.5,7,5,0
23,39,23,39,31.0,62,16,16
2,10,2,10,6.0,12,8,0
6,2,2,6,4.0,8,4,1
26,26,26,26,26.0,52,0,25
7,2,2,7,4.5,9,5,1
6,4,4,6,5.0,10,2,3
7,15,7,15,11.0,22,8,3
12,13,12,13,12.5,25,1,11
15,13,13,15,14.0,28,2,10
4,4,4,4,4.0,8,0,3
1,17,1,17,9.0,18,16,0
22,21,21,22,21.5,43,1,20
6,5,5,6,5.5,11,1,4
1,5,1,5,3.0,6,4,0
17,15,15,17,16.0,32,2,10
9,10,9,10,9.5,19,1,8
21,33,21,33,27.0,54,12,15
4,1,1,4,2.5,5,3,0
12,10,10,12,11.0,22,2,9
8,1,1,8,4.5,9,7,0
15,16,15,16,15.5,31,1,13
23,13,13,23,18.0,36,10,12
33,17,17,33,25.0,50,16,13
1,6,1,6,3.5,7,5,0
6,6,6,6,6.0,12,0,2
4,5,4,5,4.5,9,1,2
1,5,1,5,3.0,6,4,0
5,1,1,5,3.0,6,4,0
8,5,5,8,6.5,13,3,0
146,31,31,146,88.5,177,115,28
19,13,13,19,16.0,32,6,8
5,1,1,5,3.0,6,4,0
32,32,32,32,32.0,64,0,29
6,1,1,6,3.5,7,5,0
5,10,5,10,7.5,15,5,1
7,8,7,8,7.5,15,1,5
11,9,9,11,10.0,20,2,8
30,41,30,41,35.5,71,11,25
20,13,13,20,16.5,33,7,10
14,18,14,18,16.0,32,4,8
34,33,33,34,33.5,67,1,32
1,4,1,4,2.5,5,3,0
7,8,7,8,7.5,15,1,6
1,4,1,4,2.5,5,3,0
6,1,1,6,3.5,7,5,0
1,18,1,18,9.5,19,17,0
13,13,13,13,13.0,26,0,12
16,20,16,20,18.0,36,4,15
18,17,17,18,17.5,35,1,14
12,2,2,12,7.0,14,10,1
5,1,1,5,3.0,6,4,0
32,31,31,32,31.5,63,1,30
9,5,5,9,7.0,14,4,3
7,1,1,7,4.0,8,6,0
1,5,1,5,3.0,6,4,0
4,4,4,4,4.0,8,0,3
1,4,1,4,2.5,5,3,0
5,1,1,5,3.0,6,4,0
7,7,7,7,7.0,14,0,6
6,1,1,6,3.5,7,5,0
12,5,5,12,8.5,17,7,4
10,6,6,10,8.0,16,4,3
4,1,1,4,2.5,5,3,0
4,1,1,4,2.5,5,3,0
20,23,20,23,21.5,43,3,19
9,9,9,9,9.0,18,0,7
8,10,8,10,9.0,18,2,2
2,5,2,5,3.5,7,3,1
5,7,5,7,6.0,12,2,4
1,8,1,8,4.5,9,7,0
6,2,2,6,4.0,8,4,1
4,4,4,4,4.0,8,0,2
6,6,6,6,6.0,12,0,5
17,6,6,17,11.5,23,11,4
4,1,1,4,2.5,5,3,0
7,14,7,14,10.5,21,7,3
8,8,8,8,8.0,16,0,7
4,1,1,4,2.5,5,3,0
4,1,1,4,2.5,5,3,0
4,1,1,4,2.5,5,3,0
6,3,3,6,4.5,9,3,2
6,6,6,6,6.0,12,0,5
32,6,6,32,19.0,38,26,5
5,5,5,5,5.0,10,0,4
23,8,8,23,15.5,31,15,7
1,5,1,5,3.0,6,4,0
49,44,44,49,46.5,93,5,26
6,6,6,6,6.0,12,0,5
16,16,16,16,16.0,32,0,15
3,21,3,21,12.0,24,18,1
1,18,1,18,9.5,19,17,0
61,15,15,61,38.0,76,46,13
16,20,16,20,18.0,36,4,15
1,9,1,9,5.0,10,8,0
10,6,6,10,8.0,16,4,5
1,12,1,12,6.5,13,11,0
8,5,5,8,6.5,13,3,4
34,54,34,54,44.0,88,20,21
1,5,1,5,3.0,6,4,0
10,18,10,18,14.0,28,8,4
4,1,1,4,2.5,5,3,0
1,61,1,61,31.0,62,60,0
29,28,28,29,28.5,57,1,25
1,4,1,4,2.5,5,3,0
5,1,1,5,3.0,6,4,0
1,8,1,8,4.5,9,7,0
1,4,1,4,2.5,5,3,0
18,28,18,28,23.0,46,10,16
4,3,3,4,3.5,7,1,1
18,1,1,18,9.5,19,17,0
28,49,28,49,38.5,77,21,21
5,1,1,5,3.0,6,4,0
19,15,15,19,17.0,34,4,7
9,1,1,9,5.0,10,8,0
34,34,34,34,34.0,68,0,29
4,1,1,4,2.5,5,3,0
16,23,16,23,19.5,39,7,12
7,9,7,9,8.0,16,2,5
6,1,1,6,3.5,7,5,0
4,5,4,5,4.5,9,1,1
1,4,1,4,2.5,5,3,0
6,4,4,6,5.0,10,2,3
7,7,7,7,7.0,14,0,6
1,4,1,4,2.5,5,3,0
29,1,1,29,15.0,30,28,0
1,5,1,5,3.0,6,4,0
18,17,17,18,17.5,35,1,16
2,6,2,6,4.0,8,4,1
4,2,2,4,3.0,6,2,1
5,1,1,5,3.0,6,4,0
22,18,18,22,20.0,40,4,16
4,1,1,4,2.5,5,3,0
7,1,1,7,4.0,8,6,0
6,2,2,6,4.0,8,4,0
5,5,5,5,5.0,10,0,4
1,4,1,4,2.5,5,3,0
5,10,5,10,7.5,15,5,4
4,1,1,4,2.5,5,3,0
14,33,14,33,23.5,47,19,7
4,1,1,4,2.5,5,3,0
1,4,1,4,2.5,5,3,0
2,5,2,5,3.5,7,3,1
1,19,1,19,10.0,20,18,0
5,14,5,14,9.5,19,9,0
6,7,6,7,6.5,13,1,3
8,17,8,17,12.5,25,9,4
9,9,9,9,9.0,18,0,8
4,6,4,6,5.0,10,2,3
9,12,9,12,10.5,21,3,8
1,5,1,5,3.0,6,4,0
6,21,6,21,13.5,27,15,0
8,8,8,8,8.0,16,0,6
14,14,14,14,14.0,28,0,12
39,34,34,39,36.5,73,5,30
4,4,4,4,4.0,8,0,3
4,1,1,4,2.5,5,3,0
8,1,1,8,4.5,9,7,0
10,1,1,10,5.5,11,9,0
6,15,6,15,10.5,21,9,4
7,1,1,7,4.0,8,6,0
7,6,6,7,6.5,13,1,3
22,19,19,22,20.5,41,3,16
5,2,2,5,3.5,7,3,1
7,6,6,7,6.5,13,1,4
1,5,1,5,3.0,6,4,0
27,27,27,27,27.0,54,0,26
5,1,1,5,3.0,6,4,0
4,8,4,8,6.0,12,4,1
1,10,1,10,5.5,11,9,0
5,1,1,5,3.0,6,4,0
5,4,4,5,4.5,9,1,1
16,7,7,16,11.5,23,9,6
38,38,38,38,38.0,76,0,32
1,4,1,4,2.5,5,3,0
24,20,20,24,22.0,44,4,19
1,6,1,6,3.5,7,5,0
1,4,1,4,2.5,5,3,0
13,11,11,13,12.0,24,2,10
7,6,6,7,6.5,13,1,4
4,4,4,4,4.0,8,0,2
16,17,16,17,16.5,33,1,14
5,3,3,5,4.0,8,2,0
4,1,1,4,2.5,5,3,0
16,12,12,16,14.0,28,4,10
6,6,6,6,6.0,12,0,4
10,14,10,14,12.0,24,4,9
16,12,12,16,14.0,28,4,4
6,1,1,6,3.5,7,5,0
9,7,7,9,8.0,16,2,2
4,3,3,4,3.5,7,1,2
1,5,1,5,3.0,6,4,0
17,18,17,18,17.5,35,1,14
1,9,1,9,5.0,10,8,0
4,5,4,5,4.5,9,1,2
5,2,2,5,3.5,7,3,1
15,8,8,15,11.5,23,7,7
9,6,6,9,7.5,15,3,4
14,4,4,14,9.0,18,10,0
5,1,1,5,3.0,6,4,0
20,23,20,23,21.5,43,3,13
5,1,1,5,3.0,6,4,0
4,1,1,4,2.5,5,3,0
5,1,1,5,3.0,6,4,0
12,12,12,12,12.0,24,0,11
4,2,2,4,3.0,6,2,1
19,19,19,19,19.0,38,0,18
5,1,1,5,3.0,6,4,0
6,1,1,6,3.5,7,5,0
1,31,1,31,16.0,32,30,0
4,2,2,4,3.0,6,2,1
4,4,4,4,4.0,8,0,3
2,4,2,4,3.0,6,2,1
4,3,3,4,3.5,7,1,2
5,5,5,5,5.0,10,0,4
31,9,9,31,20.0,40,22,3
2,4,2,4,3.0,6,2,1
1,8,1,8,4.5,9,7,0
48,41,41,48,44.5,89,7,38
22,2,2,22,12.0,24,20,0
1,4,1,4,2.5,5,3,0
15,13,13,15,14.0,28,2,8
14,13,13,14,13.5,27,1,11
4,1,1,4,2.5,5,3,0
1,11,1,11,6.0,12,10,0
5,5,5,5,5.0,10,0,3
4,2,2,4,3.0,6,2,1
5,1,1,5,3.0,6,4,0
23,23,23,23,23.0,46,0,9
4,1,1,4,2.5,5,3,0
3,5,3,5,4.0,8,2,2
5,2,2,5,3.5,7,3,1
5,1,1,5,3.0,6,4,0
1,4,1,4,2.5,5,3,0
11,10,10,11,10.5,21,1,9
10,8,8,10,9.0,18,2,7
8,8,8,8,8.0,16,0,6
5,1,1,5,3.0,6,4,0
19,20,19,20,19.5,39,1,18
8,1,1,8,4.5,9,7,0
30,29,29,30,29.5,59,1,24
13,14,13,14,13.5,27,1,9
10,1,1,10,5.5,11,9,0
18,17,17,18,17.5,35,1,16
1,10,1,10,5.5,11,9,0
1,11,1,11,6.0,12,10,0
1,8,1,8,4.5,9,7,0
20,29,20,29,24.5,49,9,17
10,11,10,11,10.5,21,1,8
26,38,26,38,32.0,64,12,24
1,7,1,7,4.0,8,6,0
4,1,1,4,2.5,5,3,0
1,5,1,5,3.0,6,4,0
27,27,27,27,27.0,54,0,19
1,7,1,7,4.0,8,6,0
1,6,1,6,3.5,7,5,0
17,5,5,17,11.0,22,12,1
1,9,1,9,5.0,10,8,0
29,33,29,33,31.0,62,4,18
1,146,1,146,73.5,147,145,0
1,4,1,4,2.5,5,3,0
7,4,4,7,5.5,11,3,0
18,20,18,20,19.0,38,2,16
4,3,3,4,3.5,7,1,2
4,1,1,4,2.5,5,3,0
8,7,7,8,7.5,15,1,6
26,24,24,26,25.0,50,2,23
18,9,9,18,13.5,27,9,6
3,6,3,6,4.5,9,3,2
4,1,1,4,2.5,5,3,0
2,4,2,4,3.0,6,2,1
6,2,2,6,4.0,8,4,1
12,1,1,12,6.5,13,11,0
8,9,8,9,8.5,17,1,7
5,2,2,5,3.5,7,3,1
9,9,9,9,9.0,18,0,8
1,4,1,4,2.5,5,3,0
1,7,1,7,4.0,8,6,0
28,49,28,49,38.5,77,21,21
1,11,1,11,6.0,12,10,0
13,23,13,23,18.0,36,10,12
5,8,5,8,6.5,13,3,4
8,13,8,13,10.5,21,5,7
4,1,1,4,2.5,5,3,0
5,4,4,5,4.5,9,1,3
10,10,10,10,10.0,20,0,8
8,5,5,8,6.5,13,3,0
4,4,4,4,4.0,8,0,3
7,1,1,7,4.0,8,6,0
4,3,3,4,3.5,7,1,2
5,6,5,6,5.5,11,1,3
4,5,4,5,4.5,9,1,3
5,3,3,5,4.0,8,2,2
3,7,3,7,5.0,10,4,2
1,11,1,11,6.0,12,10,0
6,5,5,6,5.5,11,1,3
2,5,2,5,3.5,7,3,1
4,4,4,4,4.0,8,0,3
5,1,1,5,3.0,6,4,0
24,19,19,24,21.5,43,5,18
25,7,7,25,16.0,32,18,4
12,2,2,12,7.0,14,10,1
1,5,1,5,3.0,6,4,0
38,38,38,38,38.0,76,0,29
14,24,14,24,19.0,38,10,7
1,25,1,25,13.0,26,24,0
5,10,5,10,7.5,15,5,4
1,23,1,23,12.0,24,22,0
7,7,7,7,7.0,14,0,5
5,25,5,25,15.0,30,20,0
9,13,9,13,11.0,22,4,8
2,4,2,4,3.0,6,2,1
7,9,7,9,8.0,16,2,5
14,6,6,14,10.0,20,8,5
6,5,5,6,5.5,11,1,4
4,1,1,4,2.5,5,3,0
5,4,4,5,4.5,9,1,0
1,7,1,7,4.0,8,6,0
2,44,2,44,23.0,46,42,0
4,7,4,7,5.5,11,3,3
11,10,10,11,10.5,21,1,9
13,13,13,13,13.0,26,0,12
41,44,41,44,42.5,85,3,39
5,5,5,5,5.0,10,0,0
7,7,7,7,7.0,14,0,6
11,17,11,17,14.0,28,6,8
7,6,6,7,6.5,13,1,5
2,7,2,7,4.5,9,5,0
11,12,11,12,11.5,23,1,6
27,29,27,29,28.0,56,2,26
9,5,5,9,7.0,14,4,3
3,8,3,8,5.5,11,5,0
2,5,2,5,3.5,7,3,1
4,1,1,4,2.5,5,3,0
9,15,9,15,12.0,24,6,5
6,1,1,6,3.5,7,5,0
5,1,1,5,3.0,6,4,0
1,4,1,4,2.5,5,3,0
14,15,14,15,14.5,29,1,13
1,16,1,16,8.5,17,15,0
8,8,8,8,8.0,16,0,7
2,9,2,9,5.5,11,7,0
41,46,41,46,43.5,87,5,40
8,8,8,8,8.0,16,0,5
4,1,1,4,2.5,5,3,0
6,8,6,8,7.0,14,2,5
1,43,1,43,22.0,44,42,0
5,1,1,5,3.0,6,4,0
45,43,43,45,44.0,88,2,33
4,1,1,4,2.5,5,3,0
1,4,1,4,2.5,5,3,0
1,5,1,5,3.0,6,4,0
6,7,6,7,6.5,13,1,5
19,19,19,19,19.0,38,0,18
4,4,4,4,4.0,8,0,2
8,7,7,8,7.5,15,1,4
12,19,12,19,15.5,31,7,10
1,105,1,105,53.0,106,104,0
7,7,7,7,7.0,14,0,6
42,18,18,42,30.0,60,24,17
2,6,2,6,4.0,8,4,0
8,8,8,8,8.0,16,0,5
4,1,1,4,2.5,5,3,0
18,21,18,21,19.5,39,3,14
7,10,7,10,8.5,17,3,6
21,12,12,21,16.5,33,9,11
5,1,1,5,3.0,6,4,0
5,7,5,7,6.0,12,2,4
11,20,11,20,15.5,31,9,10
2,7,2,7,4.5,9,5,1
1,19,1,19,10.0,20,18,0
9,6,6,9,7.5,15,3,2
4,1,1,4,2.5,5,3,0
1,7,1,7,4.0,8,6,0
6,1,1,6,3.5,7,5,0
4,4,4,4,4.0,8,0,2
34,36,34,36,35.0,70,2,28
4,1,1,4,2.5,5,3,0
1,14,1,14,7.5,15,13,0
6,6,6,6,6.0,12,0,4
1,6,1,6,3.5,7,5,0
10,9,9,10,9.5,19,1,8
24,47,24,47,35.5,71,23,22
5,1,1,5,3.0,6,4,0
18,18,18,18,18.0,36,0,15
5,1,1,5,3.0,6,4,0
13,1,1,13,7.0,14,12,0
4,1,1,4,2.5,5,3,0
4,1,1,4,2.5,5,3,0
10,10,10,10,10.0,20,0,9
5,1,1,5,3.0,6,4,0
27,27,27,27,27.0,54,0,21
2,17,2,17,9.5,19,15,1
2,8,2,8,5.0,10,6,0
2,4,2,4,3.0,6,2,1
8,1,1,8,4.5,9,7,0
66,39,39,66,52.5,105,27,24
8,6,6,8,7.0,14,2,4
8,2,2,8,5.0,10,6,1
6,4,4,6,5.0,10,2,3
4,4,4,4,4.0,8,0,0
1,6,1,6,3.5,7,5,0
4,5,4,5,4.5,9,1,3
1,5,1,5,3.0,6,4,0
7,7,7,7,7.0,14,0,6
6,5,5,6,5.5,11,1,4
13,11,11,13,12.0,24,2,10
8,2,2,8,5.0,10,6,0
1,5,1,5,3.0,6,4,0
4,8,4,8,6.0,12,4,3
14,14,14,14,14.0,28,0,10
6,10,6,10,8.0,16,4,5
1,4,1,4,2.5,5,3,0
5,4,4,5,4.5,9,1,3
5,2,2,5,3.5,7,3,0
7,1,1,7,4.0,8,6,0
17,22,17,22,19.5,39,5,15
11,9,9,11,10.0,20,2,8
29,9,9,29,19.0,38,20,8
13,15,13,15,14.0,28,2,11
11,12,11,12,11.5,23,1,10
4,1,1,4,2.5,5,3,0
4,7,4,7,5.5,11,3,3
18,10,10,18,14.0,28,8,8
24,66,24,66,45.0,90,42,20
1,7,1,7,4.0,8,6,0
1,5,1,5,3.0,6,4,0
31,30,30,31,30.5,61,1,21
7,9,7,9,8.0,16,2,6
1,5,1,5,3.0,6,4,0
22,18,18,22,20.0,40,4,16
7,1,1,7,4.0,8,6,0
4,5,4,5,4.5,9,1,3
1,4,1,4,2.5,5,3,0
12,1,1,12,6.5,13,11,0
1,4,1,4,2.5,5,3,0
1,5,1,5,3.0,6,4,0
6,8,6,8,7.0,14,2,5
1,4,1,4,2.5,5,3,0
4,4,4,4,4.0,8,0,2
31,31,31,31,31.0,62,0,30
4,1,1,4,2.5,5,3,0
2,4,2,4,3.0,6,2,1
1,146,1,146,73.5,147,145,0
1,4,1,4,2.5,5,3,0
1,6,1,6,3.5,7,5,0
10,19,10,19,14.5,29,9,9
7,5,5,7,6.0,12,2,3
12,18,12,18,15.0,30,6,9
12,11,11,12,11.5,23,1,10
4,7,4,7,5.5,11,3,3
1,5,1,5,3.0,6,4,0
9,9,9,9,9.0,18,0,8
1,7,1,7,4.0,8,6,0
18,15,15,18,16.5,33,3,10
4,4,4,4,4.0,8,0,3
6,4,4,6,5.0,10,2,3
1,4,1,4,2.5,5,3,0
45,38,38,45,41.5,83,7,33
10,20,10,20,15.0,30,10,9
9,2,2,9,5.5,11,7,0
2,5,2,5,3.5,7,3,1
11,7,7,11,9.0,18,4,6
8,9,8,9,8.5,17,1,2
4,6,4,6,5.0,10,2,3
41,45,41,45,43.0,86,4,32
1,4,1,4,2.5,5,3,0
12,15,12,15,13.5,27,3,4
20,13,13,20,16.5,33,7,9
15,13,13,15,14.0,28,2,9
8,9,8,9,8.5,17,1,6
6,10,6,10,8.0,16,4,4
24,15,15,24,19.5,39,9,6
4,1,1,4,2.5,5,3,0
1,5,1,5,3.0,6,4,0
4,2,2,4,3.0,6,2,1
1,5,1,5,3.0,6,4,0
25,9,9,25,17.0,34,16,7
1,5,1,5,3.0,6,4,0
4,1,1,4,2.5,5,3,0
14,33,14,33,23.5,47,19,11
2,4,2,4,3.0,6,2,1
4,1,1,4,2.5,5,3,0
1,6,1,6,3.5,7,5,0
3,5,3,5,4.0,8,2,1
13,2,2,13,7.5,15,11,0
23,23,23,23,23.0,46,0,21
26,16,16,26,21.0,42,10,15
1,4,1,4,2.5,5,3,0
9,8,8,9,8.5,17,1,7
17,15,15,17,16.0,32,2,12
3,6,3,6,4.5,9,3,2
5,6,5,6,5.5,11,1,3
18,19,18,19,18.5,37,1,14
1,7,1,7,4.0,8,6,0
24,28,24,28,26.0,52,4,20
6,5,5,6,5.5,11,1,4
37,33,33,37,35.0,70,4,22
15,13,13,15,14.0,28,2,12
9,9,9,9,9.0,18,0,8
21,21,21,21,21.0,42,0,20
7,3,3,7,5.0,10,4,0
7,1,1,7,4.0,8,6,0
1,26,1,26,13.5,27,25,0
2,20,2,20,11.0,22,18,0
22,37,22,37,29.5,59,15,20
4,1,1,4,2.5,5,3,0
9,1,1,9,5.0,10,8,0
7,7,7,7,7.0,14,0,5
4,1,1,4,2.5,5,3,0
6,4,4,6,5.0,10,2,1
2,9,2,9,5.5,11,7,0
19,5,5,19,12.0,24,14,1
55,1,1,55,28.0,56,54,0
10,14,10,14,12.0,24,4,8
9,19,9,19,14.0,28,10,4
43,47,43,47,45.0,90,4,34
6,1,1,6,3.5,7,5,0
16,11,11,16,13.5,27,5,9
4,2,2,4,3.0,6,2,0
30,55,30,55,42.5,85,25,26
4,4,4,4,4.0,8,0,3
1,4,1,4,2.5,5,3,0
44,45,44,45,44.5,89,1,39
7,6,6,7,6.5,13,1,3
6,1,1,6,3.5,7,5,0
6,6,6,6,6.0,12,0,5
5,1,1,5,3.0,6,4,0
8,9,8,9,8.5,17,1,5
1,4,1,4,2.5,5,3,0
6,1,1,6,3.5,7,5,0
11,11,11,11,11.0,22,0,9
5,2,2,5,3.5,7,3,1
24,5,5,24,14.5,29,19,4
8,9,8,9,8.5,17,1,5
4,5,4,5,4.5,9,1,3
11,16,11,16,13.5,27,5,10
1,4,1,4,2.5,5,3,0
1,7,1,7,4.0,8,6,0
3,7,3,7,5.0,10,4,2
16,6,6,16,11.0,22,10,5
1,7,1,7,4.0,8,6,0
5,5,5,5,5.0,10,0,3
1,12,1,12,6.5,13,11,0
1,4,1,4,2.5,5,3,0
8,9,8,9,8.5,17,1,5
1,4,1,4,2.5,5,3,0
8,14,8,14,11.0,22,6,7
2,6,2,6,4.0,8,4,1
1,4,1,4,2.5,5,3,0
4,1,1,4,2.5,5,3,0
1,12,1,12,6.5,13,11,0
6,2,2,6,4.0,8,4,0
7,6,6,7,6.5,13,1,5
1,7,1,7,4.0,8,6,0
4,5,4,5,4.5,9,1,3
6,5,5,6,5.5,11,1,4
1,22,1,22,11.5,23,21,0
6,1,1,6,3.5,7,5,0
7,5,5,7,6.0,12,2,3
4,5,4,5,4.5,9,1,3
4,4,4,4,4.0,8,0,3
7,5,5,7,6.0,12,2,0
14,1,1,14,7.5,15,13,0
12,13,12,13,12.5,25,1,10
13,10,10,13,11.5,23,3,9
11,7,7,11,9.0,18,4,6
13,5,5,13,9.0,18,8,4
5,5,5,5,5.0,10,0,4
8,7,7,8,7.5,15,1,6
4,1,1,4,2.5,5,3,0
9,7,7,9,8.0,16,2,5
8,7,7,8,7.5,15,1,6
22,38,22,38,30.0,60,16,15
1,8,1,8,4.5,9,7,0
17,11,11,17,14.0,28,6,10
25,21,21,25,23.0,46,4,19
8,5,5,8,6.5,13,3,1
4,1,1,4,2.5,5,3,0
1,4,1,4,2.5,5,3,0
12,15,12,15,13.5,27,3,9
13,6,6,13,9.5,19,7,5
1,4,1,4,2.5,5,3,0
14,13,13,14,13.5,27,1,11
2,4,2,4,3.0,6,2,1
4,4,4,4,4.0,8,0,0
8,8,8,8,8.0,16,0,7
15,15,15,15,15.0,30,0,14
28,26,26,28,27.0,54,2,24
4,3,3,4,3.5,7,1,2
38,25,25,38,31.5,63,13,22
1,8,1,8,4.5,9,7,0
1,77,1,77,39.0,78,76,0
3,5,3,5,4.0,8,2,2
4,4,4,4,4.0,8,0,3
25,4,4,25,14.5,29,21,2
5,2,2,5,3.5,7,3,1
1,4,1,4,2.5,5,3,0
11,1,1,11,6.0,12,10,0
5,4,4,5,4.5,9,1,3
4,1,1,4,2.5,5,3,0
3,4,3,4,3.5,7,1,2
5,1,1,5,3.0,6,4,0
2,6,2,6,4.0,8,4,1
4,2,2,4,3.0,6,2,1
4,1,1,4,2.5,5,3,0
1,4,1,4,2.5,5,3,0
12,12,12,12,12.0,24,0,5
37,23,23,37,30.0,60,14,21
18,14,14,18,16.0,32,4,13
6,6,6,6,6.0,12,0,4
9,1,1,9,5.0,10,8,0
4,7,4,7,5.5,11,3,2
5,1,1,5,3.0,6,4,0
6,6,6,6,6.0,12,0,0
11,17,11,17,14.0,28,6,6
1,6,1,6,3.5,7,5,0
19,21,19,21,20.0,40,2,13
1,4,1,4,2.5,5,3,0
24,29,24,29,26.5,53,5,15
14,7,7,14,10.5,21,7,6
14,13,13,14,13.5,27,1,12
1,6,1,6,3.5,7,5,0
5,5,5,5,5.0,10,0,4
5,6,5,6,5.5,11,1,4
21,32,21,32,26.5,53,11,15
1,10,1,10,5.5,11,9,0
1,12,1,12,6.5,13,11,0
36,25,25,36,30.5,61,11,7
4,1,1,4,2.5,5,3,0
4,1,1,4,2.5,5,3,0
7,7,7,7,7.0,14,0,5
2,5,2,5,3.5,7,3,1
5,4,4,5,4.5,9,1,3
1,4,1,4,2.5,5,3,0
5,1,1,5,3.0,6,4,0
13,1,1,13,7.0,14,12,0
4,1,1,4,2.5,5,3,0
8,10,8,10,9.0,18,2,7
4,4,4,4,4.0,8,0,3
19,16,16,19,17.5,35,3,15
9,13,9,13,11.0,22,4,8
42,43,42,43,42.5,85,1,40
11,7,7,11,9.0,18,4,5
4,5,4,5,4.5,9,1,3
6,1,1,6,3.5,7,5,0
18,35,18,35,26.5,53,17,16
8,9,8,9,8.5,17,1,7
7,6,6,7,6.5,13,1,5
4,2,2,4,3.0,6,2,1
18,1,1,18,9.5,19,17,0
11,4,4,11,7.5,15,7,0
9,8,8,9,8.5,17,1,7
23,17,17,23,20.0,40,6,12
3,4,3,4,3.5,7,1,2
4,1,1,4,2.5,5,3,0
1,8,1,8,4.5,9,7,0
6,5,5,6,5.5,11,1,4
6,15,6,15,10.5,21,9,5
15,20,15,20,17.5,35,5,11
15,15,15,15,15.0,30,0,8
1,4,1,4,2.5,5,3,0
1,5,1,5,3.0,6,4,0
7,8,7,8,7.5,15,1,6
5,2,2,5,3.5,7,3,1
12,43,12,43,27.5,55,31,10
7,9,7,9,8.0,16,2,6
1,6,1,6,3.5,7,5,0
1,4,1,4,2.5,5,3,0
13,17,13,17,15.0,30,4,12
12,23,12,23,17.5,35,11,10
4,21,4,21,12.5,25,17,3
12,2,2,12,7.0,14,10,0
32,48,32,48,40.0,80,16,31
1,20,1,20,10.5,21,19,0
3,5,3,5,4.0,8,2,2
1,16,1,16,8.5,17,15,0
1,19,1,19,10.0,20,18,0
14,12,12,14,13.0,26,2,10
1,5,1,5,3.0,6,4,0
8,20,8,20,14.0,28,12,6
5,1,1,5,3.0,6,4,0
4,1,1,4,2.5,5,3,0
4,1,1,4,2.5,5,3,0
2,4,2,4,3.0,6,2,0
9,2,2,9,5.5,11,7,1
7,8,7,8,7.5,15,1,5
24,18,18,24,21.0,42,6,16
5,2,2,5,3.5,7,3,1
8,12,8,12,10.0,20,4,4
8,4,4,8,6.0,12,4,3
45,43,43,45,44.0,88,2,33
9,1,1,9,5.0,10,8,0
1,8,1,8,4.5,9,7,0
24,18,18,24,21.0,42,6,16
5,4,4,5,4.5,9,1,1
12,12,12,12,12.0,24,0,11
9,11,9,11,10.0,20,2,8
1,9,1,9,5.0,10,8,0
9,10,9,10,9.5,19,1,8
1,4,1,4,2.5,5,3,0
5,4,4,5,4.5,9,1,3
9,10,9,10,9.5,19,1,7
41,26,26,41,33.5,67,15,22
16,16,16,16,16.0,32,0,15
2,5,2,5,3.5,7,3,1
5,4,4,5,4.5,9,1,3
4,4,4,4,4.0,8,0,3
24,15,15,24,19.5,39,9,7
5,4,4,5,4.5,9,1,3
9,6,6,9,7.5,15,3,4
6,2,2,6,4.0,8,4,1
1,13,1,13,7.0,14,12,0
1,21,1,21,11.0,22,20,0
8,2,2,8,5.0,10,6,0
16,18,16,18,17.0,34,2,11
12,10,10,12,11.0,22,2,8
1,9,1,9,5.0,10,8,0
18,30,18,30,24.0,48,12,17
4,1,1,4,2.5,5,3,0
18,2,2,18,10.0,20,16,1
19,4,4,19,11.5,23,15,2
14,19,14,19,16.5,33,5,9
5,1,1,5,3.0,6,4,0
1,13,1,13,7.0,14,12,0
2,36,2,36,19.0,38,34,0
6,9,6,9,7.5,15,3,4
20,1,1,20,10.5,21,19,0
20,14,14,20,17.0,34,6,9
13,15,13,15,14.0,28,2,10
14,14,14,14,14.0,28,0,10
1,10,1,10,5.5,11,9,0
27,18,18,27,22.5,45,9,15
17,18,17,18,17.5,35,1,14
1,4,1,4,2.5,5,3,0
5,19,5,19,12.0,24,14,1
2,7,2,7,4.5,9,5,0
17,8,8,17,12.5,25,9,7
4,2,2,4,3.0,6,2,1
21,23,21,23,22.0,44,2,18
1,16,1,16,8.5,17,15,0
5,1,1,5,3.0,6,4,0
6,1,1,6,3.5,7,5,0
1,4,1,4,2.5,5,3,0
13,16,13,16,14.5,29,3,11
5,2,2,5,3.5,7,3,1
6,10,6,10,8.0,16,4,1
1,6,1,6,3.5,7,5,0
1,4,1,4,2.5,5,3,0
10,10,10,10,10.0,20,0,9
37,35,35,37,36.0,72,2,28
4,1,1,4,2.5,5,3,0
1,36,1,36,18.5,37,35,0
2,4,2,4,3.0,6,2,1
1,5,1,5,3.0,6,4,0
10,8,8,10,9.0,18,2,6
1,29,1,29,15.0,30,28,0
9,8,8,9,8.5,17,1,7
17,15,15,17,16.0,32,2,14
3,8,3,8,5.5,11,5,0
5,5,5,5,5.0,10,0,4
31,30,30,31,30.5,61,1,28
13,9,9,13,11.0,22,4,8
1,7,1,7,4.0,8,6,0
9,10,9,10,9.5,19,1,7
2,7,2,7,4.5,9,5,0
5,19,5,19,12.0,24,14,2
5,3,3,5,4.0,8,2,2
17,13,13,17,15.0,30,4,9
23,23,23,23,23.0,46,0,21
7,5,5,7,6.0,12,2,4
1,4,1,4,2.5,5,3,0
8,15,8,15,11.5,23,7,4
5,6,5,6,5.5,11,1,4
6,5,5,6,5.5,11,1,0
9,9,9,9,9.0,18,0,2
1,24,1,24,12.5,25,23,0
9,1,1,9,5.0,10,8,0
5,1,1,5,3.0,6,4,0
1,14,1,14,7.5,15,13,0
11,9,9,11,10.0,20,2,7
6,4,4,6,5.0,10,2,0
3,38,3,38,20.5,41,35,0
8,9,8,9,8.5,17,1,7
12,15,12,15,13.5,27,3,11
36,39,36,39,37.5,75,3,32
1,4,1,4,2.5,5,3,0
6,2,2,6,4.0,8,4,0
6,8,6,8,7.0,14,2,5
2,4,2,4,3.0,6,2,0
1,31,1,31,16.0,32,30,0
6,6,6,6,6.0,12,0,5
30,32,30,32,31.0,62,2,29
5,2,2,5,3.5,7,3,0
1,10,1,10,5.5,11,9,0
6,1,1,6,3.5,7,5,0
2,4,2,4,3.0,6,2,1
13,12,12,13,12.5,25,1,11
1,8,1,8,4.5,9,7,0
4,5,4,5,4.5,9,1,2
29,27,27,29,28.0,56,2,18
1,8,1,8,4.5,9,7,0
146,40,40,146,93.0,186,106,26
14,31,14,31,22.5,45,17,0
4,1,1,4,2.5,5,3,0
8,8,8,8,8.0,16,0,7
6,1,1,6,3.5,7,5,0
12,13,12,13,12.5,25,1,11
23,32,23,32,27.5,55,9,17
4,30,4,30,17.0,34,26,3
17,18,17,18,17.5,35,1,15
6,1,1,6,3.5,7,5,0
5,4,4,5,4.5,9,1,1
2,4,2,4,3.0,6,2,1
16,10,10,16,13.0,26,6,9
8,4,4,8,6.0,12,4,3
26,31,26,31,28.5,57,5,19
6,13,6,13,9.5,19,7,2
2,12,2,12,7.0,14,10,1
5,5,5,5,5.0,10,0,4
9,5,5,9,7.0,14,4,4
14,17,14,17,15.5,31,3,7
4,1,1,4,2.5,5,3,0
1,4,1,4,2.5,5,3,0
4,1,1,4,2.5,5,3,0
24,16,16,24,20.0,40,8,13
6,5,5,6,5.5,11,1,4
5,29,5,29,17.0,34,24,0
4,4,4,4,4.0,8,0,2
1,4,1,4,2.5,5,3,0
33,47,33,47,40.0,80,14,30
4,1,1,4,2.5,5,3,0
4,4,4,4,4.0,8,0,3
15,12,12,15,13.5,27,3,11
5,4,4,5,4.5,9,1,3
5,1,1,5,3.0,6,4,0
5,1,1,5,3.0,6,4,0
1,7,1,7,4.0,8,6,0
6,2,2,6,4.0,8,4,1
5,10,5,10,7.5,15,5,4
6,6,6,6,6.0,12,0,5
4,4,4,4,4.0,8,0,3
14,13,13,14,13.5,27,1,12
5,6,5,6,5.5,11,1,4
19,31,19,31,25.0,50,12,8
4,1,1,4,2.5,5,3,0
10,13,10,13,11.5,23,3,9
51,49,49,51,50.0,100,2,48
7,8,7,8,7.5,15,1,6
5,1,1,5,3.0,6,4,0
16,16,16,16,16.0,32,0,15
4,1,1,4,2.5,5,3,0
13,13,13,13,13.0,26,0,10
9,9,9,9,9.0,18,0,4
4,1,1,4,2.5,5,3,0
1,13,1,13,7.0,14,12,0
1,6,1,6,3.5,7,5,0
1,5,1,5,3.0,6,4,0
2,8,2,8,5.0,10,6,1
16,17,16,17,16.5,33,1,9
8,11,8,11,9.5,19,3,7
9,8,8,9,8.5,17,1,7
4,2,2,4,3.0,6,2,1
12,4,4,12,8.0,16,8,1
1,24,1,24,12.5,25,23,0
5,3,3,5,4.0,8,2,2
12,1,1,12,6.5,13,11,0
5,6,5,6,5.5,11,1,4
1,5,1,5,3.0,6,4,0
19,18,18,19,18.5,37,1,14
14,17,14,17,15.5,31,3,12
7,10,7,10,8.5,17,3,6
5,3,3,5,4.0,8,2,2
13,14,13,14,13.5,27,1,11
20,23,20,23,21.5,43,3,18
9,20,9,20,14.5,29,11,8
1,4,1,4,2.5,5,3,0
5,7,5,7,6.0,12,2,2
15,5,5,15,10.0,20,10,0
1,5,1,5,3.0,6,4,0
5,3,3,5,4.0,8,2,0
2,21,2,21,11.5,23,19,0
8,8,8,8,8.0,16,0,7
7,2,2,7,4.5,9,5,1
28,21,21,28,24.5,49,7,18
45,42,42,45,43.5,87,3,32
8,1,1,8,4.5,9,7,0
6,9,6,9,7.5,15,3,5
8,14,8,14,11.0,22,6,5
4,2,2,4,3.0,6,2,0
4,7,4,7,5.5,11,3,1
2,21,2,21,11.5,23,19,1
1,6,1,6,3.5,7,5,0
7,2,2,7,4.5,9,5,0
21,10,10,21,15.5,31,11,4
1,4,1,4,2.5,5,3,0
2,4,2,4,3.0,6,2,0
32,33,32,33,32.5,65,1,31
10,8,8,10,9.0,18,2,3
4,4,4,4,4.0,8,0,3
7,1,1,7,4.0,8,6,0
4,5,4,5,4.5,9,1,3
1,5,1,5,3.0,6,4,0
23,18,18,23,20.5,41,5,16
8,8,8,8,8.0,16,0,6
3,10,3,10,6.5,13,7,2
3,5,3,5,4.0,8,2,2
4,28,4,28,16.0,32,24,1
6,1,1,6,3.5,7,5,0
50,50,50,50,50.0,100,0,48
8,5,5,8,6.5,13,3,4
6,4,4,6,5.0,10,2,1
9,1,1,9,5.0,10,8,0
19,16,16,19,17.5,35,3,14
27,24,24,27,25.5,51,3,23
10,24,10,24,17.0,34,14,8
11,22,11,22,16.5,33,11,4
7,11,7,11,9.0,18,4,6
5,1,1,5,3.0,6,4,0
39,24,24,39,31.5,63,15,15
10,9,9,10,9.5,19,1,7
4,5,4,5,4.5,9,1,1
4,1,1,4,2.5,5,3,0
2,6,2,6,4.0,8,4,0
12,11,11,12,11.5,23,1,8
10,5,5,10,7.5,15,5,4
7,7,7,7,7.0,14,0,5
7,4,4,7,5.5,11,3,3
4,1,1,4,2.5,5,3,0
1,4,1,4,2.5,5,3,0
1,5,1,5,3.0,6,4,0
12,5,5,12,8.5,17,7,3
2,5,2,5,3.5,7,3,1
15,13,13,15,14.0,28,2,12
1,5,1,5,3.0,6,4,0
23,22,22,23,22.5,45,1,20
19,17,17,19,18.0,36,2,5
45,26,26,45,35.5,71,19,24
2,6,2,6,4.0,8,4,1
24,11,11,24,17.5,35,13,9
4,7,4,7,5.5,11,3,3
8,1,1,8,4.5,9,7,0
4,6,4,6,5.0,10,2,1
3,9,3,9,6.0,12,6,2
7,2,2,7,4.5,9,5,1
5,1,1,5,3.0,6,4,0
5,2,2,5,3.5,7,3,1
10,5,5,10,7.5,15,5,4
4,2,2,4,3.0,6,2,1
12,12,12,12,12.0,24,0,11
5,6,5,6,5.5,11,1,4
7,7,7,7,7.0,14,0,6
4,1,1,4,2.5,5,3,0
5,6,5,6,5.5,11,1,4
1,4,1,4,2.5,5,3,0
12,10,10,12,11.0,22,2,8
6,7,6,7,6.5,13,1,4
12,6,6,12,9.0,18,6,4
5,7,5,7,6.0,12,2,4
75,1,1,75,38.0,76,74,0
1,6,1,6,3.5,7,5,0
12,9,9,12,10.5,21,3,7
34,36,34,36,35.0,70,2,33
17,35,17,35,26.0,52,18,14
6,1,1,6,3.5,7,5,0
4,1,1,4,2.5,5,3,0
5,3,3,5,4.0,8,2,2
1,65,1,65,33.0,66,64,0
15,28,15,28,21.5,43,13,11
1,14,1,14,7.5,15,13,0
23,16,16,23,19.5,39,7,9
18,21,18,21,19.5,39,3,13
4,1,1,4,2.5,5,3,0
4,1,1,4,2.5,5,3,0
6,1,1,6,3.5,7,5,0
9,7,7,9,8.0,16,2,6
4,15,4,15,9.5,19,11,3
1,4,1,4,2.5,5,3,0
5,1,1,5,3.0,6,4,0
3,5,3,5,4.0,8,2,2
23,23,23,23,23.0,46,0,15
5,19,5,19,12.0,24,14,4
8,12,8,12,10.0,20,4,6
10,1,1,10,5.5,11,9,0
17,13,13,17,15.0,30,4,12
14,1,1,14,7.5,15,13,0
9,8,8,9,8.5,17,1,7
10,9,9,10,9.5,19,1,8
26,42,26,42,34.0,68,16,18
5,1,1,5,3.0,6,4,0
9,9,9,9,9.0,18,0,8
8,1,1,8,4.5,9,7,0
4,1,1,4,2.5,5,3,0
4,1,1,4,2.5,5,3,0
7,7,7,7,7.0,14,0,6
4,4,4,4,4.0,8,0,3
4,5,4,5,4.5,9,1,1
11,11,11,11,11.0,22,0,10
15,11,11,15,13.0,26,4,9
4,4,4,4,4.0,8,0,1
33,32,32,33,32.5,65,1,31
1,5,1,5,3.0,6,4,0
1,5,1,5,3.0,6,4,0
1,13,1,13,7.0,14,12,0
20,12,12,20,16.0,32,8,11
1,23,1,23,12.0,24,22,0
5,5,5,5,5.0,10,0,3
4,8,4,8,6.0,12,4,2
7,10,7,10,8.5,17,3,6
21,23,21,23,22.0,44,2,11
13,6,6,13,9.5,19,7,2
19,20,19,20,19.5,39,1,18
1,9,1,9,5.0,10,8,0
2,7,2,7,4.5,9,5,1
9,4,4,9,6.5,13,5,0
9,7,7,9,8.0,16,2,5
1,8,1,8,4.5,9,7,0
1,8,1,8,4.5,9,7,0
11,11,11,11,11.0,22,0,10
5,5,5,5,5.0,10,0,4
12,5,5,12,8.5,17,7,4
5,5,5,5,5.0,10,0,0
6,6,6,6,6.0,12,0,4
6,2,2,6,4.0,8,4,1
12,13,12,13,12.5,25,1,10
7,2,2,7,4.5,9,5,1
1,4,1,4,2.5,5,3,0
10,6,6,10,8.0,16,4,3
21,19,19,21,20.0,40,2,18
7,7,7,7,7.0,14,0,4
1,6,1,6,3.5,7,5,0
1,4,1,4,2.5,5,3,0
8,1,1,8,4.5,9,7,0
1,8,1,8,4.5,9,7,0
6,7,6,7,6.5,13,1,5
1,5,1,5,3.0,6,4,0
15,25,15,25,20.0,40,10,14
1,6,1,6,3.5,7,5,0
23,41,23,41,32.0,64,18,16
9,11,9,11,10.0,20,2,8
7,26,7,26,16.5,33,19,6
13,8,8,13,10.5,21,5,7
4,4,4,4,4.0,8,0,3
1,4,1,4,2.5,5,3,0
13,33,13,33,23.0,46,20,12
5,5,5,5,5.0,10,0,0
1,6,1,6,3.5,7,5,0
1,19,1,19,10.0,20,18,0
10,1,1,10,5.5,11,9,0
4,1,1,4,2.5,5,3,0
5,9,5,9,7.0,14,4,4
1,4,1,4,2.5,5,3,0
4,1,1,4,2.5,5,3,0
6,1,1,6,3.5,7,5,0
6,4,4,6,5.0,10,2,3
13,15,13,15,14.0,28,2,2
1,5,1,5,3.0,6,4,0
9,9,9,9,9.0,18,0,7
6,5,5,6,5.5,11,1,3
4,1,1,4,2.5,5,3,0
1,6,1,6,3.5,7,5,0
1,30,1,30,15.5,31,29,0
15,17,15,17,16.0,32,2,3
2,4,2,4,3.0,6,2,0
29,21,21,29,25.0,50,8,17
6,9,6,9,7.5,15,3,2
8,8,8,8,8.0,16,0,6
2,4,2,4,3.0,6,2,1
12,6,6,12,9.0,18,6,3
7,8,7,8,7.5,15,1,5
6,1,1,6,3.5,7,5,0
4,1,1,4,2.5,5,3,0
4,2,2,4,3.0,6,2,1
10,9,9,10,9.5,19,1,8
7,2,2,7,4.5,9,5,1
9,7,7,9,8.0,16,2,6
4,5,4,5,4.5,9,1,3
9,9,9,9,9.0,18,0,8
17,16,16,17,16.5,33,1,11
1,6,1,6,3.5,7,5,0
4,4,4,4,4.0,8,0,3
5,2,2,5,3.5,7,3,1
10,12,10,12,11.0,22,2,9
4,18,4,18,11.0,22,14,0
31,32,31,32,31.5,63,1,30
9,11,9,11,10.0,20,2,6
2,14,2,14,8.0,16,12,0
1,52,1,52,26.5,53,51,0
4,5,4,5,4.5,9,1,2
1,9,1,9,5.0,10,8,0
14,15,14,15,14.5,29,1,9
1,4,1,4,2.5,5,3,0
4,1,1,4,2.5,5,3,0
6,5,5,6,5.5,11,1,4
13,12,12,13,12.5,25,1,11
1,4,1,4,2.5,5,3,0
24,51,24,51,37.5,75,27,20
1,27,1,27,14.0,28,26,0
26,11,11,26,18.5,37,15,6
5,1,1,5,3.0,6,4,0
5,1,1,5,3.0,6,4,0
10,15,10,15,12.5,25,5,9
4,1,1,4,2.5,5,3,0
1,4,1,4,2.5,5,3,0
1,7,1,7,4.0,8,6,0
1,12,1,12,6.5,13,11,0
1,7,1,7,4.0,8,6,0
27,27,27,27,27.0,54,0,26
25,34,25,34,29.5,59,9,18
4,3,3,4,3.5,7,1,2
5,5,5,5,5.0,10,0,4
13,8,8,13,10.5,21,5,0
6,19,6,19,12.5,25,13,1
1,4,1,4,2.5,5,3,0
17,3,3,17,10.0,20,14,1
11,11,11,11,11.0,22,0,7
4,4,4,4,4.0,8,0,3
27,24,24,27,25.5,51,3,23
4,1,1,4,2.5,5,3,0
15,11,11,15,13.0,26,4,10
4,5,4,5,4.5,9,1,3
7,5,5,7,6.0,12,2,4
15,10,10,15,12.5,25,5,8
8,5,5,8,6.5,13,3,3
5,6,5,6,5.5,11,1,3
4,1,1,4,2.5,5,3,0
8,1,1,8,4.5,9,7,0
50,27,27,50,38.5,77,23,26
7,5,5,7,6.0,12,2,4
5,5,5,5,5.0,10,0,4
6,8,6,8,7.0,14,2,4
4,3,3,4,3.5,7,1,2
2,4,2,4,3.0,6,2,1
1,4,1,4,2.5,5,3,0
5,5,5,5,5.0,10,0,4
2,8,2,8,5.0,10,6,1
5,7,5,7,6.0,12,2,2
3,21,3,21,12.0,24,18,2
6,2,2,6,4.0,8,4,1
14,14,14,14,14.0,28,0,13
4,48,4,48,26.0,52,44,2
13,14,13,14,13.5,27,1,11
5,5,5,5,5.0,10,0,1
6,1,1,6,3.5,7,5,0
1,13,1,13,7.0,14,12,0
1,4,1,4,2.5,5,3,0
1,4,1,4,2.5,5,3,0
14,1,1,14,7.5,15,13,0
54,24,24,54,39.0,78,30,22
10,13,10,13,11.5,23,3,8
26,27,26,27,26.5,53,1,25
1,8,1,8,4.5,9,7,0
7,3,3,7,5.0,10,4,2
5,1,1,5,3.0,6,4,0
14,14,14,14,14.0,28,0,12
10,2,2,10,6.0,12,8,0
40,24,24,40,32.0,64,16,19
12,10,10,12,11.0,22,2,9
17,15,15,17,16.0,32,2,13
1,4,1,4,2.5,5,3,0
8,4,4,8,6.0,12,4,0
14,16,14,16,15.0,30,2,13
15,11,11,15,13.0,26,4,8
4,1,1,4,2.5,5,3,0
2,16,2,16,9.0,18,14,0
1,8,1,8,4.5,9,7,0
32,7,7,32,19.5,39,25,0
10,2,2,10,6.0,12,8,0
4,6,4,6,5.0,10,2,3
1,6,1,6,3.5,7,5,0
10,10,10,10,10.0,20,0,9
1,5,1,5,3.0,6,4,0
36,20,20,36,28.0,56,16,14
4,7,4,7,5.5,11,3,1
1,5,1,5,3.0,6,4,0
6,5,5,6,5.5,11,1,2
12,6,6,12,9.0,18,6,4
9,9,9,9,9.0,18,0,8
5,4,4,5,4.5,9,1,3
1,5,1,5,3.0,6,4,0
4,4,4,4,4.0,8,0,3
1,4,1,4,2.5,5,3,0
2,5,2,5,3.5,7,3,0
29,33,29,33,31.0,62,4,15
29,33,29,33,31.0,62,4,18
8,1,1,8,4.5,9,7,0
4,1,1,4,2.5,5,3,0
5,1,1,5,3.0,6,4,0
4,1,1,4,2.5,5,3,0
8,8,8,8,8.0,16,0,7
18,20,18,20,19.0,38,2,12
30,11,11,30,20.5,41,19,8
8,7,7,8,7.5,15,1,6
10,8,8,10,9.0,18,2,7
4,1,1,4,2.5,5,3,0
33,32,32,33,32.5,65,1,31
5,4,4,5,4.5,9,1,3
12,11,11,12,11.5,23,1,10
1,4,1,4,2.5,5,3,0
6,5,5,6,5.5,11,1,2
4,1,1,4,2.5,5,3,0
6,8,6,8,7.0,14,2,4
24,27,24,27,25.5,51,3,17
45,10,10,45,27.5,55,35,5
8,21,8,21,14.5,29,13,0
7,7,7,7,7.0,14,0,6
12,14,12,14,13.0,26,2,11
1,5,1,5,3.0,6,4,0
5,4,4,5,4.5,9,1,1
10,9,9,10,9.5,19,1,8
14,14,14,14,14.0,28,0,10
14,15,14,15,14.5,29,1,13
11,12,11,12,11.5,23,1,1
4,4,4,4,4.0,8,0,2
1,15,1,15,8.0,16,14,0
3,4,3,4,3.5,7,1,2
1,107,1,107,54.0,108,106,0
8,8,8,8,8.0,16,0,7
1,5,1,5,3.0,6,4,0
3,17,3,17,10.0,20,14,2
9,1,1,9,5.0,10,8,0
10,5,5,10,7.5,15,5,4
32,16,16,32,24.0,48,16,11
1,6,1,6,3.5,7,5,0
10,1,1,10,5.5,11,9,0
1,8,1,8,4.5,9,7,0
15,5,5,15,10.0,20,10,4
10,6,6,10,8.0,16,4,3
9,12,9,12,10.5,21,3,8
2,5,2,5,3.5,7,3,1
2,5,2,5,3.5,7,3,1
6,6,6,6,6.0,12,0,5
21,21,21,21,21.0,42,0,19
5,1,1,5,3.0,6,4,0
4,11,4,11,7.5,15,7,3
1,5,1,5,3.0,6,4,0
7,3,3,7,5.0,10,4,2
3,4,3,4,3.5,7,1,0
4,1,1,4,2.5,5,3,0
19,1,1,19,10.0,20,18,0
2,13,2,13,7.5,15,11,0
1,8,1,8,4.5,9,7,0
13,12,12,13,12.5,25,1,11
5,1,1,5,3.0,6,4,0
4,1,1,4,2.5,5,3,0
1,4,1,4,2.5,5,3,0
1,5,1,5,3.0,6,4,0
16,10,10,16,13.0,26,6,7
5,6,5,6,5.5,11,1,4
2,4,2,4,3.0,6,2,1
15,2,2,15,8.5,17,13,0
1,11,1,11,6.0,12,10,0
7,6,6,7,6.5,13,1,5
6,1,1,6,3.5,7,5,0
1,5,1,5,3.0,6,4,0
1,13,1,13,7.0,14,12,0
1,12,1,12,6.5,13,11,0
13,11,11,13,12.0,24,2,8
29,28,28,29,28.5,57,1,25
5,1,1,5,3.0,6,4,0
8,8,8,8,8.0,16,0,7
6,1,1,6,3.5,7,5,0
4,6,4,6,5.0,10,2,1
7,8,7,8,7.5,15,1,3
5,6,5,6,5.5,11,1,4
4,1,1,4,2.5,5,3,0
1,10,1,10,5.5,11,9,0
6,1,1,6,3.5,7,5,0
19,20,19,20,19.5,39,1,18
6,12,6,12,9.0,18,6,1
5,5,5,5,5.0,10,0,3
17,27,17,27,22.0,44,10,16
8,6,6,8,7.0,14,2,4
3,10,3,10,6.5,13,7,2
22,20,20,22,21.0,42,2,17
3,4,3,4,3.5,7,1,2
1,5,1,5,3.0,6,4,0
20,19,19,20,19.5,39,1,16
4,2,2,4,3.0,6,2,0
17,16,16,17,16.5,33,1,14
10,8,8,10,9.0,18,2,6
7,4,4,7,5.5,11,3,2
1,8,1,8,4.5,9,7,0
12,11,11,12,11.5,23,1,7
5,1,1,5,3.0,6,4,0
2,4,2,4,3.0,6,2,0
22,15,15,22,18.5,37,7,12
4,6,4,6,5.0,10,2,3
9,8,8,9,8.5,17,1,7
38,33,33,38,35.5,71,5,28
19,24,19,24,21.5,43,5,18
7,7,7,7,7.0,14,0,4
3,19,3,19,11.0,22,16,0
1,13,1,13,7.0,14,12,0
10,19,10,19,14.5,29,9,8
3,4,3,4,3.5,7,1,2
4,3,3,4,3.5,7,1,2
13,12,12,13,12.5,25,1,11
10,11,10,11,10.5,21,1,8
1,4,1,4,2.5,5,3,0
4,2,2,4,3.0,6,2,1
5,5,5,5,5.0,10,0,4
4,6,4,6,5.0,10,2,3
1,6,1,6,3.5,7,5,0
1,19,1,19,10.0,20,18,0
6,6,6,6,6.0,12,0,5
6,4,4,6,5.0,10,2,3
1,5,1,5,3.0,6,4,0
1,18,1,18,9.5,19,17,0
30,27,27,30,28.5,57,3,23
4,10,4,10,7.0,14,6,3
4,2,2,4,3.0,6,2,1
5,5,5,5,5.0,10,0,4
8,9,8,9,8.5,17,1,0
21,17,17,21,19.0,38,4,15
11,10,10,11,10.5,21,1,5
22,20,20,22,21.0,42,2,19
6,4,4,6,5.0,10,2,2
6,7,6,7,6.5,13,1,5
8,7,7,8,7.5,15,1,5
51,43,43,51,47.0,94,8,25
15,14,14,15,14.5,29,1,13
6,1,1,6,3.5,7,5,0
11,1,1,11,6.0,12,10,0
27,34,27,34,30.5,61,7,23
1,4,1,4,2.5,5,3,0
16,17,16,17,16.5,33,1,11
11,12,11,12,11.5,23,1,9
40,36,36,40,38.0,76,4,34
9,10,9,10,9.5,19,1,8
7,20,7,20,13.5,27,13,5
1,11,1,11,6.0,12,10,0
13,1,1,13,7.0,14,12,0
4,3,3,4,3.5,7,1,0
8,5,5,8,6.5,13,3,4
18,2,2,18,10.0,20,16,1
20,24,20,24,22.0,44,4,14
4,5,4,5,4.5,9,1,3
8,2,2,8,5.0,10,6,0
1,6,1,6,3.5,7,5,0
21,25,21,25,23.0,46,4,20
9,6,6,9,7.5,15,3,5
5,1,1,5,3.0,6,4,0
1,15,1,15,8.0,16,14,0
8,1,1,8,4.5,9,7,0
5,31,5,31,18.0,36,26,0
4,1,1,4,2.5,5,3,0
4,4,4,4,4.0,8,0,1
4,3,3,4,3.5,7,1,2
6,1,1,6,3.5,7,5,0
1,11,1,11,6.0,12,10,0
19,20,19,20,19.5,39,1,17
5,4,4,5,4.5,9,1,0
4,1,1,4,2.5,5,3,0
4,40,4,40,22.0,44,36,2
8,5,5,8,6.5,13,3,4
1,4,1,4,2.5,5,3,0
2,4,2,4,3.0,6,2,1
1,6,1,6,3.5,7,5,0
7,7,7,7,7.0,14,0,6
8,1,1,8,4.5,9,7,0
1,6,1,6,3.5,7,5,0
4,5,4,5,4.5,9,1,3
9,9,9,9,9.0,18,0,8
4,1,1,4,2.5,5,3,0
4,1,1,4,2.5,5,3,0
9,7,7,9,8.0,16,2,6
6,5,5,6,5.5,11,1,4
24,24,24,24,24.0,48,0,14
6,8,6,8,7.0,14,2,5
6,1,1,6,3.5,7,5,0
3,5,3,5,4.0,8,2,2
4,4,4,4,4.0,8,0,3
4,5,4,5,4.5,9,1,3
21,18,18,21,19.5,39,3,16
5,1,1,5,3.0,6,4,0
3,4,3,4,3.5,7,1,2
14,1,1,14,7.5,15,13,0
12,12,12,12,12.0,24,0,11
13,10,10,13,11.5,23,3,8
49,22,22,49,35.5,71,27,18
1,5,1,5,3.0,6,4,0
1,6,1,6,3.5,7,5,0
2,12,2,12,7.0,14,10,1
17,11,11,17,14.0,28,6,9
1,5,1,5,3.0,6,4,0
13,13,13,13,13.0,26,0,4
21,22,21,22,21.5,43,1,20
4,4,4,4,4.0,8,0,3
5,1,1,5,3.0,6,4,0
4,4,4,4,4.0,8,0,3
15,13,13,15,14.0,28,2,12
1,6,1,6,3.5,7,5,0
12,19,12,19,15.5,31,7,6
6,12,6,12,9.0,18,6,4
7,1,1,7,4.0,8,6,0
6,7,6,7,6.5,13,1,4
27,34,27,34,30.5,61,7,25
25,27,25,27,26.0,52,2,21
6,1,1,6,3.5,7,5,0
15,28,15,28,21.5,43,13,12
9,7,7,9,8.0,16,2,4
21,24,21,24,22.5,45,3,18
22,7,7,22,14.5,29,15,4
8,11,8,11,9.5,19,3,4
13,11,11,13,12.0,24,2,6
5,1,1,5,3.0,6,4,0
11,4,4,11,7.5,15,7,3
10,1,1,10,5.5,11,9,0
4,2,2,4,3.0,6,2,0
9,9,9,9,9.0,18,0,8
38,39,38,39,38.5,77,1,32
25,19,19,25,22.0,44,6,16
1,10,1,10,5.5,11,9,0
5,6,5,6,5.5,11,1,3
9,10,9,10,9.5,19,1,6
2,4,2,4,3.0,6,2,0
3,6,3,6,4.5,9,3,1
1,5,1,5,3.0,6,4,0
7,6,6,7,6.5,13,1,5
5,3,3,5,4.0,8,2,2
37,51,37,51,44.0,88,14,29
14,14,14,14,14.0,28,0,13
4,1,1,4,2.5,5,3,0
4,4,4,4,4.0,8,0,0
27,27,27,27,27.0,54,0,26
7,10,7,10,8.5,17,3,6
11,10,10,11,10.5,21,1,9
18,19,18,19,18.5,37,1,15
7,10,7,10,8.5,17,3,6
8,4,4,8,6.0,12,4,3
1,52,1,52,26.5,53,51,0
1,6,1,6,3.5,7,5,0
4,6,4,6,5.0,10,2,3
8,9,8,9,8.5,17,1,6
1,10,1,10,5.5,11,9,0
2,5,2,5,3.5,7,3,0
5,26,5,26,15.5,31,21,0
12,11,11,12,11.5,23,1,9
21,14,14,21,17.5,35,7,11
6,1,1,6,3.5,7,5,0
1,5,1,5,3.0,6,4,0
6,107,6,107,56.5,113,101,3
7,1,1,7,4.0,8,6,0
18,33,18,33,25.5,51,15,17
6,3,3,6,4.5,9,3,2
8,2,2,8,5.0,10,6,0
1,4,1,4,2.5,5,3,0
16,7,7,16,11.5,23,9,5
1,4,1,4,2.5,5,3,0
4,1,1,4,2.5,5,3,0
14,9,9,14,11.5,23,5,0
9,7,7,9,8.0,16,2,3
3,6,3,6,4.5,9,3,2
7,1,1,7,4.0,8,6,0
24,36,24,36,30.0,60,12,17
2,6,2,6,4.0,8,4,0
4,1,1,4,2.5,5,3,0
8,11,8,11,9.5,19,3,7
22,20,20,22,21.0,42,2,16
12,15,12,15,13.5,27,3,11
15,15,15,15,15.0,30,0,14
8,8,8,8,8.0,16,0,7
1,4,1,4,2.5,5,3,0
10,13,10,13,11.5,23,3,8
4,1,1,4,2.5,5,3,0
22,16,16,22,19.0,38,6,15
13,13,13,13,13.0,26,0,8
9,7,7,9,8.0,16,2,4
1,9,1,9,5.0,10,8,0
11,13,11,13,12.0,24,2,10
7,1,1,7,4.0,8,6,0
12,1,1,12,6.5,13,11,0
9,9,9,9,9.0,18,0,8
6,1,1,6,3.5,7,5,0
18,48,18,48,33.0,66,30,11
5,1,1,5,3.0,6,4,0
5,4,4,5,4.5,9,1,3
2,9,2,9,5.5,11,7,0
21,32,21,32,26.5,53,11,20
4,6,4,6,5.0,10,2,3
5,12,5,12,8.5,17,7,3
11,6,6,11,8.5,17,5,0
45,26,26,45,35.5,71,19,21
7,1,1,7,4.0,8,6,0
11,10,10,11,10.5,21,1,9
2,18,2,18,10.0,20,16,0
7,6,6,7,6.5,13,1,4
24,29,24,29,26.5,53,5,0
1,19,1,19,10.0,20,18,0
19,16,16,19,17.5,35,3,15
4,5,4,5,4.5,9,1,3
24,24,24,24,24.0,48,0,21
4,4,4,4,4.0,8,0,3
4,1,1,4,2.5,5,3,0
2,6,2,6,4.0,8,4,1
7,7,7,7,7.0,14,0,5
1,6,1,6,3.5,7,5,0
1,41,1,41,21.0,42,40,0
1,12,1,12,6.5,13,11,0
27,28,27,28,27.5,55,1,26
1,12,1,12,6.5,13,11,0
1,4,1,4,2.5,5,3,0
30,1,1,30,15.5,31,29,0
11,1,1,11,6.0,12,10,0
4,20,4,20,12.0,24,16,1
32,33,32,33,32.5,65,1,31
27,38,27,38,32.5,65,11,25
19,13,13,19,16.0,32,6,12
4,1,1,4,2.5,5,3,0
4,1,1,4,2.5,5,3,0
8,7,7,8,7.5,15,1,6
5,14,5,14,9.5,19,9,4
7,8,7,8,7.5,15,1,6
4,1,1,4,2.5,5,3,0
1,15,1,15,8.0,16,14,0
4,1,1,4,2.5,5,3,0
6,4,4,6,5.0,10,2,3
5,3,3,5,4.0,8,2,1
8,8,8,8,8.0,16,0,7
7,7,7,7,7.0,14,0,6
10,12,10,12,11.0,22,2,9
32,32,32,32,32.0,64,0,30
4,1,1,4,2.5,5,3,0
4,3,3,4,3.5,7,1,2
1,5,1,5,3.0,6,4,0
1,5,1,5,3.0,6,4,0
3,8,3,8,5.5,11,5,1
4,2,2,4,3.0,6,2,0
1,4,1,4,2.5,5,3,0
23,18,18,23,20.5,41,5,17
12,6,6,12,9.0,18,6,2
6,6,6,6,6.0,12,0,5
1,5,1,5,3.0,6,4,0
1,17,1,17,9.0,18,16,0
26,26,26,26,26.0,52,0,25
12,12,12,12,12.0,24,0,10
1,7,1,7,4.0,8,6,0
6,7,6,7,6.5,13,1,5
10,5,5,10,7.5,15,5,3
14,19,14,19,16.5,33,5,10
5,5,5,5,5.0,10,0,4
1,21,1,21,11.0,22,20,0
6,3,3,6,4.5,9,3,0
6,4,4,6,5.0,10,2,3
4,5,4,5,4.5,9,1,3
6,1,1,6,3.5,7,5,0
4,1,1,4,2.5,5,3,0
13,12,12,13,12.5,25,1,9
19,36,19,36,27.5,55,17,0
6,2,2,6,4.0,8,4,1
4,5,4,5,4.5,9,1,1
15,15,15,15,15.0,30,0,10
28,20,20,28,24.0,48,8,19
14,12,12,14,13.0,26,2,11
8,9,8,9,8.5,17,1,6
16,8,8,16,12.0,24,8,7
6,8,6,8,7.0,14,2,5
13,15,13,15,14.0,28,2,12
5,4,4,5,4.5,9,1,3
5,1,1,5,3.0,6,4,0
9,15,9,15,12.0,24,6,7
8,12,8,12,10.0,20,4,5
2,4,2,4,3.0,6,2,1
14,15,14,15,14.5,29,1,11
5,1,1,5,3.0,6,4,0
12,1,1,12,6.5,13,11,0
1,7,1,7,4.0,8,6,0
9,8,8,9,8.5,17,1,6
12,12,12,12,12.0,24,0,5
18,24,18,24,21.0,42,6,16
11,11,11,11,11.0,22,0,7
23,15,15,23,19.0,38,8,12
5,4,4,5,4.5,9,1,2
5,25,5,25,15.0,30,20,4
4,5,4,5,4.5,9,1,1
1,6,1,6,3.5,7,5,0
20,21,20,21,20.5,41,1,18
5,5,5,5,5.0,10,0,4
4,1,1,4,2.5,5,3,0
4,3,3,4,3.5,7,1,2
7,6,6,7,6.5,13,1,3
6,1,1,6,3.5,7,5,0
45,36,36,45,40.5,81,9,35
1,7,1,7,4.0,8,6,0
4,11,4,11,7.5,15,7,2
8,3,3,8,5.5,11,5,2
6,6,6,6,6.0,12,0,3
1,16,1,16,8.5,17,15,0
5,3,3,5,4.0,8,2,1
2,16,2,16,9.0,18,14,0
12,1,1,12,6.5,13,11,0
5,4,4,5,4.5,9,1,3
2,27,2,27,14.5,29,25,0
20,22,20,22,21.0,42,2,18
1,22,1,22,11.5,23,21,0
14,12,12,14,13.0,26,2,8
24,19,19,24,21.5,43,5,18
10,1,1,10,5.5,11,9,0
14,1,1,14,7.5,15,13,0
2,4,2,4,3.0,6,2,1
13,15,13,15,14.0,28,2,6
13,9,9,13,11.0,22,4,8
7,2,2,7,4.5,9,5,0
15,14,14,15,14.5,29,1,13
4,4,4,4,4.0,8,0,3
20,12,12,20,16.0,32,8,9
49,32,32,49,40.5,81,17,19
11,5,5,11,8.0,16,6,1
1,13,1,13,7.0,14,12,0
7,15,7,15,11.0,22,8,2
4,1,1,4,2.5,5,3,0
18,21,18,21,19.5,39,3,17
1,20,1,20,10.5,21,19,0
10,12,10,12,11.0,22,2,9
1,8,1,8,4.5,9,7,0
18,14,14,18,16.0,32,4,8
1,4,1,4,2.5,5,3,0
3,6,3,6,4.5,9,3,2
5,4,4,5,4.5,9,1,3
1,20,1,20,10.5,21,19,0
11,11,11,11,11.0,22,0,9
19,26,19,26,22.5,45,7,13
5,13,5,13,9.0,18,8,4
6,2,2,6,4.0,8,4,0
14,17,14,17,15.5,31,3,13
13,10,10,13,11.5,23,3,9
8,8,8,8,8.0,16,0,7
19,10,10,19,14.5,29,9,8
4,1,1,4,2.5,5,3,0
31,32,31,32,31.5,63,1,29
5,4,4,5,4.5,9,1,1
8,1,1,8,4.5,9,7,0
3,4,3,4,3.5,7,1,1
6,2,2,6,4.0,8,4,1
15,11,11,15,13.0,26,4,10
7,5,5,7,6.0,12,2,4
1,6,1,6,3.5,7,5,0
1,26,1,26,13.5,27,25,0
1,12,1,12,6.5,13,11,0
3,5,3,5,4.0,8,2,2
12,14,12,14,13.0,26,2,5
1,8,1,8,4.5,9,7,0
8,6,6,8,7.0,14,2,5
1,7,1,7,4.0,8,6,0
23,6,6,23,14.5,29,17,4
9,7,7,9,8.0,16,2,4
11,10,10,11,10.5,21,1,2
1,7,1,7,4.0,8,6,0
5,5,5,5,5.0,10,0,0
18,1,1,18,9.5,19,17,0
4,1,1,4,2.5,5,3,0
1,4,1,4,2.5,5,3,0
30,33,30,33,31.5,63,3,29
1,4,1,4,2.5,5,3,0
6,8,6,8,7.0,14,2,5
4,6,4,6,5.0,10,2,3
1,5,1,5,3.0,6,4,0
1,6,1,6,3.5,7,5,0
1,14,1,14,7.5,15,13,0
1,8,1,8,4.5,9,7,0
43,22,22,43,32.5,65,21,20
9,9,9,9,9.0,18,0,8
5,1,1,5,3.0,6,4,0
4,1,1,4,2.5,5,3,0
2,6,2,6,4.0,8,4,0
30,41,30,41,35.5,71,11,26
4,1,1,4,2.5,5,3,0
4,4,4,4,4.0,8,0,2
7,1,1,7,4.0,8,6,0
1,10,1,10,5.5,11,9,0
5,1,1,5,3.0,6,4,0
5,8,5,8,6.5,13,3,4
1,5,1,5,3.0,6,4,0
26,22,22,26,24.0,48,4,20
19,12,12,19,15.5,31,7,7
1,6,1,6,3.5,7,5,0
23,14,14,23,18.5,37,9,12
12,14,12,14,13.0,26,2,9
4,4,4,4,4.0,8,0,3
6,7,6,7,6.5,13,1,5
12,1,1,12,6.5,13,11,0
4,1,1,4,2.5,5,3,0
4,5,4,5,4.5,9,1,3
4,1,1,4,2.5,5,3,0
5,4,4,5,4.5,9,1,3
11,8,8,11,9.5,19,3,7
10,3,3,10,6.5,13,7,1
8,12,8,12,10.0,20,4,6
12,14,12,14,13.0,26,2,11
3,8,3,8,5.5,11,5,2
4,1,1,4,2.5,5,3,0
20,20,20,20,20.0,40,0,18
14,1,1,14,7.5,15,13,0
6,3,3,6,4.5,9,3,2
25,12,12,25,18.5,37,13,11
8,7,7,8,7.5,15,1,5
23,17,17,23,20.0,40,6,15
13,23,13,23,18.0,36,10,12
6,8,6,8,7.0,14,2,5
10,9,9,10,9.5,19,1,6
14,22,14,22,18.0,36,8,13
10,1,1,10,5.5,11,9,0
11,6,6,11,8.5,17,5,5
6,8,6,8,7.0,14,2,0
5,4,4,5,4.5,9,1,3
29,27,27,29,28.0,56,2,25
13,5,5,13,9.0,18,8,2
5,10,5,10,7.5,15,5,3
19,15,15,19,17.0,34,4,9
32,24,24,32,28.0,56,8,23
7,1,1,7,4.0,8,6,0
27,21,21,27,24.0,48,6,19
6,5,5,6,5.5,11,1,0
4,4,4,4,4.0,8,0,3
4,1,1,4,2.5,5,3,0
4,1,1,4,2.5,5,3,0
8,4,4,8,6.0,12,4,0
37,26,26,37,31.5,63,11,23
1,6,1,6,3.5,7,5,0
1,6,1,6,3.5,7,5,0
15,8,8,15,11.5,23,7,6
4,1,1,4,2.5,5,3,0
2,6,2,6,4.0,8,4,0
1,4,1,4,2.5,5,3,0
6,4,4,6,5.0,10,2,2
4,1,1,4,2.5,5,3,0
14,1,1,14,7.5,15,13,0
4,2,2,4,3.0,6,2,0
5,1,1,5,3.0,6,4,0
4,1,1,4,2.5,5,3,0
2,4,2,4,3.0,6,2,1
6,3,3,6,4.5,9,3,0
4,4,4,4,4.0,8,0,3
4,6,4,6,5.0,10,2,0
5,1,1,5,3.0,6,4,0
5,9,5,9,7.0,14,4,3
11,7,7,11,9.0,18,4,6
13,2,2,13,7.5,15,11,0
1,5,1,5,3.0,6,4,0
1,35,1,35,18.0,36,34,0
6,6,6,6,6.0,12,0,5
1,8,1,8,4.5,9,7,0
5,4,4,5,4.5,9,1,0
9,9,9,9,9.0,18,0,7
1,7,1,7,4.0,8,6,0
1,9,1,9,5.0,10,8,0
2,10,2,10,6.0,12,8,1
1,4,1,4,2.5,5,3,0
3,8,3,8,5.5,11,5,2
5,1,1,5,3.0,6,4,0
1,5,1,5,3.0,6,4,0
37,41,37,41,39.0,78,4,28
4,1,1,4,2.5,5,3,0
8,4,4,8,6.0,12,4,1
4,4,4,4,4.0,8,0,3
1,4,1,4,2.5,5,3,0
8,1,1,8,4.5,9,7,0
18,44,18,44,31.0,62,26,15
22,33,22,33,27.5,55,11,20
13,13,13,13,13.0,26,0,12
5,2,2,5,3.5,7,3,1
6,6,6,6,6.0,12,0,5
2,4,2,4,3.0,6,2,1
4,1,1,4,2.5,5,3,0
1,6,1,6,3.5,7,5,0
1,15,1,15,8.0,16,14,0
11,19,11,19,15.0,30,8,8
1,105,1,105,53.0,106,104,0
6,1,1,6,3.5,7,5,0
6,6,6,6,6.0,12,0,2
2,4,2,4,3.0,6,2,1
13,14,13,14,13.5,27,1,9
15,1,1,15,8.0,16,14,0
8,8,8,8,8.0,16,0,7
37,27,27,37,32.0,64,10,19
1,5,1,5,3.0,6,4,0
4,1,1,4,2.5,5,3,0
1,18,1,18,9.5,19,17,0
5,1,1,5,3.0,6,4,0
3,10,3,10,6.5,13,7,2
2,4,2,4,3.0,6,2,0
17,7,7,17,12.0,24,10,6
6,7,6,7,6.5,13,1,3
5,5,5,5,5.0,10,0,4
1,26,1,26,13.5,27,25,0
4,3,3,4,3.5,7,1,2
1,5,1,5,3.0,6,4,0
11,1,1,11,6.0,12,10,0
16,20,16,20,18.0,36,4,10
5,6,5,6,5.5,11,1,4
2,6,2,6,4.0,8,4,1
35,19,19,35,27.0,54,16,16
8,7,7,8,7.5,15,1,6
6,6,6,6,6.0,12,0,5
11,7,7,11,9.0,18,4,6
12,9,9,12,10.5,21,3,7
4,1,1,4,2.5,5,3,0
7,1,1,7,4.0,8,6,0
19,25,19,25,22.0,44,6,13
17,13,13,17,15.0,30,4,12
39,35,35,39,37.0,74,4,32
2,7,2,7,4.5,9,5,1
2,4,2,4,3.0,6,2,1
8,1,1,8,4.5,9,7,0
14,46,14,46,30.0,60,32,10
1,105,1,105,53.0,106,104,0
1,12,1,12,6.5,13,11,0
1,4,1,4,2.5,5,3,0
8,11,8,11,9.5,19,3,1
19,19,19,19,19.0,38,0,18
6,5,5,6,5.5,11,1,4
5,1,1,5,3.0,6,4,0
5,20,5,20,12.5,25,15,1
13,15,13,15,14.0,28,2,9
1,5,1,5,3.0,6,4,0
42,51,42,51,46.5,93,9,25
19,16,16,19,17.5,35,3,14
3,15,3,15,9.0,18,12,0
15,13,13,15,14.0,28,2,12
1,15,1,15,8.0,16,14,0
6,1,1,6,3.5,7,5,0
30,24,24,30,27.0,54,6,23
4,1,1,4,2.5,5,3,0
4,1,1,4,2.5,5,3,0
7,16,7,16,11.5,23,9,5
4,1,1,4,2.5,5,3,0
22,24,22,24,23.0,46,2,19
4,4,4,4,4.0,8,0,3
30,33,30,33,31.5,63,3,8
7,1,1,7,4.0,8,6,0
9,2,2,9,5.5,11,7,1
30,40,30,40,35.0,70,10,26
5,1,1,5,3.0,6,4,0
1,7,1,7,4.0,8,6,0
5,5,5,5,5.0,10,0,4
2,4,2,4,3.0,6,2,1
1,4,1,4,2.5,5,3,0
11,7,7,11,9.0,18,4,5
4,1,1,4,2.5,5,3,0
7,6,6,7,6.5,13,1,5
24,20,20,24,22.0,44,4,19
1,12,1,12,6.5,13,11,0
9,1,1,9,5.0,10,8,0
2,7,2,7,4.5,9,5,1
8,5,5,8,6.5,13,3,3
7,5,5,7,6.0,12,2,4
6,1,1,6,3.5,7,5,0
13,27,13,27,20.0,40,14,12
38,25,25,38,31.5,63,13,15
1,5,1,5,3.0,6,4,0
4,4,4,4,4.0,8,0,3
12,13,12,13,12.5,25,1,11
23,22,22,23,22.5,45,1,21
4,1,1,4,2.5,5,3,0
1,5,1,5,3.0,6,4,0
10,8,8,10,9.0,18,2,7
4,4,4,4,4.0,8,0,3
4,1,1,4,2.5,5,3,0
6,17,6,17,11.5,23,11,4
9,8,8,9,8.5,17,1,0
5,1,1,5,3.0,6,4,0
14,8,8,14,11.0,22,6,6
10,15,10,15,12.5,25,5,5
1,5,1,5,3.0,6,4,0
5,1,1,5,3.0,6,4,0
1,6,1,6,3.5,7,5,0
37,17,17,37,27.0,54,20,15
17,31,17,31,24.0,48,14,14
37,28,28,37,32.5,65,9,21
31,44,31,44,37.5,75,13,26
3,4,3,4,3.5,7,1,2
32,37,32,37,34.5,69,5,25
1,7,1,7,4.0,8,6,0
19,22,19,22,20.5,41,3,18
11,8,8,11,9.5,19,3,6
1,4,1,4,2.5,5,3,0
1,5,1,5,3.0,6,4,0
1,22,1,22,11.5,23,21,0
6,7,6,7,6.5,13,1,5
21,21,21,21,21.0,42,0,20
1,4,1,4,2.5,5,3,0
3,7,3,7,5.0,10,4,2
8,8,8,8,8.0,16,0,7
7,10,7,10,8.5,17,3,4
4,6,4,6,5.0,10,2,3
4,5,4,5,4.5,9,1,3
6,3,3,6,4.5,9,3,1
4,1,1,4,2.5,5,3,0
4,4,4,4,4.0,8,0,3
2,5,2,5,3.5,7,3,1
23,24,23,24,23.5,47,1,20
6,9,6,9,7.5,15,3,5
2,8,2,8,5.0,10,6,0
4,2,2,4,3.0,6,2,0
4,1,1,4,2.5,5,3,0
1,5,1,5,3.0,6,4,0
13,20,13,20,16.5,33,7,12
4,3,3,4,3.5,7,1,2
29,12,12,29,20.5,41,17,11
10,7,7,10,8.5,17,3,5
18,26,18,26,22.0,44,8,16
27,24,24,27,25.5,51,3,23
5,6,5,6,5.5,11,1,0
7,9,7,9,8.0,16,2,6
9,11,9,11,10.0,20,2,8
2,22,2,22,12.0,24,20,0
8,6,6,8,7.0,14,2,5
6,9,6,9,7.5,15,3,5
5,1,1,5,3.0,6,4,0
22,38,22,38,30.0,60,16,20
6,1,1,6,3.5,7,5,0
9,9,9,9,9.0,18,0,8
11,6,6,11,8.5,17,5,4
4,11,4,11,7.5,15,7,0
5,6,5,6,5.5,11,1,3
10,13,10,13,11.5,23,3,9
7,10,7,10,8.5,17,3,5
5,4,4,5,4.5,9,1,3
7,4,4,7,5.5,11,3,3
17,7,7,17,12.0,24,10,5
20,18,18,20,19.0,38,2,16
6,1,1,6,3.5,7,5,0
1,8,1,8,4.5,9,7,0
40,31,31,40,35.5,71,9,23
9,5,5,9,7.0,14,4,1
6,5,5,6,5.5,11,1,3
40,41,40,41,40.5,81,1,39
7,9,7,9,8.0,16,2,6
6,5,5,6,5.5,11,1,3
7,10,7,10,8.5,17,3,4
21,25,21,25,23.0,46,4,20
5,23,5,23,14.0,28,18,3
1,8,1,8,4.5,9,7,0
13,12,12,13,12.5,25,1,10
5,7,5,7,6.0,12,2,4
1,15,1,15,8.0,16,14,0
15,8,8,15,11.5,23,7,4
8,9,8,9,8.5,17,1,7
31,31,31,31,31.0,62,0,28
6,8,6,8,7.0,14,2,5
1,4,1,4,2.5,5,3,0
5,9,5,9,7.0,14,4,0
7,7,7,7,7.0,14,0,5
4,1,1,4,2.5,5,3,0
16,17,16,17,16.5,33,1,8
29,22,22,29,25.5,51,7,21
5,2,2,5,3.5,7,3,1
49,41,41,49,45.0,90,8,40
5,5,5,5,5.0,10,0,4
6,1,1,6,3.5,7,5,0
6,1,1,6,3.5,7,5,0
1,6,1,6,3.5,7,5,0
4,1,1,4,2.5,5,3,0
5,17,5,17,11.0,22,12,4
8,8,8,8,8.0,16,0,7
38,49,38,49,43.5,87,11,36
22,7,7,22,14.5,29,15,6
20,18,18,20,19.0,38,2,17
6,19,6,19,12.5,25,13,0
1,31,1,31,16.0,32,30,0
10,8,8,10,9.0,18,2,7
5,1,1,5,3.0,6,4,0
4,3,3,4,3.5,7,1,2
14,18,14,18,16.0,32,4,13
9,9,9,9,9.0,18,0,6
1,6,1,6,3.5,7,5,0
8,1,1,8,4.5,9,7,0
1,8,1,8,4.5,9,7,0
8,6,6,8,7.0,14,2,5
8,1,1,8,4.5,9,7,0
1,5,1,5,3.0,6,4,0
5,4,4,5,4.5,9,1,3
5,1,1,5,3.0,6,4,0
9,6,6,9,7.5,15,3,5
4,1,1,4,2.5,5,3,0
9,8,8,9,8.5,17,1,3
24,18,18,24,21.0,42,6,16
1,7,1,7,4.0,8,6,0
5,1,1,5,3.0,6,4,0
25,10,10,25,17.5,35,15,4
4,2,2,4,3.0,6,2,0
2,27,2,27,14.5,29,25,0
1,12,1,12,6.5,13,11,0
5,1,1,5,3.0,6,4,0
18,16,16,18,17.0,34,2,14
1,6,1,6,3.5,7,5,0
6,7,6,7,6.5,13,1,5
1,10,1,10,5.5,11,9,0
1,18,1,18,9.5,19,17,0
1,11,1,11,6.0,12,10,0
7,9,7,9,8.0,16,2,6
4,2,2,4,3.0,6,2,1
1,6,1,6,3.5,7,5,0
6,1,1,6,3.5,7,5,0
5,1,1,5,3.0,6,4,0
16,17,16,17,16.5,33,1,13
1,6,1,6,3.5,7,5,0
7,11,7,11,9.0,18,4,6
7,5,5,7,6.0,12,2,4
14,12,12,14,13.0,26,2,9
1,6,1,6,3.5,7,5,0
6,1,1,6,3.5,7,5,0
19,18,18,19,18.5,37,1,15
1,12,1,12,6.5,13,11,0
1,4,1,4,2.5,5,3,0
1,5,1,5,3.0,6,4,0
13,16,13,16,14.5,29,3,10
1,4,1,4,2.5,5,3,0
4,4,4,4,4.0,8,0,3
4,1,1,4,2.5,5,3,0
4,4,4,4,4.0,8,0,3
24,27,24,27,25.5,51,3,20
9,19,9,19,14.0,28,10,7
5,1,1,5,3.0,6,4,0
4,5,4,5,4.5,9,1,0
3,5,3,5,4.0,8,2,2
1,5,1,5,3.0,6,4,0
9,9,9,9,9.0,18,0,6
5,1,1,5,3.0,6,4,0
9,3,3,9,6.0,12,6,0
2,9,2,9,5.5,11,7,0
5,1,1,5,3.0,6,4,0
6,1,1,6,3.5,7,5,0
5,1,1,5,3.0,6,4,0
1,15,1,15,8.0,16,14,0
6,7,6,7,6.5,13,1,5
4,5,4,5,4.5,9,1,3
1,8,1,8,4.5,9,7,0
8,7,7,8,7.5,15,1,6
29,1,1,29,15.0,30,28,0
5,5,5,5,5.0,10,0,2
6,1,1,6,3.5,7,5,0
1,5,1,5,3.0,6,4,0
5,1,1,5,3.0,6,4,0
45,25,25,45,35.0,70,20,22
1,4,1,4,2.5,5,3,0
19,20,19,20,19.5,39,1,18
5,1,1,5,3.0,6,4,0
6,4,4,6,5.0,10,2,3
8,11,8,11,9.5,19,3,6
26,26,26,26,26.0,52,0,25
11,28,11,28,19.5,39,17,6
2,6,2,6,4.0,8,4,0
11,11,11,11,11.0,22,0,10
17,5,5,17,11.0,22,12,4
11,36,11,36,23.5,47,25,0
6,3,3,6,4.5,9,3,2
1,4,1,4,2.5,5,3,0
11,11,11,11,11.0,22,0,7
4,1,1,4,2.5,5,3,0
4,4,4,4,4.0,8,0,2
4,2,2,4,3.0,6,2,1
1,11,1,11,6.0,12,10,0
5,6,5,6,5.5,11,1,4
4,1,1,4,2.5,5,3,0
13,13,13,13,13.0,26,0,11
2,18,2,18,10.0,20,16,0
1,21,1,21,11.0,22,20,0
11,1,1,11,6.0,12,10,0
1,5,1,5,3.0,6,4,0
11,11,11,11,11.0,22,0,9
7,7,7,7,7.0,14,0,6
4,9,4,9,6.5,13,5,1
5,7,5,7,6.0,12,2,4
10,1,1,10,5.5,11,9,0
21,26,21,26,23.5,47,5,16
5,8,5,8,6.5,13,3,0
4,1,1,4,2.5,5,3,0
7,7,7,7,7.0,14,0,5
1,6,1,6,3.5,7,5,0
4,6,4,6,5.0,10,2,1
47,22,22,47,34.5,69,25,20
2,10,2,10,6.0,12,8,0
7,7,7,7,7.0,14,0,6
20,20,20,20,20.0,40,0,19
1,5,1,5,3.0,6,4,0
1,14,1,14,7.5,15,13,0
18,13,13,18,15.5,31,5,11
4,3,3,4,3.5,7,1,2
4,4,4,4,4.0,8,0,1
5,5,5,5,5.0,10,0,4
3,6,3,6,4.5,9,3,2
6,5,5,6,5.5,11,1,0
14,20,14,20,17.0,34,6,10
5,5,5,5,5.0,10,0,3
8,9,8,9,8.5,17,1,2
13,13,13,13,13.0,26,0,12
4,5,4,5,4.5,9,1,3
6,3,3,6,4.5,9,3,0
19,23,19,23,21.0,42,4,17
5,1,1,5,3.0,6,4,0
13,12,12,13,12.5,25,1,11
1,5,1,5,3.0,6,4,0
6,1,1,6,3.5,7,5,0
4,1,1,4,2.5,5,3,0
6,7,6,7,6.5,13,1,5
2,4,2,4,3.0,6,2,0
5,1,1,5,3.0,6,4,0
7,1,1,7,4.0,8,6,0
8,9,8,9,8.5,17,1,3
11,1,1,11,6.0,12,10,0
27,29,27,29,28.0,56,2,25
4,1,1,4,2.5,5,3,0
13,10,10,13,11.5,23,3,9
2,20,2,20,11.0,22,18,0
6,1,1,6,3.5,7,5,0
4,1,1,4,2.5,5,3,0
2,4,2,4,3.0,6,2,1
1,13,1,13,7.0,14,12,0
4,1,1,4,2.5,5,3,0
2,56,2,56,29.0,58,54,0
4,2,2,4,3.0,6,2,0
2,4,2,4,3.0,6,2,1
5,2,2,5,3.5,7,3,1
1,4,1,4,2.5,5,3,0
11,13,11,13,12.0,24,2,10
5,1,1,5,3.0,6,4,0
14,5,5,14,9.5,19,9,1
15,12,12,15,13.5,27,3,11
9,9,9,9,9.0,18,0,8
29,33,29,33,31.0,62,4,20
22,10,10,22,16.0,32,12,9
2,4,2,4,3.0,6,2,1
4,1,1,4,2.5,5,3,0
1,5,1,5,3.0,6,4,0
3,8,3,8,5.5,11,5,2
5,4,4,5,4.5,9,1,3
11,16,11,16,13.5,27,5,10
6,1,1,6,3.5,7,5,0
24,26,24,26,25.0,50,2,22
11,11,11,11,11.0,22,0,10
5,1,1,5,3.0,6,4,0
16,16,16,16,16.0,32,0,15
5,17,5,17,11.0,22,12,1
17,24,17,24,20.5,41,7,16
1,9,1,9,5.0,10,8,0
8,11,8,11,9.5,19,3,4
1,4,1,4,2.5,5,3,0
23,46,23,46,34.5,69,23,18
16,2,2,16,9.0,18,14,0
6,11,6,11,8.5,17,5,4
11,12,11,12,11.5,23,1,9
4,13,4,13,8.5,17,9,0
1,5,1,5,3.0,6,4,0
4,1,1,4,2.5,5,3,0
20,26,20,26,23.0,46,6,11
11,2,2,11,6.5,13,9,1
8,1,1,8,4.5,9,7,0
5,1,1,5,3.0,6,4,0
4,3,3,4,3.5,7,1,2
5,5,5,5,5.0,10,0,4
41,28,28,41,34.5,69,13,22
7,1,1,7,4.0,8,6,0
20,19,19,20,19.5,39,1,17
1,19,1,19,10.0,20,18,0
6,4,4,6,5.0,10,2,3
4,1,1,4,2.5,5,3,0
15,10,10,15,12.5,25,5,7
5,1,1,5,3.0,6,4,0
4,9,4,9,6.5,13,5,3
20,29,20,29,24.5,49,9,18
10,11,10,11,10.5,21,1,5
3,7,3,7,5.0,10,4,1
10,7,7,10,8.5,17,3,4
13,17,13,17,15.0,30,4,12
23,1,1,23,12.0,24,22,0
20,19,19,20,19.5,39,1,17
9,17,9,17,13.0,26,8,7
2,6,2,6,4.0,8,4,1
12,8,8,12,10.0,20,4,5
4,2,2,4,3.0,6,2,1
9,9,9,9,9.0,18,0,7
7,4,4,7,5.5,11,3,2
1,6,1,6,3.5,7,5,0
5,16,5,16,10.5,21,11,4
4,2,2,4,3.0,6,2,0
2,12,2,12,7.0,14,10,0
27,27,27,27,27.0,54,0,26
6,2,2,6,4.0,8,4,1
4,1,1,4,2.5,5,3,0
4,1,1,4,2.5,5,3,0
7,4,4,7,5.5,11,3,3
6,10,6,10,8.0,16,4,5
13,16,13,16,14.5,29,3,9
6,6,6,6,6.0,12,0,5
2,5,2,5,3.5,7,3,1
1,30,1,30,15.5,31,29,0
4,5,4,5,4.5,9,1,2
5,6,5,6,5.5,11,1,3
19,9,9,19,14.0,28,10,7
5,2,2,5,3.5,7,3,1
31,28,28,31,29.5,59,3,25
4,5,4,5,4.5,9,1,3
14,8,8,14,11.0,22,6,7
19,20,19,20,19.5,39,1,18
5,10,5,10,7.5,15,5,4
4,1,1,4,2.5,5,3,0
11,1,1,11,6.0,12,10,0
16,17,16,17,16.5,33,1,14
6,7,6,7,6.5,13,1,5
40,44,40,44,42.0,84,4,38
7,5,5,7,6.0,12,2,4
1,8,1,8,4.5,9,7,0
4,1,1,4,2.5,5,3,0
7,1,1,7,4.0,8,6,0
20,20,20,20,20.0,40,0,19
1,25,1,25,13.0,26,24,0
1,4,1,4,2.5,5,3,0
8,6,6,8,7.0,14,2,5
1,4,1,4,2.5,5,3,0
1,4,1,4,2.5,5,3,0
5,1,1,5,3.0,6,4,0
5,1,1,5,3.0,6,4,0
2,55,2,55,28.5,57,53,0
1,15,1,15,8.0,16,14,0
4,2,2,4,3.0,6,2,0
4,4,4,4,4.0,8,0,3
2,4,2,4,3.0,6,2,0
1,4,1,4,2.5,5,3,0
10,6,6,10,8.0,16,4,3
9,9,9,9,9.0,18,0,7
1,17,1,17,9.0,18,16,0
1,9,1,9,5.0,10,8,0
14,12,12,14,13.0,26,2,11
1,7,1,7,4.0,8,6,0
4,5,4,5,4.5,9,1,2
4,1,1,4,2.5,5,3,0
9,2,2,9,5.5,11,7,1
1,4,1,4,2.5,5,3,0
5,5,5,5,5.0,10,0,3
5,6,5,6,5.5,11,1,4
1,5,1,5,3.0,6,4,0
5,1,1,5,3.0,6,4,0
16,16,16,16,16.0,32,0,9
14,12,12,14,13.0,26,2,11
6,6,6,6,6.0,12,0,5
6,1,1,6,3.5,7,5,0
18,7,7,18,12.5,25,11,4
5,1,1,5,3.0,6,4,0
5,1,1,5,3.0,6,4,0
17,17,17,17,17.0,34,0,14
6,4,4,6,5.0,10,2,3
34,23,23,34,28.5,57,11,21
11,21,11,21,16.0,32,10,10
1,4,1,4,2.5,5,3,0
5,2,2,5,3.5,7,3,1
11,13,11,13,12.0,24,2,8
23,8,8,23,15.5,31,15,6
5,3,3,5,4.0,8,2,2
6,1,1,6,3.5,7,5,0
4,1,1,4,2.5,5,3,0
3,12,3,12,7.5,15,9,2
7,6,6,7,6.5,13,1,5
7,8,7,8,7.5,15,1,6
5,5,5,5,5.0,10,0,4
4,1,1,4,2.5,5,3,0
15,14,14,15,14.5,29,1,11
1,7,1,7,4.0,8,6,0
1,6,1,6,3.5,7,5,0
6,1,1,6,3.5,7,5,0
11,11,11,11,11.0,22,0,10
4,1,1,4,2.5,5,3,0
4,1,1,4,2.5,5,3,0
11,1,1,11,6.0,12,10,0
10,5,5,10,7.5,15,5,0
8,7,7,8,7.5,15,1,6
14,10,10,14,12.0,24,4,9
17,22,17,22,19.5,39,5,7
34,41,34,41,37.5,75,7,25
4,4,4,4,4.0,8,0,3
8,1,1,8,4.5,9,7,0
13,15,13,15,14.0,28,2,10
22,20,20,22,21.0,42,2,18
13,12,12,13,12.5,25,1,11
6,2,2,6,4.0,8,4,1
23,20,20,23,21.5,43,3,18
6,2,2,6,4.0,8,4,1
4,1,1,4,2.5,5,3,0
11,8,8,11,9.5,19,3,6
19,23,19,23,21.0,42,4,17
6,5,5,6,5.5,11,1,4
7,5,5,7,6.0,12,2,4
19,20,19,20,19.5,39,1,16
1,10,1,10,5.5,11,9,0
21,3,3,21,12.0,24,18,2
1,4,1,4,2.5,5,3,0
6,1,1,6,3.5,7,5,0
4,1,1,4,2.5,5,3,0
1,4,1,4,2.5,5,3,0
25,26,25,26,25.5,51,1,24
3,15,3,15,9.0,18,12,1
5,1,1,5,3.0,6,4,0
5,6,5,6,5.5,11,1,4
1,4,1,4,2.5,5,3,0
9,1,1,9,5.0,10,8,0
6,1,1,6,3.5,7,5,0
7,1,1,7,4.0,8,6,0
15,5,5,15,10.0,20,10,4
1,21,1,21,11.0,22,20,0
3,8,3,8,5.5,11,5,1
1,4,1,4,2.5,5,3,0
19,22,19,22,20.5,41,3,9
46,44,44,46,45.0,90,2,32
10,7,7,10,8.5,17,3,6
8,7,7,8,7.5,15,1,6
1,4,1,4,2.5,5,3,0
18,21,18,21,19.5,39,3,17
1,18,1,18,9.5,19,17,0
1,4,1,4,2.5,5,3,0
1,8,1,8,4.5,9,7,0
9,10,9,10,9.5,19,1,8
11,30,11,30,20.5,41,19,10
1,4,1,4,2.5,5,3,0
28,25,25,28,26.5,53,3,17
5,4,4,5,4.5,9,1,2
4,9,4,9,6.5,13,5,3
33,39,33,39,36.0,72,6,19
11,3,3,11,7.0,14,8,2
6,1,1,6,3.5,7,5,0
4,1,1,4,2.5,5,3,0
1,4,1,4,2.5,5,3,0
6,4,4,6,5.0,10,2,3
8,29,8,29,18.5,37,21,5
1,5,1,5,3.0,6,4,0
1,4,1,4,2.5,5,3,0
4,5,4,5,4.5,9,1,3
2,5,2,5,3.5,7,3,0
21,32,21,32,26.5,53,11,18
6,6,6,6,6.0,12,0,4
16,14,14,16,15.0,30,2,12
5,6,5,6,5.5,11,1,4
1,10,1,10,5.5,11,9,0
4,1,1,4,2.5,5,3,0
16,17,16,17,16.5,33,1,13
32,29,29,32,30.5,61,3,19
2,5,2,5,3.5,7,3,0
2,5,2,5,3.5,7,3,1
4,1,1,4,2.5,5,3,0
4,9,4,9,6.5,13,5,1
5,1,1,5,3.0,6,4,0
3,6,3,6,4.5,9,3,1
4,5,4,5,4.5,9,1,2
11,8,8,11,9.5,19,3,6
12,24,12,24,18.0,36,12,10
13,12,12,13,12.5,25,1,11
13,13,13,13,13.0,26,0,12
19,17,17,19,18.0,36,2,15
4,1,1,4,2.5,5,3,0
15,1,1,15,8.0,16,14,0
13,16,13,16,14.5,29,3,9
25,20,20,25,22.5,45,5,15
25,20,20,25,22.5,45,5,18
4,7,4,7,5.5,11,3,2
5,1,1,5,3.0,6,4,0
5,6,5,6,5.5,11,1,4
4,1,1,4,2.5,5,3,0
6,15,6,15,10.5,21,9,4
4,1,1,4,2.5,5,3,0
1,6,1,6,3.5,7,5,0
5,12,5,12,8.5,17,7,2
35,26,26,35,30.5,61,9,23
3,11,3,11,7.0,14,8,2
4,6,4,6,5.0,10,2,3
12,18,12,18,15.0,30,6,11
1,5,1,5,3.0,6,4,0
24,24,24,24,24.0,48,0,20
8,13,8,13,10.5,21,5,7
40,45,40,45,42.5,85,5,31
1,19,1,19,10.0,20,18,0
5,1,1,5,3.0,6,4,0
4,5,4,5,4.5,9,1,3
4,1,1,4,2.5,5,3,0
19,20,19,20,19.5,39,1,17
1,7,1,7,4.0,8,6,0
14,11,11,14,12.5,25,3,10
7,7,7,7,7.0,14,0,6
11,7,7,11,9.0,18,4,6
9,9,9,9,9.0,18,0,8
11,9,9,11,10.0,20,2,8
5,1,1,5,3.0,6,4,0
8,2,2,8,5.0,10,6,1
4,6,4,6,5.0,10,2,1
31,23,23,31,27.0,54,8,22
13,11,11,13,12.0,24,2,9
16,8,8,16,12.0,24,8,2
4,5,4,5,4.5,9,1,0
5,1,1,5,3.0,6,4,0
12,1,1,12,6.5,13,11,0
3,5,3,5,4.0,8,2,1
4,5,4,5,4.5,9,1,0
24,24,24,24,24.0,48,0,20
4,1,1,4,2.5,5,3,0
6,1,1,6,3.5,7,5,0
4,1,1,4,2.5,5,3,0
1,4,1,4,2.5,5,3,0
17,10,10,17,13.5,27,7,9
10,1,1,10,5.5,11,9,0
5,1,1,5,3.0,6,4,0
1,5,1,5,3.0,6,4,0
12,19,12,19,15.5,31,7,6
15,11,11,15,13.0,26,4,6
4,146,4,146,75.0,150,142,0
1,6,1,6,3.5,7,5,0
1,6,1,6,3.5,7,5,0
34,30,30,34,32.0,64,4,21
15,24,15,24,19.5,39,9,11
2,16,2,16,9.0,18,14,0
5,1,1,5,3.0,6,4,0
10,1,1,10,5.5,11,9,0
7,7,7,7,7.0,14,0,6
12,7,7,12,9.5,19,5,6
15,15,15,15,15.0,30,0,13
10,9,9,10,9.5,19,1,7
4,10,4,10,7.0,14,6,2
17,9,9,17,13.0,26,8,0
20,55,20,55,37.5,75,35,11
1,5,1,5,3.0,6,4,0
9,2,2,9,5.5,11,7,1
5,1,1,5,3.0,6,4,0
12,10,10,12,11.0,22,2,9
1,14,1,14,7.5,15,13,0
20,18,18,20,19.0,38,2,17
5,7,5,7,6.0,12,2,3
1,7,1,7,4.0,8,6,0
8,8,8,8,8.0,16,0,7
30,15,15,30,22.5,45,15,12
4,4,4,4,4.0,8,0,3
14,12,12,14,13.0,26,2,11
1,105,1,105,53.0,106,104,0
5,1,1,5,3.0,6,4,0
6,6,6,6,6.0,12,0,5
4,1,1,4,2.5,5,3,0
7,7,7,7,7.0,14,0,6
1,4,1,4,2.5,5,3,0
3,16,3,16,9.5,19,13,1
4,5,4,5,4.5,9,1,2
2,4,2,4,3.0,6,2,0
5,5,5,5,5.0,10,0,4
20,22,20,22,21.0,42,2,18
16,17,16,17,16.5,33,1,14
6,1,1,6,3.5,7,5,0
1,4,1,4,2.5,5,3,0
20,20,20,20,20.0,40,0,16
9,9,9,9,9.0,18,0,8
12,10,10,12,11.0,22,2,8
10,10,10,10,10.0,20,0,8
6,6,6,6,6.0,12,0,4
4,1,1,4,2.5,5,3,0
38,17,17,38,27.5,55,21,16
4,3,3,4,3.5,7,1,0
6,2,2,6,4.0,8,4,0
1,4,1,4,2.5,5,3,0
1,15,1,15,8.0,16,14,0
3,16,3,16,9.5,19,13,0
1,4,1,4,2.5,5,3,0
9,5,5,9,7.0,14,4,4
35,34,34,35,34.5,69,1,19
5,4,4,5,4.5,9,1,3
5,1,1,5,3.0,6,4,0
1,6,1,6,3.5,7,5,0
1,4,1,4,2.5,5,3,0
5,1,1,5,3.0,6,4,0
6,7,6,7,6.5,13,1,4
6,5,5,6,5.5,11,1,4
5,2,2,5,3.5,7,3,1
5,5,5,5,5.0,10,0,4
39,41,39,41,40.0,80,2,38
1,11,1,11,6.0,12,10,0
13,25,13,25,19.0,38,12,8
22,19,19,22,20.5,41,3,17
10,11,10,11,10.5,21,1,8
31,28,28,31,29.5,59,3,26
12,8,8,12,10.0,20,4,7
21,22,21,22,21.5,43,1,16
8,15,8,15,11.5,23,7,6
25,9,9,25,17.0,34,16,7
5,7,5,7,6.0,12,2,4
11,11,11,11,11.0,22,0,9
28,31,28,31,29.5,59,3,20
6,1,1,6,3.5,7,5,0
19,18,18,19,18.5,37,1,17
1,4,1,4,2.5,5,3,0
4,1,1,4,2.5,5,3,0
5,1,1,5,3.0,6,4,0
4,1,1,4,2.5,5,3,0
2,6,2,6,4.0,8,4,1
1,4,1,4,2.5,5,3,0
3,43,3,43,23.0,46,40,1
23,5,5,23,14.0,28,18,0
5,1,1,5,3.0,6,4,0
1,4,1,4,2.5,5,3,0
6,5,5,6,5.5,11,1,4
25,20,20,25,22.5,45,5,19
1,4,1,4,2.5,5,3,0
2,5,2,5,3.5,7,3,0
4,7,4,7,5.5,11,3,3
26,26,26,26,26.0,52,0,24
6,5,5,6,5.5,11,1,4
21,23,21,23,22.0,44,2,14
1,4,1,4,2.5,5,3,0
1,105,1,105,53.0,106,104,0
8,1,1,8,4.5,9,7,0
10,1,1,10,5.5,11,9,0
19,16,16,19,17.5,35,3,14
12,11,11,12,11.5,23,1,10
7,12,7,12,9.5,19,5,5
5,1,1,5,3.0,6,4,0
11,20,11,20,15.5,31,9,8
4,8,4,8,6.0,12,4,3
4,1,1,4,2.5,5,3,0
24,22,22,24,23.0,46,2,21
2,5,2,5,3.5,7,3,1
8,7,7,8,7.5,15,1,5
10,11,10,11,10.5,21,1,9
1,11,1,11,6.0,12,10,0
2,12,2,12,7.0,14,10,1
17,22,17,22,19.5,39,5,14
6,6,6,6,6.0,12,0,5
4,6,4,6,5.0,10,2,1
1,10,1,10,5.5,11,9,0
1,5,1,5,3.0,6,4,0
2,6,2,6,4.0,8,4,1
8,1,1,8,4.5,9,7,0
6,13,6,13,9.5,19,7,4
7,9,7,9,8.0,16,2,5
8,18,8,18,13.0,26,10,0
10,4,4,10,7.0,14,6,2
32,32,32,32,32.0,64,0,30
1,5,1,5,3.0,6,4,0
5,2,2,5,3.5,7,3,0
4,1,1,4,2.5,5,3,0
10,8,8,10,9.0,18,2,7
8,21,8,21,14.5,29,13,4
5,6,5,6,5.5,11,1,4
1,4,1,4,2.5,5,3,0
1,5,1,5,3.0,6,4,0
1,6,1,6,3.5,7,5,0
4,6,4,6,5.0,10,2,2
15,16,15,16,15.5,31,1,11
6,1,1,6,3.5,7,5,0
5,1,1,5,3.0,6,4,0
2,5,2,5,3.5,7,3,1
5,1,1,5,3.0,6,4,0
19,22,19,22,20.5,41,3,12
21,13,13,21,17.0,34,8,11
11,11,11,11,11.0,22,0,10
2,5,2,5,3.5,7,3,1
17,13,13,17,15.0,30,4,12
8,6,6,8,7.0,14,2,4
5,1,1,5,3.0,6,4,0
6,6,6,6,6.0,12,0,5
4,1,1,4,2.5,5,3,0
5,10,5,10,7.5,15,5,4
21,16,16,21,18.5,37,5,7
4,5,4,5,4.5,9,1,3
23,15,15,23,19.0,38,8,8
1,35,1,35,18.0,36,34,0
5,6,5,6,5.5,11,1,0
4,1,1,4,2.5,5,3,0
10,2,2,10,6.0,12,8,0
1,31,1,31,16.0,32,30,0
4,1,1,4,2.5,5,3,0
9,5,5,9,7.0,14,4,1
15,15,15,15,15.0,30,0,14
6,10,6,10,8.0,16,4,3
5,2,2,5,3.5,7,3,1
1,10,1,10,5.5,11,9,0
51,40,40,51,45.5,91,11,19
5,5,5,5,5.0,10,0,4
37,23,23,37,30.0,60,14,13
15,24,15,24,19.5,39,9,13
7,1,1,7,4.0,8,6,0
23,20,20,23,21.5,43,3,19
1,11,1,11,6.0,12,10,0
1,11,1,11,6.0,12,10,0
6,9,6,9,7.5,15,3,5
22,22,22,22,22.0,44,0,20
4,1,1,4,2.5,5,3,0
2,6,2,6,4.0,8,4,1
23,19,19,23,21.0,42,4,16
4,4,4,4,4.0,8,0,3
27,23,23,27,25.0,50,4,18
15,15,15,15,15.0,30,0,11
11,7,7,11,9.0,18,4,5
19,1,1,19,10.0,20,18,0
4,1,1,4,2.5,5,3,0
5,3,3,5,4.0,8,2,2
11,8,8,11,9.5,19,3,5
1,4,1,4,2.5,5,3,0
6,4,4,6,5.0,10,2,2
1,4,1,4,2.5,5,3,0
12,13,12,13,12.5,25,1,11
5,2,2,5,3.5,7,3,0
1,6,1,6,3.5,7,5,0
17,15,15,17,16.0,32,2,5
5,1,1,5,3.0,6,4,0
5,1,1,5,3.0,6,4,0
4,5,4,5,4.5,9,1,3
5,6,5,6,5.5,11,1,4
1,6,1,6,3.5,7,5,0
8,7,7,8,7.5,15,1,0
43,44,43,44,43.5,87,1,41
5,4,4,5,4.5,9,1,3
1,11,1,11,6.0,12,10,0
6,16,6,16,11.0,22,10,0
38,36,36,38,37.0,74,2,30
5,1,1,5,3.0,6,4,0
13,16,13,16,14.5,29,3,11
7,7,7,7,7.0,14,0,6
2,5,2,5,3.5,7,3,1
1,16,1,16,8.5,17,15,0
3,6,3,6,4.5,9,3,2
10,14,10,14,12.0,24,4,9
9,9,9,9,9.0,18,0,8
6,6,6,6,6.0,12,0,4
5,7,5,7,6.0,12,2,4
2,4,2,4,3.0,6,2,1
11,9,9,11,10.0,20,2,8
4,6,4,6,5.0,10,2,2
15,13,13,15,14.0,28,2,10
11,6,6,11,8.5,17,5,3
2,5,2,5,3.5,7,3,1
14,4,4,14,9.0,18,10,3
29,30,29,30,29.5,59,1,20
2,5,2,5,3.5,7,3,1
7,6,6,7,6.5,13,1,5
11,17,11,17,14.0,28,6,6
7,12,7,12,9.5,19,5,5
50,42,42,50,46.0,92,8,25
5,2,2,5,3.5,7,3,0
5,6,5,6,5.5,11,1,4
19,19,19,19,19.0,38,0,17
15,15,15,15,15.0,30,0,3
5,1,1,5,3.0,6,4,0
4,1,1,4,2.5,5,3,0
33,36,33,36,34.5,69,3,32
5,1,1,5,3.0,6,4,0
5,1,1,5,3.0,6,4,0
6,4,4,6,5.0,10,2,3
5,6,5,6,5.5,11,1,4
24,13,13,24,18.5,37,11,7
4,1,1,4,2.5,5,3,0
7,7,7,7,7.0,14,0,6
2,7,2,7,4.5,9,5,1
21,20,20,21,20.5,41,1,19
1,6,1,6,3.5,7,5,0
8,4,4,8,6.0,12,4,0
8,5,5,8,6.5,13,3,4
4,4,4,4,4.0,8,0,3
2,5,2,5,3.5,7,3,0
7,1,1,7,4.0,8,6,0
13,18,13,18,15.5,31,5,9
5,1,1,5,3.0,6,4,0
9,11,9,11,10.0,20,2,6
7,11,7,11,9.0,18,4,5
8,2,2,8,5.0,10,6,1
1,4,1,4,2.5,5,3,0
2,4,2,4,3.0,6,2,1
8,5,5,8,6.5,13,3,1
4,4,4,4,4.0,8,0,0
7,1,1,7,4.0,8,6,0
5,2,2,5,3.5,7,3,1
7,10,7,10,8.5,17,3,6
31,33,31,33,32.0,64,2,30
1,18,1,18,9.5,19,17,0
1,6,1,6,3.5,7,5,0
5,5,5,5,5.0,10,0,4
5,4,4,5,4.5,9,1,2
5,9,5,9,7.0,14,4,1
2,4,2,4,3.0,6,2,1
15,7,7,15,11.0,22,8,5
5,6,5,6,5.5,11,1,3
6,4,4,6,5.0,10,2,3
6,1,1,6,3.5,7,5,0
11,2,2,11,6.5,13,9,1
3,11,3,11,7.0,14,8,2
20,16,16,20,18.0,36,4,12
32,31,31,32,31.5,63,1,20
4,1,1,4,2.5,5,3,0
20,21,20,21,20.5,41,1,19
12,10,10,12,11.0,22,2,9
24,22,22,24,23.0,46,2,21
10,7,7,10,8.5,17,3,6
19,31,19,31,25.0,50,12,14
6,13,6,13,9.5,19,7,2
15,28,15,28,21.5,43,13,14
1,4,1,4,2.5,5,3,0
1,4,1,4,2.5,5,3,0
1,4,1,4,2.5,5,3,0
4,1,1,4,2.5,5,3,0
6,1,1,6,3.5,7,5,0
14,15,14,15,14.5,29,1,9
5,1,1,5,3.0,6,4,0
12,7,7,12,9.5,19,5,3
39,27,27,39,33.0,66,12,21
4,4,4,4,4.0,8,0,3
18,14,14,18,16.0,32,4,10
1,5,1,5,3.0,6,4,0
20,3,3,20,11.5,23,17,2
16,1,1,16,8.5,17,15,0
11,1,1,11,6.0,12,10,0
27,27,27,27,27.0,54,0,26
14,21,14,21,17.5,35,7,7
5,1,1,5,3.0,6,4,0
6,7,6,7,6.5,13,1,1
9,1,1,9,5.0,10,8,0
2,5,2,5,3.5,7,3,1
6,6,6,6,6.0,12,0,5
6,5,5,6,5.5,11,1,2
4,1,1,4,2.5,5,3,0
1,4,1,4,2.5,5,3,0
5,4,4,5,4.5,9,1,0
1,14,1,14,7.5,15,13,0
6,6,6,6,6.0,12,0,5
7,1,1,7,4.0,8,6,0
9,8,8,9,8.5,17,1,7
10,14,10,14,12.0,24,4,9
1,9,1,9,5.0,10,8,0
7,4,4,7,5.5,11,3,0
4,5,4,5,4.5,9,1,2
30,2,2,30,16.0,32,28,0
1,5,1,5,3.0,6,4,0
5,5,5,5,5.0,10,0,4
6,1,1,6,3.5,7,5,0
9,6,6,9,7.5,15,3,1
3,5,3,5,4.0,8,2,2
5,8,5,8,6.5,13,3,4
17,3,3,17,10.0,20,14,1
6,7,6,7,6.5,13,1,3
15,2,2,15,8.5,17,13,1
1,7,1,7,4.0,8,6,0
6,11,6,11,8.5,17,5,5
6,4,4,6,5.0,10,2,3
12,12,12,12,12.0,24,0,10
29,21,21,29,25.0,50,8,17
6,5,5,6,5.5,11,1,4
1,4,1,4,2.5,5,3,0
17,9,9,17,13.0,26,8,5
1,7,1,7,4.0,8,6,0
5,2,2,5,3.5,7,3,1
4,5,4,5,4.5,9,1,2
38,49,38,49,43.5,87,11,19
20,28,20,28,24.0,48,8,19
20,1,1,20,10.5,21,19,0
4,1,1,4,2.5,5,3,0
1,6,1,6,3.5,7,5,0
1,4,1,4,2.5,5,3,0
1,4,1,4,2.5,5,3,0
7,5,5,7,6.0,12,2,4
1,39,1,39,20.0,40,38,0
10,9,9,10,9.5,19,1,3
1,146,1,146,73.5,147,145,0
2,19,2,19,10.5,21,17,0
1,19,1,19,10.0,20,18,0
6,1,1,6,3.5,7,5,0
8,8,8,8,8.0,16,0,7
13,12,12,13,12.5,25,1,8
10,1,1,10,5.5,11,9,0
1,4,1,4,2.5,5,3,0
36,33,33,36,34.5,69,3,29
5,3,3,5,4.0,8,2,2
1,5,1,5,3.0,6,4,0
10,5,5,10,7.5,15,5,0
10,1,1,10,5.5,11,9,0
7,1,1,7,4.0,8,6,0
9,9,9,9,9.0,18,0,8
2,4,2,4,3.0,6,2,1
1,14,1,14,7.5,15,13,0
5,1,1,5,3.0,6,4,0
4,1,1,4,2.5,5,3,0
15,12,12,15,13.5,27,3,11
24,21,21,24,22.5,45,3,20
21,12,12,21,16.5,33,9,11
9,18,9,18,13.5,27,9,6
5,1,1,5,3.0,6,4,0
1,6,1,6,3.5,7,5,0
7,1,1,7,4.0,8,6,0
1,6,1,6,3.5,7,5,0
1,6,1,6,3.5,7,5,0
18,55,18,55,36.5,73,37,16
9,1,1,9,5.0,10,8,0
8,1,1,8,4.5,9,7,0
1,31,1,31,16.0,32,30,0
49,39,39,49,44.0,88,10,34
40,17,17,40,28.5,57,23,16
11,5,5,11,8.0,16,6,4
4,1,1,4,2.5,5,3,0
6,4,4,6,5.0,10,2,3
4,1,1,4,2.5,5,3,0
38,26,26,38,32.0,64,12,20
16,14,14,16,15.0,30,2,13
1,6,1,6,3.5,7,5,0
5,2,2,5,3.5,7,3,1
4,1,1,4,2.5,5,3,0
9,9,9,9,9.0,18,0,8
24,28,24,28,26.0,52,4,23
8,8,8,8,8.0,16,0,7
9,17,9,17,13.0,26,8,5
10,7,7,10,8.5,17,3,6
15,9,9,15,12.0,24,6,8
4,19,4,19,11.5,23,15,0
40,28,28,40,34.0,68,12,26
1,5,1,5,3.0,6,4,0
5,2,2,5,3.5,7,3,1
11,10,10,11,10.5,21,1,9
8,1,1,8,4.5,9,7,0
6,1,1,6,3.5,7,5,0
1,5,1,5,3.0,6,4,0
20,19,19,20,19.5,39,1,15
19,19,19,19,19.0,38,0,15
8,26,8,26,17.0,34,18,3
21,17,17,21,19.0,38,4,14
20,21,20,21,20.5,41,1,17
2,4,2,4,3.0,6,2,1
32,31,31,32,31.5,63,1,29
5,1,1,5,3.0,6,4,0
12,5,5,12,8.5,17,7,4
6,1,1,6,3.5,7,5,0
4,1,1,4,2.5,5,3,0
19,19,19,19,19.0,38,0,16
4,7,4,7,5.5,11,3,2
5,1,1,5,3.0,6,4,0
30,10,10,30,20.0,40,20,0
5,1,1,5,3.0,6,4,0
4,4,4,4,4.0,8,0,1
1,5,1,5,3.0,6,4,0
5,1,1,5,3.0,6,4,0
1,5,1,5,3.0,6,4,0
1,5,1,5,3.0,6,4,0
27,16,16,27,21.5,43,11,14
26,39,26,39,32.5,65,13,19
4,5,4,5,4.5,9,1,3
39,41,39,41,40.0,80,2,38
42,20,20,42,31.0,62,22,7
26,23,23,26,24.5,49,3,22
1,4,1,4,2.5,5,3,0
7,15,7,15,11.0,22,8,4
2,4,2,4,3.0,6,2,0
1,4,1,4,2.5,5,3,0
1,6,1,6,3.5,7,5,0
19,19,19,19,19.0,38,0,13
6,1,1,6,3.5,7,5,0
1,4,1,4,2.5,5,3,0
13,13,13,13,13.0,26,0,12
8,7,7,8,7.5,15,1,5
19,15,15,19,17.0,34,4,13
10,9,9,10,9.5,19,1,7
1,5,1,5,3.0,6,4,0
5,5,5,5,5.0,10,0,3
4,4,4,4,4.0,8,0,3
7,2,2,7,4.5,9,5,1
6,11,6,11,8.5,17,5,3
2,5,2,5,3.5,7,3,1
1,5,1,5,3.0,6,4,0
5,6,5,6,5.5,11,1,4
3,4,3,4,3.5,7,1,0
46,88,46,88,67.0,134,42,30
11,6,6,11,8.5,17,5,3
1,10,1,10,5.5,11,9,0
13,13,13,13,13.0,26,0,11
19,17,17,19,18.0,36,2,15
4,1,1,4,2.5,5,3,0
6,5,5,6,5.5,11,1,4
46,88,46,88,67.0,134,42,30
1,5,1,5,3.0,6,4,0
22,13,13,22,17.5,35,9,10
15,12,12,15,13.5,27,3,11
4,1,1,4,2.5,5,3,0
4,1,1,4,2.5,5,3,0
6,7,6,7,6.5,13,1,4
9,10,9,10,9.5,19,1,7
4,2,2,4,3.0,6,2,1
5,4,4,5,4.5,9,1,3
13,12,12,13,12.5,25,1,11
11,12,11,12,11.5,23,1,8
1,5,1,5,3.0,6,4,0
5,11,5,11,8.0,16,6,4
4,9,4,9,6.5,13,5,3
5,5,5,5,5.0,10,0,4
14,14,14,14,14.0,28,0,13
10,12,10,12,11.0,22,2,9
27,25,25,27,26.0,52,2,24
6,9,6,9,7.5,15,3,4
1,7,1,7,4.0,8,6,0
4,1,1,4,2.5,5,3,0
7,2,2,7,4.5,9,5,0
8,9,8,9,8.5,17,1,6
4,1,1,4,2.5,5,3,0
38,38,38,38,38.0,76,0,37
19,29,19,29,24.0,48,10,9
6,6,6,6,6.0,12,0,4
4,5,4,5,4.5,9,1,1
5,6,5,6,5.5,11,1,4
33,27,27,33,30.0,60,6,20
5,1,1,5,3.0,6,4,0
5,1,1,5,3.0,6,4,0
17,24,17,24,20.5,41,7,16
10,4,4,10,7.0,14,6,3
8,1,1,8,4.5,9,7,0
1,5,1,5,3.0,6,4,0
4,9,4,9,6.5,13,5,0
31,33,31,33,32.0,64,2,30
4,5,4,5,4.5,9,1,2
1,4,1,4,2.5,5,3,0
15,15,15,15,15.0,30,0,4
4,7,4,7,5.5,11,3,2
7,7,7,7,7.0,14,0,6
11,10,10,11,10.5,21,1,7
5,1,1,5,3.0,6,4,0
5,4,4,5,4.5,9,1,2
1,5,1,5,3.0,6,4,0
16,15,15,16,15.5,31,1,11
12,15,12,15,13.5,27,3,9
4,2,2,4,3.0,6,2,1
22,15,15,22,18.5,37,7,9
8,11,8,11,9.5,19,3,6
32,33,32,33,32.5,65,1,30
3,13,3,13,8.0,16,10,2
4,2,2,4,3.0,6,2,0
1,7,1,7,4.0,8,6,0
18,25,18,25,21.5,43,7,17
4,1,1,4,2.5,5,3,0
6,4,4,6,5.0,10,2,3
1,6,1,6,3.5,7,5,0
3,4,3,4,3.5,7,1,2
8,11,8,11,9.5,19,3,6
1,4,1,4,2.5,5,3,0
5,2,2,5,3.5,7,3,1
1,9,1,9,5.0,10,8,0
8,11,8,11,9.5,19,3,6
14,13,13,14,13.5,27,1,3
12,12,12,12,12.0,24,0,11
7,4,4,7,5.5,11,3,3
14,16,14,16,15.0,30,2,6
5,7,5,7,6.0,12,2,4
1,4,1,4,2.5,5,3,0
36,48,36,48,42.0,84,12,34
29,28,28,29,28.5,57,1,19
9,1,1,9,5.0,10,8,0
1,7,1,7,4.0,8,6,0
1,4,1,4,2.5,5,3,0
5,1,1,5,3.0,6,4,0
16,15,15,16,15.5,31,1,14
9,10,9,10,9.5,19,1,5
18,14,14,18,16.0,32,4,0
10,10,10,10,10.0,20,0,9
11,1,1,11,6.0,12,10,0
27,27,27,27,27.0,54,0,25
27,27,27,27,27.0,54,0,26
25,22,22,25,23.5,47,3,20
7,4,4,7,5.5,11,3,3
13,32,13,32,22.5,45,19,11
7,13,7,13,10.0,20,6,2
15,14,14,15,14.5,29,1,13
1,4,1,4,2.5,5,3,0
4,1,1,4,2.5,5,3,0
2,4,2,4,3.0,6,2,1
4,5,4,5,4.5,9,1,3
5,1,1,5,3.0,6,4,0
5,1,1,5,3.0,6,4,0
13,8,8,13,10.5,21,5,1
8,15,8,15,11.5,23,7,6
19,20,19,20,19.5,39,1,18
5,5,5,5,5.0,10,0,3
5,2,2,5,3.5,7,3,0
7,7,7,7,7.0,14,0,6
1,5,1,5,3.0,6,4,0
17,19,17,19,18.0,36,2,15
3,4,3,4,3.5,7,1,2
5,5,5,5,5.0,10,0,4
6,1,1,6,3.5,7,5,0
5,1,1,5,3.0,6,4,0
17,18,17,18,17.5,35,1,15
1,23,1,23,12.0,24,22,0
1,10,1,10,5.5,11,9,0
23,3,3,23,13.0,26,20,0
5,5,5,5,5.0,10,0,4
5,22,5,22,13.5,27,17,2
6,7,6,7,6.5,13,1,5
47,35,35,47,41.0,82,12,34
1,4,1,4,2.5,5,3,0
13,9,9,13,11.0,22,4,8
20,19,19,20,19.5,39,1,18
11,9,9,11,10.0,20,2,5
2,33,2,33,17.5,35,31,0
1,5,1,5,3.0,6,4,0
9,1,1,9,5.0,10,8,0
4,1,1,4,2.5,5,3,0
4,1,1,4,2.5,5,3,0
5,6,5,6,5.5,11,1,4
5,1,1,5,3.0,6,4,0
5,5,5,5,5.0,10,0,4
1,12,1,12,6.5,13,11,0
1,7,1,7,4.0,8,6,0
18,14,14,18,16.0,32,4,13
4,1,1,4,2.5,5,3,0
14,3,3,14,8.5,17,11,2
17,12,12,17,14.5,29,5,9
5,2,2,5,3.5,7,3,0
2,4,2,4,3.0,6,2,1
6,4,4,6,5.0,10,2,3
4,3,3,4,3.5,7,1,2
1,5,1,5,3.0,6,4,0
23,20,20,23,21.5,43,3,19
4,1,1,4,2.5,5,3,0
21,32,21,32,26.5,53,11,20
4,4,4,4,4.0,8,0,3
17,17,17,17,17.0,34,0,14
7,10,7,10,8.5,17,3,6
11,18,11,18,14.5,29,7,8
5,1,1,5,3.0,6,4,0
2,4,2,4,3.0,6,2,0
11,12,11,12,11.5,23,1,8
5,2,2,5,3.5,7,3,1
3,5,3,5,4.0,8,2,0
8,6,6,8,7.0,14,2,5
8,37,8,37,22.5,45,29,5
20,18,18,20,19.0,38,2,17
5,4,4,5,4.5,9,1,3
8,8,8,8,8.0,16,0,4
13,8,8,13,10.5,21,5,6
4,1,1,4,2.5,5,3,0
6,1,1,6,3.5,7,5,0
15,20,15,20,17.5,35,5,14
24,18,18,24,21.0,42,6,15
1,4,1,4,2.5,5,3,0
15,11,11,15,13.0,26,4,6
1,5,1,5,3.0,6,4,0
1,4,1,4,2.5,5,3,0
2,4,2,4,3.0,6,2,1
4,1,1,4,2.5,5,3,0
5,6,5,6,5.5,11,1,4
6,9,6,9,7.5,15,3,5
1,6,1,6,3.5,7,5,0
3,21,3,21,12.0,24,18,0
6,8,6,8,7.0,14,2,5
5,6,5,6,5.5,11,1,3
1,8,1,8,4.5,9,7,0
4,1,1,4,2.5,5,3,0
3,4,3,4,3.5,7,1,2
4,1,1,4,2.5,5,3,0
10,10,10,10,10.0,20,0,9
19,29,19,29,24.0,48,10,15
47,28,28,47,37.5,75,19,25
14,14,14,14,14.0,28,0,13
7,7,7,7,7.0,14,0,6
7,1,1,7,4.0,8,6,0
27,25,25,27,26.0,52,2,24
25,37,25,37,31.0,62,12,22
1,4,1,4,2.5,5,3,0
6,7,6,7,6.5,13,1,5
1,14,1,14,7.5,15,13,0
21,33,21,33,27.0,54,12,18
12,12,12,12,12.0,24,0,9
10,5,5,10,7.5,15,5,0
9,31,9,31,20.0,40,22,0
1,4,1,4,2.5,5,3,0
5,4,4,5,4.5,9,1,2
1,7,1,7,4.0,8,6,0
4,5,4,5,4.5,9,1,0
5,5,5,5,5.0,10,0,4
3,8,3,8,5.5,11,5,1
6,1,1,6,3.5,7,5,0
10,13,10,13,11.5,23,3,9
27,15,15,27,21.0,42,12,13
22,15,15,22,18.5,37,7,11
4,1,1,4,2.5,5,3,0
1,6,1,6,3.5,7,5,0
11,11,11,11,11.0,22,0,10
1,6,1,6,3.5,7,5,0
4,1,1,4,2.5,5,3,0
37,22,22,37,29.5,59,15,21
4,5,4,5,4.5,9,1,3
2,4,2,4,3.0,6,2,0
44,20,20,44,32.0,64,24,4
49,44,44,49,46.5,93,5,26
7,2,2,7,4.5,9,5,1
4,4,4,4,4.0,8,0,2
1,10,1,10,5.5,11,9,0
7,7,7,7,7.0,14,0,5
1,8,1,8,4.5,9,7,0
10,1,1,10,5.5,11,9,0
1,4,1,4,2.5,5,3,0
5,2,2,5,3.5,7,3,0
1,8,1,8,4.5,9,7,0
5,1,1,5,3.0,6,4,0
4,1,1,4,2.5,5,3,0
2,4,2,4,3.0,6,2,0
4,4,4,4,4.0,8,0,0
16,15,15,16,15.5,31,1,11
11,4,4,11,7.5,15,7,2
1,21,1,21,11.0,22,20,0
2,11,2,11,6.5,13,9,0
13,1,1,13,7.0,14,12,0
36,33,33,36,34.5,69,3,25
25,31,25,31,28.0,56,6,16
2,5,2,5,3.5,7,3,1
4,4,4,4,4.0,8,0,2
4,3,3,4,3.5,7,1,2
1,4,1,4,2.5,5,3,0
5,7,5,7,6.0,12,2,3
13,13,13,13,13.0,26,0,11
5,5,5,5,5.0,10,0,4
3,6,3,6,4.5,9,3,1
8,6,6,8,7.0,14,2,3
36,25,25,36,30.5,61,11,22
2,9,2,9,5.5,11,7,0
1,4,1,4,2.5,5,3,0
3,4,3,4,3.5,7,1,0
1,12,1,12,6.5,13,11,0
20,21,20,21,20.5,41,1,19
8,9,8,9,8.5,17,1,7
12,7,7,12,9.5,19,5,3
5,5,5,5,5.0,10,0,4
10,11,10,11,10.5,21,1,5
3,4,3,4,3.5,7,1,2
6,12,6,12,9.0,18,6,4
1,9,1,9,5.0,10,8,0
4,1,1,4,2.5,5,3,0
17,14,14,17,15.5,31,3,12
6,17,6,17,11.5,23,11,5
5,31,5,31,18.0,36,26,3
1,7,1,7,4.0,8,6,0
5,5,5,5,5.0,10,0,3
1,4,1,4,2.5,5,3,0
66,5,5,66,35.5,71,61,2
8,7,7,8,7.5,15,1,3
6,3,3,6,4.5,9,3,2
21,21,21,21,21.0,42,0,15
4,1,1,4,2.5,5,3,0
6,1,1,6,3.5,7,5,0
5,13,5,13,9.0,18,8,0
6,1,1,6,3.5,7,5,0
13,6,6,13,9.5,19,7,2
11,2,2,11,6.5,13,9,0
12,7,7,12,9.5,19,5,3
12,12,12,12,12.0,24,0,6
2,7,2,7,4.5,9,5,1
4,7,4,7,5.5,11,3,3
5,1,1,5,3.0,6,4,0
2,5,2,5,3.5,7,3,0
4,3,3,4,3.5,7,1,2
40,26,26,40,33.0,66,14,23
6,1,1,6,3.5,7,5,0
6,1,1,6,3.5,7,5,0
2,4,2,4,3.0,6,2,1
1,6,1,6,3.5,7,5,0
10,5,5,10,7.5,15,5,4
1,11,1,11,6.0,12,10,0
8,8,8,8,8.0,16,0,7
13,8,8,13,10.5,21,5,7
4,2,2,4,3.0,6,2,0
4,1,1,4,2.5,5,3,0
20,19,19,20,19.5,39,1,18
2,17,2,17,9.5,19,15,0
6,1,1,6,3.5,7,5,0
3,10,3,10,6.5,13,7,1
5,4,4,5,4.5,9,1,1
2,5,2,5,3.5,7,3,0
7,7,7,7,7.0,14,0,6
5,3,3,5,4.0,8,2,2
11,9,9,11,10.0,20,2,8
10,12,10,12,11.0,22,2,8
4,4,4,4,4.0,8,0,3
4,5,4,5,4.5,9,1,3
1,11,1,11,6.0,12,10,0
15,15,15,15,15.0,30,0,12
5,3,3,5,4.0,8,2,2
14,1,1,14,7.5,15,13,0
49,36,36,49,42.5,85,13,35
11,8,8,11,9.5,19,3,6
1,43,1,43,22.0,44,42,0
2,10,2,10,6.0,12,8,0
6,5,5,6,5.5,11,1,4
8,38,8,38,23.0,46,30,0
13,13,13,13,13.0,26,0,9
7,1,1,7,4.0,8,6,0
5,7,5,7,6.0,12,2,4
22,18,18,22,20.0,40,4,17
3,8,3,8,5.5,11,5,1
15,11,11,15,13.0,26,4,9
1,4,1,4,2.5,5,3,0
6,1,1,6,3.5,7,5,0
2,4,2,4,3.0,6,2,1
2,6,2,6,4.0,8,4,1
2,8,2,8,5.0,10,6,1
4,11,4,11,7.5,15,7,3
4,1,1,4,2.5,5,3,0
4,3,3,4,3.5,7,1,2
1,105,1,105,53.0,106,104,0
12,15,12,15,13.5,27,3,9
18,14,14,18,16.0,32,4,11
33,32,32,33,32.5,65,1,29
6,18,6,18,12.0,24,12,5
6,7,6,7,6.5,13,1,5
1,6,1,6,3.5,7,5,0
4,4,4,4,4.0,8,0,3
6,4,4,6,5.0,10,2,3
29,18,18,29,23.5,47,11,16
4,1,1,4,2.5,5,3,0
8,1,1,8,4.5,9,7,0
1,4,1,4,2.5,5,3,0
5,1,1,5,3.0,6,4,0
31,15,15,31,23.0,46,16,14
1,11,1,11,6.0,12,10,0
4,1,1,4,2.5,5,3,0
28,35,28,35,31.5,63,7,20
20,2,2,20,11.0,22,18,0
21,28,21,28,24.5,49,7,17
5,5,5,5,5.0,10,0,3
4,4,4,4,4.0,8,0,3
2,4,2,4,3.0,6,2,1
23,17,17,23,20.0,40,6,14
1,6,1,6,3.5,7,5,0
4,5,4,5,4.5,9,1,2
29,35,29,35,32.0,64,6,23
42,28,28,42,35.0,70,14,23
27,24,24,27,25.5,51,3,13
1,4,1,4,2.5,5,3,0
13,15,13,15,14.0,28,2,12
7,8,7,8,7.5,15,1,6
5,5,5,5,5.0,10,0,3
7,1,1,7,4.0,8,6,0
11,6,6,11,8.5,17,5,2
37,40,37,40,38.5,77,3,29
1,6,1,6,3.5,7,5,0
15,15,15,15,15.0,30,0,5
1,6,1,6,3.5,7,5,0
11,19,11,19,15.0,30,8,10
9,6,6,9,7.5,15,3,5
20,20,20,20,20.0,40,0,18
12,1,1,12,6.5,13,11,0
1,9,1,9,5.0,10,8,0
10,7,7,10,8.5,17,3,6
47,44,44,47,45.5,91,3,39
12,17,12,17,14.5,29,5,8
2,4,2,4,3.0,6,2,1
9,8,8,9,8.5,17,1,6
2,9,2,9,5.5,11,7,0
4,1,1,4,2.5,5,3,0
5,10,5,10,7.5,15,5,2
1,15,1,15,8.0,16,14,0
2,6,2,6,4.0,8,4,0
1,6,1,6,3.5,7,5,0
20,1,1,20,10.5,21,19,0
5,5,5,5,5.0,10,0,4
7,1,1,7,4.0,8,6,0
1,8,1,8,4.5,9,7,0
14,4,4,14,9.0,18,10,3
5,1,1,5,3.0,6,4,0
12,15,12,15,13.5,27,3,11
5,4,4,5,4.5,9,1,2
10,11,10,11,10.5,21,1,9
8,8,8,8,8.0,16,0,7
4,4,4,4,4.0,8,0,3
7,4,4,7,5.5,11,3,3
4,5,4,5,4.5,9,1,3
8,10,8,10,9.0,18,2,7
6,7,6,7,6.5,13,1,2
36,21,21,36,28.5,57,15,14
5,1,1,5,3.0,6,4,0
10,16,10,16,13.0,26,6,9
4,3,3,4,3.5,7,1,0
1,20,1,20,10.5,21,19,0
6,1,1,6,3.5,7,5,0
13,5,5,13,9.0,18,8,2
4,4,4,4,4.0,8,0,3
7,1,1,7,4.0,8,6,0
11,7,7,11,9.0,18,4,4
13,6,6,13,9.5,19,7,5
3,26,3,26,14.5,29,23,2
11,9,9,11,10.0,20,2,6
26,34,26,34,30.0,60,8,21
4,1,1,4,2.5,5,3,0
7,8,7,8,7.5,15,1,6
5,4,4,5,4.5,9,1,3
28,25,25,28,26.5,53,3,20
7,7,7,7,7.0,14,0,6
5,5,5,5,5.0,10,0,4
9,8,8,9,8.5,17,1,7
10,9,9,10,9.5,19,1,8
5,5,5,5,5.0,10,0,4
4,28,4,28,16.0,32,24,0
6,7,6,7,6.5,13,1,5
31,1,1,31,16.0,32,30,0
11,12,11,12,11.5,23,1,10
4,5,4,5,4.5,9,1,3
18,20,18,20,19.0,38,2,17
5,2,2,5,3.5,7,3,0
4,11,4,11,7.5,15,7,0
1,4,1,4,2.5,5,3,0
5,1,1,5,3.0,6,4,0
1,11,1,11,6.0,12,10,0
1,4,1,4,2.5,5,3,0
4,2,2,4,3.0,6,2,1
10,2,2,10,6.0,12,8,1
11,11,11,11,11.0,22,0,10
13,13,13,13,13.0,26,0,12
13,12,12,13,12.5,25,1,10
12,20,12,20,16.0,32,8,10
6,8,6,8,7.0,14,2,3
16,18,16,18,17.0,34,2,15
3,4,3,4,3.5,7,1,2
2,6,2,6,4.0,8,4,1
5,4,4,5,4.5,9,1,3
7,2,2,7,4.5,9,5,1
6,8,6,8,7.0,14,2,3
6,9,6,9,7.5,15,3,1
6,1,1,6,3.5,7,5,0
10,8,8,10,9.0,18,2,5
5,1,1,5,3.0,6,4,0
1,4,1,4,2.5,5,3,0
2,4,2,4,3.0,6,2,1
8,15,8,15,11.5,23,7,6
4,1,1,4,2.5,5,3,0
13,13,13,13,13.0,26,0,8
24,24,24,24,24.0,48,0,21
1,11,1,11,6.0,12,10,0
1,5,1,5,3.0,6,4,0
12,15,12,15,13.5,27,3,9
7,3,3,7,5.0,10,4,2
5,4,4,5,4.5,9,1,3
9,5,5,9,7.0,14,4,4
10,15,10,15,12.5,25,5,8
5,5,5,5,5.0,10,0,4
17,4,4,17,10.5,21,13,3
2,9,2,9,5.5,11,7,1
1,5,1,5,3.0,6,4,0
4,1,1,4,2.5,5,3,0
6,6,6,6,6.0,12,0,5
49,41,41,49,45.0,90,8,40
1,4,1,4,2.5,5,3,0
26,38,26,38,32.0,64,12,23
4,4,4,4,4.0,8,0,0
20,7,7,20,13.5,27,13,3
20,20,20,20,20.0,40,0,19
7,8,7,8,7.5,15,1,4
11,22,11,22,16.5,33,11,9
4,2,2,4,3.0,6,2,1
6,5,5,6,5.5,11,1,2
12,11,11,12,11.5,23,1,3
5,4,4,5,4.5,9,1,2
13,16,13,16,14.5,29,3,12
5,1,1,5,3.0,6,4,0
4,5,4,5,4.5,9,1,3
4,5,4,5,4.5,9,1,3
10,17,10,17,13.5,27,7,8
17,33,17,33,25.0,50,16,16
5,6,5,6,5.5,11,1,1
8,6,6,8,7.0,14,2,3
19,21,19,21,20.0,40,2,18
6,21,6,21,13.5,27,15,5
5,6,5,6,5.5,11,1,2
8,12,8,12,10.0,20,4,0
8,7,7,8,7.5,15,1,6
32,33,32,33,32.5,65,1,30
11,10,10,11,10.5,21,1,9
1,11,1,11,6.0,12,10,0
5,4,4,5,4.5,9,1,2
4,6,4,6,5.0,10,2,2
4,5,4,5,4.5,9,1,1
5,5,5,5,5.0,10,0,4
2,5,2,5,3.5,7,3,0
1,11,1,11,6.0,12,10,0
14,5,5,14,9.5,19,9,0
4,1,1,4,2.5,5,3,0
13,12,12,13,12.5,25,1,9
13,13,13,13,13.0,26,0,9
3,5,3,5,4.0,8,2,2
4,1,1,4,2.5,5,3,0
23,13,13,23,18.0,36,10,12
10,12,10,12,11.0,22,2,9
19,23,19,23,21.0,42,4,11
16,28,16,28,22.0,44,12,13
33,25,25,33,29.0,58,8,18
13,11,11,13,12.0,24,2,8
13,14,13,14,13.5,27,1,12
1,5,1,5,3.0,6,4,0
19,11,11,19,15.0,30,8,7
3,16,3,16,9.5,19,13,2
1,5,1,5,3.0,6,4,0
1,5,1,5,3.0,6,4,0
5,6,5,6,5.5,11,1,4
15,15,15,15,15.0,30,0,14
49,31,31,49,40.0,80,18,30
4,1,1,4,2.5,5,3,0
1,4,1,4,2.5,5,3,0
30,33,30,33,31.5,63,3,28
4,1,1,4,2.5,5,3,0
4,1,1,4,2.5,5,3,0
10,11,10,11,10.5,21,1,8
5,3,3,5,4.0,8,2,2
22,49,22,49,35.5,71,27,19
48,22,22,48,35.0,70,26,16
1,9,1,9,5.0,10,8,0
16,26,16,26,21.0,42,10,8
4,6,4,6,5.0,10,2,3
5,11,5,11,8.0,16,6,4
1,11,1,11,6.0,12,10,0
1,4,1,4,2.5,5,3,0
77,1,1,77,39.0,78,76,0
6,4,4,6,5.0,10,2,3
15,10,10,15,12.5,25,5,9
8,12,8,12,10.0,20,4,7
22,20,20,22,21.0,42,2,18
15,31,15,31,23.0,46,16,13
3,5,3,5,4.0,8,2,2
5,1,1,5,3.0,6,4,0
17,1,1,17,9.0,18,16,0
18,17,17,18,17.5,35,1,0
6,6,6,6,6.0,12,0,3
4,7,4,7,5.5,11,3,3
22,40,22,40,31.0,62,18,20
6,1,1,6,3.5,7,5,0
3,4,3,4,3.5,7,1,2
5,1,1,5,3.0,6,4,0
11,23,11,23,17.0,34,12,10
4,1,1,4,2.5,5,3,0
4,2,2,4,3.0,6,2,1
23,9,9,23,16.0,32,14,8
5,1,1,5,3.0,6,4,0
33,49,33,49,41.0,82,16,30
33,31,31,33,32.0,64,2,30
20,21,20,21,20.5,41,1,18
16,1,1,16,8.5,17,15,0
2,9,2,9,5.5,11,7,1
1,9,1,9,5.0,10,8,0
1,6,1,6,3.5,7,5,0
4,1,1,4,2.5,5,3,0
11,9,9,11,10.0,20,2,8
4,1,1,4,2.5,5,3,0
3,6,3,6,4.5,9,3,1
9,1,1,9,5.0,10,8,0
19,16,16,19,17.5,35,3,13
4,4,4,4,4.0,8,0,3
16,9,9,16,12.5,25,7,7
10,7,7,10,8.5,17,3,3
20,22,20,22,21.0,42,2,17
14,11,11,14,12.5,25,3,10
18,18,18,18,18.0,36,0,17
10,10,10,10,10.0,20,0,9
5,1,1,5,3.0,6,4,0
7,1,1,7,4.0,8,6,0
1,8,1,8,4.5,9,7,0
4,1,1,4,2.5,5,3,0
1,4,1,4,2.5,5,3,0
2,7,2,7,4.5,9,5,1
1,19,1,19,10.0,20,18,0
2,6,2,6,4.0,8,4,0
20,16,16,20,18.0,36,4,13
6,1,1,6,3.5,7,5,0
8,14,8,14,11.0,22,6,4
1,8,1,8,4.5,9,7,0
7,3,3,7,5.0,10,4,2
6,2,2,6,4.0,8,4,1
17,19,17,19,18.0,36,2,16
21,21,21,21,21.0,42,0,19
5,1,1,5,3.0,6,4,0
14,11,11,14,12.5,25,3,9
5,5,5,5,5.0,10,0,4
26,26,26,26,26.0,52,0,24
9,7,7,9,8.0,16,2,6
8,9,8,9,8.5,17,1,6
1,4,1,4,2.5,5,3,0
7,7,7,7,7.0,14,0,6
34,33,33,34,33.5,67,1,15
1,27,1,27,14.0,28,26,0
1,6,1,6,3.5,7,5,0
14,8,8,14,11.0,22,6,7
6,7,6,7,6.5,13,1,5
5,4,4,5,4.5,9,1,3
2,17,2,17,9.5,19,15,1
7,7,7,7,7.0,14,0,6
2,10,2,10,6.0,12,8,1
1,7,1,7,4.0,8,6,0
27,24,24,27,25.5,51,3,22
27,28,27,28,27.5,55,1,25
6,1,1,6,3.5,7,5,0
6,1,1,6,3.5,7,5,0
4,5,4,5,4.5,9,1,3
2,5,2,5,3.5,7,3,0
9,8,8,9,8.5,17,1,6
2,9,2,9,5.5,11,7,1
10,22,10,22,16.0,32,12,5
6,6,6,6,6.0,12,0,3
10,9,9,10,9.5,19,1,8
7,4,4,7,5.5,11,3,3
1,11,1,11,6.0,12,10,0
5,1,1,5,3.0,6,4,0
1,6,1,6,3.5,7,5,0
14,13,13,14,13.5,27,1,12
10,1,1,10,5.5,11,9,0
5,1,1,5,3.0,6,4,0
5,4,4,5,4.5,9,1,1
1,4,1,4,2.5,5,3,0
6,3,3,6,4.5,9,3,2
4,1,1,4,2.5,5,3,0
19,20,19,20,19.5,39,1,16
1,36,1,36,18.5,37,35,0
10,11,10,11,10.5,21,1,9
19,20,19,20,19.5,39,1,16
12,14,12,14,13.0,26,2,8
3,11,3,11,7.0,14,8,1
5,2,2,5,3.5,7,3,1
2,14,2,14,8.0,16,12,1
27,25,25,27,26.0,52,2,23
4,1,1,4,2.5,5,3,0
17,75,17,75,46.0,92,58,1
2,6,2,6,4.0,8,4,1
1,22,1,22,11.5,23,21,0
5,3,3,5,4.0,8,2,2
1,4,1,4,2.5,5,3,0
5,4,4,5,4.5,9,1,2
7,1,1,7,4.0,8,6,0
6,2,2,6,4.0,8,4,1
2,4,2,4,3.0,6,2,1
10,7,7,10,8.5,17,3,4
34,23,23,34,28.5,57,11,19
5,5,5,5,5.0,10,0,4
9,9,9,9,9.0,18,0,7
1,28,1,28,14.5,29,27,0
4,1,1,4,2.5,5,3,0
12,15,12,15,13.5,27,3,8
5,2,2,5,3.5,7,3,1
15,107,15,107,61.0,122,92,0
4,1,1,4,2.5,5,3,0
7,7,7,7,7.0,14,0,4
31,32,31,32,31.5,63,1,30
4,1,1,4,2.5,5,3,0
45,88,45,88,66.5,133,43,38
31,37,31,37,34.0,68,6,28
7,12,7,12,9.5,19,5,6
5,8,5,8,6.5,13,3,0
5,1,1,5,3.0,6,4,0
3,20,3,20,11.5,23,17,0
10,4,4,10,7.0,14,6,1
4,1,1,4,2.5,5,3,0
11,13,11,13,12.0,24,2,10
15,24,15,24,19.5,39,9,14
11,22,11,22,16.5,33,11,8
5,5,5,5,5.0,10,0,2
14,13,13,14,13.5,27,1,9
18,18,18,18,18.0,36,0,17
11,13,11,13,12.0,24,2,3
34,27,27,34,30.5,61,7,23
28,20,20,28,24.0,48,8,19
5,10,5,10,7.5,15,5,4
25,22,22,25,23.5,47,3,19
5,5,5,5,5.0,10,0,4
4,1,1,4,2.5,5,3,0
5,5,5,5,5.0,10,0,4
1,5,1,5,3.0,6,4,0
15,20,15,20,17.5,35,5,8
14,13,13,14,13.5,27,1,11
10,25,10,25,17.5,35,15,3
1,23,1,23,12.0,24,22,0
6,1,1,6,3.5,7,5,0
12,12,12,12,12.0,24,0,11
10,11,10,11,10.5,21,1,9
10,10,10,10,10.0,20,0,6
18,20,18,20,19.0,38,2,15
4,1,1,4,2.5,5,3,0
4,4,4,4,4.0,8,0,3
7,9,7,9,8.0,16,2,5
7,4,4,7,5.5,11,3,2
7,2,2,7,4.5,9,5,1
10,13,10,13,11.5,23,3,8
6,16,6,16,11.0,22,10,5
5,18,5,18,11.5,23,13,4
7,4,4,7,5.5,11,3,2
5,5,5,5,5.0,10,0,0
6,5,5,6,5.5,11,1,4
2,4,2,4,3.0,6,2,1
10,11,10,11,10.5,21,1,8
34,26,26,34,30.0,60,8,23
2,10,2,10,6.0,12,8,0
41,47,41,47,44.0,88,6,33
1,5,1,5,3.0,6,4,0
14,33,14,33,23.5,47,19,12
16,23,16,23,19.5,39,7,13
14,1,1,14,7.5,15,13,0
20,6,6,20,13.0,26,14,5
1,7,1,7,4.0,8,6,0
8,2,2,8,5.0,10,6,1
4,1,1,4,2.5,5,3,0
15,9,9,15,12.0,24,6,5
6,10,6,10,8.0,16,4,4
1,5,1,5,3.0,6,4,0
26,1,1,26,13.5,27,25,0
2,4,2,4,3.0,6,2,1
17,14,14,17,15.5,31,3,12
7,6,6,7,6.5,13,1,5
2,15,2,15,8.5,17,13,0
23,31,23,31,27.0,54,8,22
5,1,1,5,3.0,6,4,0
4,1,1,4,2.5,5,3,0
6,5,5,6,5.5,11,1,4
15,10,10,15,12.5,25,5,9
3,4,3,4,3.5,7,1,0
48,1,1,48,24.5,49,47,0
7,1,1,7,4.0,8,6,0
46,42,42,46,44.0,88,4,32
2,5,2,5,3.5,7,3,1
2,6,2,6,4.0,8,4,1
5,4,4,5,4.5,9,1,3
13,14,13,14,13.5,27,1,9
2,7,2,7,4.5,9,5,1
5,5,5,5,5.0,10,0,4
7,6,6,7,6.5,13,1,5
29,26,26,29,27.5,55,3,25
7,7,7,7,7.0,14,0,5
25,18,18,25,21.5,43,7,9
8,1,1,8,4.5,9,7,0
5,4,4,5,4.5,9,1,3
5,5,5,5,5.0,10,0,4
20,19,19,20,19.5,39,1,17
6,7,6,7,6.5,13,1,5
4,3,3,4,3.5,7,1,2
1,6,1,6,3.5,7,5,0
1,16,1,16,8.5,17,15,0
1,5,1,5,3.0,6,4,0
5,7,5,7,6.0,12,2,4
1,4,1,4,2.5,5,3,0
5,1,1,5,3.0,6,4,0
34,42,34,42,38.0,76,8,27
22,22,22,22,22.0,44,0,20
11,2,2,11,6.5,13,9,0
10,2,2,10,6.0,12,8,0
1,5,1,5,3.0,6,4,0
26,28,26,28,27.0,54,2,15
9,14,9,14,11.5,23,5,8
4,1,1,4,2.5,5,3,0
11,8,8,11,9.5,19,3,5
1,4,1,4,2.5,5,3,0
8,5,5,8,6.5,13,3,3
1,4,1,4,2.5,5,3,0
28,23,23,28,25.5,51,5,21
23,32,23,32,27.5,55,9,20
34,36,34,36,35.0,70,2,30
4,5,4,5,4.5,9,1,2
13,35,13,35,24.0,48,22,12
3,5,3,5,4.0,8,2,2
17,23,17,23,20.0,40,6,12
4,1,1,4,2.5,5,3,0
7,12,7,12,9.5,19,5,6
5,77,5,77,41.0,82,72,0
11,13,11,13,12.0,24,2,7
6,1,1,6,3.5,7,5,0
1,8,1,8,4.5,9,7,0
16,13,13,16,14.5,29,3,6
1,4,1,4,2.5,5,3,0
6,1,1,6,3.5,7,5,0
1,9,1,9,5.0,10,8,0
9,8,8,9,8.5,17,1,6
14,4,4,14,9.0,18,10,2
4,1,1,4,2.5,5,3,0
4,1,1,4,2.5,5,3,0
5,4,4,5,4.5,9,1,1
47,39,39,47,43.0,86,8,33
5,1,1,5,3.0,6,4,0
15,22,15,22,18.5,37,7,11
5,4,4,5,4.5,9,1,3
4,1,1,4,2.5,5,3,0
5,4,4,5,4.5,9,1,1
5,1,1,5,3.0,6,4,0
14,13,13,14,13.5,27,1,10
6,1,1,6,3.5,7,5,0
3,6,3,6,4.5,9,3,2
4,5,4,5,4.5,9,1,3
2,5,2,5,3.5,7,3,0
4,1,1,4,2.5,5,3,0
6,7,6,7,6.5,13,1,4
19,24,19,24,21.5,43,5,18
6,6,6,6,6.0,12,0,4
5,5,5,5,5.0,10,0,4
1,14,1,14,7.5,15,13,0
7,5,5,7,6.0,12,2,4
5,5,5,5,5.0,10,0,3
2,5,2,5,3.5,7,3,1
1,4,1,4,2.5,5,3,0
5,8,5,8,6.5,13,3,4
25,16,16,25,20.5,41,9,15
9,7,7,9,8.0,16,2,6
1,5,1,5,3.0,6,4,0
12,17,12,17,14.5,29,5,10
16,11,11,16,13.5,27,5,10
1,4,1,4,2.5,5,3,0
1,7,1,7,4.0,8,6,0
4,8,4,8,6.0,12,4,1
5,9,5,9,7.0,14,4,4
10,7,7,10,8.5,17,3,0
21,25,21,25,23.0,46,4,19
6,5,5,6,5.5,11,1,4
5,1,1,5,3.0,6,4,0
1,14,1,14,7.5,15,13,0
3,4,3,4,3.5,7,1,1
8,13,8,13,10.5,21,5,7
1,6,1,6,3.5,7,5,0
13,36,13,36,24.5,49,23,8
4,4,4,4,4.0,8,0,3
10,7,7,10,8.5,17,3,6
20,26,20,26,23.0,46,6,17
8,9,8,9,8.5,17,1,7
38,21,21,38,29.5,59,17,19
2,4,2,4,3.0,6,2,0
2,4,2,4,3.0,6,2,0
6,6,6,6,6.0,12,0,5
19,19,19,19,19.0,38,0,18
1,9,1,9,5.0,10,8,0
1,4,1,4,2.5,5,3,0
1,4,1,4,2.5,5,3,0
4,1,1,4,2.5,5,3,0
1,4,1,4,2.5,5,3,0
7,6,6,7,6.5,13,1,5
10,4,4,10,7.0,14,6,3
9,8,8,9,8.5,17,1,5
5,5,5,5,5.0,10,0,4
6,5,5,6,5.5,11,1,1
8,25,8,25,16.5,33,17,6
1,5,1,5,3.0,6,4,0
5,1,1,5,3.0,6,4,0
33,46,33,46,39.5,79,13,27
3,4,3,4,3.5,7,1,2
12,1,1,12,6.5,13,11,0
10,16,10,16,13.0,26,6,9
11,1,1,11,6.0,12,10,0
4,7,4,7,5.5,11,3,3
5,5,5,5,5.0,10,0,3
13,1,1,13,7.0,14,12,0
4,2,2,4,3.0,6,2,1
4,1,1,4,2.5,5,3,0
21,9,9,21,15.0,30,12,5
6,2,2,6,4.0,8,4,1
5,1,1,5,3.0,6,4,0
4,1,1,4,2.5,5,3,0
12,2,2,12,7.0,14,10,1
15,50,15,50,32.5,65,35,10
4,3,3,4,3.5,7,1,2
7,5,5,7,6.0,12,2,4
5,1,1,5,3.0,6,4,0
6,6,6,6,6.0,12,0,4
12,11,11,12,11.5,23,1,9
8,8,8,8,8.0,16,0,7
8,1,1,8,4.5,9,7,0
20,7,7,20,13.5,27,13,5
4,4,4,4,4.0,8,0,0
3,12,3,12,7.5,15,9,2
20,19,19,20,19.5,39,1,18
1,5,1,5,3.0,6,4,0
1,5,1,5,3.0,6,4,0
17,13,13,17,15.0,30,4,12
20,19,19,20,19.5,39,1,18
5,6,5,6,5.5,11,1,4
20,16,16,20,18.0,36,4,14
6,2,2,6,4.0,8,4,0
1,5,1,5,3.0,6,4,0
10,1,1,10,5.5,11,9,0
1,6,1,6,3.5,7,5,0
23,54,23,54,38.5,77,31,15
4,1,1,4,2.5,5,3,0
1,22,1,22,11.5,23,21,0
1,5,1,5,3.0,6,4,0
1,11,1,11,6.0,12,10,0
23,44,23,44,33.5,67,21,18
9,10,9,10,9.5,19,1,8
12,3,3,12,7.5,15,9,2
13,13,13,13,13.0,26,0,8
8,7,7,8,7.5,15,1,3
42,23,23,42,32.5,65,19,21
32,31,31,32,31.5,63,1,30
42,23,23,42,32.5,65,19,22
14,14,14,14,14.0,28,0,12
5,2,2,5,3.5,7,3,1
4,4,4,4,4.0,8,0,3
1,4,1,4,2.5,5,3,0
10,26,10,26,18.0,36,16,0
1,4,1,4,2.5,5,3,0
11,10,10,11,10.5,21,1,8
3,7,3,7,5.0,10,4,2
18,12,12,18,15.0,30,6,11
7,12,7,12,9.5,19,5,6
14,4,4,14,9.0,18,10,3
25,1,1,25,13.0,26,24,0
5,2,2,5,3.5,7,3,1
4,2,2,4,3.0,6,2,1
12,1,1,12,6.5,13,11,0
34,39,34,39,36.5,73,5,29
4,7,4,7,5.5,11,3,1
1,4,1,4,2.5,5,3,0
5,5,5,5,5.0,10,0,4
6,1,1,6,3.5,7,5,0
10,8,8,10,9.0,18,2,6
12,8,8,12,10.0,20,4,7
21,53,21,53,37.0,74,32,12
1,11,1,11,6.0,12,10,0
4,4,4,4,4.0,8,0,0
1,4,1,4,2.5,5,3,0
5,4,4,5,4.5,9,1,2
1,4,1,4,2.5,5,3,0
6,8,6,8,7.0,14,2,5
1,7,1,7,4.0,8,6,0
6,4,4,6,5.0,10,2,3
12,13,12,13,12.5,25,1,11
4,3,3,4,3.5,7,1,2
4,2,2,4,3.0,6,2,0
7,7,7,7,7.0,14,0,5
18,2,2,18,10.0,20,16,0
2,5,2,5,3.5,7,3,0
4,4,4,4,4.0,8,0,3
1,13,1,13,7.0,14,12,0
1,5,1,5,3.0,6,4,0
26,26,26,26,26.0,52,0,25
7,7,7,7,7.0,14,0,6
4,6,4,6,5.0,10,2,3
12,11,11,12,11.5,23,1,10
10,11,10,11,10.5,21,1,9
11,11,11,11,11.0,22,0,10
16,19,16,19,17.5,35,3,15
19,18,18,19,18.5,37,1,14
5,1,1,5,3.0,6,4,0
25,23,23,25,24.0,48,2,21
5,7,5,7,6.0,12,2,2
5,5,5,5,5.0,10,0,3
8,1,1,8,4.5,9,7,0
1,4,1,4,2.5,5,3,0
40,38,38,40,39.0,78,2,31
16,1,1,16,8.5,17,15,0
9,1,1,9,5.0,10,8,0
7,9,7,9,8.0,16,2,6
1,5,1,5,3.0,6,4,0
5,1,1,5,3.0,6,4,0
5,3,3,5,4.0,8,2,1
20,18,18,20,19.0,38,2,14
14,7,7,14,10.5,21,7,6
10,10,10,10,10.0,20,0,9
4,17,4,17,10.5,21,13,0
9,12,9,12,10.5,21,3,8
10,6,6,10,8.0,16,4,3
7,26,7,26,16.5,33,19,6
11,12,11,12,11.5,23,1,10
1,6,1,6,3.5,7,5,0
38,26,26,38,32.0,64,12,17
6,1,1,6,3.5,7,5,0
11,29,11,29,20.0,40,18,10
5,5,5,5,5.0,10,0,4
28,23,23,28,25.5,51,5,21
1,4,1,4,2.5,5,3,0
4,1,1,4,2.5,5,3,0
1,5,1,5,3.0,6,4,0
12,13,12,13,12.5,25,1,11
1,5,1,5,3.0,6,4,0
1,4,1,4,2.5,5,3,0
2,5,2,5,3.5,7,3,1
1,5,1,5,3.0,6,4,0
19,14,14,19,16.5,33,5,13
6,5,5,6,5.5,11,1,4
5,5,5,5,5.0,10,0,4
4,1,1,4,2.5,5,3,0
19,34,19,34,26.5,53,15,12
13,10,10,13,11.5,23,3,8
26,27,26,27,26.5,53,1,23
47,31,31,47,39.0,78,16,29
1,4,1,4,2.5,5,3,0
24,24,24,24,24.0,48,0,18
4,4,4,4,4.0,8,0,3
50,18,18,50,34.0,68,32,16
4,5,4,5,4.5,9,1,3
7,6,6,7,6.5,13,1,4
15,1,1,15,8.0,16,14,0
1,10,1,10,5.5,11,9,0
20,17,17,20,18.5,37,3,16
14,27,14,27,20.5,41,13,13
15,14,14,15,14.5,29,1,12
4,1,1,4,2.5,5,3,0
12,6,6,12,9.0,18,6,3
4,5,4,5,4.5,9,1,2
8,1,1,8,4.5,9,7,0
27,22,22,27,24.5,49,5,3
5,15,5,15,10.0,20,10,4
5,1,1,5,3.0,6,4,0
1,9,1,9,5.0,10,8,0
1,4,1,4,2.5,5,3,0
2,41,2,41,21.5,43,39,0
4,1,1,4,2.5,5,3,0
23,37,23,37,30.0,60,14,17
2,5,2,5,3.5,7,3,1
1,5,1,5,3.0,6,4,0
14,14,14,14,14.0,28,0,13
1,5,1,5,3.0,6,4,0
13,13,13,13,13.0,26,0,12
3,5,3,5,4.0,8,2,2
20,17,17,20,18.5,37,3,15
12,1,1,12,6.5,13,11,0
1,7,1,7,4.0,8,6,0
6,1,1,6,3.5,7,5,0
6,2,2,6,4.0,8,4,1
7,9,7,9,8.0,16,2,5
4,4,4,4,4.0,8,0,2
1,10,1,10,5.5,11,9,0
1,4,1,4,2.5,5,3,0
6,6,6,6,6.0,12,0,5
8,8,8,8,8.0,16,0,7
4,4,4,4,4.0,8,0,3
1,4,1,4,2.5,5,3,0
2,5,2,5,3.5,7,3,1
17,1,1,17,9.0,18,16,0
6,6,6,6,6.0,12,0,5
2,4,2,4,3.0,6,2,1
29,11,11,29,20.0,40,18,9
6,4,4,6,5.0,10,2,3
11,13,11,13,12.0,24,2,10
4,1,1,4,2.5,5,3,0
1,14,1,14,7.5,15,13,0
1,4,1,4,2.5,5,3,0
5,7,5,7,6.0,12,2,3
7,8,7,8,7.5,15,1,5
5,1,1,5,3.0,6,4,0
7,7,7,7,7.0,14,0,6
1,8,1,8,4.5,9,7,0
9,10,9,10,9.5,19,1,7
15,15,15,15,15.0,30,0,12
4,5,4,5,4.5,9,1,0
9,9,9,9,9.0,18,0,6
61,1,1,61,31.0,62,60,0
7,7,7,7,7.0,14,0,6
27,26,26,27,26.5,53,1,21
12,13,12,13,12.5,25,1,8
7,10,7,10,8.5,17,3,4
9,1,1,9,5.0,10,8,0
33,33,33,33,33.0,66,0,26
5,7,5,7,6.0,12,2,4
36,41,36,41,38.5,77,5,28
6,1,1,6,3.5,7,5,0
12,1,1,12,6.5,13,11,0
21,5,5,21,13.0,26,16,4
5,5,5,5,5.0,10,0,4
17,23,17,23,20.0,40,6,15
13,46,13,46,29.5,59,33,10
35,14,14,35,24.5,49,21,12
2,5,2,5,3.5,7,3,0
7,10,7,10,8.5,17,3,6
4,1,1,4,2.5,5,3,0
8,9,8,9,8.5,17,1,7
1,4,1,4,2.5,5,3,0
21,20,20,21,20.5,41,1,19
20,7,7,20,13.5,27,13,6
1,43,1,43,22.0,44,42,0
10,10,10,10,10.0,20,0,9
8,10,8,10,9.0,18,2,7
15,25,15,25,20.0,40,10,14
1,43,1,43,22.0,44,42,0
8,18,8,18,13.0,26,10,6
30,51,30,51,40.5,81,21,25
1,19,1,19,10.0,20,18,0
4,1,1,4,2.5,5,3,0
4,1,1,4,2.5,5,3,0
4,2,2,4,3.0,6,2,1
1,4,1,4,2.5,5,3,0
12,12,12,12,12.0,24,0,9
16,16,16,16,16.0,32,0,8
8,4,4,8,6.0,12,4,3
8,8,8,8,8.0,16,0,7
1,15,1,15,8.0,16,14,0
9,8,8,9,8.5,17,1,7
1,13,1,13,7.0,14,12,0
8,6,6,8,7.0,14,2,0
5,4,4,5,4.5,9,1,3
19,40,19,40,29.5,59,21,17
18,7,7,18,12.5,25,11,5
10,6,6,10,8.0,16,4,1
11,7,7,11,9.0,18,4,6
9,9,9,9,9.0,18,0,6
14,3,3,14,8.5,17,11,2
8,5,5,8,6.5,13,3,3
4,4,4,4,4.0,8,0,3
3,13,3,13,8.0,16,10,2
13,13,13,13,13.0,26,0,12
1,4,1,4,2.5,5,3,0
5,1,1,5,3.0,6,4,0
2,4,2,4,3.0,6,2,1
8,7,7,8,7.5,15,1,6
5,1,1,5,3.0,6,4,0
10,1,1,10,5.5,11,9,0
1,17,1,17,9.0,18,16,0
14,7,7,14,10.5,21,7,4
1,15,1,15,8.0,16,14,0
5,6,5,6,5.5,11,1,4
17,17,17,17,17.0,34,0,16
15,8,8,15,11.5,23,7,3
19,20,19,20,19.5,39,1,18
18,1,1,18,9.5,19,17,0
1,107,1,107,54.0,108,106,0
12,13,12,13,12.5,25,1,11
5,1,1,5,3.0,6,4,0
3,5,3,5,4.0,8,2,0
4,2,2,4,3.0,6,2,1
6,1,1,6,3.5,7,5,0
14,14,14,14,14.0,28,0,12
5,6,5,6,5.5,11,1,4
3,7,3,7,5.0,10,4,2
5,1,1,5,3.0,6,4,0
49,35,35,49,42.0,84,14,29
31,5,5,31,18.0,36,26,0
9,11,9,11,10.0,20,2,5
4,4,4,4,4.0,8,0,2
6,11,6,11,8.5,17,5,4
1,48,1,48,24.5,49,47,0
20,25,20,25,22.5,45,5,13
6,13,6,13,9.5,19,7,5
2,5,2,5,3.5,7,3,1
2,5,2,5,3.5,7,3,1
1,4,1,4,2.5,5,3,0
1,25,1,25,13.0,26,24,0
2,6,2,6,4.0,8,4,1
12,5,5,12,8.5,17,7,4
5,1,1,5,3.0,6,4,0
34,17,17,34,25.5,51,17,13
2,12,2,12,7.0,14,10,1
6,25,6,25,15.5,31,19,4
7,1,1,7,4.0,8,6,0
4,1,1,4,2.5,5,3,0
4,1,1,4,2.5,5,3,0
9,9,9,9,9.0,18,0,8
1,4,1,4,2.5,5,3,0
5,8,5,8,6.5,13,3,4
8,12,8,12,10.0,20,4,7
4,1,1,4,2.5,5,3,0
5,8,5,8,6.5,13,3,3
1,4,1,4,2.5,5,3,0
25,8,8,25,16.5,33,17,2
1,29,1,29,15.0,30,28,0
1,5,1,5,3.0,6,4,0
8,6,6,8,7.0,14,2,5
4,1,1,4,2.5,5,3,0
4,11,4,11,7.5,15,7,0
8,13,8,13,10.5,21,5,6
2,8,2,8,5.0,10,6,1
1,9,1,9,5.0,10,8,0
28,40,28,40,34.0,68,12,22
10,20,10,20,15.0,30,10,4
16,11,11,16,13.5,27,5,9
15,23,15,23,19.0,38,8,13
22,9,9,22,15.5,31,13,8
26,3,3,26,14.5,29,23,2
1,7,1,7,4.0,8,6,0
5,5,5,5,5.0,10,0,4
1,4,1,4,2.5,5,3,0
10,1,1,10,5.5,11,9,0
4,1,1,4,2.5,5,3,0
18,10,10,18,14.0,28,8,9
4,1,1,4,2.5,5,3,0
44,42,42,44,43.0,86,2,39
4,11,4,11,7.5,15,7,3
1,32,1,32,16.5,33,31,0
4,1,1,4,2.5,5,3,0
1,4,1,4,2.5,5,3,0
6,7,6,7,6.5,13,1,5
5,5,5,5,5.0,10,0,4
7,1,1,7,4.0,8,6,0
37,50,37,50,43.5,87,13,29
1,4,1,4,2.5,5,3,0
37,29,29,37,33.0,66,8,27
9,9,9,9,9.0,18,0,8
7,6,6,7,6.5,13,1,5
24,24,24,24,24.0,48,0,21
1,7,1,7,4.0,8,6,0
7,4,4,7,5.5,11,3,3
4,4,4,4,4.0,8,0,2
20,15,15,20,17.5,35,5,12
8,1,1,8,4.5,9,7,0
12,12,12,12,12.0,24,0,11
14,12,12,14,13.0,26,2,11
1,5,1,5,3.0,6,4,0
8,6,6,8,7.0,14,2,3
10,1,1,10,5.5,11,9,0
6,1,1,6,3.5,7,5,0
7,6,6,7,6.5,13,1,5
27,11,11,27,19.0,38,16,9
14,16,14,16,15.0,30,2,9
14,16,14,16,15.0,30,2,12
8,6,6,8,7.0,14,2,3
7,4,4,7,5.5,11,3,2
22,20,20,22,21.0,42,2,16
7,8,7,8,7.5,15,1,6
2,4,2,4,3.0,6,2,1
10,10,10,10,10.0,20,0,9
14,12,12,14,13.0,26,2,11
23,10,10,23,16.5,33,13,9
5,5,5,5,5.0,10,0,4
5,5,5,5,5.0,10,0,4
7,9,7,9,8.0,16,2,5
4,4,4,4,4.0,8,0,3
7,6,6,7,6.5,13,1,3
6,1,1,6,3.5,7,5,0
4,4,4,4,4.0,8,0,3
6,6,6,6,6.0,12,0,5
15,13,13,15,14.0,28,2,12
4,4,4,4,4.0,8,0,3
5,6,5,6,5.5,11,1,4
1,10,1,10,5.5,11,9,0
14,12,12,14,13.0,26,2,11
1,4,1,4,2.5,5,3,0
7,8,7,8,7.5,15,1,6
12,4,4,12,8.0,16,8,3
1,5,1,5,3.0,6,4,0
4,4,4,4,4.0,8,0,3
4,3,3,4,3.5,7,1,2
5,1,1,5,3.0,6,4,0
1,6,1,6,3.5,7,5,0
4,4,4,4,4.0,8,0,3
4,6,4,6,5.0,10,2,2
17,19,17,19,18.0,36,2,16
10,11,10,11,10.5,21,1,6
2,18,2,18,10.0,20,16,0
5,12,5,12,8.5,17,7,1
1,77,1,77,39.0,78,76,0
5,1,1,5,3.0,6,4,0
50,38,38,50,44.0,88,12,19
1,7,1,7,4.0,8,6,0
11,11,11,11,11.0,22,0,9
1,4,1,4,2.5,5,3,0
4,4,4,4,4.0,8,0,3
15,17,15,17,16.0,32,2,13
8,3,3,8,5.5,11,5,2
33,31,31,33,32.0,64,2,25
4,1,1,4,2.5,5,3,0
21,2,2,21,11.5,23,19,1
29,4,4,29,16.5,33,25,2
4,4,4,4,4.0,8,0,3
9,3,3,9,6.0,12,6,2
11,11,11,11,11.0,22,0,10
17,16,16,17,16.5,33,1,9
8,4,4,8,6.0,12,4,0
1,11,1,11,6.0,12,10,0
26,23,23,26,24.5,49,3,11
12,12,12,12,12.0,24,0,11
1,4,1,4,2.5,5,3,0
6,4,4,6,5.0,10,2,3
12,13,12,13,12.5,25,1,7
1,6,1,6,3.5,7,5,0
2,6,2,6,4.0,8,4,0
4,7,4,7,5.5,11,3,0
1,13,1,13,7.0,14,12,0
9,6,6,9,7.5,15,3,5
16,13,13,16,14.5,29,3,9
2,4,2,4,3.0,6,2,1
1,105,1,105,53.0,106,104,0
26,35,26,35,30.5,61,9,24
5,9,5,9,7.0,14,4,3
9,25,9,25,17.0,34,16,6
10,10,10,10,10.0,20,0,6
15,10,10,15,12.5,25,5,7
1,4,1,4,2.5,5,3,0
1,55,1,55,28.0,56,54,0
39,24,24,39,31.5,63,15,19
1,10,1,10,5.5,11,9,0
1,6,1,6,3.5,7,5,0
5,1,1,5,3.0,6,4,0
7,1,1,7,4.0,8,6,0
16,10,10,16,13.0,26,6,6
29,51,29,51,40.0,80,22,20
2,6,2,6,4.0,8,4,1
30,31,30,31,30.5,61,1,27
9,10,9,10,9.5,19,1,1
4,1,1,4,2.5,5,3,0
1,75,1,75,38.0,76,74,0
32,22,22,32,27.0,54,10,20
17,20,17,20,18.5,37,3,14
1,13,1,13,7.0,14,12,0
13,13,13,13,13.0,26,0,12
5,1,1,5,3.0,6,4,0
4,1,1,4,2.5,5,3,0
15,18,15,18,16.5,33,3,14
1,6,1,6,3.5,7,5,0
4,4,4,4,4.0,8,0,3
5,6,5,6,5.5,11,1,4
14,9,9,14,11.5,23,5,6
6,4,4,6,5.0,10,2,1
1,7,1,7,4.0,8,6,0
4,2,2,4,3.0,6,2,0
1,11,1,11,6.0,12,10,0
5,1,1,5,3.0,6,4,0
39,51,39,51,45.0,90,12,20
19,30,19,30,24.5,49,11,10
65,1,1,65,33.0,66,64,0
2,11,2,11,6.5,13,9,0
31,40,31,40,35.5,71,9,29
1,5,1,5,3.0,6,4,0
42,36,36,42,39.0,78,6,33
5,1,1,5,3.0,6,4,0
4,10,4,10,7.0,14,6,3
8,10,8,10,9.0,18,2,6
4,1,1,4,2.5,5,3,0
19,7,7,19,13.0,26,12,0
4,2,2,4,3.0,6,2,0
12,10,10,12,11.0,22,2,7
13,16,13,16,14.5,29,3,12
11,9,9,11,10.0,20,2,7
1,5,1,5,3.0,6,4,0
16,13,13,16,14.5,29,3,12
6,7,6,7,6.5,13,1,5
14,13,13,14,13.5,27,1,11
16,20,16,20,18.0,36,4,15
2,4,2,4,3.0,6,2,1
26,53,26,53,39.5,79,27,22
16,17,16,17,16.5,33,1,13
11,12,11,12,11.5,23,1,9
6,1,1,6,3.5,7,5,0
2,4,2,4,3.0,6,2,0
4,1,1,4,2.5,5,3,0
1,4,1,4,2.5,5,3,0
1,5,1,5,3.0,6,4,0
1,5,1,5,3.0,6,4,0
5,9,5,9,7.0,14,4,3
13,2,2,13,7.5,15,11,1
1,7,1,7,4.0,8,6,0
13,10,10,13,11.5,23,3,0
9,9,9,9,9.0,18,0,5
1,6,1,6,3.5,7,5,0
1,4,1,4,2.5,5,3,0
19,21,19,21,20.0,40,2,16
9,7,7,9,8.0,16,2,2
1,13,1,13,7.0,14,12,0
4,1,1,4,2.5,5,3,0
2,4,2,4,3.0,6,2,0
8,7,7,8,7.5,15,1,2
11,22,11,22,16.5,33,11,0
1,4,1,4,2.5,5,3,0
14,13,13,14,13.5,27,1,12
1,10,1,10,5.5,11,9,0
1,5,1,5,3.0,6,4,0
6,146,6,146,76.0,152,140,1
1,11,1,11,6.0,12,10,0
5,1,1,5,3.0,6,4,0
2,4,2,4,3.0,6,2,1
3,4,3,4,3.5,7,1,2
23,24,23,24,23.5,47,1,21
13,1,1,13,7.0,14,12,0
1,4,1,4,2.5,5,3,0
1,4,1,4,2.5,5,3,0
3,4,3,4,3.5,7,1,2
6,5,5,6,5.5,11,1,4
8,5,5,8,6.5,13,3,3
5,2,2,5,3.5,7,3,1
4,1,1,4,2.5,5,3,0
1,4,1,4,2.5,5,3,0
2,5,2,5,3.5,7,3,1
5,1,1,5,3.0,6,4,0
1,14,1,14,7.5,15,13,0
6,2,2,6,4.0,8,4,1
8,26,8,26,17.0,34,18,0
1,11,1,11,6.0,12,10,0
3,4,3,4,3.5,7,1,2
5,2,2,5,3.5,7,3,1
14,5,5,14,9.5,19,9,4
6,4,4,6,5.0,10,2,3
17,12,12,17,14.5,29,5,11
1,4,1,4,2.5,5,3,0
1,4,1,4,2.5,5,3,0
1,11,1,11,6.0,12,10,0
9,1,1,9,5.0,10,8,0
42,49,42,49,45.5,91,7,25
12,7,7,12,9.5,19,5,6
10,6,6,10,8.0,16,4,5
5,1,1,5,3.0,6,4,0
4,1,1,4,2.5,5,3,0
8,1,1,8,4.5,9,7,0
21,13,13,21,17.0,34,8,6
18,9,9,18,13.5,27,9,4
4,1,1,4,2.5,5,3,0
4,1,1,4,2.5,5,3,0
6,1,1,6,3.5,7,5,0
14,5,5,14,9.5,19,9,3
7,8,7,8,7.5,15,1,6
7,9,7,9,8.0,16,2,6
1,4,1,4,2.5,5,3,0
2,9,2,9,5.5,11,7,0
3,7,3,7,5.0,10,4,2
12,12,12,12,12.0,24,0,11
4,1,1,4,2.5,5,3,0
10,7,7,10,8.5,17,3,6
2,4,2,4,3.0,6,2,0
6,7,6,7,6.5,13,1,5
17,17,17,17,17.0,34,0,16
18,20,18,20,19.0,38,2,17
11,9,9,11,10.0,20,2,5
23,32,23,32,27.5,55,9,14
10,8,8,10,9.0,18,2,7
4,1,1,4,2.5,5,3,0
4,1,1,4,2.5,5,3,0
8,1,1,8,4.5,9,7,0
19,15,15,19,17.0,34,4,10
4,2,2,4,3.0,6,2,0
2,6,2,6,4.0,8,4,0
5,7,5,7,6.0,12,2,3
9,7,7,9,8.0,16,2,5
23,21,21,23,22.0,44,2,18
21,15,15,21,18.0,36,6,10
11,1,1,11,6.0,12,10,0
1,12,1,12,6.5,13,11,0
7,8,7,8,7.5,15,1,6
16,19,16,19,17.5,35,3,11
14,16,14,16,15.0,30,2,9
13,27,13,27,20.0,40,14,5
1,21,1,21,11.0,22,20,0
9,11,9,11,10.0,20,2,7
4,2,2,4,3.0,6,2,1
6,3,3,6,4.5,9,3,2
6,8,6,8,7.0,14,2,5
1,5,1,5,3.0,6,4,0
47,45,45,47,46.0,92,2,33
12,16,12,16,14.0,28,4,7
1,10,1,10,5.5,11,9,0
1,6,1,6,3.5,7,5,0
1,4,1,4,2.5,5,3,0
4,4,4,4,4.0,8,0,0
1,6,1,6,3.5,7,5,0
25,31,25,31,28.0,56,6,23
1,9,1,9,5.0,10,8,0
8,1,1,8,4.5,9,7,0
11,1,1,11,6.0,12,10,0
4,1,1,4,2.5,5,3,0
1,4,1,4,2.5,5,3,0
9,10,9,10,9.5,19,1,8
1,6,1,6,3.5,7,5,0
4,1,1,4,2.5,5,3,0
4,4,4,4,4.0,8,0,3
42,34,34,42,38.0,76,8,25
24,23,23,24,23.5,47,1,22
8,8,8,8,8.0,16,0,6
6,5,5,6,5.5,11,1,3
5,1,1,5,3.0,6,4,0
1,11,1,11,6.0,12,10,0
49,26,26,49,37.5,75,23,24
14,13,13,14,13.5,27,1,12
5,4,4,5,4.5,9,1,3
9,11,9,11,10.0,20,2,7
21,22,21,22,21.5,43,1,19
1,4,1,4,2.5,5,3,0
1,12,1,12,6.5,13,11,0
6,6,6,6,6.0,12,0,5
21,1,1,21,11.0,22,20,0
4,1,1,4,2.5,5,3,0
27,27,27,27,27.0,54,0,26
8,11,8,11,9.5,19,3,6
16,1,1,16,8.5,17,15,0
5,16,5,16,10.5,21,11,4
25,17,17,25,21.0,42,8,16
1,15,1,15,8.0,16,14,0
1,18,1,18,9.5,19,17,0
5,14,5,14,9.5,19,9,2
23,29,23,29,26.0,52,6,22
42,14,14,42,28.0,56,28,3
9,6,6,9,7.5,15,3,2
21,21,21,21,21.0,42,0,19
16,6,6,16,11.0,22,10,4
7,1,1,7,4.0,8,6,0
4,4,4,4,4.0,8,0,3
1,6,1,6,3.5,7,5,0
32,31,31,32,31.5,63,1,29
1,30,1,30,15.5,31,29,0
11,8,8,11,9.5,19,3,6
11,16,11,16,13.5,27,5,10
5,5,5,5,5.0,10,0,4
5,5,5,5,5.0,10,0,4
9,1,1,9,5.0,10,8,0
2,6,2,6,4.0,8,4,0
6,1,1,6,3.5,7,5,0
9,9,9,9,9.0,18,0,4
2,13,2,13,7.5,15,11,0
1,4,1,4,2.5,5,3,0
4,5,4,5,4.5,9,1,1
7,8,7,8,7.5,15,1,6
8,8,8,8,8.0,16,0,6
1,4,1,4,2.5,5,3,0
6,8,6,8,7.0,14,2,3
8,6,6,8,7.0,14,2,5
5,1,1,5,3.0,6,4,0
4,6,4,6,5.0,10,2,3
6,6,6,6,6.0,12,0,5
6,1,1,6,3.5,7,5,0
6,8,6,8,7.0,14,2,5
28,47,28,47,37.5,75,19,27
1,15,1,15,8.0,16,14,0
9,5,5,9,7.0,14,4,2
7,2,2,7,4.5,9,5,0
7,2,2,7,4.5,9,5,0
7,6,6,7,6.5,13,1,5
5,2,2,5,3.5,7,3,1
30,17,17,30,23.5,47,13,12
5,15,5,15,10.0,20,10,0
4,7,4,7,5.5,11,3,0
1,15,1,15,8.0,16,14,0
8,6,6,8,7.0,14,2,2
2,5,2,5,3.5,7,3,1
7,2,2,7,4.5,9,5,0
1,4,1,4,2.5,5,3,0
14,19,14,19,16.5,33,5,5
5,4,4,5,4.5,9,1,1
12,10,10,12,11.0,22,2,3
1,9,1,9,5.0,10,8,0
5,8,5,8,6.5,13,3,0
7,11,7,11,9.0,18,4,6
30,23,23,30,26.5,53,7,0
19,19,19,19,19.0,38,0,17
6,1,1,6,3.5,7,5,0
8,7,7,8,7.5,15,1,5
5,8,5,8,6.5,13,3,3
1,6,1,6,3.5,7,5,0
6,4,4,6,5.0,10,2,3
2,4,2,4,3.0,6,2,1
9,1,1,9,5.0,10,8,0
13,14,13,14,13.5,27,1,12
10,7,7,10,8.5,17,3,5
6,1,1,6,3.5,7,5,0
12,12,12,12,12.0,24,0,11
8,12,8,12,10.0,20,4,5
1,4,1,4,2.5,5,3,0
5,1,1,5,3.0,6,4,0
4,1,1,4,2.5,5,3,0
6,3,3,6,4.5,9,3,2
4,1,1,4,2.5,5,3,0
4,1,1,4,2.5,5,3,0
15,35,15,35,25.0,50,20,13
4,1,1,4,2.5,5,3,0
6,9,6,9,7.5,15,3,2
21,12,12,21,16.5,33,9,11
5,2,2,5,3.5,7,3,1
1,7,1,7,4.0,8,6,0
20,19,19,20,19.5,39,1,16
8,1,1,8,4.5,9,7,0
6,1,1,6,3.5,7,5,0
1,5,1,5,3.0,6,4,0
37,24,24,37,30.5,61,13,19
7,5,5,7,6.0,12,2,3
1,5,1,5,3.0,6,4,0
9,8,8,9,8.5,17,1,7
15,20,15,20,17.5,35,5,12
6,5,5,6,5.5,11,1,4
1,21,1,21,11.0,22,20,0
7,1,1,7,4.0,8,6,0
11,11,11,11,11.0,22,0,10
4,1,1,4,2.5,5,3,0
1,6,1,6,3.5,7,5,0
4,5,4,5,4.5,9,1,3
1,11,1,11,6.0,12,10,0
1,4,1,4,2.5,5,3,0
40,6,6,40,23.0,46,34,3
18,19,18,19,18.5,37,1,16
4,4,4,4,4.0,8,0,3
12,6,6,12,9.0,18,6,4
7,146,7,146,76.5,153,139,2
12,11,11,12,11.5,23,1,9
8,8,8,8,8.0,16,0,7
31,34,31,34,32.5,65,3,24
2,7,2,7,4.5,9,5,0
4,1,1,4,2.5,5,3,0
16,12,12,16,14.0,28,4,8
17,1,1,17,9.0,18,16,0
1,7,1,7,4.0,8,6,0
7,8,7,8,7.5,15,1,6
28,34,28,34,31.0,62,6,19
14,20,14,20,17.0,34,6,13
5,1,1,5,3.0,6,4,0
6,4,4,6,5.0,10,2,3
19,26,19,26,22.5,45,7,17
2,26,2,26,14.0,28,24,0
8,6,6,8,7.0,14,2,5
11,12,11,12,11.5,23,1,8
5,7,5,7,6.0,12,2,4
9,4,4,9,6.5,13,5,0
13,14,13,14,13.5,27,1,12
14,15,14,15,14.5,29,1,13
7,7,7,7,7.0,14,0,5
14,14,14,14,14.0,28,0,12
4,4,4,4,4.0,8,0,3
5,5,5,5,5.0,10,0,3
9,10,9,10,9.5,19,1,6
17,3,3,17,10.0,20,14,2
1,9,1,9,5.0,10,8,0
1,10,1,10,5.5,11,9,0
1,5,1,5,3.0,6,4,0
6,9,6,9,7.5,15,3,3
36,34,34,36,35.0,70,2,33
4,10,4,10,7.0,14,6,2
9,4,4,9,6.5,13,5,3
2,5,2,5,3.5,7,3,1
9,9,9,9,9.0,18,0,6
2,5,2,5,3.5,7,3,1
7,11,7,11,9.0,18,4,4
13,15,13,15,14.0,28,2,8
6,8,6,8,7.0,14,2,5
9,16,9,16,12.5,25,7,8
14,12,12,14,13.0,26,2,10
7,6,6,7,6.5,13,1,0
1,5,1,5,3.0,6,4,0
5,5,5,5,5.0,10,0,4
21,18,18,21,19.5,39,3,17
4,4,4,4,4.0,8,0,0
1,8,1,8,4.5,9,7,0
8,1,1,8,4.5,9,7,0
5,7,5,7,6.0,12,2,4
7,1,1,7,4.0,8,6,0
9,1,1,9,5.0,10,8,0
10,11,10,11,10.5,21,1,8
1,4,1,4,2.5,5,3,0
18,17,17,18,17.5,35,1,16
4,1,1,4,2.5,5,3,0
1,4,1,4,2.5,5,3,0
5,1,1,5,3.0,6,4,0
29,25,25,29,27.0,54,4,23
23,24,23,24,23.5,47,1,22
4,1,1,4,2.5,5,3,0
41,28,28,41,34.5,69,13,25
1,5,1,5,3.0,6,4,0
2,5,2,5,3.5,7,3,0
12,13,12,13,12.5,25,1,11
11,1,1,11,6.0,12,10,0
8,8,8,8,8.0,16,0,7
4,6,4,6,5.0,10,2,0
3,13,3,13,8.0,16,10,1
8,9,8,9,8.5,17,1,6
5,2,2,5,3.5,7,3,1
1,11,1,11,6.0,12,10,0
4,5,4,5,4.5,9,1,2
5,4,4,5,4.5,9,1,3
16,2,2,16,9.0,18,14,0
2,6,2,6,4.0,8,4,0
2,5,2,5,3.5,7,3,1
26,22,22,26,24.0,48,4,19
14,13,13,14,13.5,27,1,12
1,4,1,4,2.5,5,3,0
1,11,1,11,6.0,12,10,0
9,10,9,10,9.5,19,1,5
42,37,37,42,39.5,79,5,28
2,4,2,4,3.0,6,2,0
30,33,30,33,31.5,63,3,27
1,5,1,5,3.0,6,4,0
49,38,38,49,43.5,87,11,19
6,1,1,6,3.5,7,5,0
7,19,7,19,13.0,26,12,6
5,4,4,5,4.5,9,1,3
6,1,1,6,3.5,7,5,0
2,15,2,15,8.5,17,13,1
22,22,22,22,22.0,44,0,18
1,4,1,4,2.5,5,3,0
2,5,2,5,3.5,7,3,0
7,1,1,7,4.0,8,6,0
4,1,1,4,2.5,5,3,0
9,6,6,9,7.5,15,3,4
1,4,1,4,2.5,5,3,0
1,10,1,10,5.5,11,9,0
6,5,5,6,5.5,11,1,3
2,17,2,17,9.5,19,15,0
5,7,5,7,6.0,12,2,4
6,5,5,6,5.5,11,1,4
1,40,1,40,20.5,41,39,0
25,23,23,25,24.0,48,2,19
1,7,1,7,4.0,8,6,0
6,1,1,6,3.5,7,5,0
1,7,1,7,4.0,8,6,0
6,8,6,8,7.0,14,2,5
6,9,6,9,7.5,15,3,4
8,6,6,8,7.0,14,2,1
11,15,11,15,13.0,26,4,10
5,2,2,5,3.5,7,3,1
4,6,4,6,5.0,10,2,1
4,5,4,5,4.5,9,1,3
6,6,6,6,6.0,12,0,5
1,4,1,4,2.5,5,3,0
1,8,1,8,4.5,9,7,0
24,35,24,35,29.5,59,11,16
14,17,14,17,15.5,31,3,13
3,4,3,4,3.5,7,1,2
1,107,1,107,54.0,108,106,0
4,4,4,4,4.0,8,0,3
5,5,5,5,5.0,10,0,3
4,1,1,4,2.5,5,3,0
4,6,4,6,5.0,10,2,3
19,13,13,19,16.0,32,6,9
1,28,1,28,14.5,29,27,0
5,2,2,5,3.5,7,3,1
1,7,1,7,4.0,8,6,0
4,2,2,4,3.0,6,2,1
31,25,25,31,28.0,56,6,24
1,18,1,18,9.5,19,17,0
12,12,12,12,12.0,24,0,10
19,19,19,19,19.0,38,0,16
1,35,1,35,18.0,36,34,0
19,19,19,19,19.0,38,0,17
20,15,15,20,17.5,35,5,11
12,19,12,19,15.5,31,7,11
4,4,4,4,4.0,8,0,3
4,2,2,4,3.0,6,2,1
5,4,4,5,4.5,9,1,0
20,20,20,20,20.0,40,0,19
2,6,2,6,4.0,8,4,0
15,2,2,15,8.5,17,13,1
2,16,2,16,9.0,18,14,0
6,1,1,6,3.5,7,5,0
4,5,4,5,4.5,9,1,0
3,6,3,6,4.5,9,3,0
4,1,1,4,2.5,5,3,0
19,23,19,23,21.0,42,4,13
19,23,19,23,21.0,42,4,17
5,5,5,5,5.0,10,0,4
11,21,11,21,16.0,32,10,8
12,17,12,17,14.5,29,5,11
6,5,5,6,5.5,11,1,1
7,7,7,7,7.0,14,0,5
1,4,1,4,2.5,5,3,0
8,8,8,8,8.0,16,0,7
1,9,1,9,5.0,10,8,0
8,9,8,9,8.5,17,1,6
6,5,5,6,5.5,11,1,4
10,6,6,10,8.0,16,4,5
7,24,7,24,15.5,31,17,1
9,18,9,18,13.5,27,9,3
1,5,1,5,3.0,6,4,0
27,27,27,27,27.0,54,0,26
1,4,1,4,2.5,5,3,0
1,10,1,10,5.5,11,9,0
9,14,9,14,11.5,23,5,8
6,7,6,7,6.5,13,1,4
4,5,4,5,4.5,9,1,3
4,7,4,7,5.5,11,3,3
4,1,1,4,2.5,5,3,0
13,11,11,13,12.0,24,2,10
19,15,15,19,17.0,34,4,14
15,9,9,15,12.0,24,6,8
11,27,11,27,19.0,38,16,10
5,5,5,5,5.0,10,0,1
23,18,18,23,20.5,41,5,17
1,13,1,13,7.0,14,12,0
21,25,21,25,23.0,46,4,19
1,5,1,5,3.0,6,4,0
4,5,4,5,4.5,9,1,1
6,3,3,6,4.5,9,3,2
1,4,1,4,2.5,5,3,0
31,28,28,31,29.5,59,3,21
13,36,13,36,24.5,49,23,12
5,1,1,5,3.0,6,4,0
15,7,7,15,11.0,22,8,4
6,1,1,6,3.5,7,5,0
1,6,1,6,3.5,7,5,0
4,1,1,4,2.5,5,3,0
23,49,23,49,36.0,72,26,19
1,24,1,24,12.5,25,23,0
7,1,1,7,4.0,8,6,0
4,3,3,4,3.5,7,1,2
17,23,17,23,20.0,40,6,16
1,5,1,5,3.0,6,4,0
9,9,9,9,9.0,18,0,8
2,5,2,5,3.5,7,3,0
6,5,5,6,5.5,11,1,4
12,10,10,12,11.0,22,2,9
4,1,1,4,2.5,5,3,0
16,20,16,20,18.0,36,4,15
18,17,17,18,17.5,35,1,12
5,5,5,5,5.0,10,0,4
5,5,5,5,5.0,10,0,1
5,7,5,7,6.0,12,2,2
3,8,3,8,5.5,11,5,2
5,3,3,5,4.0,8,2,2
25,25,25,25,25.0,50,0,24
1,8,1,8,4.5,9,7,0
5,5,5,5,5.0,10,0,4
4,5,4,5,4.5,9,1,3
6,13,6,13,9.5,19,7,5
3,6,3,6,4.5,9,3,0
20,55,20,55,37.5,75,35,12
5,1,1,5,3.0,6,4,0
23,21,21,23,22.0,44,2,18
6,2,2,6,4.0,8,4,0
8,14,8,14,11.0,22,6,6
16,16,16,16,16.0,32,0,11
27,23,23,27,25.0,50,4,22
4,5,4,5,4.5,9,1,2
28,23,23,28,25.5,51,5,19
6,13,6,13,9.5,19,7,0
2,14,2,14,8.0,16,12,0
1,4,1,4,2.5,5,3,0
4,1,1,4,2.5,5,3,0
24,6,6,24,15.0,30,18,4
5,1,1,5,3.0,6,4,0
10,1,1,10,5.5,11,9,0
14,18,14,18,16.0,32,4,13
1,5,1,5,3.0,6,4,0
7,7,7,7,7.0,14,0,6
9,13,9,13,11.0,22,4,6
13,7,7,13,10.0,20,6,5
18,8,8,18,13.0,26,10,6
1,21,1,21,11.0,22,20,0
5,5,5,5,5.0,10,0,4
1,5,1,5,3.0,6,4,0
9,4,4,9,6.5,13,5,3
9,6,6,9,7.5,15,3,5
14,15,14,15,14.5,29,1,12
11,6,6,11,8.5,17,5,5
5,1,1,5,3.0,6,4,0
7,6,6,7,6.5,13,1,5
19,22,19,22,20.5,41,3,18
5,14,5,14,9.5,19,9,4
7,5,5,7,6.0,12,2,4
6,2,2,6,4.0,8,4,0
1,8,1,8,4.5,9,7,0
7,13,7,13,10.0,20,6,6
1,4,1,4,2.5,5,3,0
8,8,8,8,8.0,16,0,7
11,1,1,11,6.0,12,10,0
5,11,5,11,8.0,16,6,0
11,5,5,11,8.0,16,6,4
7,29,7,29,18.0,36,22,6
5,10,5,10,7.5,15,5,0
9,2,2,9,5.5,11,7,0
7,7,7,7,7.0,14,0,5
4,4,4,4,4.0,8,0,2
7,1,1,7,4.0,8,6,0
29,2,2,29,15.5,31,27,0
1,38,1,38,19.5,39,37,0
19,12,12,19,15.5,31,7,10
4,107,4,107,55.5,111,103,0
8,7,7,8,7.5,15,1,6
6,2,2,6,4.0,8,4,0
4,6,4,6,5.0,10,2,3
9,11,9,11,10.0,20,2,7
1,8,1,8,4.5,9,7,0
26,6,6,26,16.0,32,20,5
4,1,1,4,2.5,5,3,0
5,29,5,29,17.0,34,24,0
35,23,23,35,29.0,58,12,11
2,4,2,4,3.0,6,2,1
4,1,1,4,2.5,5,3,0
24,27,24,27,25.5,51,3,23
21,20,20,21,20.5,41,1,17
7,7,7,7,7.0,14,0,6
10,10,10,10,10.0,20,0,7
4,4,4,4,4.0,8,0,0
2,30,2,30,16.0,32,28,0
9,23,9,23,16.0,32,14,4
6,1,1,6,3.5,7,5,0
4,2,2,4,3.0,6,2,1
3,11,3,11,7.0,14,8,2
1,5,1,5,3.0,6,4,0
4,1,1,4,2.5,5,3,0
2,4,2,4,3.0,6,2,1
5,6,5,6,5.5,11,1,3
6,10,6,10,8.0,16,4,1
4,1,1,4,2.5,5,3,0
18,18,18,18,18.0,36,0,17
7,8,7,8,7.5,15,1,0
1,4,1,4,2.5,5,3,0
10,10,10,10,10.0,20,0,8
5,1,1,5,3.0,6,4,0
31,20,20,31,25.5,51,11,17
6,6,6,6,6.0,12,0,0
9,4,4,9,6.5,13,5,3
10,22,10,22,16.0,32,12,0
14,17,14,17,15.5,31,3,12
1,11,1,11,6.0,12,10,0
2,12,2,12,7.0,14,10,1
9,11,9,11,10.0,20,2,6
4,1,1,4,2.5,5,3,0
34,19,19,34,26.5,53,15,16
15,15,15,15,15.0,30,0,14
9,9,9,9,9.0,18,0,4
13,15,13,15,14.0,28,2,10
1,5,1,5,3.0,6,4,0
42,41,41,42,41.5,83,1,39
6,6,6,6,6.0,12,0,5
21,20,20,21,20.5,41,1,15
38,32,32,38,35.0,70,6,31
6,1,1,6,3.5,7,5,0
1,4,1,4,2.5,5,3,0
17,13,13,17,15.0,30,4,12
9,11,9,11,10.0,20,2,5
5,5,5,5,5.0,10,0,4
1,6,1,6,3.5,7,5,0
4,5,4,5,4.5,9,1,3
8,6,6,8,7.0,14,2,2
18,7,7,18,12.5,25,11,5
6,7,6,7,6.5,13,1,5
3,5,3,5,4.0,8,2,2
17,24,17,24,20.5,41,7,15
5,6,5,6,5.5,11,1,4
16,17,16,17,16.5,33,1,14
10,10,10,10,10.0,20,0,9
5,5,5,5,5.0,10,0,4
5,1,1,5,3.0,6,4,0
13,8,8,13,10.5,21,5,5
1,5,1,5,3.0,6,4,0
3,4,3,4,3.5,7,1,2
2,4,2,4,3.0,6,2,0
5,2,2,5,3.5,7,3,1
1,4,1,4,2.5,5,3,0
1,9,1,9,5.0,10,8,0
7,9,7,9,8.0,16,2,5
2,8,2,8,5.0,10,6,0
11,1,1,11,6.0,12,10,0
18,16,16,18,17.0,34,2,14
6,4,4,6,5.0,10,2,0
45,46,45,46,45.5,91,1,44
4,2,2,4,3.0,6,2,1
5,1,1,5,3.0,6,4,0
15,13,13,15,14.0,28,2,10
14,16,14,16,15.0,30,2,11
4,1,1,4,2.5,5,3,0
13,17,13,17,15.0,30,4,6
23,22,22,23,22.5,45,1,20
20,31,20,31,25.5,51,11,18
10,1,1,10,5.5,11,9,0
4,2,2,4,3.0,6,2,1
22,17,17,22,19.5,39,5,15
5,2,2,5,3.5,7,3,1
1,75,1,75,38.0,76,74,0
31,32,31,32,31.5,63,1,29
23,17,17,23,20.0,40,6,15
20,19,19,20,19.5,39,1,16
29,33,29,33,31.0,62,4,11
5,1,1,5,3.0,6,4,0
6,6,6,6,6.0,12,0,5
4,5,4,5,4.5,9,1,3
9,13,9,13,11.0,22,4,8
8,3,3,8,5.5,11,5,2
12,11,11,12,11.5,23,1,10
1,4,1,4,2.5,5,3,0
17,17,17,17,17.0,34,0,16
1,4,1,4,2.5,5,3,0
9,9,9,9,9.0,18,0,8
25,32,25,32,28.5,57,7,23
1,12,1,12,6.5,13,11,0
1,4,1,4,2.5,5,3,0
1,9,1,9,5.0,10,8,0
22,20,20,22,21.0,42,2,18
7,8,7,8,7.5,15,1,6
1,4,1,4,2.5,5,3,0
11,15,11,15,13.0,26,4,9
1,4,1,4,2.5,5,3,0
5,1,1,5,3.0,6,4,0
1,5,1,5,3.0,6,4,0
12,21,12,21,16.5,33,9,11
1,5,1,5,3.0,6,4,0
4,1,1,4,2.5,5,3,0
1,9,1,9,5.0,10,8,0
6,1,1,6,3.5,7,5,0
49,41,41,49,45.0,90,8,24
11,8,8,11,9.5,19,3,6
6,5,5,6,5.5,11,1,4
5,1,1,5,3.0,6,4,0
5,4,4,5,4.5,9,1,3
1,5,1,5,3.0,6,4,0
5,1,1,5,3.0,6,4,0
1,6,1,6,3.5,7,5,0
9,1,1,9,5.0,10,8,0
4,1,1,4,2.5,5,3,0
4,1,1,4,2.5,5,3,0
1,4,1,4,2.5,5,3,0
14,14,14,14,14.0,28,0,13
38,35,35,38,36.5,73,3,27
1,10,1,10,5.5,11,9,0
1,6,1,6,3.5,7,5,0
14,12,12,14,13.0,26,2,10
8,9,8,9,8.5,17,1,6
7,10,7,10,8.5,17,3,0
5,1,1,5,3.0,6,4,0
32,17,17,32,24.5,49,15,16
12,12,12,12,12.0,24,0,10
8,2,2,8,5.0,10,6,1
18,21,18,21,19.5,39,3,4
7,1,1,7,4.0,8,6,0
36,1,1,36,18.5,37,35,0
5,6,5,6,5.5,11,1,4
4,4,4,4,4.0,8,0,0
14,18,14,18,16.0,32,4,11
4,1,1,4,2.5,5,3,0
13,7,7,13,10.0,20,6,5
1,4,1,4,2.5,5,3,0
12,4,4,12,8.0,16,8,0
4,4,4,4,4.0,8,0,3
3,4,3,4,3.5,7,1,2
1,7,1,7,4.0,8,6,0
7,7,7,7,7.0,14,0,6
4,4,4,4,4.0,8,0,3
6,5,5,6,5.5,11,1,0
4,1,1,4,2.5,5,3,0
13,23,13,23,18.0,36,10,12
26,24,24,26,25.0,50,2,22
6,6,6,6,6.0,12,0,5
19,23,19,23,21.0,42,4,10
8,8,8,8,8.0,16,0,2
2,5,2,5,3.5,7,3,1
5,2,2,5,3.5,7,3,0
24,30,24,30,27.0,54,6,23
1,5,1,5,3.0,6,4,0
1,16,1,16,8.5,17,15,0
8,10,8,10,9.0,18,2,6
5,3,3,5,4.0,8,2,0
2,4,2,4,3.0,6,2,1
1,4,1,4,2.5,5,3,0
5,1,1,5,3.0,6,4,0
4,6,4,6,5.0,10,2,2
5,1,1,5,3.0,6,4,0
9,9,9,9,9.0,18,0,7
1,7,1,7,4.0,8,6,0
5,4,4,5,4.5,9,1,3
6,1,1,6,3.5,7,5,0
19,16,16,19,17.5,35,3,10
1,6,1,6,3.5,7,5,0
9,8,8,9,8.5,17,1,7
8,1,1,8,4.5,9,7,0
9,7,7,9,8.0,16,2,5
36,25,25,36,30.5,61,11,19
4,2,2,4,3.0,6,2,0
16,23,16,23,19.5,39,7,9
1,6,1,6,3.5,7,5,0
77,2,2,77,39.5,79,75,0
8,12,8,12,10.0,20,4,4
13,14,13,14,13.5,27,1,11
4,1,1,4,2.5,5,3,0
25,17,17,25,21.0,42,8,11
6,1,1,6,3.5,7,5,0
7,12,7,12,9.5,19,5,6
5,5,5,5,5.0,10,0,4
4,4,4,4,4.0,8,0,3
19,16,16,19,17.5,35,3,11
41,17,17,41,29.0,58,24,12
4,2,2,4,3.0,6,2,1
15,9,9,15,12.0,24,6,8
1,10,1,10,5.5,11,9,0
5,1,1,5,3.0,6,4,0
4,6,4,6,5.0,10,2,2
1,4,1,4,2.5,5,3,0
10,9,9,10,9.5,19,1,8
5,5,5,5,5.0,10,0,4
9,18,9,18,13.5,27,9,7
24,23,23,24,23.5,47,1,20
15,4,4,15,9.5,19,11,0
5,1,1,5,3.0,6,4,0
24,25,24,25,24.5,49,1,22
9,9,9,9,9.0,18,0,7
12,2,2,12,7.0,14,10,1
11,16,11,16,13.5,27,5,9
9,8,8,9,8.5,17,1,6
19,31,19,31,25.0,50,12,14
1,4,1,4,2.5,5,3,0
6,6,6,6,6.0,12,0,5
12,7,7,12,9.5,19,5,6
5,4,4,5,4.5,9,1,3
1,61,1,61,31.0,62,60,0
6,4,4,6,5.0,10,2,3
10,14,10,14,12.0,24,4,9
16,13,13,16,14.5,29,3,11
6,2,2,6,4.0,8,4,0
10,9,9,10,9.5,19,1,7
6,1,1,6,3.5,7,5,0
24,9,9,24,16.5,33,15,6
5,4,4,5,4.5,9,1,1
1,8,1,8,4.5,9,7,0
7,9,7,9,8.0,16,2,6
5,4,4,5,4.5,9,1,2
7,1,1,7,4.0,8,6,0
1,11,1,11,6.0,12,10,0
1,5,1,5,3.0,6,4,0
14,15,14,15,14.5,29,1,13
16,16,16,16,16.0,32,0,13
24,9,9,24,16.5,33,15,7
14,12,12,14,13.0,26,2,11
1,5,1,5,3.0,6,4,0
14,1,1,14,7.5,15,13,0
19,32,19,32,25.5,51,13,17
30,33,30,33,31.5,63,3,29
1,4,1,4,2.5,5,3,0
27,10,10,27,18.5,37,17,2
1,5,1,5,3.0,6,4,0
4,5,4,5,4.5,9,1,3
16,16,16,16,16.0,32,0,13
11,8,8,11,9.5,19,3,2
13,11,11,13,12.0,24,2,7
7,5,5,7,6.0,12,2,4
26,26,26,26,26.0,52,0,25
4,4,4,4,4.0,8,0,1
15,6,6,15,10.5,21,9,3
6,2,2,6,4.0,8,4,1
8,6,6,8,7.0,14,2,3
1,12,1,12,6.5,13,11,0
1,5,1,5,3.0,6,4,0
8,7,7,8,7.5,15,1,6
9,3,3,9,6.0,12,6,0
5,1,1,5,3.0,6,4,0
1,4,1,4,2.5,5,3,0
17,24,17,24,20.5,41,7,15
8,3,3,8,5.5,11,5,2
7,1,1,7,4.0,8,6,0
4,4,4,4,4.0,8,0,0
13,12,12,13,12.5,25,1,11
1,75,1,75,38.0,76,74,0
1,22,1,22,11.5,23,21,0
11,11,11,11,11.0,22,0,10
5,4,4,5,4.5,9,1,2
7,7,7,7,7.0,14,0,4
17,17,17,17,17.0,34,0,13
146,29,29,146,87.5,175,117,25
1,4,1,4,2.5,5,3,0
1,7,1,7,4.0,8,6,0
22,44,22,44,33.0,66,22,20
1,6,1,6,3.5,7,5,0
5,9,5,9,7.0,14,4,4
16,10,10,16,13.0,26,6,9
9,9,9,9,9.0,18,0,7
16,9,9,16,12.5,25,7,2
1,19,1,19,10.0,20,18,0
7,5,5,7,6.0,12,2,4
1,5,1,5,3.0,6,4,0
1,6,1,6,3.5,7,5,0
39,33,33,39,36.0,72,6,31
15,14,14,15,14.5,29,1,12
14,17,14,17,15.5,31,3,11
18,18,18,18,18.0,36,0,14
4,1,1,4,2.5,5,3,0
4,1,1,4,2.5,5,3,0
8,10,8,10,9.0,18,2,7
7,8,7,8,7.5,15,1,6
9,10,9,10,9.5,19,1,7
5,14,5,14,9.5,19,9,2
31,25,25,31,28.0,56,6,24
4,4,4,4,4.0,8,0,3
47,33,33,47,40.0,80,14,30
14,48,14,48,31.0,62,34,13
5,1,1,5,3.0,6,4,0
2,21,2,21,11.5,23,19,0
11,9,9,11,10.0,20,2,8
5,1,1,5,3.0,6,4,0
7,1,1,7,4.0,8,6,0
7,7,7,7,7.0,14,0,4
42,22,22,42,32.0,64,20,18
5,1,1,5,3.0,6,4,0
9,1,1,9,5.0,10,8,0
1,44,1,44,22.5,45,43,0
3,4,3,4,3.5,7,1,2
7,9,7,9,8.0,16,2,5
4,1,1,4,2.5,5,3,0
14,13,13,14,13.5,27,1,12
4,5,4,5,4.5,9,1,3
1,8,1,8,4.5,9,7,0
11,1,1,11,6.0,12,10,0
19,19,19,19,19.0,38,0,17
32,28,28,32,30.0,60,4,19
4,4,4,4,4.0,8,0,3
22,31,22,31,26.5,53,9,18
5,5,5,5,5.0,10,0,4
6,5,5,6,5.5,11,1,3
11,10,10,11,10.5,21,1,9
4,4,4,4,4.0,8,0,3
9,13,9,13,11.0,22,4,7
4,1,1,4,2.5,5,3,0
1,15,1,15,8.0,16,14,0
1,10,1,10,5.5,11,9,0
6,6,6,6,6.0,12,0,5
1,4,1,4,2.5,5,3,0
4,1,1,4,2.5,5,3,0
6,6,6,6,6.0,12,0,5
5,9,5,9,7.0,14,4,4
9,12,9,12,10.5,21,3,5
1,146,1,146,73.5,147,145,0
15,13,13,15,14.0,28,2,9
8,1,1,8,4.5,9,7,0
1,4,1,4,2.5,5,3,0
22,24,22,24,23.0,46,2,21
8,13,8,13,10.5,21,5,5
9,8,8,9,8.5,17,1,4
17,20,17,20,18.5,37,3,14
5,4,4,5,4.5,9,1,2
5,4,4,5,4.5,9,1,2
12,13,12,13,12.5,25,1,11
1,10,1,10,5.5,11,9,0
4,1,1,4,2.5,5,3,0
4,3,3,4,3.5,7,1,2
10,10,10,10,10.0,20,0,8
4,1,1,4,2.5,5,3,0
12,12,12,12,12.0,24,0,11
11,12,11,12,11.5,23,1,9
9,8,8,9,8.5,17,1,6
4,3,3,4,3.5,7,1,2
6,1,1,6,3.5,7,5,0
5,5,5,5,5.0,10,0,0
41,51,41,51,46.0,92,10,24
5,5,5,5,5.0,10,0,4
1,5,1,5,3.0,6,4,0
5,5,5,5,5.0,10,0,4
16,2,2,16,9.0,18,14,1
4,7,4,7,5.5,11,3,2
1,4,1,4,2.5,5,3,0
22,15,15,22,18.5,37,7,11
5,4,4,5,4.5,9,1,2
16,17,16,17,16.5,33,1,15
26,26,26,26,26.0,52,0,25
17,13,13,17,15.0,30,4,11
7,7,7,7,7.0,14,0,1
26,25,25,26,25.5,51,1,23
12,43,12,43,27.5,55,31,11
5,1,1,5,3.0,6,4,0
6,6,6,6,6.0,12,0,5
10,10,10,10,10.0,20,0,8
12,11,11,12,11.5,23,1,10
9,7,7,9,8.0,16,2,6
16,30,16,30,23.0,46,14,6
16,6,6,16,11.0,22,10,1
5,5,5,5,5.0,10,0,4
5,2,2,5,3.5,7,3,0
12,19,12,19,15.5,31,7,7
1,6,1,6,3.5,7,5,0
7,25,7,25,16.0,32,18,3
10,1,1,10,5.5,11,9,0
2,8,2,8,5.0,10,6,1
25,22,22,25,23.5,47,3,13
1,4,1,4,2.5,5,3,0
22,12,12,22,17.0,34,10,11
2,4,2,4,3.0,6,2,0
54,27,27,54,40.5,81,27,25
4,1,1,4,2.5,5,3,0
6,1,1,6,3.5,7,5,0
15,13,13,15,14.0,28,2,12
5,5,5,5,5.0,10,0,4
22,18,18,22,20.0,40,4,17
4,107,4,107,55.5,111,103,0
4,4,4,4,4.0,8,0,2
5,1,1,5,3.0,6,4,0
11,2,2,11,6.5,13,9,0
27,19,19,27,23.0,46,8,18
7,1,1,7,4.0,8,6,0
4,1,1,4,2.5,5,3,0
1,10,1,10,5.5,11,9,0
31,31,31,31,31.0,62,0,29
7,5,5,7,6.0,12,2,4
6,8,6,8,7.0,14,2,4
29,26,26,29,27.5,55,3,24
10,8,8,10,9.0,18,2,3
19,18,18,19,18.5,37,1,14
5,1,1,5,3.0,6,4,0
6,5,5,6,5.5,11,1,0
4,1,1,4,2.5,5,3,0
1,6,1,6,3.5,7,5,0
38,18,18,38,28.0,56,20,16
7,4,4,7,5.5,11,3,3
7,4,4,7,5.5,11,3,3
5,1,1,5,3.0,6,4,0
7,6,6,7,6.5,13,1,5
7,7,7,7,7.0,14,0,5
4,1,1,4,2.5,5,3,0
50,25,25,50,37.5,75,25,24
4,30,4,30,17.0,34,26,3
1,40,1,40,20.5,41,39,0
6,6,6,6,6.0,12,0,1
11,11,11,11,11.0,22,0,9
4,5,4,5,4.5,9,1,3
36,30,30,36,33.0,66,6,11
2,14,2,14,8.0,16,12,0
4,4,4,4,4.0,8,0,3
13,9,9,13,11.0,22,4,8
5,1,1,5,3.0,6,4,0
1,5,1,5,3.0,6,4,0
9,3,3,9,6.0,12,6,2
40,21,21,40,30.5,61,19,18
5,5,5,5,5.0,10,0,4
7,2,2,7,4.5,9,5,0
11,1,1,11,6.0,12,10,0
10,11,10,11,10.5,21,1,8
4,7,4,7,5.5,11,3,3
4,1,1,4,2.5,5,3,0
1,6,1,6,3.5,7,5,0
6,2,2,6,4.0,8,4,1
24,20,20,24,22.0,44,4,17
7,7,7,7,7.0,14,0,1
25,33,25,33,29.0,58,8,4
6,19,6,19,12.5,25,13,5
10,2,2,10,6.0,12,8,0
4,6,4,6,5.0,10,2,3
9,7,7,9,8.0,16,2,2
6,2,2,6,4.0,8,4,0
5,6,5,6,5.5,11,1,4
5,1,1,5,3.0,6,4,0
6,6,6,6,6.0,12,0,5
5,5,5,5,5.0,10,0,4
1,14,1,14,7.5,15,13,0
4,17,4,17,10.5,21,13,1
6,6,6,6,6.0,12,0,5
8,9,8,9,8.5,17,1,6
4,1,1,4,2.5,5,3,0
29,1,1,29,15.0,30,28,0
5,1,1,5,3.0,6,4,0
2,4,2,4,3.0,6,2,0
17,1,1,17,9.0,18,16,0
6,1,1,6,3.5,7,5,0
4,5,4,5,4.5,9,1,3
1,5,1,5,3.0,6,4,0
4,2,2,4,3.0,6,2,1
4,1,1,4,2.5,5,3,0
6,8,6,8,7.0,14,2,4
1,5,1,5,3.0,6,4,0
6,1,1,6,3.5,7,5,0
5,5,5,5,5.0,10,0,3
6,6,6,6,6.0,12,0,5
10,11,10,11,10.5,21,1,8
1,10,1,10,5.5,11,9,0
4,6,4,6,5.0,10,2,2
4,5,4,5,4.5,9,1,3
15,5,5,15,10.0,20,10,4
10,8,8,10,9.0,18,2,3
4,2,2,4,3.0,6,2,1
6,6,6,6,6.0,12,0,5
20,21,20,21,20.5,41,1,17
5,1,1,5,3.0,6,4,0
18,21,18,21,19.5,39,3,17
13,1,1,13,7.0,14,12,0
28,49,28,49,38.5,77,21,27
1,5,1,5,3.0,6,4,0
31,31,31,31,31.0,62,0,26
1,5,1,5,3.0,6,4,0
7,1,1,7,4.0,8,6,0
9,1,1,9,5.0,10,8,0
9,16,9,16,12.5,25,7,6
4,1,1,4,2.5,5,3,0
4,1,1,4,2.5,5,3,0
37,38,37,38,37.5,75,1,26
13,9,9,13,11.0,22,4,8
1,5,1,5,3.0,6,4,0
4,1,1,4,2.5,5,3,0
1,13,1,13,7.0,14,12,0
20,9,9,20,14.5,29,11,8
4,6,4,6,5.0,10,2,3
1,14,1,14,7.5,15,13,0
2,43,2,43,22.5,45,41,0
33,25,25,33,29.0,58,8,18
1,6,1,6,3.5,7,5,0
13,9,9,13,11.0,22,4,5
1,4,1,4,2.5,5,3,0
10,8,8,10,9.0,18,2,7
1,14,1,14,7.5,15,13,0
4,1,1,4,2.5,5,3,0
1,8,1,8,4.5,9,7,0
1,4,1,4,2.5,5,3,0
19,31,19,31,25.0,50,12,14
1,8,1,8,4.5,9,7,0
1,5,1,5,3.0,6,4,0
7,5,5,7,6.0,12,2,1
5,1,1,5,3.0,6,4,0
9,12,9,12,10.5,21,3,8
49,47,47,49,48.0,96,2,46
4,1,1,4,2.5,5,3,0
1,11,1,11,6.0,12,10,0
4,4,4,4,4.0,8,0,3
9,5,5,9,7.0,14,4,2
4,20,4,20,12.0,24,16,3
4,4,4,4,4.0,8,0,3
4,1,1,4,2.5,5,3,0
12,1,1,12,6.5,13,11,0
12,11,11,12,11.5,23,1,10
23,23,23,23,23.0,46,0,21
1,5,1,5,3.0,6,4,0
4,1,1,4,2.5,5,3,0
13,9,9,13,11.0,22,4,6
1,5,1,5,3.0,6,4,0
6,2,2,6,4.0,8,4,1
4,2,2,4,3.0,6,2,1
12,40,12,40,26.0,52,28,8
12,14,12,14,13.0,26,2,9
18,17,17,18,17.5,35,1,16
54,40,40,54,47.0,94,14,38
21,21,21,21,21.0,42,0,20
1,5,1,5,3.0,6,4,0
1,7,1,7,4.0,8,6,0
2,15,2,15,8.5,17,13,0
4,1,1,4,2.5,5,3,0
1,18,1,18,9.5,19,17,0
24,49,24,49,36.5,73,25,23
33,29,29,33,31.0,62,4,25
1,8,1,8,4.5,9,7,0
8,7,7,8,7.5,15,1,5
1,22,1,22,11.5,23,21,0
49,24,24,49,36.5,73,25,23
8,10,8,10,9.0,18,2,7
26,30,26,30,28.0,56,4,22
5,7,5,7,6.0,12,2,4
6,5,5,6,5.5,11,1,4
50,33,33,50,41.5,83,17,22
1,4,1,4,2.5,5,3,0
4,3,3,4,3.5,7,1,1
6,5,5,6,5.5,11,1,4
10,7,7,10,8.5,17,3,4
43,45,43,45,44.0,88,2,32
7,9,7,9,8.0,16,2,6
5,1,1,5,3.0,6,4,0
13,9,9,13,11.0,22,4,7
1,4,1,4,2.5,5,3,0
2,8,2,8,5.0,10,6,0
4,4,4,4,4.0,8,0,3
5,5,5,5,5.0,10,0,4
20,19,19,20,19.5,39,1,18
17,14,14,17,15.5,31,3,10
11,12,11,12,11.5,23,1,10
10,11,10,11,10.5,21,1,9
7,1,1,7,4.0,8,6,0
1,12,1,12,6.5,13,11,0
4,1,1,4,2.5,5,3,0
5,1,1,5,3.0,6,4,0
17,22,17,22,19.5,39,5,16
20,33,20,33,26.5,53,13,18
4,1,1,4,2.5,5,3,0
1,4,1,4,2.5,5,3,0
6,1,1,6,3.5,7,5,0
38,15,15,38,26.5,53,23,12
45,26,26,45,35.5,71,19,21
1,6,1,6,3.5,7,5,0
10,6,6,10,8.0,16,4,2
5,7,5,7,6.0,12,2,1
6,8,6,8,7.0,14,2,4
5,2,2,5,3.5,7,3,1
4,1,1,4,2.5,5,3,0
1,19,1,19,10.0,20,18,0
4,1,1,4,2.5,5,3,0
14,15,14,15,14.5,29,1,11
1,4,1,4,2.5,5,3,0
11,12,11,12,11.5,23,1,9
37,21,21,37,29.0,58,16,13
42,34,34,42,38.0,76,8,28
13,19,13,19,16.0,32,6,9
8,1,1,8,4.5,9,7,0
5,5,5,5,5.0,10,0,1
6,2,2,6,4.0,8,4,1
13,8,8,13,10.5,21,5,7
6,1,1,6,3.5,7,5,0
48,11,11,48,29.5,59,37,7
1,5,1,5,3.0,6,4,0
13,7,7,13,10.0,20,6,5
3,4,3,4,3.5,7,1,2
6,6,6,6,6.0,12,0,3
7,12,7,12,9.5,19,5,3
5,1,1,5,3.0,6,4,0
8,1,1,8,4.5,9,7,0
1,4,1,4,2.5,5,3,0
31,21,21,31,26.0,52,10,17
30,4,4,30,17.0,34,26,3
28,23,23,28,25.5,51,5,22
4,4,4,4,4.0,8,0,3
49,42,42,49,45.5,91,7,33
12,13,12,13,12.5,25,1,11
20,22,20,22,21.0,42,2,14
17,15,15,17,16.0,32,2,13
8,7,7,8,7.5,15,1,3
4,1,1,4,2.5,5,3,0
3,6,3,6,4.5,9,3,2
2,6,2,6,4.0,8,4,1
4,2,2,4,3.0,6,2,1
4,1,1,4,2.5,5,3,0
13,18,13,18,15.5,31,5,6
1,4,1,4,2.5,5,3,0
18,23,18,23,20.5,41,5,15
4,19,4,19,11.5,23,15,0
1,14,1,14,7.5,15,13,0
5,5,5,5,5.0,10,0,0
6,10,6,10,8.0,16,4,1
1,5,1,5,3.0,6,4,0
16,6,6,16,11.0,22,10,5
1,4,1,4,2.5,5,3,0
4,1,1,4,2.5,5,3,0
7,2,2,7,4.5,9,5,1
6,8,6,8,7.0,14,2,5
9,6,6,9,7.5,15,3,2
51,42,42,51,46.5,93,9,25
4,4,4,4,4.0,8,0,3
4,2,2,4,3.0,6,2,1
7,8,7,8,7.5,15,1,6
20,20,20,20,20.0,40,0,18
1,4,1,4,2.5,5,3,0
9,15,9,15,12.0,24,6,7
37,34,34,37,35.5,71,3,30
6,13,6,13,9.5,19,7,1
2,14,2,14,8.0,16,12,0
1,4,1,4,2.5,5,3,0
4,4,4,4,4.0,8,0,2
23,21,21,23,22.0,44,2,18
40,34,34,40,37.0,74,6,33
7,1,1,7,4.0,8,6,0
14,11,11,14,12.5,25,3,10
8,9,8,9,8.5,17,1,7
6,4,4,6,5.0,10,2,3
4,4,4,4,4.0,8,0,3
5,1,1,5,3.0,6,4,0
31,41,31,41,36.0,72,10,27
41,12,12,41,26.5,53,29,11
5,1,1,5,3.0,6,4,0
5,20,5,20,12.5,25,15,0
23,19,19,23,21.0,42,4,18
1,24,1,24,12.5,25,23,0
4,1,1,4,2.5,5,3,0
1,4,1,4,2.5,5,3,0
6,1,1,6,3.5,7,5,0
8,7,7,8,7.5,15,1,6
20,20,20,20,20.0,40,0,18
7,1,1,7,4.0,8,6,0
27,26,26,27,26.5,53,1,25
1,6,1,6,3.5,7,5,0
21,29,21,29,25.0,50,8,18
7,4,4,7,5.5,11,3,3
8,19,8,19,13.5,27,11,7
7,6,6,7,6.5,13,1,5
1,8,1,8,4.5,9,7,0
34,33,33,34,33.5,67,1,28
19,19,19,19,19.0,38,0,16
5,6,5,6,5.5,11,1,3
7,1,1,7,4.0,8,6,0
13,5,5,13,9.0,18,8,4
4,1,1,4,2.5,5,3,0
4,1,1,4,2.5,5,3,0
31,23,23,31,27.0,54,8,22
10,9,9,10,9.5,19,1,6
13,12,12,13,12.5,25,1,11
6,6,6,6,6.0,12,0,5
1,5,1,5,3.0,6,4,0
2,9,2,9,5.5,11,7,0
44,28,28,44,36.0,72,16,19
10,10,10,10,10.0,20,0,7
17,17,17,17,17.0,34,0,16
11,1,1,11,6.0,12,10,0
32,22,22,32,27.0,54,10,20
5,1,1,5,3.0,6,4,0
11,14,11,14,12.5,25,3,10
5,1,1,5,3.0,6,4,0
7,18,7,18,12.5,25,11,6
10,11,10,11,10.5,21,1,8
31,36,31,36,33.5,67,5,28
2,4,2,4,3.0,6,2,1
1,11,1,11,6.0,12,10,0
4,8,4,8,6.0,12,4,3
6,2,2,6,4.0,8,4,0
6,1,1,6,3.5,7,5,0
7,6,6,7,6.5,13,1,5
13,13,13,13,13.0,26,0,12
7,5,5,7,6.0,12,2,3
4,1,1,4,2.5,5,3,0
5,1,1,5,3.0,6,4,0
4,10,4,10,7.0,14,6,3
8,6,6,8,7.0,14,2,5
2,4,2,4,3.0,6,2,1
15,11,11,15,13.0,26,4,4
9,1,1,9,5.0,10,8,0
1,4,1,4,2.5,5,3,0
43,34,34,43,38.5,77,9,29
15,9,9,15,12.0,24,6,6
2,4,2,4,3.0,6,2,1
1,16,1,16,8.5,17,15,0
3,8,3,8,5.5,11,5,1
18,19,18,19,18.5,37,1,16
5,5,5,5,5.0,10,0,4
20,29,20,29,24.5,49,9,18
1,8,1,8,4.5,9,7,0
5,1,1,5,3.0,6,4,0
7,6,6,7,6.5,13,1,5
42,51,42,51,46.5,93,9,25
2,4,2,4,3.0,6,2,1
4,1,1,4,2.5,5,3,0
4,1,1,4,2.5,5,3,0
6,2,2,6,4.0,8,4,0
4,1,1,4,2.5,5,3,0
9,9,9,9,9.0,18,0,2
6,4,4,6,5.0,10,2,3
2,4,2,4,3.0,6,2,1
20,18,18,20,19.0,38,2,17
14,1,1,14,7.5,15,13,0
11,11,11,11,11.0,22,0,9
7,8,7,8,7.5,15,1,5
13,18,13,18,15.5,31,5,11
13,12,12,13,12.5,25,1,10
1,4,1,4,2.5,5,3,0
13,15,13,15,14.0,28,2,11
7,7,7,7,7.0,14,0,4
4,5,4,5,4.5,9,1,3
9,9,9,9,9.0,18,0,8
2,18,2,18,10.0,20,16,0
7,8,7,8,7.5,15,1,6
10,15,10,15,12.5,25,5,7
5,13,5,13,9.0,18,8,1
11,10,10,11,10.5,21,1,4
17,17,17,17,17.0,34,0,15
1,4,1,4,2.5,5,3,0
2,5,2,5,3.5,7,3,0
25,21,21,25,23.0,46,4,18
3,4,3,4,3.5,7,1,2
7,5,5,7,6.0,12,2,0
12,9,9,12,10.5,21,3,7
5,1,1,5,3.0,6,4,0
18,29,18,29,23.5,47,11,15
12,6,6,12,9.0,18,6,3
17,1,1,17,9.0,18,16,0
2,4,2,4,3.0,6,2,1
1,6,1,6,3.5,7,5,0
11,13,11,13,12.0,24,2,9
1,4,1,4,2.5,5,3,0
1,6,1,6,3.5,7,5,0
4,1,1,4,2.5,5,3,0
16,8,8,16,12.0,24,8,6
6,6,6,6,6.0,12,0,4
1,8,1,8,4.5,9,7,0
1,11,1,11,6.0,12,10,0
4,1,1,4,2.5,5,3,0
8,2,2,8,5.0,10,6,1
3,16,3,16,9.5,19,13,0
21,31,21,31,26.0,52,10,13
15,21,15,21,18.0,36,6,14
4,6,4,6,5.0,10,2,2
1,11,1,11,6.0,12,10,0
4,1,1,4,2.5,5,3,0
14,1,1,14,7.5,15,13,0
6,7,6,7,6.5,13,1,5
5,1,1,5,3.0,6,4,0
2,8,2,8,5.0,10,6,0
4,4,4,4,4.0,8,0,2
11,12,11,12,11.5,23,1,9
1,9,1,9,5.0,10,8,0
7,7,7,7,7.0,14,0,6
14,14,14,14,14.0,28,0,13
4,5,4,5,4.5,9,1,0
11,11,11,11,11.0,22,0,10
1,8,1,8,4.5,9,7,0
2,21,2,21,11.5,23,19,1
5,2,2,5,3.5,7,3,1
12,9,9,12,10.5,21,3,7
6,5,5,6,5.5,11,1,2
13,12,12,13,12.5,25,1,10
1,4,1,4,2.5,5,3,0
1,4,1,4,2.5,5,3,0
33,18,18,33,25.5,51,15,14
4,2,2,4,3.0,6,2,1
1,18,1,18,9.5,19,17,0
10,9,9,10,9.5,19,1,8
5,4,4,5,4.5,9,1,2
5,5,5,5,5.0,10,0,3
1,5,1,5,3.0,6,4,0
5,1,1,5,3.0,6,4,0
4,10,4,10,7.0,14,6,1
7,18,7,18,12.5,25,11,2
8,6,6,8,7.0,14,2,5
4,8,4,8,6.0,12,4,1
7,6,6,7,6.5,13,1,5
10,12,10,12,11.0,22,2,9
22,16,16,22,19.0,38,6,13
11,13,11,13,12.0,24,2,10
6,18,6,18,12.0,24,12,3
4,1,1,4,2.5,5,3,0
2,4,2,4,3.0,6,2,1
19,20,19,20,19.5,39,1,16
5,3,3,5,4.0,8,2,2
2,4,2,4,3.0,6,2,1
1,11,1,11,6.0,12,10,0
5,1,1,5,3.0,6,4,0
6,4,4,6,5.0,10,2,1
4,7,4,7,5.5,11,3,1
17,35,17,35,26.0,52,18,12
1,4,1,4,2.5,5,3,0
8,5,5,8,6.5,13,3,4
6,2,2,6,4.0,8,4,0
6,7,6,7,6.5,13,1,5
5,2,2,5,3.5,7,3,1
5,1,1,5,3.0,6,4,0
7,8,7,8,7.5,15,1,5
36,23,23,36,29.5,59,13,21
5,4,4,5,4.5,9,1,0
6,6,6,6,6.0,12,0,4
4,5,4,5,4.5,9,1,3
4,4,4,4,4.0,8,0,3
14,16,14,16,15.0,30,2,9
13,13,13,13,13.0,26,0,12
11,11,11,11,11.0,22,0,10
22,19,19,22,20.5,41,3,17
10,8,8,10,9.0,18,2,7
7,7,7,7,7.0,14,0,6
8,8,8,8,8.0,16,0,7
15,6,6,15,10.5,21,9,4
12,1,1,12,6.5,13,11,0
2,7,2,7,4.5,9,5,1
6,7,6,7,6.5,13,1,5
3,5,3,5,4.0,8,2,2
10,10,10,10,10.0,20,0,9
7,7,7,7,7.0,14,0,5
11,11,11,11,11.0,22,0,10
5,5,5,5,5.0,10,0,4
1,7,1,7,4.0,8,6,0
1,4,1,4,2.5,5,3,0
7,9,7,9,8.0,16,2,6
1,4,1,4,2.5,5,3,0
4,6,4,6,5.0,10,2,0
11,9,9,11,10.0,20,2,7
26,26,26,26,26.0,52,0,25
3,8,3,8,5.5,11,5,1
4,1,1,4,2.5,5,3,0
8,8,8,8,8.0,16,0,6
6,1,1,6,3.5,7,5,0
6,5,5,6,5.5,11,1,2
5,4,4,5,4.5,9,1,2
6,6,6,6,6.0,12,0,5
9,14,9,14,11.5,23,5,6
24,20,20,24,22.0,44,4,18
1,5,1,5,3.0,6,4,0
11,11,11,11,11.0,22,0,9
1,9,1,9,5.0,10,8,0
1,10,1,10,5.5,11,9,0
1,6,1,6,3.5,7,5,0
14,13,13,14,13.5,27,1,12
4,1,1,4,2.5,5,3,0
24,23,23,24,23.5,47,1,19
6,1,1,6,3.5,7,5,0
13,24,13,24,18.5,37,11,12
5,1,1,5,3.0,6,4,0
14,13,13,14,13.5,27,1,11
10,39,10,39,24.5,49,29,7
19,19,19,19,19.0,38,0,18
5,5,5,5,5.0,10,0,4
4,1,1,4,2.5,5,3,0
6,6,6,6,6.0,12,0,5
5,2,2,5,3.5,7,3,1
10,9,9,10,9.5,19,1,8
13,12,12,13,12.5,25,1,10
26,26,26,26,26.0,52,0,25
29,34,29,34,31.5,63,5,23
1,5,1,5,3.0,6,4,0
20,21,20,21,20.5,41,1,19
12,5,5,12,8.5,17,7,4
8,9,8,9,8.5,17,1,1
12,12,12,12,12.0,24,0,9
1,5,1,5,3.0,6,4,0
11,11,11,11,11.0,22,0,7
1,19,1,19,10.0,20,18,0
9,7,7,9,8.0,16,2,4
23,33,23,33,28.0,56,10,14
9,8,8,9,8.5,17,1,7
10,13,10,13,11.5,23,3,8
1,5,1,5,3.0,6,4,0
4,1,1,4,2.5,5,3,0
146,9,9,146,77.5,155,137,6
1,5,1,5,3.0,6,4,0
11,7,7,11,9.0,18,4,6
30,29,29,30,29.5,59,1,22
4,8,4,8,6.0,12,4,2
5,4,4,5,4.5,9,1,1
21,22,21,22,21.5,43,1,18
1,4,1,4,2.5,5,3,0
4,1,1,4,2.5,5,3,0
4,1,1,4,2.5,5,3,0
12,17,12,17,14.5,29,5,9
7,10,7,10,8.5,17,3,5
7,1,1,7,4.0,8,6,0
6,1,1,6,3.5,7,5,0
19,33,19,33,26.0,52,14,8
4,1,1,4,2.5,5,3,0
31,33,31,33,32.0,64,2,30
8,13,8,13,10.5,21,5,5
17,39,17,39,28.0,56,22,13
36,12,12,36,24.0,48,24,9
5,1,1,5,3.0,6,4,0
5,1,1,5,3.0,6,4,0
1,16,1,16,8.5,17,15,0
15,1,1,15,8.0,16,14,0
7,11,7,11,9.0,18,4,5
28,27,27,28,27.5,55,1,24
19,20,19,20,19.5,39,1,18
20,22,20,22,21.0,42,2,18
5,1,1,5,3.0,6,4,0
6,1,1,6,3.5,7,5,0
10,1,1,10,5.5,11,9,0
20,22,20,22,21.0,42,2,14
4,1,1,4,2.5,5,3,0
1,8,1,8,4.5,9,7,0
1,26,1,26,13.5,27,25,0
5,1,1,5,3.0,6,4,0
5,5,5,5,5.0,10,0,0
2,5,2,5,3.5,7,3,1
4,1,1,4,2.5,5,3,0
24,11,11,24,17.5,35,13,8
9,11,9,11,10.0,20,2,8
33,20,20,33,26.5,53,13,19
1,8,1,8,4.5,9,7,0
38,24,24,38,31.0,62,14,23
4,5,4,5,4.5,9,1,3
1,9,1,9,5.0,10,8,0
11,8,8,11,9.5,19,3,6
9,12,9,12,10.5,21,3,8
42,45,42,45,43.5,87,3,32
27,24,24,27,25.5,51,3,23
15,21,15,21,18.0,36,6,14
5,2,2,5,3.5,7,3,1
5,2,2,5,3.5,7,3,1
1,5,1,5,3.0,6,4,0
23,1,1,23,12.0,24,22,0
4,15,4,15,9.5,19,11,3
10,12,10,12,11.0,22,2,9
8,4,4,8,6.0,12,4,3
7,1,1,7,4.0,8,6,0
5,3,3,5,4.0,8,2,2
4,1,1,4,2.5,5,3,0
24,33,24,33,28.5,57,9,18
19,16,16,19,17.5,35,3,14
1,10,1,10,5.5,11,9,0
2,5,2,5,3.5,7,3,0
20,6,6,20,13.0,26,14,0
7,9,7,9,8.0,16,2,5
4,5,4,5,4.5,9,1,3
7,7,7,7,7.0,14,0,5
9,9,9,9,9.0,18,0,6
1,10,1,10,5.5,11,9,0
32,31,31,32,31.5,63,1,29
6,13,6,13,9.5,19,7,4
5,5,5,5,5.0,10,0,4
4,1,1,4,2.5,5,3,0
5,5,5,5,5.0,10,0,4
31,33,31,33,32.0,64,2,30
7,7,7,7,7.0,14,0,6
23,27,23,27,25.0,50,4,18
6,1,1,6,3.5,7,5,0
8,9,8,9,8.5,17,1,7
1,6,1,6,3.5,7,5,0
5,8,5,8,6.5,13,3,3
15,12,12,15,13.5,27,3,10
25,25,25,25,25.0,50,0,23
6,4,4,6,5.0,10,2,3
49,36,36,49,42.5,85,13,34
3,4,3,4,3.5,7,1,2
1,15,1,15,8.0,16,14,0
32,41,32,41,36.5,73,9,31
8,8,8,8,8.0,16,0,7
6,8,6,8,7.0,14,2,3
9,2,2,9,5.5,11,7,1
10,10,10,10,10.0,20,0,7
5,4,4,5,4.5,9,1,2
4,20,4,20,12.0,24,16,0
2,5,2,5,3.5,7,3,0
9,10,9,10,9.5,19,1,8
5,1,1,5,3.0,6,4,0
7,7,7,7,7.0,14,0,6
8,1,1,8,4.5,9,7,0
5,1,1,5,3.0,6,4,0
1,9,1,9,5.0,10,8,0
8,8,8,8,8.0,16,0,7
14,14,14,14,14.0,28,0,12
7,6,6,7,6.5,13,1,5
1,8,1,8,4.5,9,7,0
10,7,7,10,8.5,17,3,5
19,16,16,19,17.5,35,3,15
1,4,1,4,2.5,5,3,0
17,20,17,20,18.5,37,3,16
2,5,2,5,3.5,7,3,1
5,1,1,5,3.0,6,4,0
4,6,4,6,5.0,10,2,3
1,4,1,4,2.5,5,3,0
5,7,5,7,6.0,12,2,3
1,5,1,5,3.0,6,4,0
14,1,1,14,7.5,15,13,0
4,1,1,4,2.5,5,3,0
1,18,1,18,9.5,19,17,0
25,35,25,35,30.0,60,10,11
1,4,1,4,2.5,5,3,0
1,4,1,4,2.5,5,3,0
21,15,15,21,18.0,36,6,14
17,20,17,20,18.5,37,3,10
7,6,6,7,6.5,13,1,5
4,1,1,4,2.5,5,3,0
6,5,5,6,5.5,11,1,4
30,32,30,32,31.0,62,2,28
9,14,9,14,11.5,23,5,3
22,19,19,22,20.5,41,3,16
15,8,8,15,11.5,23,7,7
6,7,6,7,6.5,13,1,3
6,1,1,6,3.5,7,5,0
5,5,5,5,5.0,10,0,4
8,8,8,8,8.0,16,0,7
25,25,25,25,25.0,50,0,24
9,1,1,9,5.0,10,8,0
1,4,1,4,2.5,5,3,0
7,9,7,9,8.0,16,2,6
5,1,1,5,3.0,6,4,0
6,11,6,11,8.5,17,5,0
9,8,8,9,8.5,17,1,0
13,12,12,13,12.5,25,1,11
8,5,5,8,6.5,13,3,3
10,1,1,10,5.5,11,9,0
3,22,3,22,12.5,25,19,0
4,4,4,4,4.0,8,0,3
1,13,1,13,7.0,14,12,0
18,13,13,18,15.5,31,5,11
1,5,1,5,3.0,6,4,0
5,2,2,5,3.5,7,3,1
6,6,6,6,6.0,12,0,4
1,4,1,4,2.5,5,3,0
3,14,3,14,8.5,17,11,0
36,30,30,36,33.0,66,6,27
8,15,8,15,11.5,23,7,6
1,7,1,7,4.0,8,6,0
4,4,4,4,4.0,8,0,3
5,1,1,5,3.0,6,4,0
8,6,6,8,7.0,14,2,5
5,2,2,5,3.5,7,3,1
19,21,19,21,20.0,40,2,15
5,1,1,5,3.0,6,4,0
1,6,1,6,3.5,7,5,0
5,3,3,5,4.0,8,2,2
1,5,1,5,3.0,6,4,0
6,7,6,7,6.5,13,1,5
26,25,25,26,25.5,51,1,24
19,18,18,19,18.5,37,1,17
11,11,11,11,11.0,22,0,10
4,1,1,4,2.5,5,3,0
41,45,41,45,43.0,86,4,40
19,14,14,19,16.5,33,5,11
6,9,6,9,7.5,15,3,5
25,22,22,25,23.5,47,3,20
8,10,8,10,9.0,18,2,4
7,6,6,7,6.5,13,1,5
13,1,1,13,7.0,14,12,0
37,30,30,37,33.5,67,7,29
9,3,3,9,6.0,12,6,2
1,4,1,4,2.5,5,3,0
9,11,9,11,10.0,20,2,8
30,41,30,41,35.5,71,11,21
11,1,1,11,6.0,12,10,0
10,8,8,10,9.0,18,2,7
6,1,1,6,3.5,7,5,0
10,7,7,10,8.5,17,3,2
11,1,1,11,6.0,12,10,0
1,49,1,49,25.0,50,48,0
11,12,11,12,11.5,23,1,10
12,12,12,12,12.0,24,0,10
1,11,1,11,6.0,12,10,0
1,9,1,9,5.0,10,8,0
2,4,2,4,3.0,6,2,1
8,6,6,8,7.0,14,2,2
33,38,33,38,35.5,71,5,24
7,8,7,8,7.5,15,1,5
2,5,2,5,3.5,7,3,0
5,2,2,5,3.5,7,3,1
15,17,15,17,16.0,32,2,13
4,5,4,5,4.5,9,1,3
6,26,6,26,16.0,32,20,5
3,4,3,4,3.5,7,1,2
6,8,6,8,7.0,14,2,5
1,5,1,5,3.0,6,4,0
16,1,1,16,8.5,17,15,0
1,4,1,4,2.5,5,3,0
7,1,1,7,4.0,8,6,0
8,9,8,9,8.5,17,1,7
5,1,1,5,3.0,6,4,0
1,21,1,21,11.0,22,20,0
6,6,6,6,6.0,12,0,5
1,4,1,4,2.5,5,3,0
2,22,2,22,12.0,24,20,1
6,1,1,6,3.5,7,5,0
4,5,4,5,4.5,9,1,2
12,10,10,12,11.0,22,2,9
9,13,9,13,11.0,22,4,7
26,26,26,26,26.0,52,0,25
1,9,1,9,5.0,10,8,0
1,4,1,4,2.5,5,3,0
1,5,1,5,3.0,6,4,0
11,1,1,11,6.0,12,10,0
5,4,4,5,4.5,9,1,3
3,10,3,10,6.5,13,7,2
1,4,1,4,2.5,5,3,0
1,4,1,4,2.5,5,3,0
13,23,13,23,18.0,36,10,12
5,7,5,7,6.0,12,2,4
23,5,5,23,14.0,28,18,3
14,31,14,31,22.5,45,17,9
15,23,15,23,19.0,38,8,7
6,1,1,6,3.5,7,5,0
1,4,1,4,2.5,5,3,0
1,8,1,8,4.5,9,7,0
1,24,1,24,12.5,25,23,0
6,8,6,8,7.0,14,2,5
1,6,1,6,3.5,7,5,0
13,12,12,13,12.5,25,1,11
6,1,1,6,3.5,7,5,0
3,43,3,43,23.0,46,40,1
1,4,1,4,2.5,5,3,0
5,4,4,5,4.5,9,1,1
7,6,6,7,6.5,13,1,5
5,2,2,5,3.5,7,3,1
13,13,13,13,13.0,26,0,12
6,1,1,6,3.5,7,5,0
1,4,1,4,2.5,5,3,0
6,1,1,6,3.5,7,5,0
15,20,15,20,17.5,35,5,13
15,19,15,19,17.0,34,4,14
16,14,14,16,15.0,30,2,13
20,19,19,20,19.5,39,1,15
3,7,3,7,5.0,10,4,2
4,3,3,4,3.5,7,1,2
8,2,2,8,5.0,10,6,1
5,6,5,6,5.5,11,1,0
4,3,3,4,3.5,7,1,2
24,18,18,24,21.0,42,6,17
6,8,6,8,7.0,14,2,5
9,1,1,9,5.0,10,8,0
1,88,1,88,44.5,89,87,0
4,1,1,4,2.5,5,3,0
23,44,23,44,33.5,67,21,17
5,1,1,5,3.0,6,4,0
4,1,1,4,2.5,5,3,0
2,4,2,4,3.0,6,2,1
4,1,1,4,2.5,5,3,0
1,5,1,5,3.0,6,4,0
1,28,1,28,14.5,29,27,0
33,18,18,33,25.5,51,15,14
13,13,13,13,13.0,26,0,12
1,5,1,5,3.0,6,4,0
6,6,6,6,6.0,12,0,4
7,1,1,7,4.0,8,6,0
1,22,1,22,11.5,23,21,0
12,15,12,15,13.5,27,3,11
5,1,1,5,3.0,6,4,0
1,7,1,7,4.0,8,6,0
4,1,1,4,2.5,5,3,0
7,1,1,7,4.0,8,6,0
7,7,7,7,7.0,14,0,5
4,3,3,4,3.5,7,1,2
3,6,3,6,4.5,9,3,2
13,12,12,13,12.5,25,1,10
1,4,1,4,2.5,5,3,0
3,7,3,7,5.0,10,4,0
8,4,4,8,6.0,12,4,2
11,15,11,15,13.0,26,4,9
4,4,4,4,4.0,8,0,1
4,4,4,4,4.0,8,0,3
6,1,1,6,3.5,7,5,0
4,4,4,4,4.0,8,0,3
7,5,5,7,6.0,12,2,4
15,10,10,15,12.5,25,5,6
9,8,8,9,8.5,17,1,6
28,18,18,28,23.0,46,10,17
1,10,1,10,5.5,11,9,0
1,19,1,19,10.0,20,18,0
2,13,2,13,7.5,15,11,0
20,20,20,20,20.0,40,0,18
5,1,1,5,3.0,6,4,0
12,14,12,14,13.0,26,2,11
1,39,1,39,20.0,40,38,0
2,5,2,5,3.5,7,3,1
9,9,9,9,9.0,18,0,3
4,1,1,4,2.5,5,3,0
1,5,1,5,3.0,6,4,0
6,1,1,6,3.5,7,5,0
1,4,1,4,2.5,5,3,0
19,23,19,23,21.0,42,4,18
16,13,13,16,14.5,29,3,10
6,6,6,6,6.0,12,0,5
1,10,1,10,5.5,11,9,0
24,21,21,24,22.5,45,3,20
9,9,9,9,9.0,18,0,7
5,1,1,5,3.0,6,4,0
4,5,4,5,4.5,9,1,3
5,1,1,5,3.0,6,4,0
22,25,22,25,23.5,47,3,20
7,8,7,8,7.5,15,1,6
24,26,24,26,25.0,50,2,23
8,3,3,8,5.5,11,5,2
20,17,17,20,18.5,37,3,15
5,8,5,8,6.5,13,3,4
4,1,1,4,2.5,5,3,0
1,43,1,43,22.0,44,42,0
10,1,1,10,5.5,11,9,0
9,1,1,9,5.0,10,8,0
6,21,6,21,13.5,27,15,0
5,7,5,7,6.0,12,2,3
7,4,4,7,5.5,11,3,2
4,3,3,4,3.5,7,1,2
4,6,4,6,5.0,10,2,2
29,23,23,29,26.0,52,6,13
1,6,1,6,3.5,7,5,0
8,1,1,8,4.5,9,7,0
8,5,5,8,6.5,13,3,4
5,2,2,5,3.5,7,3,1
5,4,4,5,4.5,9,1,1
4,1,1,4,2.5,5,3,0
4,5,4,5,4.5,9,1,1
4,5,4,5,4.5,9,1,2
6,1,1,6,3.5,7,5,0
20,20,20,20,20.0,40,0,18
20,10,10,20,15.0,30,10,9
4,5,4,5,4.5,9,1,3
5,3,3,5,4.0,8,2,1
2,4,2,4,3.0,6,2,1
8,7,7,8,7.5,15,1,5
4,1,1,4,2.5,5,3,0
5,16,5,16,10.5,21,11,4
11,10,10,11,10.5,21,1,7
7,2,2,7,4.5,9,5,1
1,11,1,11,6.0,12,10,0
5,1,1,5,3.0,6,4,0
13,24,13,24,18.5,37,11,11
31,21,21,31,26.0,52,10,17
4,1,1,4,2.5,5,3,0
7,7,7,7,7.0,14,0,6
1,4,1,4,2.5,5,3,0
6,18,6,18,12.0,24,12,5
5,4,4,5,4.5,9,1,3
15,8,8,15,11.5,23,7,6
25,25,25,25,25.0,50,0,24
10,12,10,12,11.0,22,2,9
13,6,6,13,9.5,19,7,4
1,4,1,4,2.5,5,3,0
1,5,1,5,3.0,6,4,0
25,23,23,25,24.0,48,2,20
16,14,14,16,15.0,30,2,12
66,31,31,66,48.5,97,35,26
7,11,7,11,9.0,18,4,6
11,9,9,11,10.0,20,2,8
27,19,19,27,23.0,46,8,18
1,15,1,15,8.0,16,14,0
39,1,1,39,20.0,40,38,0
18,22,18,22,20.0,40,4,17
13,13,13,13,13.0,26,0,12
5,1,1,5,3.0,6,4,0
26,1,1,26,13.5,27,25,0
6,5,5,6,5.5,11,1,3
45,48,45,48,46.5,93,3,35
5,6,5,6,5.5,11,1,1
15,9,9,15,12.0,24,6,3
5,7,5,7,6.0,12,2,0
7,5,5,7,6.0,12,2,1
5,1,1,5,3.0,6,4,0
2,7,2,7,4.5,9,5,0
8,35,8,35,21.5,43,27,3
5,5,5,5,5.0,10,0,4
17,5,5,17,11.0,22,12,1
5,5,5,5,5.0,10,0,4
1,8,1,8,4.5,9,7,0
7,7,7,7,7.0,14,0,6
6,7,6,7,6.5,13,1,5
7,8,7,8,7.5,15,1,5
26,15,15,26,20.5,41,11,11
7,6,6,7,6.5,13,1,5
23,22,22,23,22.5,45,1,21
10,15,10,15,12.5,25,5,9
6,7,6,7,6.5,13,1,5
9,9,9,9,9.0,18,0,7
9,12,9,12,10.5,21,3,6
1,17,1,17,9.0,18,16,0
1,4,1,4,2.5,5,3,0
4,1,1,4,2.5,5,3,0
5,5,5,5,5.0,10,0,4
1,5,1,5,3.0,6,4,0
4,5,4,5,4.5,9,1,2
19,22,19,22,20.5,41,3,17
9,2,2,9,5.5,11,7,0
4,4,4,4,4.0,8,0,3
10,8,8,10,9.0,18,2,6
11,5,5,11,8.0,16,6,1
7,1,1,7,4.0,8,6,0
10,13,10,13,11.5,23,3,7
46,41,41,46,43.5,87,5,32
5,2,2,5,3.5,7,3,1
1,16,1,16,8.5,17,15,0
36,34,34,36,35.0,70,2,32
13,13,13,13,13.0,26,0,12
6,15,6,15,10.5,21,9,1
2,5,2,5,3.5,7,3,0
4,1,1,4,2.5,5,3,0
12,7,7,12,9.5,19,5,0
8,9,8,9,8.5,17,1,6
4,1,1,4,2.5,5,3,0
8,1,1,8,4.5,9,7,0
6,6,6,6,6.0,12,0,5
12,12,12,12,12.0,24,0,11
7,1,1,7,4.0,8,6,0
1,5,1,5,3.0,6,4,0
17,17,17,17,17.0,34,0,15
15,2,2,15,8.5,17,13,0
6,1,1,6,3.5,7,5,0
4,2,2,4,3.0,6,2,1
4,3,3,4,3.5,7,1,2
1,4,1,4,2.5,5,3,0
5,4,4,5,4.5,9,1,2
1,10,1,10,5.5,11,9,0
1,14,1,14,7.5,15,13,0
16,21,16,21,18.5,37,5,15
5,1,1,5,3.0,6,4,0
5,1,1,5,3.0,6,4,0
6,4,4,6,5.0,10,2,3
4,4,4,4,4.0,8,0,0
13,12,12,13,12.5,25,1,11
6,9,6,9,7.5,15,3,4
29,27,27,29,28.0,56,2,26
4,2,2,4,3.0,6,2,1
7,2,2,7,4.5,9,5,1
4,1,1,4,2.5,5,3,0
5,1,1,5,3.0,6,4,0
6,5,5,6,5.5,11,1,1
4,1,1,4,2.5,5,3,0
5,1,1,5,3.0,6,4,0
4,1,1,4,2.5,5,3,0
5,4,4,5,4.5,9,1,3
5,4,4,5,4.5,9,1,3
32,32,32,32,32.0,64,0,29
5,5,5,5,5.0,10,0,1
1,16,1,16,8.5,17,15,0
5,1,1,5,3.0,6,4,0
4,4,4,4,4.0,8,0,3
5,5,5,5,5.0,10,0,4
1,11,1,11,6.0,12,10,0
10,1,1,10,5.5,11,9,0
9,6,6,9,7.5,15,3,5
24,28,24,28,26.0,52,4,23
1,6,1,6,3.5,7,5,0
8,9,8,9,8.5,17,1,6
1,5,1,5,3.0,6,4,0
4,1,1,4,2.5,5,3,0
19,1,1,19,10.0,20,18,0
18,8,8,18,13.0,26,10,3
7,7,7,7,7.0,14,0,4
6,1,1,6,3.5,7,5,0
15,1,1,15,8.0,16,14,0
21,5,5,21,13.0,26,16,2
4,6,4,6,5.0,10,2,3
36,37,36,37,36.5,73,1,30
37,21,21,37,29.0,58,16,20
9,10,9,10,9.5,19,1,8
6,2,2,6,4.0,8,4,0
17,17,17,17,17.0,34,0,16
7,10,7,10,8.5,17,3,6
4,1,1,4,2.5,5,3,0
1,6,1,6,3.5,7,5,0
5,4,4,5,4.5,9,1,2
34,14,14,34,24.0,48,20,11
3,9,3,9,6.0,12,6,1
1,4,1,4,2.5,5,3,0
25,12,12,25,18.5,37,13,11
5,1,1,5,3.0,6,4,0
6,4,4,6,5.0,10,2,3
10,11,10,11,10.5,21,1,7
16,9,9,16,12.5,25,7,7
6,7,6,7,6.5,13,1,5
1,5,1,5,3.0,6,4,0
13,12,12,13,12.5,25,1,11
14,13,13,14,13.5,27,1,11
5,4,4,5,4.5,9,1,3
26,37,26,37,31.5,63,11,23
17,16,16,17,16.5,33,1,14
11,39,11,39,25.0,50,28,6
39,22,22,39,30.5,61,17,17
1,5,1,5,3.0,6,4,0
7,5,5,7,6.0,12,2,2
4,5,4,5,4.5,9,1,3
1,4,1,4,2.5,5,3,0
8,7,7,8,7.5,15,1,2
26,27,26,27,26.5,53,1,25
1,5,1,5,3.0,6,4,0
4,4,4,4,4.0,8,0,1
7,1,1,7,4.0,8,6,0
4,1,1,4,2.5,5,3,0
7,10,7,10,8.5,17,3,6
7,20,7,20,13.5,27,13,0
5,8,5,8,6.5,13,3,4
1,4,1,4,2.5,5,3,0
9,6,6,9,7.5,15,3,5
2,11,2,11,6.5,13,9,0
5,5,5,5,5.0,10,0,4
15,11,11,15,13.0,26,4,6
13,7,7,13,10.0,20,6,5
6,1,1,6,3.5,7,5,0
4,2,2,4,3.0,6,2,0
18,31,18,31,24.5,49,13,16
1,55,1,55,28.0,56,54,0
19,46,19,46,32.5,65,27,17
50,43,43,50,46.5,93,7,25
1,4,1,4,2.5,5,3,0
23,11,11,23,17.0,34,12,6
1,4,1,4,2.5,5,3,0
7,1,1,7,4.0,8,6,0
6,4,4,6,5.0,10,2,3
11,7,7,11,9.0,18,4,1
8,5,5,8,6.5,13,3,4
6,6,6,6,6.0,12,0,5
5,1,1,5,3.0,6,4,0
34,29,29,34,31.5,63,5,23
6,1,1,6,3.5,7,5,0
14,1,1,14,7.5,15,13,0
1,7,1,7,4.0,8,6,0
1,4,1,4,2.5,5,3,0
24,26,24,26,25.0,50,2,22
1,9,1,9,5.0,10,8,0
4,1,1,4,2.5,5,3,0
31,31,31,31,31.0,62,0,29
1,14,1,14,7.5,15,13,0
20,20,20,20,20.0,40,0,19
18,12,12,18,15.0,30,6,7
6,6,6,6,6.0,12,0,4
8,12,8,12,10.0,20,4,5
7,2,2,7,4.5,9,5,1
4,4,4,4,4.0,8,0,2
2,9,2,9,5.5,11,7,0
4,1,1,4,2.5,5,3,0
1,5,1,5,3.0,6,4,0
6,6,6,6,6.0,12,0,5
4,15,4,15,9.5,19,11,3
13,33,13,33,23.0,46,20,12
5,19,5,19,12.0,24,14,3
5,1,1,5,3.0,6,4,0
29,36,29,36,32.5,65,7,13
8,6,6,8,7.0,14,2,4
12,11,11,12,11.5,23,1,8
5,7,5,7,6.0,12,2,4
1,4,1,4,2.5,5,3,0
4,12,4,12,8.0,16,8,0
4,1,1,4,2.5,5,3,0
9,9,9,9,9.0,18,0,8
1,4,1,4,2.5,5,3,0
7,5,5,7,6.0,12,2,0
1,39,1,39,20.0,40,38,0
2,5,2,5,3.5,7,3,1
2,10,2,10,6.0,12,8,0
40,27,27,40,33.5,67,13,14
9,9,9,9,9.0,18,0,8
2,4,2,4,3.0,6,2,1
4,1,1,4,2.5,5,3,0
10,1,1,10,5.5,11,9,0
7,4,4,7,5.5,11,3,2
6,1,1,6,3.5,7,5,0
42,40,40,42,41.0,82,2,39
1,9,1,9,5.0,10,8,0
8,1,1,8,4.5,9,7,0
7,6,6,7,6.5,13,1,5
2,5,2,5,3.5,7,3,1
2,5,2,5,3.5,7,3,0
15,15,15,15,15.0,30,0,11
2,4,2,4,3.0,6,2,0
3,4,3,4,3.5,7,1,1
4,1,1,4,2.5,5,3,0
1,5,1,5,3.0,6,4,0
6,6,6,6,6.0,12,0,5
10,10,10,10,10.0,20,0,9
6,1,1,6,3.5,7,5,0
7,6,6,7,6.5,13,1,5
38,41,38,41,39.5,79,3,16
4,1,1,4,2.5,5,3,0
2,4,2,4,3.0,6,2,0
6,6,6,6,6.0,12,0,5
4,1,1,4,2.5,5,3,0
20,19,19,20,19.5,39,1,17
16,29,16,29,22.5,45,13,14
1,29,1,29,15.0,30,28,0
4,1,1,4,2.5,5,3,0
7,1,1,7,4.0,8,6,0
37,4,4,37,20.5,41,33,3
8,8,8,8,8.0,16,0,7
17,16,16,17,16.5,33,1,15
9,9,9,9,9.0,18,0,7
4,1,1,4,2.5,5,3,0
32,23,23,32,27.5,55,9,22
9,3,3,9,6.0,12,6,2
7,2,2,7,4.5,9,5,0
4,1,1,4,2.5,5,3,0
11,15,11,15,13.0,26,4,3
5,9,5,9,7.0,14,4,4
5,2,2,5,3.5,7,3,0
5,1,1,5,3.0,6,4,0
4,10,4,10,7.0,14,6,3
38,33,33,38,35.5,71,5,26
4,4,4,4,4.0,8,0,3
1,10,1,10,5.5,11,9,0
2,8,2,8,5.0,10,6,0
7,7,7,7,7.0,14,0,2
2,9,2,9,5.5,11,7,1
8,13,8,13,10.5,21,5,7
5,3,3,5,4.0,8,2,2
4,4,4,4,4.0,8,0,2
17,15,15,17,16.0,32,2,8
1,10,1,10,5.5,11,9,0
3,18,3,18,10.5,21,15,0
4,1,1,4,2.5,5,3,0
1,5,1,5,3.0,6,4,0
1,10,1,10,5.5,11,9,0
1,11,1,11,6.0,12,10,0
5,1,1,5,3.0,6,4,0
1,5,1,5,3.0,6,4,0
5,6,5,6,5.5,11,1,4
2,4,2,4,3.0,6,2,1
1,4,1,4,2.5,5,3,0
22,21,21,22,21.5,43,1,19
4,5,4,5,4.5,9,1,3
22,9,9,22,15.5,31,13,8
5,1,1,5,3.0,6,4,0
6,6,6,6,6.0,12,0,5
18,16,16,18,17.0,34,2,15
26,26,26,26,26.0,52,0,25
15,13,13,15,14.0,28,2,10
3,5,3,5,4.0,8,2,0
16,16,16,16,16.0,32,0,15
6,6,6,6,6.0,12,0,5
2,5,2,5,3.5,7,3,1
3,5,3,5,4.0,8,2,2
4,2,2,4,3.0,6,2,1
20,21,20,21,20.5,41,1,19
1,4,1,4,2.5,5,3,0
41,31,31,41,36.0,72,10,30
4,5,4,5,4.5,9,1,0
4,1,1,4,2.5,5,3,0
5,1,1,5,3.0,6,4,0
8,7,7,8,7.5,15,1,6
11,16,11,16,13.5,27,5,9
12,10,10,12,11.0,22,2,8
2,15,2,15,8.5,17,13,0
6,18,6,18,12.0,24,12,3
19,13,13,19,16.0,32,6,11
5,1,1,5,3.0,6,4,0
15,15,15,15,15.0,30,0,13
15,12,12,15,13.5,27,3,8
5,4,4,5,4.5,9,1,3
11,10,10,11,10.5,21,1,7
1,31,1,31,16.0,32,30,0
17,21,17,21,19.0,38,4,13
12,12,12,12,12.0,24,0,6
4,1,1,4,2.5,5,3,0
7,7,7,7,7.0,14,0,6
15,13,13,15,14.0,28,2,12
13,13,13,13,13.0,26,0,12
19,14,14,19,16.5,33,5,13
5,1,1,5,3.0,6,4,0
4,1,1,4,2.5,5,3,0
4,2,2,4,3.0,6,2,1
7,1,1,7,4.0,8,6,0
1,11,1,11,6.0,12,10,0
16,2,2,16,9.0,18,14,0
4,1,1,4,2.5,5,3,0
4,1,1,4,2.5,5,3,0
11,10,10,11,10.5,21,1,6
4,7,4,7,5.5,11,3,3
41,36,36,41,38.5,77,5,34
28,48,28,48,38.0,76,20,23
16,15,15,16,15.5,31,1,12
16,14,14,16,15.0,30,2,12
18,8,8,18,13.0,26,10,7
4,1,1,4,2.5,5,3,0
5,1,1,5,3.0,6,4,0
5,3,3,5,4.0,8,2,2
3,8,3,8,5.5,11,5,0
4,5,4,5,4.5,9,1,3
8,5,5,8,6.5,13,3,4
7,5,5,7,6.0,12,2,4
27,28,27,28,27.5,55,1,26
39,20,20,39,29.5,59,19,19
6,6,6,6,6.0,12,0,5
19,13,13,19,16.0,32,6,9
13,14,13,14,13.5,27,1,5
10,9,9,10,9.5,19,1,7
5,4,4,5,4.5,9,1,3
9,8,8,9,8.5,17,1,5
36,45,36,45,40.5,81,9,33
6,1,1,6,3.5,7,5,0
19,21,19,21,20.0,40,2,17
5,1,1,5,3.0,6,4,0
1,5,1,5,3.0,6,4,0
1,4,1,4,2.5,5,3,0
9,6,6,9,7.5,15,3,3
17,18,17,18,17.5,35,1,16
13,24,13,24,18.5,37,11,10
1,5,1,5,3.0,6,4,0
12,10,10,12,11.0,22,2,9
26,27,26,27,26.5,53,1,25
3,5,3,5,4.0,8,2,1
7,1,1,7,4.0,8,6,0
7,5,5,7,6.0,12,2,3
6,1,1,6,3.5,7,5,0
1,8,1,8,4.5,9,7,0
2,9,2,9,5.5,11,7,0
1,4,1,4,2.5,5,3,0
2,4,2,4,3.0,6,2,0
5,1,1,5,3.0,6,4,0
7,7,7,7,7.0,14,0,6
6,4,4,6,5.0,10,2,3
2,4,2,4,3.0,6,2,1
7,5,5,7,6.0,12,2,3
8,2,2,8,5.0,10,6,1
1,5,1,5,3.0,6,4,0
4,1,1,4,2.5,5,3,0
8,10,8,10,9.0,18,2,6
5,1,1,5,3.0,6,4,0
7,8,7,8,7.5,15,1,4
38,9,9,38,23.5,47,29,7
15,15,15,15,15.0,30,0,14
4,1,1,4,2.5,5,3,0
8,5,5,8,6.5,13,3,4
1,5,1,5,3.0,6,4,0
13,75,13,75,44.0,88,62,1
1,7,1,7,4.0,8,6,0
1,4,1,4,2.5,5,3,0
4,10,4,10,7.0,14,6,2
5,5,5,5,5.0,10,0,0
19,20,19,20,19.5,39,1,18
2,4,2,4,3.0,6,2,1
12,1,1,12,6.5,13,11,0
4,6,4,6,5.0,10,2,1
1,5,1,5,3.0,6,4,0
4,5,4,5,4.5,9,1,3
12,10,10,12,11.0,22,2,9
4,5,4,5,4.5,9,1,0
24,21,21,24,22.5,45,3,18
5,6,5,6,5.5,11,1,4
1,35,1,35,18.0,36,34,0
5,5,5,5,5.0,10,0,2
7,7,7,7,7.0,14,0,6
6,1,1,6,3.5,7,5,0
4,1,1,4,2.5,5,3,0
20,16,16,20,18.0,36,4,14
1,4,1,4,2.5,5,3,0
4,1,1,4,2.5,5,3,0
12,18,12,18,15.0,30,6,11
7,7,7,7,7.0,14,0,6
4,1,1,4,2.5,5,3,0
31,25,25,31,28.0,56,6,24
1,4,1,4,2.5,5,3,0
8,8,8,8,8.0,16,0,7
4,1,1,4,2.5,5,3,0
10,4,4,10,7.0,14,6,3
6,5,5,6,5.5,11,1,2
4,1,1,4,2.5,5,3,0
3,15,3,15,9.0,18,12,2
10,11,10,11,10.5,21,1,9
7,1,1,7,4.0,8,6,0
16,14,14,16,15.0,30,2,12
1,5,1,5,3.0,6,4,0
5,10,5,10,7.5,15,5,4
5,1,1,5,3.0,6,4,0
9,5,5,9,7.0,14,4,4
6,4,4,6,5.0,10,2,3
1,7,1,7,4.0,8,6,0
38,24,24,38,31.0,62,14,22
4,7,4,7,5.5,11,3,3
26,26,26,26,26.0,52,0,25
12,17,12,17,14.5,29,5,11
20,20,20,20,20.0,40,0,16
6,6,6,6,6.0,12,0,5
1,5,1,5,3.0,6,4,0
7,10,7,10,8.5,17,3,4
21,19,19,21,20.0,40,2,18
4,5,4,5,4.5,9,1,3
5,3,3,5,4.0,8,2,0
3,6,3,6,4.5,9,3,2
13,12,12,13,12.5,25,1,11
4,1,1,4,2.5,5,3,0
8,1,1,8,4.5,9,7,0
15,12,12,15,13.5,27,3,10
6,5,5,6,5.5,11,1,3
2,13,2,13,7.5,15,11,0
4,4,4,4,4.0,8,0,3
1,21,1,21,11.0,22,20,0
4,4,4,4,4.0,8,0,3
10,4,4,10,7.0,14,6,2
16,17,16,17,16.5,33,1,12
2,16,2,16,9.0,18,14,0
11,8,8,11,9.5,19,3,6
10,14,10,14,12.0,24,4,9
18,13,13,18,15.5,31,5,11
3,7,3,7,5.0,10,4,0
8,17,8,17,12.5,25,9,7
4,5,4,5,4.5,9,1,1
23,23,23,23,23.0,46,0,21
8,1,1,8,4.5,9,7,0
11,13,11,13,12.0,24,2,9
15,15,15,15,15.0,30,0,13
4,1,1,4,2.5,5,3,0
24,15,15,24,19.5,39,9,12
1,6,1,6,3.5,7,5,0
4,1,1,4,2.5,5,3,0
1,28,1,28,14.5,29,27,0
4,4,4,4,4.0,8,0,3
12,11,11,12,11.5,23,1,10
1,5,1,5,3.0,6,4,0
1,5,1,5,3.0,6,4,0
1,6,1,6,3.5,7,5,0
6,2,2,6,4.0,8,4,1
4,1,1,4,2.5,5,3,0
5,5,5,5,5.0,10,0,3
1,4,1,4,2.5,5,3,0
3,19,3,19,11.0,22,16,1
1,5,1,5,3.0,6,4,0
10,1,1,10,5.5,11,9,0
4,1,1,4,2.5,5,3,0
4,4,4,4,4.0,8,0,0
2,5,2,5,3.5,7,3,0
21,14,14,21,17.5,35,7,11
4,5,4,5,4.5,9,1,3
12,10,10,12,11.0,22,2,7
6,1,1,6,3.5,7,5,0
6,8,6,8,7.0,14,2,3
1,21,1,21,11.0,22,20,0
5,3,3,5,4.0,8,2,0
1,4,1,4,2.5,5,3,0
8,2,2,8,5.0,10,6,1
6,1,1,6,3.5,7,5,0
1,6,1,6,3.5,7,5,0
10,9,9,10,9.5,19,1,7
1,11,1,11,6.0,12,10,0
1,8,1,8,4.5,9,7,0
1,8,1,8,4.5,9,7,0
6,1,1,6,3.5,7,5,0
4,5,4,5,4.5,9,1,3
7,1,1,7,4.0,8,6,0
2,20,2,20,11.0,22,18,0
12,12,12,12,12.0,24,0,11
12,18,12,18,15.0,30,6,11
17,13,13,17,15.0,30,4,9
55,16,16,55,35.5,71,39,13
6,5,5,6,5.5,11,1,4
4,2,2,4,3.0,6,2,1
7,5,5,7,6.0,12,2,2
11,7,7,11,9.0,18,4,5
1,25,1,25,13.0,26,24,0
20,18,18,20,19.0,38,2,17
5,6,5,6,5.5,11,1,4
5,8,5,8,6.5,13,3,3
5,1,1,5,3.0,6,4,0
1,5,1,5,3.0,6,4,0
2,4,2,4,3.0,6,2,1
4,4,4,4,4.0,8,0,3
45,16,16,45,30.5,61,29,10
12,1,1,12,6.5,13,11,0
8,12,8,12,10.0,20,4,6
8,14,8,14,11.0,22,6,7
1,8,1,8,4.5,9,7,0
10,12,10,12,11.0,22,2,8
1,4,1,4,2.5,5,3,0
9,9,9,9,9.0,18,0,8
4,5,4,5,4.5,9,1,2
19,8,8,19,13.5,27,11,7
6,5,5,6,5.5,11,1,1
9,11,9,11,10.0,20,2,7
4,2,2,4,3.0,6,2,0
8,8,8,8,8.0,16,0,7
5,1,1,5,3.0,6,4,0
2,4,2,4,3.0,6,2,1
10,7,7,10,8.5,17,3,5
12,11,11,12,11.5,23,1,10
11,5,5,11,8.0,16,6,4
18,14,14,18,16.0,32,4,13
1,5,1,5,3.0,6,4,0
10,10,10,10,10.0,20,0,8
6,6,6,6,6.0,12,0,3
2,4,2,4,3.0,6,2,1
7,3,3,7,5.0,10,4,2
1,4,1,4,2.5,5,3,0
20,19,19,20,19.5,39,1,18
19,18,18,19,18.5,37,1,17
16,18,16,18,17.0,34,2,11
19,25,19,25,22.0,44,6,15
9,6,6,9,7.5,15,3,4
4,2,2,4,3.0,6,2,1
8,5,5,8,6.5,13,3,2
1,4,1,4,2.5,5,3,0
27,25,25,27,26.0,52,2,23
10,1,1,10,5.5,11,9,0
1,8,1,8,4.5,9,7,0
4,6,4,6,5.0,10,2,3
8,8,8,8,8.0,16,0,6
34,34,34,34,34.0,68,0,28
27,36,27,36,31.5,63,9,25
26,2,2,26,14.0,28,24,1
4,1,1,4,2.5,5,3,0
14,14,14,14,14.0,28,0,13
15,35,15,35,25.0,50,20,9
1,4,1,4,2.5,5,3,0
17,14,14,17,15.5,31,3,12
4,3,3,4,3.5,7,1,2
15,13,13,15,14.0,28,2,10
1,6,1,6,3.5,7,5,0
31,33,31,33,32.0,64,2,30
12,11,11,12,11.5,23,1,9
1,5,1,5,3.0,6,4,0
15,6,6,15,10.5,21,9,2
10,23,10,23,16.5,33,13,6
1,4,1,4,2.5,5,3,0
4,1,1,4,2.5,5,3,0
21,25,21,25,23.0,46,4,20
1,107,1,107,54.0,108,106,0
1,5,1,5,3.0,6,4,0
1,4,1,4,2.5,5,3,0
9,10,9,10,9.5,19,1,8
7,1,1,7,4.0,8,6,0
5,25,5,25,15.0,30,20,4
7,5,5,7,6.0,12,2,4
1,16,1,16,8.5,17,15,0
5,1,1,5,3.0,6,4,0
14,23,14,23,18.5,37,9,2
2,33,2,33,17.5,35,31,0
5,6,5,6,5.5,11,1,4
19,22,19,22,20.5,41,3,17
1,7,1,7,4.0,8,6,0
6,1,1,6,3.5,7,5,0
4,1,1,4,2.5,5,3,0
9,2,2,9,5.5,11,7,1
7,11,7,11,9.0,18,4,3
6,10,6,10,8.0,16,4,5
4,1,1,4,2.5,5,3,0
9,10,9,10,9.5,19,1,7
1,15,1,15,8.0,16,14,0
7,1,1,7,4.0,8,6,0
1,4,1,4,2.5,5,3,0
26,26,26,26,26.0,52,0,25
6,1,1,6,3.5,7,5,0
20,20,20,20,20.0,40,0,18
35,13,13,35,24.0,48,22,11
8,9,8,9,8.5,17,1,4
2,5,2,5,3.5,7,3,0
3,107,3,107,55.0,110,104,1
32,32,32,32,32.0,64,0,30
4,1,1,4,2.5,5,3,0
13,13,13,13,13.0,26,0,12
1,9,1,9,5.0,10,8,0
6,4,4,6,5.0,10,2,0
39,39,39,39,39.0,78,0,25
11,12,11,12,11.5,23,1,10
19,19,19,19,19.0,38,0,17
4,2,2,4,3.0,6,2,1
2,22,2,22,12.0,24,20,1
9,4,4,9,6.5,13,5,3
11,12,11,12,11.5,23,1,9
5,1,1,5,3.0,6,4,0
23,15,15,23,19.0,38,8,13
10,7,7,10,8.5,17,3,5
11,20,11,20,15.5,31,9,9
28,23,23,28,25.5,51,5,19
17,7,7,17,12.0,24,10,1
6,7,6,7,6.5,13,1,5
12,18,12,18,15.0,30,6,11
5,6,5,6,5.5,11,1,3
1,4,1,4,2.5,5,3,0
4,5,4,5,4.5,9,1,3
11,5,5,11,8.0,16,6,4
4,1,1,4,2.5,5,3,0
1,14,1,14,7.5,15,13,0
51,23,23,51,37.0,74,28,21
19,17,17,19,18.0,36,2,14
5,30,5,30,17.5,35,25,4
47,1,1,47,24.0,48,46,0
6,5,5,6,5.5,11,1,4
15,1,1,15,8.0,16,14,0
4,1,1,4,2.5,5,3,0
1,4,1,4,2.5,5,3,0
1,7,1,7,4.0,8,6,0
12,13,12,13,12.5,25,1,11
1,4,1,4,2.5,5,3,0
6,7,6,7,6.5,13,1,5
13,7,7,13,10.0,20,6,3
7,7,7,7,7.0,14,0,1
4,1,1,4,2.5,5,3,0
4,4,4,4,4.0,8,0,2
3,4,3,4,3.5,7,1,0
6,6,6,6,6.0,12,0,5
7,1,1,7,4.0,8,6,0
44,30,30,44,37.0,74,14,29
6,5,5,6,5.5,11,1,4
7,7,7,7,7.0,14,0,4
5,5,5,5,5.0,10,0,4
9,8,8,9,8.5,17,1,6
4,3,3,4,3.5,7,1,2
48,24,24,48,36.0,72,24,22
2,4,2,4,3.0,6,2,1
20,21,20,21,20.5,41,1,16
7,6,6,7,6.5,13,1,4
1,4,1,4,2.5,5,3,0
26,2,2,26,14.0,28,24,0
5,1,1,5,3.0,6,4,0
5,1,1,5,3.0,6,4,0
51,29,29,51,40.0,80,22,20
1,4,1,4,2.5,5,3,0
40,34,34,40,37.0,74,6,33
7,7,7,7,7.0,14,0,6
6,7,6,7,6.5,13,1,5
2,16,2,16,9.0,18,14,0
6,3,3,6,4.5,9,3,0
11,9,9,11,10.0,20,2,8
24,18,18,24,21.0,42,6,7
13,1,1,13,7.0,14,12,0
31,31,31,31,31.0,62,0,28
4,4,4,4,4.0,8,0,3
17,14,14,17,15.5,31,3,13
16,3,3,16,9.5,19,13,2
30,27,27,30,28.5,57,3,26
4,2,2,4,3.0,6,2,1
16,15,15,16,15.5,31,1,13
12,14,12,14,13.0,26,2,11
6,1,1,6,3.5,7,5,0
6,11,6,11,8.5,17,5,5
11,20,11,20,15.5,31,9,9
7,16,7,16,11.5,23,9,6
5,5,5,5,5.0,10,0,4
8,7,7,8,7.5,15,1,5
1,5,1,5,3.0,6,4,0
5,5,5,5,5.0,10,0,4
4,4,4,4,4.0,8,0,3
5,4,4,5,4.5,9,1,3
5,6,5,6,5.5,11,1,2
12,6,6,12,9.0,18,6,1
14,15,14,15,14.5,29,1,8
5,5,5,5,5.0,10,0,4
6,1,1,6,3.5,7,5,0
41,47,41,47,44.0,88,6,32
7,6,6,7,6.5,13,1,5
2,6,2,6,4.0,8,4,1
27,21,21,27,24.0,48,6,19
1,4,1,4,2.5,5,3,0
6,1,1,6,3.5,7,5,0
29,48,29,48,38.5,77,19,21
9,6,6,9,7.5,15,3,4
12,7,7,12,9.5,19,5,6
16,8,8,16,12.0,24,8,4
1,7,1,7,4.0,8,6,0
26,35,26,35,30.5,61,9,24
1,4,1,4,2.5,5,3,0
49,28,28,49,38.5,77,21,24
3,9,3,9,6.0,12,6,2
22,2,2,22,12.0,24,20,0
20,4,4,20,12.0,24,16,1
14,4,4,14,9.0,18,10,2
5,4,4,5,4.5,9,1,3
1,27,1,27,14.0,28,26,0
1,15,1,15,8.0,16,14,0
42,47,42,47,44.5,89,5,32
18,8,8,18,13.0,26,10,7
23,11,11,23,17.0,34,12,0
9,10,9,10,9.5,19,1,7
1,5,1,5,3.0,6,4,0
1,7,1,7,4.0,8,6,0
17,17,17,17,17.0,34,0,16
16,24,16,24,20.0,40,8,12
6,1,1,6,3.5,7,5,0
1,4,1,4,2.5,5,3,0
2,10,2,10,6.0,12,8,1
31,27,27,31,29.0,58,4,25
2,4,2,4,3.0,6,2,1
17,22,17,22,19.5,39,5,14
5,1,1,5,3.0,6,4,0
5,6,5,6,5.5,11,1,4
1,5,1,5,3.0,6,4,0
5,6,5,6,5.5,11,1,4
17,17,17,17,17.0,34,0,13
7,8,7,8,7.5,15,1,5
39,48,39,48,43.5,87,9,34
2,7,2,7,4.5,9,5,0
46,45,45,46,45.5,91,1,33
4,1,1,4,2.5,5,3,0
32,32,32,32,32.0,64,0,31
9,6,6,9,7.5,15,3,2
9,2,2,9,5.5,11,7,0
11,10,10,11,10.5,21,1,9
10,3,3,10,6.5,13,7,2
19,12,12,19,15.5,31,7,11
1,6,1,6,3.5,7,5,0
5,5,5,5,5.0,10,0,4
9,9,9,9,9.0,18,0,7
3,4,3,4,3.5,7,1,2
16,6,6,16,11.0,22,10,4
2,4,2,4,3.0,6,2,1
1,10,1,10,5.5,11,9,0
4,2,2,4,3.0,6,2,1
32,31,31,32,31.5,63,1,30
17,18,17,18,17.5,35,1,15
13,32,13,32,22.5,45,19,11
16,9,9,16,12.5,25,7,7
6,4,4,6,5.0,10,2,3
1,10,1,10,5.5,11,9,0
5,4,4,5,4.5,9,1,3
19,23,19,23,21.0,42,4,14
7,25,7,25,16.0,32,18,5
6,11,6,11,8.5,17,5,0
19,20,19,20,19.5,39,1,15
18,10,10,18,14.0,28,8,7
3,13,3,13,8.0,16,10,0
1,6,1,6,3.5,7,5,0
6,6,6,6,6.0,12,0,5
38,19,19,38,28.5,57,19,18
4,4,4,4,4.0,8,0,3
1,5,1,5,3.0,6,4,0
6,23,6,23,14.5,29,17,0
3,4,3,4,3.5,7,1,0
31,32,31,32,31.5,63,1,29
6,2,2,6,4.0,8,4,0
8,2,2,8,5.0,10,6,0
9,4,4,9,6.5,13,5,2
13,13,13,13,13.0,26,0,12
1,4,1,4,2.5,5,3,0
9,4,4,9,6.5,13,5,2
1,11,1,11,6.0,12,10,0
8,5,5,8,6.5,13,3,4
10,15,10,15,12.5,25,5,7
3,8,3,8,5.5,11,5,2
41,28,28,41,34.5,69,13,25
2,8,2,8,5.0,10,6,0
13,15,13,15,14.0,28,2,12
45,44,44,45,44.5,89,1,32
6,3,3,6,4.5,9,3,0
6,1,1,6,3.5,7,5,0
2,5,2,5,3.5,7,3,0
5,11,5,11,8.0,16,6,3
14,11,11,14,12.5,25,3,10
13,30,13,30,21.5,43,17,11
1,6,1,6,3.5,7,5,0
24,22,22,24,23.0,46,2,14
6,1,1,6,3.5,7,5,0
37,21,21,37,29.0,58,16,20
20,20,20,20,20.0,40,0,16
5,4,4,5,4.5,9,1,3
2,6,2,6,4.0,8,4,1
2,6,2,6,4.0,8,4,1
5,4,4,5,4.5,9,1,3
2,5,2,5,3.5,7,3,1
6,1,1,6,3.5,7,5,0
1,7,1,7,4.0,8,6,0
1,4,1,4,2.5,5,3,0
1,27,1,27,14.0,28,26,0
7,8,7,8,7.5,15,1,6
8,6,6,8,7.0,14,2,4
12,1,1,12,6.5,13,11,0
8,1,1,8,4.5,9,7,0
4,1,1,4,2.5,5,3,0
22,15,15,22,18.5,37,7,14
1,7,1,7,4.0,8,6,0
27,27,27,27,27.0,54,0,26
31,32,31,32,31.5,63,1,30
3,4,3,4,3.5,7,1,2
1,4,1,4,2.5,5,3,0
7,6,6,7,6.5,13,1,4
21,20,20,21,20.5,41,1,18
1,7,1,7,4.0,8,6,0
8,10,8,10,9.0,18,2,1
7,6,6,7,6.5,13,1,5
16,9,9,16,12.5,25,7,8
18,33,18,33,25.5,51,15,16
13,19,13,19,16.0,32,6,12
2,4,2,4,3.0,6,2,0
5,5,5,5,5.0,10,0,4
5,4,4,5,4.5,9,1,3
32,33,32,33,32.5,65,1,31
12,1,1,12,6.5,13,11,0
6,4,4,6,5.0,10,2,3
1,14,1,14,7.5,15,13,0
7,16,7,16,11.5,23,9,5
8,14,8,14,11.0,22,6,7
33,13,13,33,23.0,46,20,11
4,5,4,5,4.5,9,1,2
4,1,1,4,2.5,5,3,0
32,32,32,32,32.0,64,0,30
6,5,5,6,5.5,11,1,4
16,8,8,16,12.0,24,8,5
6,4,4,6,5.0,10,2,2
2,9,2,9,5.5,11,7,0
2,17,2,17,9.5,19,15,0
22,19,19,22,20.5,41,3,18
7,2,2,7,4.5,9,5,1
3,19,3,19,11.0,22,16,0
4,4,4,4,4.0,8,0,3
5,6,5,6,5.5,11,1,2
4,5,4,5,4.5,9,1,3
5,4,4,5,4.5,9,1,0
9,10,9,10,9.5,19,1,7
5,5,5,5,5.0,10,0,0
11,9,9,11,10.0,20,2,8
1,10,1,10,5.5,11,9,0
1,6,1,6,3.5,7,5,0
1,6,1,6,3.5,7,5,0
4,2,2,4,3.0,6,2,1
5,5,5,5,5.0,10,0,3
7,4,4,7,5.5,11,3,3
2,7,2,7,4.5,9,5,1
1,4,1,4,2.5,5,3,0
5,1,1,5,3.0,6,4,0
10,13,10,13,11.5,23,3,8
13,15,13,15,14.0,28,2,10
6,1,1,6,3.5,7,5,0
1,17,1,17,9.0,18,16,0
1,4,1,4,2.5,5,3,0
16,1,1,16,8.5,17,15,0
1,17,1,17,9.0,18,16,0
19,75,19,75,47.0,94,56,3
27,26,26,27,26.5,53,1,25
8,19,8,19,13.5,27,11,4
3,9,3,9,6.0,12,6,2
1,4,1,4,2.5,5,3,0
37,21,21,37,29.0,58,16,19
10,2,2,10,6.0,12,8,1
7,9,7,9,8.0,16,2,6
8,2,2,8,5.0,10,6,1
18,5,5,18,11.5,23,13,2
6,1,1,6,3.5,7,5,0
13,13,13,13,13.0,26,0,12
23,32,23,32,27.5,55,9,19
32,33,32,33,32.5,65,1,31
7,7,7,7,7.0,14,0,6
10,6,6,10,8.0,16,4,5
19,18,18,19,18.5,37,1,15
5,5,5,5,5.0,10,0,4
16,24,16,24,20.0,40,8,13
11,9,9,11,10.0,20,2,5
1,5,1,5,3.0,6,4,0
13,16,13,16,14.5,29,3,12
9,12,9,12,10.5,21,3,8
2,14,2,14,8.0,16,12,0
5,5,5,5,5.0,10,0,4
11,10,10,11,10.5,21,1,8
54,19,19,54,36.5,73,35,15
1,10,1,10,5.5,11,9,0
1,5,1,5,3.0,6,4,0
1,5,1,5,3.0,6,4,0
9,2,2,9,5.5,11,7,0
33,14,14,33,23.5,47,19,11
1,8,1,8,4.5,9,7,0
18,23,18,23,20.5,41,5,14
15,8,8,15,11.5,23,7,7
14,14,14,14,14.0,28,0,12
33,28,28,33,30.5,61,5,25
5,11,5,11,8.0,16,6,0
1,4,1,4,2.5,5,3,0
4,4,4,4,4.0,8,0,2
5,7,5,7,6.0,12,2,2
5,5,5,5,5.0,10,0,3
1,13,1,13,7.0,14,12,0
1,6,1,6,3.5,7,5,0
14,17,14,17,15.5,31,3,13
10,13,10,13,11.5,23,3,8
7,4,4,7,5.5,11,3,1
1,15,1,15,8.0,16,14,0
41,40,40,41,40.5,81,1,34
10,2,2,10,6.0,12,8,0
32,39,32,39,35.5,71,7,28
7,1,1,7,4.0,8,6,0
5,2,2,5,3.5,7,3,1
5,11,5,11,8.0,16,6,3
54,29,29,54,41.5,83,25,26
4,1,1,4,2.5,5,3,0
2,4,2,4,3.0,6,2,1
6,4,4,6,5.0,10,2,3
4,1,1,4,2.5,5,3,0
7,7,7,7,7.0,14,0,5
12,17,12,17,14.5,29,5,10
1,5,1,5,3.0,6,4,0
13,12,12,13,12.5,25,1,11
4,1,1,4,2.5,5,3,0
16,19,16,19,17.5,35,3,10
30,13,13,30,21.5,43,17,8
6,5,5,6,5.5,11,1,3
29,16,16,29,22.5,45,13,14
24,15,15,24,19.5,39,9,14
7,8,7,8,7.5,15,1,6
6,7,6,7,6.5,13,1,4
10,11,10,11,10.5,21,1,5
1,4,1,4,2.5,5,3,0
20,2,2,20,11.0,22,18,1
1,7,1,7,4.0,8,6,0
4,2,2,4,3.0,6,2,1
9,9,9,9,9.0,18,0,7
1,22,1,22,11.5,23,21,0
12,1,1,12,6.5,13,11,0
11,2,2,11,6.5,13,9,1
9,16,9,16,12.5,25,7,7
1,5,1,5,3.0,6,4,0
27,107,27,107,67.0,134,80,17
7,7,7,7,7.0,14,0,6
26,25,25,26,25.5,51,1,23
1,7,1,7,4.0,8,6,0
5,5,5,5,5.0,10,0,4
14,13,13,14,13.5,27,1,9
4,6,4,6,5.0,10,2,3
5,1,1,5,3.0,6,4,0
7,6,6,7,6.5,13,1,5
6,5,5,6,5.5,11,1,4
13,14,13,14,13.5,27,1,12
9,6,6,9,7.5,15,3,4
3,5,3,5,4.0,8,2,2
49,44,44,49,46.5,93,5,26
1,5,1,5,3.0,6,4,0
4,1,1,4,2.5,5,3,0
5,1,1,5,3.0,6,4,0
20,18,18,20,19.0,38,2,17
2,5,2,5,3.5,7,3,0
9,15,9,15,12.0,24,6,3
1,5,1,5,3.0,6,4,0
26,26,26,26,26.0,52,0,25
8,1,1,8,4.5,9,7,0
10,8,8,10,9.0,18,2,6
6,9,6,9,7.5,15,3,5
14,24,14,24,19.0,38,10,7
40,26,26,40,33.0,66,14,23
4,2,2,4,3.0,6,2,1
9,2,2,9,5.5,11,7,1
21,21,21,21,21.0,42,0,19
8,2,2,8,5.0,10,6,1
7,6,6,7,6.5,13,1,5
31,32,31,32,31.5,63,1,29
11,9,9,11,10.0,20,2,8
1,4,1,4,2.5,5,3,0
4,9,4,9,6.5,13,5,3
1,4,1,4,2.5,5,3,0
11,15,11,15,13.0,26,4,8
18,13,13,18,15.5,31,5,12
11,14,11,14,12.5,25,3,10
17,23,17,23,20.0,40,6,14
12,15,12,15,13.5,27,3,10
8,8,8,8,8.0,16,0,7
23,21,21,23,22.0,44,2,19
17,28,17,28,22.5,45,11,12
21,25,21,25,23.0,46,4,20
3,7,3,7,5.0,10,4,2
4,4,4,4,4.0,8,0,3
12,13,12,13,12.5,25,1,11
6,1,1,6,3.5,7,5,0
4,5,4,5,4.5,9,1,1
5,1,1,5,3.0,6,4,0
7,7,7,7,7.0,14,0,6
10,9,9,10,9.5,19,1,7
7,11,7,11,9.0,18,4,6
10,13,10,13,11.5,23,3,9
4,1,1,4,2.5,5,3,0
1,6,1,6,3.5,7,5,0
4,5,4,5,4.5,9,1,3
1,4,1,4,2.5,5,3,0
1,4,1,4,2.5,5,3,0
2,6,2,6,4.0,8,4,1
6,1,1,6,3.5,7,5,0
15,27,15,27,21.0,42,12,7
1,5,1,5,3.0,6,4,0
1,29,1,29,15.0,30,28,0
5,2,2,5,3.5,7,3,0
6,6,6,6,6.0,12,0,5
29,18,18,29,23.5,47,11,15
4,4,4,4,4.0,8,0,3
10,8,8,10,9.0,18,2,6
4,5,4,5,4.5,9,1,3
5,9,5,9,7.0,14,4,4
2,4,2,4,3.0,6,2,1
1,14,1,14,7.5,15,13,0
7,4,4,7,5.5,11,3,3
7,8,7,8,7.5,15,1,6
15,1,1,15,8.0,16,14,0
4,4,4,4,4.0,8,0,3
5,1,1,5,3.0,6,4,0
5,1,1,5,3.0,6,4,0
5,7,5,7,6.0,12,2,3
31,33,31,33,32.0,64,2,30
29,27,27,29,28.0,56,2,23
8,9,8,9,8.5,17,1,7
1,4,1,4,2.5,5,3,0
4,1,1,4,2.5,5,3,0
4,1,1,4,2.5,5,3,0
7,6,6,7,6.5,13,1,5
1,8,1,8,4.5,9,7,0
6,1,1,6,3.5,7,5,0
23,21,21,23,22.0,44,2,16
4,2,2,4,3.0,6,2,1
1,4,1,4,2.5,5,3,0
1,12,1,12,6.5,13,11,0
7,6,6,7,6.5,13,1,4
13,8,8,13,10.5,21,5,7
1,5,1,5,3.0,6,4,0
4,5,4,5,4.5,9,1,3
6,1,1,6,3.5,7,5,0
23,25,23,25,24.0,48,2,17
7,1,1,7,4.0,8,6,0
8,1,1,8,4.5,9,7,0
6,3,3,6,4.5,9,3,0
15,23,15,23,19.0,38,8,14
24,14,14,24,19.0,38,10,12
1,146,1,146,73.5,147,145,0
6,8,6,8,7.0,14,2,5
12,16,12,16,14.0,28,4,11
4,1,1,4,2.5,5,3,0
4,4,4,4,4.0,8,0,2
15,23,15,23,19.0,38,8,14
11,3,3,11,7.0,14,8,2
24,20,20,24,22.0,44,4,17
1,30,1,30,15.5,31,29,0
5,6,5,6,5.5,11,1,2
5,8,5,8,6.5,13,3,4
8,5,5,8,6.5,13,3,4
5,1,1,5,3.0,6,4,0
1,23,1,23,12.0,24,22,0
38,15,15,38,26.5,53,23,11
5,6,5,6,5.5,11,1,4
5,1,1,5,3.0,6,4,0
14,15,14,15,14.5,29,1,11
1,6,1,6,3.5,7,5,0
1,7,1,7,4.0,8,6,0
5,1,1,5,3.0,6,4,0
15,18,15,18,16.5,33,3,11
4,1,1,4,2.5,5,3,0
10,9,9,10,9.5,19,1,6
19,6,6,19,12.5,25,13,3
6,5,5,6,5.5,11,1,4
7,6,6,7,6.5,13,1,5
29,23,23,29,26.0,52,6,20
1,5,1,5,3.0,6,4,0
10,15,10,15,12.5,25,5,9
41,36,36,41,38.5,77,5,35
25,36,25,36,30.5,61,11,24
7,6,6,7,6.5,13,1,3
1,31,1,31,16.0,32,30,0
2,49,2,49,25.5,51,47,1
14,14,14,14,14.0,28,0,13
18,7,7,18,12.5,25,11,4
4,1,1,4,2.5,5,3,0
1,6,1,6,3.5,7,5,0
19,20,19,20,19.5,39,1,18
5,1,1,5,3.0,6,4,0
11,4,4,11,7.5,15,7,3
12,17,12,17,14.5,29,5,8
8,1,1,8,4.5,9,7,0
11,18,11,18,14.5,29,7,10
34,21,21,34,27.5,55,13,9
1,4,1,4,2.5,5,3,0
5,1,1,5,3.0,6,4,0
4,1,1,4,2.5,5,3,0
5,5,5,5,5.0,10,0,3
28,33,28,33,30.5,61,5,20
6,7,6,7,6.5,13,1,4
7,4,4,7,5.5,11,3,3
7,1,1,7,4.0,8,6,0
4,4,4,4,4.0,8,0,3
3,30,3,30,16.5,33,27,0
33,32,32,33,32.5,65,1,31
19,22,19,22,20.5,41,3,16
49,40,40,49,44.5,89,9,19
5,2,2,5,3.5,7,3,0
20,21,20,21,20.5,41,1,18
9,1,1,9,5.0,10,8,0
5,1,1,5,3.0,6,4,0
4,23,4,23,13.5,27,19,0
12,12,12,12,12.0,24,0,6
2,4,2,4,3.0,6,2,0
20,14,14,20,17.0,34,6,12
30,15,15,30,22.5,45,15,12
6,6,6,6,6.0,12,0,5
10,11,10,11,10.5,21,1,9
10,7,7,10,8.5,17,3,6
5,1,1,5,3.0,6,4,0
8,1,1,8,4.5,9,7,0
5,4,4,5,4.5,9,1,3
4,5,4,5,4.5,9,1,0
7,6,6,7,6.5,13,1,4
4,1,1,4,2.5,5,3,0
23,20,20,23,21.5,43,3,17
27,55,27,55,41.0,82,28,26
7,4,4,7,5.5,11,3,3
1,8,1,8,4.5,9,7,0
1,4,1,4,2.5,5,3,0
1,14,1,14,7.5,15,13,0
16,12,12,16,14.0,28,4,11
5,1,1,5,3.0,6,4,0
2,4,2,4,3.0,6,2,1
1,34,1,34,17.5,35,33,0
12,6,6,12,9.0,18,6,4
12,17,12,17,14.5,29,5,8
6,8,6,8,7.0,14,2,5
3,5,3,5,4.0,8,2,2
1,11,1,11,6.0,12,10,0
9,9,9,9,9.0,18,0,8
1,5,1,5,3.0,6,4,0
4,6,4,6,5.0,10,2,3
1,4,1,4,2.5,5,3,0
11,10,10,11,10.5,21,1,9
5,5,5,5,5.0,10,0,4
4,1,1,4,2.5,5,3,0
13,6,6,13,9.5,19,7,2
5,5,5,5,5.0,10,0,3
15,10,10,15,12.5,25,5,8
1,28,1,28,14.5,29,27,0
4,1,1,4,2.5,5,3,0
1,6,1,6,3.5,7,5,0
33,18,18,33,25.5,51,15,16
34,27,27,34,30.5,61,7,23
4,1,1,4,2.5,5,3,0
6,1,1,6,3.5,7,5,0
4,6,4,6,5.0,10,2,3
5,4,4,5,4.5,9,1,3
11,11,11,11,11.0,22,0,9
1,11,1,11,6.0,12,10,0
43,39,39,43,41.0,82,4,31
6,1,1,6,3.5,7,5,0
2,5,2,5,3.5,7,3,0
16,16,16,16,16.0,32,0,15
18,18,18,18,18.0,36,0,17
18,24,18,24,21.0,42,6,13
1,12,1,12,6.5,13,11,0
2,9,2,9,5.5,11,7,0
1,4,1,4,2.5,5,3,0
5,3,3,5,4.0,8,2,2
9,6,6,9,7.5,15,3,0
10,10,10,10,10.0,20,0,9
5,6,5,6,5.5,11,1,4
4,5,4,5,4.5,9,1,3
1,5,1,5,3.0,6,4,0
9,18,9,18,13.5,27,9,8
4,6,4,6,5.0,10,2,2
1,4,1,4,2.5,5,3,0
5,4,4,5,4.5,9,1,3
9,10,9,10,9.5,19,1,8
2,107,2,107,54.5,109,105,0
4,1,1,4,2.5,5,3,0
4,1,1,4,2.5,5,3,0
10,14,10,14,12.0,24,4,4
5,1,1,5,3.0,6,4,0
5,5,5,5,5.0,10,0,4
7,7,7,7,7.0,14,0,6
4,4,4,4,4.0,8,0,3
21,19,19,21,20.0,40,2,17
24,23,23,24,23.5,47,1,15
6,7,6,7,6.5,13,1,3
1,7,1,7,4.0,8,6,0
4,2,2,4,3.0,6,2,1
5,6,5,6,5.5,11,1,4
5,1,1,5,3.0,6,4,0
4,4,4,4,4.0,8,0,2
1,4,1,4,2.5,5,3,0
1,6,1,6,3.5,7,5,0
10,9,9,10,9.5,19,1,8
5,24,5,24,14.5,29,19,4
9,1,1,9,5.0,10,8,0
4,1,1,4,2.5,5,3,0
12,1,1,12,6.5,13,11,0
27,15,15,27,21.0,42,12,13
6,1,1,6,3.5,7,5,0
4,1,1,4,2.5,5,3,0
22,29,22,29,25.5,51,7,16
12,13,12,13,12.5,25,1,11
1,4,1,4,2.5,5,3,0
8,7,7,8,7.5,15,1,5
7,6,6,7,6.5,13,1,5
8,22,8,22,15.0,30,14,6
6,6,6,6,6.0,12,0,5
1,5,1,5,3.0,6,4,0
2,5,2,5,3.5,7,3,0
10,14,10,14,12.0,24,4,9
11,15,11,15,13.0,26,4,10
11,21,11,21,16.0,32,10,10
4,6,4,6,5.0,10,2,2
24,23,23,24,23.5,47,1,16
1,5,1,5,3.0,6,4,0
4,2,2,4,3.0,6,2,0
8,11,8,11,9.5,19,3,7
1,4,1,4,2.5,5,3,0
1,4,1,4,2.5,5,3,0
6,3,3,6,4.5,9,3,0
4,3,3,4,3.5,7,1,2
4,1,1,4,2.5,5,3,0
5,5,5,5,5.0,10,0,4
1,5,1,5,3.0,6,4,0
1,4,1,4,2.5,5,3,0
1,7,1,7,4.0,8,6,0
7,4,4,7,5.5,11,3,0
5,6,5,6,5.5,11,1,2
6,5,5,6,5.5,11,1,4
22,20,20,22,21.0,42,2,15
16,19,16,19,17.5,35,3,14
5,1,1,5,3.0,6,4,0
4,4,4,4,4.0,8,0,3
5,1,1,5,3.0,6,4,0
15,16,15,16,15.5,31,1,12
1,4,1,4,2.5,5,3,0
9,4,4,9,6.5,13,5,3
7,1,1,7,4.0,8,6,0
42,41,41,42,41.5,83,1,31
7,8,7,8,7.5,15,1,4
3,10,3,10,6.5,13,7,1
4,2,2,4,3.0,6,2,1
10,12,10,12,11.0,22,2,5
31,24,24,31,27.5,55,7,23
23,20,20,23,21.5,43,3,16
21,20,20,21,20.5,41,1,18
14,35,14,35,24.5,49,21,13
13,18,13,18,15.5,31,5,12
5,5,5,5,5.0,10,0,4
16,19,16,19,17.5,35,3,15
14,14,14,14,14.0,28,0,13
7,7,7,7,7.0,14,0,4
21,22,21,22,21.5,43,1,18
2,5,2,5,3.5,7,3,1
22,17,17,22,19.5,39,5,11
4,4,4,4,4.0,8,0,0
11,24,11,24,17.5,35,13,7
26,25,25,26,25.5,51,1,24
4,2,2,4,3.0,6,2,0
22,13,13,22,17.5,35,9,9
10,6,6,10,8.0,16,4,0
5,4,4,5,4.5,9,1,3
33,24,24,33,28.5,57,9,12
25,26,25,26,25.5,51,1,24
25,22,22,25,23.5,47,3,19
15,13,13,15,14.0,28,2,12
12,44,12,44,28.0,56,32,7
22,32,22,32,27.0,54,10,18
19,15,15,19,17.0,34,4,14
36,23,23,36,29.5,59,13,22
4,1,1,4,2.5,5,3,0
1,5,1,5,3.0,6,4,0
4,7,4,7,5.5,11,3,3
1,12,1,12,6.5,13,11,0
1,9,1,9,5.0,10,8,0
1,31,1,31,16.0,32,30,0
11,10,10,11,10.5,21,1,9
1,15,1,15,8.0,16,14,0
4,6,4,6,5.0,10,2,2
7,5,5,7,6.0,12,2,4
34,28,28,34,31.0,62,6,24
1,6,1,6,3.5,7,5,0
13,11,11,13,12.0,24,2,9
6,1,1,6,3.5,7,5,0
1,66,1,66,33.5,67,65,0
11,11,11,11,11.0,22,0,10
1,5,1,5,3.0,6,4,0
1,7,1,7,4.0,8,6,0
7,8,7,8,7.5,15,1,6
19,24,19,24,21.5,43,5,14
1,4,1,4,2.5,5,3,0
5,1,1,5,3.0,6,4,0
8,6,6,8,7.0,14,2,5
1,15,1,15,8.0,16,14,0
1,6,1,6,3.5,7,5,0
1,6,1,6,3.5,7,5,0
29,29,29,29,29.0,58,0,16
4,1,1,4,2.5,5,3,0
5,3,3,5,4.0,8,2,2
2,5,2,5,3.5,7,3,1
45,45,45,45,45.0,90,0,33
2,6,2,6,4.0,8,4,1
6,6,6,6,6.0,12,0,1
31,32,31,32,31.5,63,1,27
12,5,5,12,8.5,17,7,3
6,1,1,6,3.5,7,5,0
25,26,25,26,25.5,51,1,23
1,5,1,5,3.0,6,4,0
26,25,25,26,25.5,51,1,20
1,31,1,31,16.0,32,30,0
17,10,10,17,13.5,27,7,7
5,8,5,8,6.5,13,3,0
29,26,26,29,27.5,55,3,25
5,16,5,16,10.5,21,11,2
5,6,5,6,5.5,11,1,1
21,22,21,22,21.5,43,1,19
9,20,9,20,14.5,29,11,2
22,4,4,22,13.0,26,18,2
27,15,15,27,21.0,42,12,14
2,8,2,8,5.0,10,6,0
20,1,1,20,10.5,21,19,0
9,14,9,14,11.5,23,5,8
5,2,2,5,3.5,7,3,1
1,6,1,6,3.5,7,5,0
3,4,3,4,3.5,7,1,2
1,8,1,8,4.5,9,7,0
6,5,5,6,5.5,11,1,3
25,25,25,25,25.0,50,0,23
1,5,1,5,3.0,6,4,0
6,7,6,7,6.5,13,1,5
5,1,1,5,3.0,6,4,0
7,29,7,29,18.0,36,22,6
4,1,1,4,2.5,5,3,0
1,7,1,7,4.0,8,6,0
7,6,6,7,6.5,13,1,5
6,7,6,7,6.5,13,1,5
26,3,3,26,14.5,29,23,2
26,27,26,27,26.5,53,1,25
11,10,10,11,10.5,21,1,9
26,27,26,27,26.5,53,1,25
13,15,13,15,14.0,28,2,11
32,31,31,32,31.5,63,1,29
1,10,1,10,5.5,11,9,0
6,8,6,8,7.0,14,2,5
4,1,1,4,2.5,5,3,0
5,7,5,7,6.0,12,2,4
10,12,10,12,11.0,22,2,9
40,24,24,40,32.0,64,16,22
24,19,19,24,21.5,43,5,17
3,4,3,4,3.5,7,1,2
2,5,2,5,3.5,7,3,0
14,14,14,14,14.0,28,0,13
44,29,29,44,36.5,73,15,19
6,5,5,6,5.5,11,1,1
11,3,3,11,7.0,14,8,2
4,1,1,4,2.5,5,3,0
1,4,1,4,2.5,5,3,0
7,8,7,8,7.5,15,1,5
6,2,2,6,4.0,8,4,1
1,65,1,65,33.0,66,64,0
5,1,1,5,3.0,6,4,0
2,7,2,7,4.5,9,5,0
15,14,14,15,14.5,29,1,11
44,14,14,44,29.0,58,30,9
4,4,4,4,4.0,8,0,3
5,1,1,5,3.0,6,4,0
5,6,5,6,5.5,11,1,4
12,17,12,17,14.5,29,5,7
6,6,6,6,6.0,12,0,5
4,3,3,4,3.5,7,1,2
1,4,1,4,2.5,5,3,0
8,105,8,105,56.5,113,97,0
1,5,1,5,3.0,6,4,0
15,1,1,15,8.0,16,14,0
6,8,6,8,7.0,14,2,5
6,7,6,7,6.5,13,1,3
6,9,6,9,7.5,15,3,4
11,9,9,11,10.0,20,2,8
30,55,30,55,42.5,85,25,23
18,19,18,19,18.5,37,1,17
4,1,1,4,2.5,5,3,0
7,19,7,19,13.0,26,12,5
26,19,19,26,22.5,45,7,10
7,9,7,9,8.0,16,2,6
2,14,2,14,8.0,16,12,0
5,1,1,5,3.0,6,4,0
4,1,1,4,2.5,5,3,0
6,1,1,6,3.5,7,5,0
4,3,3,4,3.5,7,1,2
1,5,1,5,3.0,6,4,0
14,10,10,14,12.0,24,4,5
15,12,12,15,13.5,27,3,10
29,45,29,45,37.0,74,16,20
6,8,6,8,7.0,14,2,4
12,1,1,12,6.5,13,11,0
1,6,1,6,3.5,7,5,0
13,15,13,15,14.0,28,2,11
1,4,1,4,2.5,5,3,0
4,4,4,4,4.0,8,0,3
18,1,1,18,9.5,19,17,0
4,4,4,4,4.0,8,0,0
7,9,7,9,8.0,16,2,6
17,13,13,17,15.0,30,4,11
4,2,2,4,3.0,6,2,1
31,33,31,33,32.0,64,2,30
1,6,1,6,3.5,7,5,0
8,7,7,8,7.5,15,1,6
5,1,1,5,3.0,6,4,0
8,8,8,8,8.0,16,0,7
8,35,8,35,21.5,43,27,0
2,5,2,5,3.5,7,3,0
4,1,1,4,2.5,5,3,0
6,7,6,7,6.5,13,1,5
1,4,1,4,2.5,5,3,0
31,30,30,31,30.5,61,1,27
32,29,29,32,30.5,61,3,15
4,1,1,4,2.5,5,3,0
9,20,9,20,14.5,29,11,7
5,5,5,5,5.0,10,0,4
5,8,5,8,6.5,13,3,3
8,1,1,8,4.5,9,7,0
41,36,36,41,38.5,77,5,32
9,8,8,9,8.5,17,1,6
1,11,1,11,6.0,12,10,0
1,14,1,14,7.5,15,13,0
6,6,6,6,6.0,12,0,5
7,1,1,7,4.0,8,6,0
5,5,5,5,5.0,10,0,4
5,8,5,8,6.5,13,3,1
8,8,8,8,8.0,16,0,6
8,1,1,8,4.5,9,7,0
1,5,1,5,3.0,6,4,0
5,1,1,5,3.0,6,4,0
13,18,13,18,15.5,31,5,11
6,5,5,6,5.5,11,1,3
8,7,7,8,7.5,15,1,5
8,5,5,8,6.5,13,3,3
4,4,4,4,4.0,8,0,2
8,5,5,8,6.5,13,3,3
2,5,2,5,3.5,7,3,1
1,6,1,6,3.5,7,5,0
16,1,1,16,8.5,17,15,0
11,4,4,11,7.5,15,7,3
6,5,5,6,5.5,11,1,1
14,22,14,22,18.0,36,8,8
34,9,9,34,21.5,43,25,3
21,20,20,21,20.5,41,1,19
1,6,1,6,3.5,7,5,0
1,5,1,5,3.0,6,4,0
5,5,5,5,5.0,10,0,4
27,22,22,27,24.5,49,5,18
12,7,7,12,9.5,19,5,6
45,46,45,46,45.5,91,1,39
2,4,2,4,3.0,6,2,1
4,4,4,4,4.0,8,0,0
4,26,4,26,15.0,30,22,2
11,14,11,14,12.5,25,3,10
3,4,3,4,3.5,7,1,1
2,4,2,4,3.0,6,2,1
5,6,5,6,5.5,11,1,3
7,11,7,11,9.0,18,4,5
5,6,5,6,5.5,11,1,4
19,32,19,32,25.5,51,13,18
10,13,10,13,11.5,23,3,8
3,4,3,4,3.5,7,1,1
15,4,4,15,9.5,19,11,3
4,1,1,4,2.5,5,3,0
12,11,11,12,11.5,23,1,8
22,33,22,33,27.5,55,11,7
19,23,19,23,21.0,42,4,10
1,7,1,7,4.0,8,6,0
7,6,6,7,6.5,13,1,4
29,17,17,29,23.0,46,12,11
1,4,1,4,2.5,5,3,0
5,7,5,7,6.0,12,2,4
8,6,6,8,7.0,14,2,0
43,51,43,51,47.0,94,8,25
6,5,5,6,5.5,11,1,3
9,8,8,9,8.5,17,1,6
1,6,1,6,3.5,7,5,0
2,8,2,8,5.0,10,6,0
2,5,2,5,3.5,7,3,1
49,20,20,49,34.5,69,29,19
6,3,3,6,4.5,9,3,2
9,9,9,9,9.0,18,0,0
7,1,1,7,4.0,8,6,0
4,7,4,7,5.5,11,3,3
1,11,1,11,6.0,12,10,0
36,20,20,36,28.0,56,16,19
5,5,5,5,5.0,10,0,4
7,5,5,7,6.0,12,2,3
6,2,2,6,4.0,8,4,1
1,4,1,4,2.5,5,3,0
1,5,1,5,3.0,6,4,0
1,16,1,16,8.5,17,15,0
11,9,9,11,10.0,20,2,7
4,3,3,4,3.5,7,1,2
14,4,4,14,9.0,18,10,3
4,4,4,4,4.0,8,0,3
23,22,22,23,22.5,45,1,20
1,5,1,5,3.0,6,4,0
15,22,15,22,18.5,37,7,11
4,2,2,4,3.0,6,2,1
1,11,1,11,6.0,12,10,0
5,1,1,5,3.0,6,4,0
1,5,1,5,3.0,6,4,0
1,4,1,4,2.5,5,3,0
1,31,1,31,16.0,32,30,0
16,6,6,16,11.0,22,10,0
15,17,15,17,16.0,32,2,8
52,13,13,52,32.5,65,39,9
10,9,9,10,9.5,19,1,4
5,4,4,5,4.5,9,1,2
24,20,20,24,22.0,44,4,19
1,5,1,5,3.0,6,4,0
6,6,6,6,6.0,12,0,4
10,13,10,13,11.5,23,3,9
4,15,4,15,9.5,19,11,0
11,7,7,11,9.0,18,4,5
13,13,13,13,13.0,26,0,12
5,1,1,5,3.0,6,4,0
1,4,1,4,2.5,5,3,0
25,21,21,25,23.0,46,4,13
4,1,1,4,2.5,5,3,0
19,10,10,19,14.5,29,9,9
15,37,15,37,26.0,52,22,13
8,1,1,8,4.5,9,7,0
2,6,2,6,4.0,8,4,1
4,1,1,4,2.5,5,3,0
4,1,1,4,2.5,5,3,0
12,16,12,16,14.0,28,4,0
6,10,6,10,8.0,16,4,4
1,6,1,6,3.5,7,5,0
4,1,1,4,2.5,5,3,0
13,4,4,13,8.5,17,9,3
4,1,1,4,2.5,5,3,0
4,4,4,4,4.0,8,0,3
4,5,4,5,4.5,9,1,3
9,9,9,9,9.0,18,0,8
3,11,3,11,7.0,14,8,2
5,6,5,6,5.5,11,1,4
16,22,16,22,19.0,38,6,13
15,6,6,15,10.5,21,9,0
9,13,9,13,11.0,22,4,8
5,8,5,8,6.5,13,3,4
18,18,18,18,18.0,36,0,16
1,9,1,9,5.0,10,8,0
10,8,8,10,9.0,18,2,6
20,7,7,20,13.5,27,13,0
1,5,1,5,3.0,6,4,0
19,8,8,19,13.5,27,11,7
27,24,24,27,25.5,51,3,23
1,4,1,4,2.5,5,3,0
6,1,1,6,3.5,7,5,0
5,1,1,5,3.0,6,4,0
31,15,15,31,23.0,46,16,14
6,5,5,6,5.5,11,1,4
5,6,5,6,5.5,11,1,4
8,9,8,9,8.5,17,1,6
8,2,2,8,5.0,10,6,0
7,1,1,7,4.0,8,6,0
9,1,1,9,5.0,10,8,0
31,32,31,32,31.5,63,1,30
8,8,8,8,8.0,16,0,7
31,22,22,31,26.5,53,9,18
16,1,1,16,8.5,17,15,0
6,1,1,6,3.5,7,5,0
4,2,2,4,3.0,6,2,0
25,22,22,25,23.5,47,3,20
7,1,1,7,4.0,8,6,0
11,10,10,11,10.5,21,1,6
11,11,11,11,11.0,22,0,6
4,6,4,6,5.0,10,2,3
7,6,6,7,6.5,13,1,5
1,10,1,10,5.5,11,9,0
2,4,2,4,3.0,6,2,0
3,4,3,4,3.5,7,1,2
5,3,3,5,4.0,8,2,1
1,6,1,6,3.5,7,5,0
9,9,9,9,9.0,18,0,8
27,26,26,27,26.5,53,1,25
5,6,5,6,5.5,11,1,2
2,8,2,8,5.0,10,6,0
29,1,1,29,15.0,30,28,0
22,1,1,22,11.5,23,21,0
1,6,1,6,3.5,7,5,0
5,5,5,5,5.0,10,0,4
39,41,39,41,40.0,80,2,37
1,5,1,5,3.0,6,4,0
13,6,6,13,9.5,19,7,4
13,13,13,13,13.0,26,0,9
13,13,13,13,13.0,26,0,12
12,4,4,12,8.0,16,8,0
8,8,8,8,8.0,16,0,5
8,8,8,8,8.0,16,0,7
5,3,3,5,4.0,8,2,2
10,19,10,19,14.5,29,9,6
1,9,1,9,5.0,10,8,0
1,4,1,4,2.5,5,3,0
5,1,1,5,3.0,6,4,0
5,1,1,5,3.0,6,4,0
2,14,2,14,8.0,16,12,1
5,2,2,5,3.5,7,3,1
1,12,1,12,6.5,13,11,0
1,6,1,6,3.5,7,5,0
6,5,5,6,5.5,11,1,4
1,8,1,8,4.5,9,7,0
14,14,14,14,14.0,28,0,13
10,9,9,10,9.5,19,1,7
4,3,3,4,3.5,7,1,2
27,27,27,27,27.0,54,0,26
6,26,6,26,16.0,32,20,0
49,40,40,49,44.5,89,9,33
34,7,7,34,20.5,41,27,3
4,3,3,4,3.5,7,1,2
22,15,15,22,18.5,37,7,13
21,15,15,21,18.0,36,6,13
6,1,1,6,3.5,7,5,0
5,1,1,5,3.0,6,4,0
9,9,9,9,9.0,18,0,7
4,4,4,4,4.0,8,0,3
1,10,1,10,5.5,11,9,0
5,5,5,5,5.0,10,0,4
11,1,1,11,6.0,12,10,0
5,1,1,5,3.0,6,4,0
1,5,1,5,3.0,6,4,0
4,1,1,4,2.5,5,3,0
1,6,1,6,3.5,7,5,0
1,32,1,32,16.5,33,31,0
5,19,5,19,12.0,24,14,0
5,5,5,5,5.0,10,0,3
22,25,22,25,23.5,47,3,19
4,1,1,4,2.5,5,3,0
4,5,4,5,4.5,9,1,1
8,5,5,8,6.5,13,3,3
4,1,1,4,2.5,5,3,0
5,1,1,5,3.0,6,4,0
5,1,1,5,3.0,6,4,0
4,2,2,4,3.0,6,2,1
4,1,1,4,2.5,5,3,0
1,4,1,4,2.5,5,3,0
11,13,11,13,12.0,24,2,10
2,4,2,4,3.0,6,2,1
7,9,7,9,8.0,16,2,4
40,50,40,50,45.0,90,10,39
6,7,6,7,6.5,13,1,3
54,26,26,54,40.0,80,28,23
19,19,19,19,19.0,38,0,18
11,20,11,20,15.5,31,9,10
1,5,1,5,3.0,6,4,0
13,12,12,13,12.5,25,1,11
4,7,4,7,5.5,11,3,3
1,4,1,4,2.5,5,3,0
2,9,2,9,5.5,11,7,0
4,1,1,4,2.5,5,3,0
12,11,11,12,11.5,23,1,10
10,12,10,12,11.0,22,2,8
15,13,13,15,14.0,28,2,12
1,4,1,4,2.5,5,3,0
5,1,1,5,3.0,6,4,0
1,8,1,8,4.5,9,7,0
4,5,4,5,4.5,9,1,3
5,8,5,8,6.5,13,3,4
4,4,4,4,4.0,8,0,2
1,9,1,9,5.0,10,8,0
32,25,25,32,28.5,57,7,21
1,6,1,6,3.5,7,5,0
5,7,5,7,6.0,12,2,4
5,1,1,5,3.0,6,4,0
4,1,1,4,2.5,5,3,0
1,7,1,7,4.0,8,6,0
4,1,1,4,2.5,5,3,0
25,24,24,25,24.5,49,1,23
2,8,2,8,5.0,10,6,1
4,1,1,4,2.5,5,3,0
7,4,4,7,5.5,11,3,1
7,5,5,7,6.0,12,2,4
12,4,4,12,8.0,16,8,0
1,32,1,32,16.5,33,31,0
4,1,1,4,2.5,5,3,0
30,36,30,36,33.0,66,6,29
18,40,18,40,29.0,58,22,16
2,4,2,4,3.0,6,2,1
1,12,1,12,6.5,13,11,0
5,2,2,5,3.5,7,3,0
5,5,5,5,5.0,10,0,4
10,6,6,10,8.0,16,4,4
1,5,1,5,3.0,6,4,0
4,1,1,4,2.5,5,3,0
10,10,10,10,10.0,20,0,6
8,4,4,8,6.0,12,4,1
4,18,4,18,11.0,22,14,3
5,1,1,5,3.0,6,4,0
4,1,1,4,2.5,5,3,0
13,5,5,13,9.0,18,8,2
18,21,18,21,19.5,39,3,16
12,1,1,12,6.5,13,11,0
14,15,14,15,14.5,29,1,12
1,28,1,28,14.5,29,27,0
6,1,1,6,3.5,7,5,0
10,8,8,10,9.0,18,2,7
7,22,7,22,14.5,29,15,6
6,5,5,6,5.5,11,1,4
10,25,10,25,17.5,35,15,6
5,6,5,6,5.5,11,1,4
2,33,2,33,17.5,35,31,1
5,1,1,5,3.0,6,4,0
25,49,25,49,37.0,74,24,20
15,7,7,15,11.0,22,8,6
4,2,2,4,3.0,6,2,1
8,7,7,8,7.5,15,1,6
1,16,1,16,8.5,17,15,0
2,6,2,6,4.0,8,4,1
1,6,1,6,3.5,7,5,0
56,22,22,56,39.0,78,34,9
11,15,11,15,13.0,26,4,10
43,46,43,46,44.5,89,3,41
8,8,8,8,8.0,16,0,7
10,1,1,10,5.5,11,9,0
1,19,1,19,10.0,20,18,0
1,22,1,22,11.5,23,21,0
12,16,12,16,14.0,28,4,11
1,4,1,4,2.5,5,3,0
4,4,4,4,4.0,8,0,3
4,13,4,13,8.5,17,9,2
7,5,5,7,6.0,12,2,3
4,2,2,4,3.0,6,2,1
4,5,4,5,4.5,9,1,0
4,5,4,5,4.5,9,1,1
5,2,2,5,3.5,7,3,1
4,4,4,4,4.0,8,0,3
48,31,31,48,39.5,79,17,28
5,6,5,6,5.5,11,1,4
1,8,1,8,4.5,9,7,0
30,32,30,32,31.0,62,2,28
4,10,4,10,7.0,14,6,0
5,9,5,9,7.0,14,4,4
2,6,2,6,4.0,8,4,1
9,6,6,9,7.5,15,3,5
7,2,2,7,4.5,9,5,1
4,1,1,4,2.5,5,3,0
2,15,2,15,8.5,17,13,1
16,6,6,16,11.0,22,10,0
2,5,2,5,3.5,7,3,1
9,10,9,10,9.5,19,1,8
10,4,4,10,7.0,14,6,1
5,1,1,5,3.0,6,4,0
9,1,1,9,5.0,10,8,0
3,6,3,6,4.5,9,3,2
17,14,14,17,15.5,31,3,13
2,4,2,4,3.0,6,2,0
13,14,13,14,13.5,27,1,8
9,8,8,9,8.5,17,1,7
1,5,1,5,3.0,6,4,0
1,10,1,10,5.5,11,9,0
24,17,17,24,20.5,41,7,9
6,2,2,6,4.0,8,4,1
11,48,11,48,29.5,59,37,6
6,7,6,7,6.5,13,1,5
2,10,2,10,6.0,12,8,0
4,1,1,4,2.5,5,3,0
5,3,3,5,4.0,8,2,2
2,30,2,30,16.0,32,28,0
4,1,1,4,2.5,5,3,0
4,1,1,4,2.5,5,3,0
11,10,10,11,10.5,21,1,9
5,1,1,5,3.0,6,4,0
6,1,1,6,3.5,7,5,0
27,26,26,27,26.5,53,1,25
13,14,13,14,13.5,27,1,12
18,11,11,18,14.5,29,7,9
4,1,1,4,2.5,5,3,0
9,11,9,11,10.0,20,2,8
5,1,1,5,3.0,6,4,0
1,8,1,8,4.5,9,7,0
2,5,2,5,3.5,7,3,1
5,3,3,5,4.0,8,2,2
1,5,1,5,3.0,6,4,0
7,8,7,8,7.5,15,1,5
4,4,4,4,4.0,8,0,0
8,17,8,17,12.5,25,9,7
19,17,17,19,18.0,36,2,14
2,5,2,5,3.5,7,3,1
20,8,8,20,14.0,28,12,7
6,16,6,16,11.0,22,10,3
4,5,4,5,4.5,9,1,3
1,5,1,5,3.0,6,4,0
7,25,7,25,16.0,32,18,0
1,9,1,9,5.0,10,8,0
5,1,1,5,3.0,6,4,0
1,8,1,8,4.5,9,7,0
18,19,18,19,18.5,37,1,15
19,25,19,25,22.0,44,6,12
12,10,10,12,11.0,22,2,9
1,5,1,5,3.0,6,4,0
5,9,5,9,7.0,14,4,4
15,10,10,15,12.5,25,5,9
6,1,1,6,3.5,7,5,0
11,9,9,11,10.0,20,2,1
8,9,8,9,8.5,17,1,7
9,1,1,9,5.0,10,8,0
9,7,7,9,8.0,16,2,4
44,33,33,44,38.5,77,11,31
23,9,9,23,16.0,32,14,8
4,146,4,146,75.0,150,142,0
1,4,1,4,2.5,5,3,0
1,23,1,23,12.0,24,22,0
7,5,5,7,6.0,12,2,4
8,1,1,8,4.5,9,7,0
5,16,5,16,10.5,21,11,1
10,10,10,10,10.0,20,0,4
4,4,4,4,4.0,8,0,2
4,4,4,4,4.0,8,0,3
7,1,1,7,4.0,8,6,0
8,2,2,8,5.0,10,6,1
19,16,16,19,17.5,35,3,13
10,43,10,43,26.5,53,33,9
2,5,2,5,3.5,7,3,0
4,1,1,4,2.5,5,3,0
17,2,2,17,9.5,19,15,0
1,30,1,30,15.5,31,29,0
10,9,9,10,9.5,19,1,8
4,5,4,5,4.5,9,1,2
1,10,1,10,5.5,11,9,0
7,9,7,9,8.0,16,2,5
17,30,17,30,23.5,47,13,5
1,5,1,5,3.0,6,4,0
5,6,5,6,5.5,11,1,4
1,4,1,4,2.5,5,3,0
4,6,4,6,5.0,10,2,3
5,1,1,5,3.0,6,4,0
7,4,4,7,5.5,11,3,3
14,15,14,15,14.5,29,1,13
7,3,3,7,5.0,10,4,1
5,4,4,5,4.5,9,1,2
18,27,18,27,22.5,45,9,14
6,4,4,6,5.0,10,2,1
27,36,27,36,31.5,63,9,25
2,5,2,5,3.5,7,3,1
15,21,15,21,18.0,36,6,7
4,5,4,5,4.5,9,1,0
1,5,1,5,3.0,6,4,0
6,7,6,7,6.5,13,1,5
42,29,29,42,35.5,71,13,26
6,4,4,6,5.0,10,2,3
2,6,2,6,4.0,8,4,1
42,28,28,42,35.0,70,14,23
3,15,3,15,9.0,18,12,0
1,4,1,4,2.5,5,3,0
4,21,4,21,12.5,25,17,0
22,21,21,22,21.5,43,1,19
27,24,24,27,25.5,51,3,23
1,4,1,4,2.5,5,3,0
45,44,44,45,44.5,89,1,43
2,10,2,10,6.0,12,8,0
26,1,1,26,13.5,27,25,0
4,1,1,4,2.5,5,3,0
1,7,1,7,4.0,8,6,0
4,5,4,5,4.5,9,1,3
47,25,25,47,36.0,72,22,23
4,5,4,5,4.5,9,1,3
12,1,1,12,6.5,13,11,0
2,15,2,15,8.5,17,13,0
10,11,10,11,10.5,21,1,7
18,21,18,21,19.5,39,3,17
6,7,6,7,6.5,13,1,5
4,1,1,4,2.5,5,3,0
9,1,1,9,5.0,10,8,0
10,11,10,11,10.5,21,1,9
1,4,1,4,2.5,5,3,0
6,4,4,6,5.0,10,2,2
14,13,13,14,13.5,27,1,11
17,18,17,18,17.5,35,1,10
5,2,2,5,3.5,7,3,1
6,6,6,6,6.0,12,0,5
1,5,1,5,3.0,6,4,0
4,4,4,4,4.0,8,0,3
1,29,1,29,15.0,30,28,0
1,7,1,7,4.0,8,6,0
4,4,4,4,4.0,8,0,2
6,1,1,6,3.5,7,5,0
4,1,1,4,2.5,5,3,0
1,5,1,5,3.0,6,4,0
49,38,38,49,43.5,87,11,19
14,14,14,14,14.0,28,0,13
1,13,1,13,7.0,14,12,0
13,14,13,14,13.5,27,1,12
1,7,1,7,4.0,8,6,0
1,6,1,6,3.5,7,5,0
8,6,6,8,7.0,14,2,5
6,13,6,13,9.5,19,7,4
4,13,4,13,8.5,17,9,2
4,12,4,12,8.0,16,8,2
6,8,6,8,7.0,14,2,4
8,1,1,8,4.5,9,7,0
6,5,5,6,5.5,11,1,4
5,1,1,5,3.0,6,4,0
41,45,41,45,43.0,86,4,39
1,4,1,4,2.5,5,3,0
7,10,7,10,8.5,17,3,6
8,5,5,8,6.5,13,3,3
33,34,33,34,33.5,67,1,32
9,10,9,10,9.5,19,1,8
9,9,9,9,9.0,18,0,8
11,10,10,11,10.5,21,1,9
7,2,2,7,4.5,9,5,1
1,4,1,4,2.5,5,3,0
1,6,1,6,3.5,7,5,0
18,14,14,18,16.0,32,4,13
53,40,40,53,46.5,93,13,37
1,4,1,4,2.5,5,3,0
17,25,17,25,21.0,42,8,10
31,33,31,33,32.0,64,2,30
5,4,4,5,4.5,9,1,1
17,1,1,17,9.0,18,16,0
31,29,29,31,30.0,60,2,27
2,6,2,6,4.0,8,4,0
8,7,7,8,7.5,15,1,6
1,4,1,4,2.5,5,3,0
5,6,5,6,5.5,11,1,4
10,10,10,10,10.0,20,0,9
2,5,2,5,3.5,7,3,1
5,1,1,5,3.0,6,4,0
6,18,6,18,12.0,24,12,5
22,21,21,22,21.5,43,1,18
13,13,13,13,13.0,26,0,12
4,1,1,4,2.5,5,3,0
4,4,4,4,4.0,8,0,2
16,16,16,16,16.0,32,0,14
5,2,2,5,3.5,7,3,1
33,49,33,49,41.0,82,16,26
7,11,7,11,9.0,18,4,3
15,24,15,24,19.5,39,9,14
6,5,5,6,5.5,11,1,4
9,9,9,9,9.0,18,0,8
14,14,14,14,14.0,28,0,13
28,14,14,28,21.0,42,14,11
6,6,6,6,6.0,12,0,5
8,11,8,11,9.5,19,3,6
7,6,6,7,6.5,13,1,5
4,1,1,4,2.5,5,3,0
4,1,1,4,2.5,5,3,0
1,10,1,10,5.5,11,9,0
6,1,1,6,3.5,7,5,0
1,9,1,9,5.0,10,8,0
10,9,9,10,9.5,19,1,8
15,14,14,15,14.5,29,1,13
4,5,4,5,4.5,9,1,2
3,4,3,4,3.5,7,1,1
36,21,21,36,28.5,57,15,18
1,31,1,31,16.0,32,30,0
7,1,1,7,4.0,8,6,0
10,1,1,10,5.5,11,9,0
40,26,26,40,33.0,66,14,24
4,1,1,4,2.5,5,3,0
4,1,1,4,2.5,5,3,0
14,15,14,15,14.5,29,1,11
4,1,1,4,2.5,5,3,0
8,11,8,11,9.5,19,3,7
6,5,5,6,5.5,11,1,3
1,6,1,6,3.5,7,5,0
29,7,7,29,18.0,36,22,1
13,13,13,13,13.0,26,0,12
21,33,21,33,27.0,54,12,20
51,41,41,51,46.0,92,10,24
4,2,2,4,3.0,6,2,1
7,7,7,7,7.0,14,0,6
2,5,2,5,3.5,7,3,1
25,21,21,25,23.0,46,4,20
5,6,5,6,5.5,11,1,1
1,6,1,6,3.5,7,5,0
5,5,5,5,5.0,10,0,4
39,38,38,39,38.5,77,1,33
20,21,20,21,20.5,41,1,17
13,12,12,13,12.5,25,1,11
27,22,22,27,24.5,49,5,20
1,4,1,4,2.5,5,3,0
1,7,1,7,4.0,8,6,0
3,8,3,8,5.5,11,5,2
37,38,37,38,37.5,75,1,28
9,5,5,9,7.0,14,4,4
4,2,2,4,3.0,6,2,1
12,11,11,12,11.5,23,1,10
4,1,1,4,2.5,5,3,0
4,1,1,4,2.5,5,3,0
4,1,1,4,2.5,5,3,0
7,12,7,12,9.5,19,5,6
27,36,27,36,31.5,63,9,25
11,3,3,11,7.0,14,8,1
5,12,5,12,8.5,17,7,4
1,4,1,4,2.5,5,3,0
12,8,8,12,10.0,20,4,7
10,9,9,10,9.5,19,1,6
1,4,1,4,2.5,5,3,0
8,3,3,8,5.5,11,5,1
4,4,4,4,4.0,8,0,3
15,11,11,15,13.0,26,4,10
2,75,2,75,38.5,77,73,0
4,24,4,24,14.0,28,20,0
4,4,4,4,4.0,8,0,3
15,16,15,16,15.5,31,1,14
1,5,1,5,3.0,6,4,0
18,23,18,23,20.5,41,5,14
8,7,7,8,7.5,15,1,6
1,6,1,6,3.5,7,5,0
4,6,4,6,5.0,10,2,3
8,5,5,8,6.5,13,3,1
7,48,7,48,27.5,55,41,6
10,13,10,13,11.5,23,3,7
5,3,3,5,4.0,8,2,0
6,8,6,8,7.0,14,2,5
23,20,20,23,21.5,43,3,18
10,13,10,13,11.5,23,3,8
1,5,1,5,3.0,6,4,0
1,12,1,12,6.5,13,11,0
1,15,1,15,8.0,16,14,0
6,9,6,9,7.5,15,3,4
1,4,1,4,2.5,5,3,0
6,6,6,6,6.0,12,0,5
1,13,1,13,7.0,14,12,0
1,10,1,10,5.5,11,9,0
7,1,1,7,4.0,8,6,0
1,4,1,4,2.5,5,3,0
9,16,9,16,12.5,25,7,8
33,66,33,66,49.5,99,33,27
10,1,1,10,5.5,11,9,0
6,1,1,6,3.5,7,5,0
13,11,11,13,12.0,24,2,9
2,29,2,29,15.5,31,27,0
23,23,23,23,23.0,46,0,22
8,2,2,8,5.0,10,6,1
5,6,5,6,5.5,11,1,4
3,5,3,5,4.0,8,2,2
16,7,7,16,11.5,23,9,6
5,1,1,5,3.0,6,4,0
4,5,4,5,4.5,9,1,3
6,6,6,6,6.0,12,0,5
5,4,4,5,4.5,9,1,3
11,11,11,11,11.0,22,0,6
4,1,1,4,2.5,5,3,0
7,7,7,7,7.0,14,0,6
5,6,5,6,5.5,11,1,4
11,26,11,26,18.5,37,15,0
5,1,1,5,3.0,6,4,0
22,24,22,24,23.0,46,2,20
11,13,11,13,12.0,24,2,6
9,13,9,13,11.0,22,4,7
1,5,1,5,3.0,6,4,0
20,16,16,20,18.0,36,4,12
16,12,12,16,14.0,28,4,11
2,5,2,5,3.5,7,3,1
30,32,30,32,31.0,62,2,25
4,1,1,4,2.5,5,3,0
2,30,2,30,16.0,32,28,1
1,7,1,7,4.0,8,6,0
3,4,3,4,3.5,7,1,0
4,1,1,4,2.5,5,3,0
5,4,4,5,4.5,9,1,3
11,9,9,11,10.0,20,2,8
1,5,1,5,3.0,6,4,0
18,13,13,18,15.5,31,5,12
14,15,14,15,14.5,29,1,12
1,4,1,4,2.5,5,3,0
17,8,8,17,12.5,25,9,7
9,10,9,10,9.5,19,1,7
5,1,1,5,3.0,6,4,0
3,5,3,5,4.0,8,2,0
1,4,1,4,2.5,5,3,0
7,10,7,10,8.5,17,3,4
1,4,1,4,2.5,5,3,0
6,7,6,7,6.5,13,1,4
2,6,2,6,4.0,8,4,1
14,13,13,14,13.5,27,1,12
12,24,12,24,18.0,36,12,11
1,5,1,5,3.0,6,4,0
1,7,1,7,4.0,8,6,0
10,9,9,10,9.5,19,1,7
2,4,2,4,3.0,6,2,0
1,5,1,5,3.0,6,4,0
2,6,2,6,4.0,8,4,0
11,16,11,16,13.5,27,5,9
27,24,24,27,25.5,51,3,21
2,4,2,4,3.0,6,2,0
5,4,4,5,4.5,9,1,0
10,11,10,11,10.5,21,1,7
2,5,2,5,3.5,7,3,0
17,1,1,17,9.0,18,16,0
7,4,4,7,5.5,11,3,3
5,7,5,7,6.0,12,2,4
2,26,2,26,14.0,28,24,0
2,4,2,4,3.0,6,2,1
12,11,11,12,11.5,23,1,10
8,8,8,8,8.0,16,0,5
6,9,6,9,7.5,15,3,5
4,1,1,4,2.5,5,3,0
11,9,9,11,10.0,20,2,7
5,5,5,5,5.0,10,0,0
1,10,1,10,5.5,11,9,0
1,12,1,12,6.5,13,11,0
6,1,1,6,3.5,7,5,0
5,2,2,5,3.5,7,3,1
1,13,1,13,7.0,14,12,0
5,10,5,10,7.5,15,5,4
8,1,1,8,4.5,9,7,0
6,4,4,6,5.0,10,2,3
2,6,2,6,4.0,8,4,1
5,5,5,5,5.0,10,0,4
1,10,1,10,5.5,11,9,0
11,11,11,11,11.0,22,0,6
1,5,1,5,3.0,6,4,0
20,19,19,20,19.5,39,1,18
1,26,1,26,13.5,27,25,0
11,1,1,11,6.0,12,10,0
6,7,6,7,6.5,13,1,4
4,26,4,26,15.0,30,22,0
8,5,5,8,6.5,13,3,4
9,10,9,10,9.5,19,1,5
6,2,2,6,4.0,8,4,1
19,2,2,19,10.5,21,17,1
12,17,12,17,14.5,29,5,7
6,6,6,6,6.0,12,0,5
7,2,2,7,4.5,9,5,1
1,7,1,7,4.0,8,6,0
4,5,4,5,4.5,9,1,3
13,1,1,13,7.0,14,12,0
2,5,2,5,3.5,7,3,0
5,4,4,5,4.5,9,1,3
6,7,6,7,6.5,13,1,5
17,22,17,22,19.5,39,5,13
4,4,4,4,4.0,8,0,3
8,6,6,8,7.0,14,2,5
15,13,13,15,14.0,28,2,10
8,1,1,8,4.5,9,7,0
5,1,1,5,3.0,6,4,0
1,7,1,7,4.0,8,6,0
3,6,3,6,4.5,9,3,2
4,1,1,4,2.5,5,3,0
1,13,1,13,7.0,14,12,0
5,4,4,5,4.5,9,1,3
1,4,1,4,2.5,5,3,0
1,5,1,5,3.0,6,4,0
2,5,2,5,3.5,7,3,0
5,4,4,5,4.5,9,1,3
5,1,1,5,3.0,6,4,0
5,5,5,5,5.0,10,0,4
2,5,2,5,3.5,7,3,1
20,10,10,20,15.0,30,10,9
7,6,6,7,6.5,13,1,5
5,2,2,5,3.5,7,3,1
6,6,6,6,6.0,12,0,4
7,2,2,7,4.5,9,5,1
17,9,9,17,13.0,26,8,7
66,1,1,66,33.5,67,65,0
1,26,1,26,13.5,27,25,0
1,11,1,11,6.0,12,10,0
6,1,1,6,3.5,7,5,0
5,1,1,5,3.0,6,4,0
10,15,10,15,12.5,25,5,7
19,13,13,19,16.0,32,6,11
14,9,9,14,11.5,23,5,7
4,8,4,8,6.0,12,4,3
10,1,1,10,5.5,11,9,0
21,20,20,21,20.5,41,1,13
4,1,1,4,2.5,5,3,0
8,8,8,8,8.0,16,0,7
1,4,1,4,2.5,5,3,0
2,4,2,4,3.0,6,2,1
5,5,5,5,5.0,10,0,4
7,5,5,7,6.0,12,2,0
11,11,11,11,11.0,22,0,10
7,11,7,11,9.0,18,4,6
9,11,9,11,10.0,20,2,6
29,32,29,32,30.5,61,3,24
6,4,4,6,5.0,10,2,3
1,6,1,6,3.5,7,5,0
11,11,11,11,11.0,22,0,6
11,9,9,11,10.0,20,2,8
8,9,8,9,8.5,17,1,2
4,4,4,4,4.0,8,0,3
12,17,12,17,14.5,29,5,10
4,2,2,4,3.0,6,2,1
13,13,13,13,13.0,26,0,12
4,77,4,77,40.5,81,73,0
13,13,13,13,13.0,26,0,12
6,7,6,7,6.5,13,1,1
27,10,10,27,18.5,37,17,6
42,32,32,42,37.0,74,10,23
3,7,3,7,5.0,10,4,2
1,28,1,28,14.5,29,27,0
1,24,1,24,12.5,25,23,0
5,6,5,6,5.5,11,1,4
4,2,2,4,3.0,6,2,0
1,5,1,5,3.0,6,4,0
1,5,1,5,3.0,6,4,0
8,11,8,11,9.5,19,3,7
1,40,1,40,20.5,41,39,0
6,13,6,13,9.5,19,7,1
3,18,3,18,10.5,21,15,2
4,1,1,4,2.5,5,3,0
1,4,1,4,2.5,5,3,0
27,24,24,27,25.5,51,3,22
1,11,1,11,6.0,12,10,0
4,1,1,4,2.5,5,3,0
9,6,6,9,7.5,15,3,5
1,4,1,4,2.5,5,3,0
7,1,1,7,4.0,8,6,0
1,6,1,6,3.5,7,5,0
4,1,1,4,2.5,5,3,0
1,6,1,6,3.5,7,5,0
4,1,1,4,2.5,5,3,0
4,1,1,4,2.5,5,3,0
5,2,2,5,3.5,7,3,1
22,49,22,49,35.5,71,27,18
2,4,2,4,3.0,6,2,1
5,6,5,6,5.5,11,1,4
12,13,12,13,12.5,25,1,9
11,10,10,11,10.5,21,1,9
5,1,1,5,3.0,6,4,0
4,4,4,4,4.0,8,0,2
10,17,10,17,13.5,27,7,9
12,12,12,12,12.0,24,0,10
40,36,36,40,38.0,76,4,34
6,5,5,6,5.5,11,1,4
1,5,1,5,3.0,6,4,0
10,8,8,10,9.0,18,2,6
5,4,4,5,4.5,9,1,3
5,5,5,5,5.0,10,0,4
11,25,11,25,18.0,36,14,7
5,6,5,6,5.5,11,1,4
7,5,5,7,6.0,12,2,1
6,6,6,6,6.0,12,0,4
1,15,1,15,8.0,16,14,0
8,1,1,8,4.5,9,7,0
25,13,13,25,19.0,38,12,12
2,7,2,7,4.5,9,5,1
1,6,1,6,3.5,7,5,0
2,6,2,6,4.0,8,4,0
1,4,1,4,2.5,5,3,0
1,12,1,12,6.5,13,11,0
2,7,2,7,4.5,9,5,0
6,8,6,8,7.0,14,2,5
1,4,1,4,2.5,5,3,0
26,16,16,26,21.0,42,10,15
43,37,37,43,40.0,80,6,27
5,1,1,5,3.0,6,4,0
1,9,1,9,5.0,10,8,0
32,33,32,33,32.5,65,1,31
39,21,21,39,30.0,60,18,18
13,1,1,13,7.0,14,12,0
6,1,1,6,3.5,7,5,0
6,13,6,13,9.5,19,7,5
9,9,9,9,9.0,18,0,7
1,6,1,6,3.5,7,5,0
7,10,7,10,8.5,17,3,5
17,8,8,17,12.5,25,9,7
1,4,1,4,2.5,5,3,0
1,6,1,6,3.5,7,5,0
1,6,1,6,3.5,7,5,0
6,7,6,7,6.5,13,1,5
1,5,1,5,3.0,6,4,0
5,1,1,5,3.0,6,4,0
1,4,1,4,2.5,5,3,0
10,9,9,10,9.5,19,1,8
4,1,1,4,2.5,5,3,0
2,8,2,8,5.0,10,6,1
1,10,1,10,5.5,11,9,0
4,1,1,4,2.5,5,3,0
4,3,3,4,3.5,7,1,2
19,22,19,22,20.5,41,3,17
7,1,1,7,4.0,8,6,0
1,5,1,5,3.0,6,4,0
4,1,1,4,2.5,5,3,0
4,6,4,6,5.0,10,2,3
1,11,1,11,6.0,12,10,0
8,8,8,8,8.0,16,0,7
6,1,1,6,3.5,7,5,0
21,32,21,32,26.5,53,11,18
27,24,24,27,25.5,51,3,23
1,5,1,5,3.0,6,4,0
19,4,4,19,11.5,23,15,1
1,6,1,6,3.5,7,5,0
9,5,5,9,7.0,14,4,0
1,8,1,8,4.5,9,7,0
1,5,1,5,3.0,6,4,0
1,6,1,6,3.5,7,5,0
22,19,19,22,20.5,41,3,15
2,12,2,12,7.0,14,10,0
2,16,2,16,9.0,18,14,0
15,2,2,15,8.5,17,13,1
5,5,5,5,5.0,10,0,4
5,3,3,5,4.0,8,2,2
9,1,1,9,5.0,10,8,0
1,77,1,77,39.0,78,76,0
5,1,1,5,3.0,6,4,0
5,8,5,8,6.5,13,3,2
15,22,15,22,18.5,37,7,13
5,3,3,5,4.0,8,2,2
1,36,1,36,18.5,37,35,0
17,8,8,17,12.5,25,9,5
7,7,7,7,7.0,14,0,6
15,7,7,15,11.0,22,8,6
8,8,8,8,8.0,16,0,7
18,20,18,20,19.0,38,2,17
1,7,1,7,4.0,8,6,0
17,38,17,38,27.5,55,21,8
1,27,1,27,14.0,28,26,0
5,5,5,5,5.0,10,0,4
7,5,5,7,6.0,12,2,4
25,22,22,25,23.5,47,3,20
14,8,8,14,11.0,22,6,2
15,22,15,22,18.5,37,7,6
5,5,5,5,5.0,10,0,4
1,5,1,5,3.0,6,4,0
4,1,1,4,2.5,5,3,0
4,1,1,4,2.5,5,3,0
23,26,23,26,24.5,49,3,19
5,5,5,5,5.0,10,0,2
4,1,1,4,2.5,5,3,0
4,1,1,4,2.5,5,3,0
1,7,1,7,4.0,8,6,0
1,29,1,29,15.0,30,28,0
11,11,11,11,11.0,22,0,9
3,7,3,7,5.0,10,4,2
41,33,33,41,37.0,74,8,29
10,9,9,10,9.5,19,1,6
13,15,13,15,14.0,28,2,11
3,4,3,4,3.5,7,1,2
11,9,9,11,10.0,20,2,6
4,6,4,6,5.0,10,2,1
1,6,1,6,3.5,7,5,0
5,10,5,10,7.5,15,5,4
9,17,9,17,13.0,26,8,7
3,4,3,4,3.5,7,1,2
4,1,1,4,2.5,5,3,0
1,5,1,5,3.0,6,4,0
6,1,1,6,3.5,7,5,0
8,9,8,9,8.5,17,1,7
1,9,1,9,5.0,10,8,0
22,23,22,23,22.5,45,1,20
19,25,19,25,22.0,44,6,16
1,146,1,146,73.5,147,145,0
12,7,7,12,9.5,19,5,6
5,1,1,5,3.0,6,4,0
14,25,14,25,19.5,39,11,13
11,11,11,11,11.0,22,0,10
4,3,3,4,3.5,7,1,2
6,4,4,6,5.0,10,2,3
6,2,2,6,4.0,8,4,0
1,5,1,5,3.0,6,4,0
4,4,4,4,4.0,8,0,2
50,24,24,50,37.0,74,26,20
1,30,1,30,15.5,31,29,0
6,1,1,6,3.5,7,5,0
7,1,1,7,4.0,8,6,0
1,4,1,4,2.5,5,3,0
6,2,2,6,4.0,8,4,1
1,28,1,28,14.5,29,27,0
14,18,14,18,16.0,32,4,13
7,6,6,7,6.5,13,1,5
26,27,26,27,26.5,53,1,25
7,9,7,9,8.0,16,2,6
12,17,12,17,14.5,29,5,10
5,6,5,6,5.5,11,1,4
1,8,1,8,4.5,9,7,0
41,42,41,42,41.5,83,1,39
5,5,5,5,5.0,10,0,4
9,1,1,9,5.0,10,8,0
12,1,1,12,6.5,13,11,0
17,6,6,17,11.5,23,11,3
1,12,1,12,6.5,13,11,0
1,12,1,12,6.5,13,11,0
7,7,7,7,7.0,14,0,6
1,5,1,5,3.0,6,4,0
40,29,29,40,34.5,69,11,24
1,6,1,6,3.5,7,5,0
3,17,3,17,10.0,20,14,2
2,28,2,28,15.0,30,26,0
6,6,6,6,6.0,12,0,5
13,6,6,13,9.5,19,7,5
5,5,5,5,5.0,10,0,4
4,1,1,4,2.5,5,3,0
32,39,32,39,35.5,71,7,21
4,1,1,4,2.5,5,3,0
10,8,8,10,9.0,18,2,7
9,10,9,10,9.5,19,1,6
29,17,17,29,23.0,46,12,14
1,19,1,19,10.0,20,18,0
2,5,2,5,3.5,7,3,1
7,5,5,7,6.0,12,2,4
43,21,21,43,32.0,64,22,17
8,11,8,11,9.5,19,3,7
6,1,1,6,3.5,7,5,0
1,5,1,5,3.0,6,4,0
47,43,43,47,45.0,90,4,42
1,6,1,6,3.5,7,5,0
4,4,4,4,4.0,8,0,3
12,20,12,20,16.0,32,8,8
1,5,1,5,3.0,6,4,0
7,6,6,7,6.5,13,1,5
36,5,5,36,20.5,41,31,2
17,22,17,22,19.5,39,5,12
4,5,4,5,4.5,9,1,3
6,4,4,6,5.0,10,2,3
1,6,1,6,3.5,7,5,0
7,14,7,14,10.5,21,7,6
4,1,1,4,2.5,5,3,0
48,26,26,48,37.0,74,22,25
16,26,16,26,21.0,42,10,13
29,19,19,29,24.0,48,10,14
21,10,10,21,15.5,31,11,8
5,8,5,8,6.5,13,3,3
14,16,14,16,15.0,30,2,12
27,7,7,27,17.0,34,20,6
19,18,18,19,18.5,37,1,17
4,12,4,12,8.0,16,8,3
22,5,5,22,13.5,27,17,3
2,5,2,5,3.5,7,3,0
22,26,22,26,24.0,48,4,15
4,1,1,4,2.5,5,3,0
4,4,4,4,4.0,8,0,3
5,10,5,10,7.5,15,5,1
4,2,2,4,3.0,6,2,0
2,5,2,5,3.5,7,3,0
9,6,6,9,7.5,15,3,5
1,4,1,4,2.5,5,3,0
16,22,16,22,19.0,38,6,15
12,4,4,12,8.0,16,8,0
1,5,1,5,3.0,6,4,0
1,5,1,5,3.0,6,4,0
5,1,1,5,3.0,6,4,0
4,1,1,4,2.5,5,3,0
12,5,5,12,8.5,17,7,4
4,6,4,6,5.0,10,2,2
4,5,4,5,4.5,9,1,3
40,22,22,40,31.0,62,18,21
9,9,9,9,9.0,18,0,8
5,5,5,5,5.0,10,0,4
6,5,5,6,5.5,11,1,3
8,10,8,10,9.0,18,2,7
5,1,1,5,3.0,6,4,0
3,15,3,15,9.0,18,12,0
1,5,1,5,3.0,6,4,0
12,11,11,12,11.5,23,1,10
4,1,1,4,2.5,5,3,0
22,23,22,23,22.5,45,1,21
14,14,14,14,14.0,28,0,10
14,13,13,14,13.5,27,1,10
5,4,4,5,4.5,9,1,2
9,6,6,9,7.5,15,3,5
2,4,2,4,3.0,6,2,1
4,1,1,4,2.5,5,3,0
5,1,1,5,3.0,6,4,0
17,4,4,17,10.5,21,13,0
1,5,1,5,3.0,6,4,0
5,19,5,19,12.0,24,14,3
12,3,3,12,7.5,15,9,0
22,11,11,22,16.5,33,11,10
25,23,23,25,24.0,48,2,21
12,12,12,12,12.0,24,0,11
77,2,2,77,39.5,79,75,0
6,6,6,6,6.0,12,0,4
4,5,4,5,4.5,9,1,2
13,3,3,13,8.0,16,10,0
23,24,23,24,23.5,47,1,22
5,5,5,5,5.0,10,0,1
6,5,5,6,5.5,11,1,4
1,10,1,10,5.5,11,9,0
12,1,1,12,6.5,13,11,0
26,25,25,26,25.5,51,1,23
1,4,1,4,2.5,5,3,0
1,4,1,4,2.5,5,3,0
22,20,20,22,21.0,42,2,17
5,11,5,11,8.0,16,6,4
19,18,18,19,18.5,37,1,16
6,6,6,6,6.0,12,0,5
22,22,22,22,22.0,44,0,20
1,11,1,11,6.0,12,10,0
6,8,6,8,7.0,14,2,3
1,6,1,6,3.5,7,5,0
4,8,4,8,6.0,12,4,3
1,7,1,7,4.0,8,6,0
7,1,1,7,4.0,8,6,0
13,12,12,13,12.5,25,1,8
1,21,1,21,11.0,22,20,0
5,1,1,5,3.0,6,4,0
1,19,1,19,10.0,20,18,0
5,7,5,7,6.0,12,2,4
23,21,21,23,22.0,44,2,20
2,21,2,21,11.5,23,19,1
8,1,1,8,4.5,9,7,0
1,15,1,15,8.0,16,14,0
1,8,1,8,4.5,9,7,0
5,4,4,5,4.5,9,1,1
8,6,6,8,7.0,14,2,4
13,9,9,13,11.0,22,4,7
21,1,1,21,11.0,22,20,0
1,6,1,6,3.5,7,5,0
11,1,1,11,6.0,12,10,0
1,4,1,4,2.5,5,3,0
1,8,1,8,4.5,9,7,0
14,12,12,14,13.0,26,2,11
6,5,5,6,5.5,11,1,4
5,1,1,5,3.0,6,4,0
9,12,9,12,10.5,21,3,6
1,15,1,15,8.0,16,14,0
6,1,1,6,3.5,7,5,0
13,12,12,13,12.5,25,1,11
48,16,16,48,32.0,64,32,9
1,4,1,4,2.5,5,3,0
24,27,24,27,25.5,51,3,16
1,5,1,5,3.0,6,4,0
1,14,1,14,7.5,15,13,0
2,17,2,17,9.5,19,15,0
8,1,1,8,4.5,9,7,0
15,6,6,15,10.5,21,9,4
4,1,1,4,2.5,5,3,0
3,17,3,17,10.0,20,14,0
17,14,14,17,15.5,31,3,13
1,4,1,4,2.5,5,3,0
4,1,1,4,2.5,5,3,0
1,6,1,6,3.5,7,5,0
21,20,20,21,20.5,41,1,13
2,15,2,15,8.5,17,13,0
19,4,4,19,11.5,23,15,1
5,30,5,30,17.5,35,25,2
11,12,11,12,11.5,23,1,9
4,1,1,4,2.5,5,3,0
4,4,4,4,4.0,8,0,3
33,35,33,35,34.0,68,2,29
7,6,6,7,6.5,13,1,4
6,7,6,7,6.5,13,1,5
7,9,7,9,8.0,16,2,6
4,5,4,5,4.5,9,1,3
13,14,13,14,13.5,27,1,12
34,34,34,34,34.0,68,0,30
11,13,11,13,12.0,24,2,10
1,8,1,8,4.5,9,7,0
36,22,22,36,29.0,58,14,17
5,5,5,5,5.0,10,0,4
6,31,6,31,18.5,37,25,4
4,1,1,4,2.5,5,3,0
4,6,4,6,5.0,10,2,3
1,7,1,7,4.0,8,6,0
6,1,1,6,3.5,7,5,0
6,22,6,22,14.0,28,16,5
1,4,1,4,2.5,5,3,0
1,4,1,4,2.5,5,3,0
10,2,2,10,6.0,12,8,1
4,1,1,4,2.5,5,3,0
1,10,1,10,5.5,11,9,0
4,2,2,4,3.0,6,2,1
2,5,2,5,3.5,7,3,0
6,2,2,6,4.0,8,4,0
1,15,1,15,8.0,16,14,0
2,12,2,12,7.0,14,10,1
8,3,3,8,5.5,11,5,2
9,3,3,9,6.0,12,6,0
8,1,1,8,4.5,9,7,0
10,1,1,10,5.5,11,9,0
5,1,1,5,3.0,6,4,0
9,1,1,9,5.0,10,8,0
4,4,4,4,4.0,8,0,3
7,9,7,9,8.0,16,2,6
6,1,1,6,3.5,7,5,0
5,9,5,9,7.0,14,4,2
16,16,16,16,16.0,32,0,13
4,2,2,4,3.0,6,2,0
5,1,1,5,3.0,6,4,0
24,29,24,29,26.5,53,5,19
17,1,1,17,9.0,18,16,0
18,19,18,19,18.5,37,1,17
65,9,9,65,37.0,74,56,8
26,24,24,26,25.0,50,2,23
6,1,1,6,3.5,7,5,0
8,14,8,14,11.0,22,6,7
4,1,1,4,2.5,5,3,0
9,2,2,9,5.5,11,7,1
8,9,8,9,8.5,17,1,7
10,10,10,10,10.0,20,0,8
4,4,4,4,4.0,8,0,3
27,24,24,27,25.5,51,3,19
1,5,1,5,3.0,6,4,0
31,9,9,31,20.0,40,22,3
4,2,2,4,3.0,6,2,0
2,6,2,6,4.0,8,4,1
11,13,11,13,12.0,24,2,9
3,7,3,7,5.0,10,4,2
4,6,4,6,5.0,10,2,3
17,32,17,32,24.5,49,15,11
13,25,13,25,19.0,38,12,11
10,6,6,10,8.0,16,4,5
11,12,11,12,11.5,23,1,8
2,30,2,30,16.0,32,28,1
6,4,4,6,5.0,10,2,3
4,3,3,4,3.5,7,1,2
5,1,1,5,3.0,6,4,0
6,1,1,6,3.5,7,5,0
26,36,26,36,31.0,62,10,22
5,3,3,5,4.0,8,2,2
53,20,20,53,36.5,73,33,10
10,9,9,10,9.5,19,1,8
5,5,5,5,5.0,10,0,4
6,5,5,6,5.5,11,1,4
6,1,1,6,3.5,7,5,0
12,7,7,12,9.5,19,5,4
6,5,5,6,5.5,11,1,4
6,12,6,12,9.0,18,6,5
1,22,1,22,11.5,23,21,0
4,4,4,4,4.0,8,0,3
7,7,7,7,7.0,14,0,6
4,1,1,4,2.5,5,3,0
7,10,7,10,8.5,17,3,6
6,8,6,8,7.0,14,2,5
4,6,4,6,5.0,10,2,3
6,8,6,8,7.0,14,2,2
1,7,1,7,4.0,8,6,0
1,5,1,5,3.0,6,4,0
40,27,27,40,33.5,67,13,23
2,21,2,21,11.5,23,19,1
4,5,4,5,4.5,9,1,2
4,4,4,4,4.0,8,0,3
1,4,1,4,2.5,5,3,0
23,22,22,23,22.5,45,1,20
6,1,1,6,3.5,7,5,0
10,9,9,10,9.5,19,1,6
21,23,21,23,22.0,44,2,15
5,4,4,5,4.5,9,1,3
15,19,15,19,17.0,34,4,14
14,14,14,14,14.0,28,0,13
1,4,1,4,2.5,5,3,0
20,21,20,21,20.5,41,1,19
14,11,11,14,12.5,25,3,9
12,8,8,12,10.0,20,4,7
4,9,4,9,6.5,13,5,3
4,2,2,4,3.0,6,2,0
1,5,1,5,3.0,6,4,0
4,4,4,4,4.0,8,0,3
5,4,4,5,4.5,9,1,2
12,12,12,12,12.0,24,0,10
1,4,1,4,2.5,5,3,0
11,10,10,11,10.5,21,1,9
39,31,31,39,35.0,70,8,28
9,15,9,15,12.0,24,6,7
1,4,1,4,2.5,5,3,0
8,9,8,9,8.5,17,1,2
6,1,1,6,3.5,7,5,0
5,6,5,6,5.5,11,1,4
39,20,20,39,29.5,59,19,18
13,15,13,15,14.0,28,2,10
4,1,1,4,2.5,5,3,0
50,21,21,50,35.5,71,29,20
1,4,1,4,2.5,5,3,0
14,5,5,14,9.5,19,9,4
4,8,4,8,6.0,12,4,2
2,5,2,5,3.5,7,3,1
5,9,5,9,7.0,14,4,4
4,1,1,4,2.5,5,3,0
41,43,41,43,42.0,84,2,32
6,1,1,6,3.5,7,5,0
1,6,1,6,3.5,7,5,0
12,7,7,12,9.5,19,5,5
6,7,6,7,6.5,13,1,5
9,7,7,9,8.0,16,2,6
5,8,5,8,6.5,13,3,4
5,1,1,5,3.0,6,4,0
2,5,2,5,3.5,7,3,1
3,4,3,4,3.5,7,1,2
6,1,1,6,3.5,7,5,0
1,6,1,6,3.5,7,5,0
1,9,1,9,5.0,10,8,0
3,5,3,5,4.0,8,2,2
7,10,7,10,8.5,17,3,6
5,5,5,5,5.0,10,0,2
6,4,4,6,5.0,10,2,3
1,4,1,4,2.5,5,3,0
2,5,2,5,3.5,7,3,1
14,2,2,14,8.0,16,12,0
4,4,4,4,4.0,8,0,3
7,7,7,7,7.0,14,0,6
3,6,3,6,4.5,9,3,0
2,6,2,6,4.0,8,4,1
26,29,26,29,27.5,55,3,23
6,5,5,6,5.5,11,1,4
7,8,7,8,7.5,15,1,0
8,5,5,8,6.5,13,3,4
12,4,4,12,8.0,16,8,3
5,3,3,5,4.0,8,2,1
34,27,27,34,30.5,61,7,24
4,4,4,4,4.0,8,0,1
1,77,1,77,39.0,78,76,0
12,12,12,12,12.0,24,0,10
3,4,3,4,3.5,7,1,2
49,44,44,49,46.5,93,5,41
1,4,1,4,2.5,5,3,0
6,10,6,10,8.0,16,4,2
4,7,4,7,5.5,11,3,3
7,6,6,7,6.5,13,1,5
4,1,1,4,2.5,5,3,0
6,1,1,6,3.5,7,5,0
26,28,26,28,27.0,54,2,15
1,6,1,6,3.5,7,5,0
53,18,18,53,35.5,71,35,15
8,7,7,8,7.5,15,1,4
2,5,2,5,3.5,7,3,1
16,19,16,19,17.5,35,3,14
20,23,20,23,21.5,43,3,18
13,19,13,19,16.0,32,6,9
18,5,5,18,11.5,23,13,0
1,9,1,9,5.0,10,8,0
4,5,4,5,4.5,9,1,3
42,45,42,45,43.5,87,3,41
12,11,11,12,11.5,23,1,9
7,7,7,7,7.0,14,0,6
20,24,20,24,22.0,44,4,19
23,24,23,24,23.5,47,1,22
18,8,8,18,13.0,26,10,7
4,4,4,4,4.0,8,0,3
7,9,7,9,8.0,16,2,2
15,17,15,17,16.0,32,2,12
6,8,6,8,7.0,14,2,3
1,4,1,4,2.5,5,3,0
5,1,1,5,3.0,6,4,0
15,22,15,22,18.5,37,7,13
7,1,1,7,4.0,8,6,0
5,1,1,5,3.0,6,4,0
1,5,1,5,3.0,6,4,0
10,9,9,10,9.5,19,1,8
11,6,6,11,8.5,17,5,4
10,9,9,10,9.5,19,1,8
4,1,1,4,2.5,5,3,0
13,13,13,13,13.0,26,0,12
32,33,32,33,32.5,65,1,31
19,21,19,21,20.0,40,2,16
22,15,15,22,18.5,37,7,11
11,18,11,18,14.5,29,7,10
5,1,1,5,3.0,6,4,0
4,1,1,4,2.5,5,3,0
8,1,1,8,4.5,9,7,0
1,6,1,6,3.5,7,5,0
1,4,1,4,2.5,5,3,0
1,7,1,7,4.0,8,6,0
9,1,1,9,5.0,10,8,0
2,5,2,5,3.5,7,3,1
49,28,28,49,38.5,77,21,20
1,4,1,4,2.5,5,3,0
5,1,1,5,3.0,6,4,0
30,33,30,33,31.5,63,3,29
8,8,8,8,8.0,16,0,7
9,5,5,9,7.0,14,4,4
21,22,21,22,21.5,43,1,20
7,5,5,7,6.0,12,2,3
2,7,2,7,4.5,9,5,1
5,4,4,5,4.5,9,1,2
2,5,2,5,3.5,7,3,1
4,1,1,4,2.5,5,3,0
4,5,4,5,4.5,9,1,3
10,1,1,10,5.5,11,9,0
19,19,19,19,19.0,38,0,15
3,14,3,14,8.5,17,11,0
17,10,10,17,13.5,27,7,8
12,6,6,12,9.0,18,6,3
4,2,2,4,3.0,6,2,1
30,4,4,30,17.0,34,26,2
6,1,1,6,3.5,7,5,0
23,23,23,23,23.0,46,0,21
5,6,5,6,5.5,11,1,3
11,2,2,11,6.5,13,9,1
55,1,1,55,28.0,56,54,0
14,14,14,14,14.0,28,0,13
3,6,3,6,4.5,9,3,2
4,2,2,4,3.0,6,2,1
5,1,1,5,3.0,6,4,0
7,7,7,7,7.0,14,0,1
16,16,16,16,16.0,32,0,12
7,5,5,7,6.0,12,2,2
5,4,4,5,4.5,9,1,3
15,5,5,15,10.0,20,10,3
7,8,7,8,7.5,15,1,6
5,6,5,6,5.5,11,1,4
15,10,10,15,12.5,25,5,9
25,15,15,25,20.0,40,10,13
11,17,11,17,14.0,28,6,2
13,8,8,13,10.5,21,5,7
8,7,7,8,7.5,15,1,0
14,9,9,14,11.5,23,5,7
1,11,1,11,6.0,12,10,0
4,4,4,4,4.0,8,0,3
7,7,7,7,7.0,14,0,5
1,4,1,4,2.5,5,3,0
1,8,1,8,4.5,9,7,0
4,5,4,5,4.5,9,1,0
14,29,14,29,21.5,43,15,2
4,1,1,4,2.5,5,3,0
21,23,21,23,22.0,44,2,16
41,34,34,41,37.5,75,7,27
19,20,19,20,19.5,39,1,16
9,10,9,10,9.5,19,1,8
4,1,1,4,2.5,5,3,0
1,4,1,4,2.5,5,3,0
4,4,4,4,4.0,8,0,3
1,4,1,4,2.5,5,3,0
8,8,8,8,8.0,16,0,3
6,6,6,6,6.0,12,0,5
6,2,2,6,4.0,8,4,1
8,8,8,8,8.0,16,0,7
5,4,4,5,4.5,9,1,3
5,6,5,6,5.5,11,1,1
4,1,1,4,2.5,5,3,0
27,2,2,27,14.5,29,25,0
1,4,1,4,2.5,5,3,0
28,22,22,28,25.0,50,6,16
15,13,13,15,14.0,28,2,8
11,25,11,25,18.0,36,14,6
4,1,1,4,2.5,5,3,0
4,38,4,38,21.0,42,34,0
5,1,1,5,3.0,6,4,0
7,1,1,7,4.0,8,6,0
1,5,1,5,3.0,6,4,0
6,6,6,6,6.0,12,0,4
3,14,3,14,8.5,17,11,0
14,13,13,14,13.5,27,1,8
1,4,1,4,2.5,5,3,0
13,1,1,13,7.0,14,12,0
8,9,8,9,8.5,17,1,7
10,10,10,10,10.0,20,0,6
6,6,6,6,6.0,12,0,5
41,28,28,41,34.5,69,13,23
7,6,6,7,6.5,13,1,3
7,1,1,7,4.0,8,6,0
12,6,6,12,9.0,18,6,0
13,14,13,14,13.5,27,1,10
4,1,1,4,2.5,5,3,0
1,5,1,5,3.0,6,4,0
1,8,1,8,4.5,9,7,0
5,5,5,5,5.0,10,0,3
19,17,17,19,18.0,36,2,16
8,8,8,8,8.0,16,0,7
5,6,5,6,5.5,11,1,4
6,8,6,8,7.0,14,2,5
22,21,21,22,21.5,43,1,16
6,5,5,6,5.5,11,1,4
9,6,6,9,7.5,15,3,4
4,1,1,4,2.5,5,3,0
34,42,34,42,38.0,76,8,25
4,1,1,4,2.5,5,3,0
5,6,5,6,5.5,11,1,0
5,3,3,5,4.0,8,2,0
5,5,5,5,5.0,10,0,3
2,7,2,7,4.5,9,5,1
16,18,16,18,17.0,34,2,8
1,10,1,10,5.5,11,9,0
14,10,10,14,12.0,24,4,1
4,1,1,4,2.5,5,3,0
5,18,5,18,11.5,23,13,4
5,5,5,5,5.0,10,0,4
1,4,1,4,2.5,5,3,0
16,16,16,16,16.0,32,0,15
5,6,5,6,5.5,11,1,4
11,10,10,11,10.5,21,1,4
1,6,1,6,3.5,7,5,0
5,3,3,5,4.0,8,2,2
10,10,10,10,10.0,20,0,7
12,11,11,12,11.5,23,1,7
6,6,6,6,6.0,12,0,3
11,11,11,11,11.0,22,0,10
23,25,23,25,24.0,48,2,21
19,2,2,19,10.5,21,17,0
16,5,5,16,10.5,21,11,2
7,6,6,7,6.5,13,1,4
1,5,1,5,3.0,6,4,0
1,4,1,4,2.5,5,3,0
5,2,2,5,3.5,7,3,0
5,1,1,5,3.0,6,4,0
7,1,1,7,4.0,8,6,0
3,5,3,5,4.0,8,2,2
1,16,1,16,8.5,17,15,0
24,12,12,24,18.0,36,12,10
7,4,4,7,5.5,11,3,0
4,1,1,4,2.5,5,3,0
5,1,1,5,3.0,6,4,0
20,15,15,20,17.5,35,5,11
14,15,14,15,14.5,29,1,11
8,16,8,16,12.0,24,8,6
3,13,3,13,8.0,16,10,2
5,5,5,5,5.0,10,0,4
1,6,1,6,3.5,7,5,0
1,7,1,7,4.0,8,6,0
21,22,21,22,21.5,43,1,18
10,7,7,10,8.5,17,3,4
20,18,18,20,19.0,38,2,14
5,19,5,19,12.0,24,14,4
10,7,7,10,8.5,17,3,5
9,13,9,13,11.0,22,4,8
6,4,4,6,5.0,10,2,2
2,7,2,7,4.5,9,5,0
18,9,9,18,13.5,27,9,8
5,1,1,5,3.0,6,4,0
25,24,24,25,24.5,49,1,23
9,10,9,10,9.5,19,1,7
1,11,1,11,6.0,12,10,0
3,15,3,15,9.0,18,12,1
1,6,1,6,3.5,7,5,0
1,4,1,4,2.5,5,3,0
13,19,13,19,16.0,32,6,11
2,4,2,4,3.0,6,2,0
11,6,6,11,8.5,17,5,3
9,8,8,9,8.5,17,1,4
23,29,23,29,26.0,52,6,20
1,10,1,10,5.5,11,9,0
1,4,1,4,2.5,5,3,0
3,5,3,5,4.0,8,2,2
36,44,36,44,40.0,80,8,34
8,9,8,9,8.5,17,1,7
10,5,5,10,7.5,15,5,4
24,41,24,41,32.5,65,17,23
8,1,1,8,4.5,9,7,0
11,1,1,11,6.0,12,10,0
4,2,2,4,3.0,6,2,1
5,5,5,5,5.0,10,0,4
24,29,24,29,26.5,53,5,21
1,4,1,4,2.5,5,3,0
5,1,1,5,3.0,6,4,0
1,88,1,88,44.5,89,87,0
7,10,7,10,8.5,17,3,6
13,4,4,13,8.5,17,9,1
7,11,7,11,9.0,18,4,6
16,27,16,27,21.5,43,11,14
1,4,1,4,2.5,5,3,0
1,77,1,77,39.0,78,76,0
1,4,1,4,2.5,5,3,0
5,4,4,5,4.5,9,1,3
42,88,42,88,65.0,130,46,38
56,2,2,56,29.0,58,54,0
6,6,6,6,6.0,12,0,5
9,13,9,13,11.0,22,4,6
19,15,15,19,17.0,34,4,9
16,16,16,16,16.0,32,0,8
6,1,1,6,3.5,7,5,0
14,21,14,21,17.5,35,7,9
4,5,4,5,4.5,9,1,3
8,8,8,8,8.0,16,0,7
1,6,1,6,3.5,7,5,0
4,1,1,4,2.5,5,3,0
4,1,1,4,2.5,5,3,0
45,34,34,45,39.5,79,11,30
30,2,2,30,16.0,32,28,1
1,5,1,5,3.0,6,4,0
5,1,1,5,3.0,6,4,0
8,5,5,8,6.5,13,3,3
8,6,6,8,7.0,14,2,5
1,8,1,8,4.5,9,7,0
1,4,1,4,2.5,5,3,0
15,1,1,15,8.0,16,14,0
8,9,8,9,8.5,17,1,7
13,1,1,13,7.0,14,12,0
5,6,5,6,5.5,11,1,2
7,6,6,7,6.5,13,1,4
21,21,21,21,21.0,42,0,19
8,7,7,8,7.5,15,1,4
13,1,1,13,7.0,14,12,0
2,4,2,4,3.0,6,2,0
4,1,1,4,2.5,5,3,0
33,40,33,40,36.5,73,7,28
13,13,13,13,13.0,26,0,12
4,6,4,6,5.0,10,2,3
49,32,32,49,40.5,81,17,30
1,35,1,35,18.0,36,34,0
10,5,5,10,7.5,15,5,1
7,4,4,7,5.5,11,3,2
3,6,3,6,4.5,9,3,2
29,35,29,35,32.0,64,6,24
22,23,22,23,22.5,45,1,21
1,4,1,4,2.5,5,3,0
22,28,22,28,25.0,50,6,20
2,5,2,5,3.5,7,3,1
1,4,1,4,2.5,5,3,0
20,48,20,48,34.0,68,28,19
4,2,2,4,3.0,6,2,0
12,6,6,12,9.0,18,6,0
9,8,8,9,8.5,17,1,7
7,19,7,19,13.0,26,12,6
1,77,1,77,39.0,78,76,0
4,1,1,4,2.5,5,3,0
28,11,11,28,19.5,39,17,5
6,2,2,6,4.0,8,4,0
22,15,15,22,18.5,37,7,13
4,1,1,4,2.5,5,3,0
20,5,5,20,12.5,25,15,4
29,30,29,30,29.5,59,1,26
7,7,7,7,7.0,14,0,6
5,1,1,5,3.0,6,4,0
15,2,2,15,8.5,17,13,0
6,2,2,6,4.0,8,4,0
12,13,12,13,12.5,25,1,11
2,7,2,7,4.5,9,5,1
5,5,5,5,5.0,10,0,4
4,2,2,4,3.0,6,2,1
2,4,2,4,3.0,6,2,1
16,9,9,16,12.5,25,7,7
10,14,10,14,12.0,24,4,9
13,12,12,13,12.5,25,1,11
40,18,18,40,29.0,58,22,16
5,1,1,5,3.0,6,4,0
13,13,13,13,13.0,26,0,9
24,23,23,24,23.5,47,1,22
6,5,5,6,5.5,11,1,4
8,8,8,8,8.0,16,0,7
5,1,1,5,3.0,6,4,0
6,6,6,6,6.0,12,0,1
1,6,1,6,3.5,7,5,0
15,12,12,15,13.5,27,3,11
1,5,1,5,3.0,6,4,0
10,11,10,11,10.5,21,1,9
14,19,14,19,16.5,33,5,11
5,1,1,5,3.0,6,4,0
8,4,4,8,6.0,12,4,3
4,9,4,9,6.5,13,5,1
1,6,1,6,3.5,7,5,0
49,11,11,49,30.0,60,38,9
7,4,4,7,5.5,11,3,1
1,15,1,15,8.0,16,14,0
1,13,1,13,7.0,14,12,0
13,12,12,13,12.5,25,1,9
1,6,1,6,3.5,7,5,0
14,13,13,14,13.5,27,1,12
10,6,6,10,8.0,16,4,0
2,6,2,6,4.0,8,4,1
2,9,2,9,5.5,11,7,1
31,44,31,44,37.5,75,13,18
4,1,1,4,2.5,5,3,0
18,29,18,29,23.5,47,11,10
22,21,21,22,21.5,43,1,19
5,2,2,5,3.5,7,3,0
2,5,2,5,3.5,7,3,1
17,28,17,28,22.5,45,11,14
5,4,4,5,4.5,9,1,3
1,4,1,4,2.5,5,3,0
4,4,4,4,4.0,8,0,3
2,4,2,4,3.0,6,2,1
4,5,4,5,4.5,9,1,3
19,19,19,19,19.0,38,0,16
4,1,1,4,2.5,5,3,0
1,4,1,4,2.5,5,3,0
1,40,1,40,20.5,41,39,0
19,16,16,19,17.5,35,3,12
18,9,9,18,13.5,27,9,8
1,5,1,5,3.0,6,4,0
4,1,1,4,2.5,5,3,0
32,31,31,32,31.5,63,1,24
6,6,6,6,6.0,12,0,5
2,4,2,4,3.0,6,2,1
5,2,2,5,3.5,7,3,1
6,5,5,6,5.5,11,1,4
6,9,6,9,7.5,15,3,5
4,4,4,4,4.0,8,0,3
19,32,19,32,25.5,51,13,16
13,11,11,13,12.0,24,2,9
1,4,1,4,2.5,5,3,0
54,27,27,54,40.5,81,27,25
19,24,19,24,21.5,43,5,18
7,1,1,7,4.0,8,6,0
13,14,13,14,13.5,27,1,12
5,1,1,5,3.0,6,4,0
19,10,10,19,14.5,29,9,8
12,7,7,12,9.5,19,5,6
5,3,3,5,4.0,8,2,2
1,6,1,6,3.5,7,5,0
4,2,2,4,3.0,6,2,1
4,1,1,4,2.5,5,3,0
4,6,4,6,5.0,10,2,3
5,2,2,5,3.5,7,3,1
26,27,26,27,26.5,53,1,25
4,4,4,4,4.0,8,0,3
1,9,1,9,5.0,10,8,0
4,4,4,4,4.0,8,0,3
4,4,4,4,4.0,8,0,0
5,1,1,5,3.0,6,4,0
9,13,9,13,11.0,22,4,7
1,4,1,4,2.5,5,3,0
5,6,5,6,5.5,11,1,0
4,1,1,4,2.5,5,3,0
29,25,25,29,27.0,54,4,23
1,6,1,6,3.5,7,5,0
11,11,11,11,11.0,22,0,10
1,6,1,6,3.5,7,5,0
1,5,1,5,3.0,6,4,0
2,5,2,5,3.5,7,3,1
15,21,15,21,18.0,36,6,13
11,12,11,12,11.5,23,1,10
5,1,1,5,3.0,6,4,0
15,10,10,15,12.5,25,5,9
22,18,18,22,20.0,40,4,16
22,20,20,22,21.0,42,2,18
23,25,23,25,24.0,48,2,19
22,5,5,22,13.5,27,17,0
8,1,1,8,4.5,9,7,0
12,8,8,12,10.0,20,4,7
14,15,14,15,14.5,29,1,12
6,1,1,6,3.5,7,5,0
7,2,2,7,4.5,9,5,1
10,1,1,10,5.5,11,9,0
2,9,2,9,5.5,11,7,0
10,4,4,10,7.0,14,6,2
2,5,2,5,3.5,7,3,1
5,2,2,5,3.5,7,3,1
4,1,1,4,2.5,5,3,0
8,9,8,9,8.5,17,1,7
31,38,31,38,34.5,69,7,28
14,10,10,14,12.0,24,4,8
10,1,1,10,5.5,11,9,0
4,1,1,4,2.5,5,3,0
7,6,6,7,6.5,13,1,5
1,4,1,4,2.5,5,3,0
9,9,9,9,9.0,18,0,8
1,4,1,4,2.5,5,3,0
1,25,1,25,13.0,26,24,0
7,11,7,11,9.0,18,4,5
1,6,1,6,3.5,7,5,0
6,6,6,6,6.0,12,0,5
20,15,15,20,17.5,35,5,12
4,6,4,6,5.0,10,2,2
12,1,1,12,6.5,13,11,0
17,24,17,24,20.5,41,7,7
1,7,1,7,4.0,8,6,0
17,10,10,17,13.5,27,7,8
1,4,1,4,2.5,5,3,0
32,32,32,32,32.0,64,0,31
10,7,7,10,8.5,17,3,6
6,107,6,107,56.5,113,101,0
7,1,1,7,4.0,8,6,0
11,11,11,11,11.0,22,0,10
1,13,1,13,7.0,14,12,0
15,1,1,15,8.0,16,14,0
31,23,23,31,27.0,54,8,18
9,3,3,9,6.0,12,6,1
1,9,1,9,5.0,10,8,0
31,33,31,33,32.0,64,2,30
1,20,1,20,10.5,21,19,0
5,1,1,5,3.0,6,4,0
1,4,1,4,2.5,5,3,0
1,5,1,5,3.0,6,4,0
24,5,5,24,14.5,29,19,4
4,1,1,4,2.5,5,3,0
10,10,10,10,10.0,20,0,9
27,14,14,27,20.5,41,13,3
6,4,4,6,5.0,10,2,3
4,1,1,4,2.5,5,3,0
7,5,5,7,6.0,12,2,4
26,27,26,27,26.5,53,1,23
1,4,1,4,2.5,5,3,0
8,9,8,9,8.5,17,1,7
9,6,6,9,7.5,15,3,2
1,5,1,5,3.0,6,4,0
6,1,1,6,3.5,7,5,0
11,1,1,11,6.0,12,10,0
4,4,4,4,4.0,8,0,1
9,5,5,9,7.0,14,4,4
1,5,1,5,3.0,6,4,0
8,10,8,10,9.0,18,2,7
4,4,4,4,4.0,8,0,3
4,3,3,4,3.5,7,1,2
26,32,26,32,29.0,58,6,25
1,6,1,6,3.5,7,5,0
1,12,1,12,6.5,13,11,0
8,11,8,11,9.5,19,3,5
4,1,1,4,2.5,5,3,0
15,25,15,25,20.0,40,10,14
11,14,11,14,12.5,25,3,8
31,15,15,31,23.0,46,16,12
1,5,1,5,3.0,6,4,0
1,13,1,13,7.0,14,12,0
1,14,1,14,7.5,15,13,0
1,6,1,6,3.5,7,5,0
1,5,1,5,3.0,6,4,0
8,9,8,9,8.5,17,1,7
5,5,5,5,5.0,10,0,3
8,20,8,20,14.0,28,12,6
7,10,7,10,8.5,17,3,6
1,4,1,4,2.5,5,3,0
6,5,5,6,5.5,11,1,0
4,1,1,4,2.5,5,3,0
6,7,6,7,6.5,13,1,5
5,5,5,5,5.0,10,0,4
7,19,7,19,13.0,26,12,6
20,21,20,21,20.5,41,1,17
5,5,5,5,5.0,10,0,4
1,17,1,17,9.0,18,16,0
8,16,8,16,12.0,24,8,7
9,9,9,9,9.0,18,0,7
31,31,31,31,31.0,62,0,30
5,1,1,5,3.0,6,4,0
8,9,8,9,8.5,17,1,6
16,7,7,16,11.5,23,9,5
7,7,7,7,7.0,14,0,5
4,1,1,4,2.5,5,3,0
19,13,13,19,16.0,32,6,9
1,6,1,6,3.5,7,5,0
1,29,1,29,15.0,30,28,0
18,33,18,33,25.5,51,15,16
31,40,31,40,35.5,71,9,22
9,8,8,9,8.5,17,1,5
12,2,2,12,7.0,14,10,0
5,23,5,23,14.0,28,18,2
11,11,11,11,11.0,22,0,9
6,6,6,6,6.0,12,0,5
8,8,8,8,8.0,16,0,3
5,5,5,5,5.0,10,0,4
4,1,1,4,2.5,5,3,0
11,5,5,11,8.0,16,6,1
4,2,2,4,3.0,6,2,1
44,41,41,44,42.5,85,3,31
29,34,29,34,31.5,63,5,25
1,6,1,6,3.5,7,5,0
2,4,2,4,3.0,6,2,1
7,1,1,7,4.0,8,6,0
5,2,2,5,3.5,7,3,1
3,15,3,15,9.0,18,12,0
1,4,1,4,2.5,5,3,0
4,1,1,4,2.5,5,3,0
9,35,9,35,22.0,44,26,6
18,18,18,18,18.0,36,0,17
24,18,18,24,21.0,42,6,16
1,4,1,4,2.5,5,3,0
3,4,3,4,3.5,7,1,2
41,48,41,48,44.5,89,7,33
5,2,2,5,3.5,7,3,0
7,5,5,7,6.0,12,2,4
19,28,19,28,23.5,47,9,12
19,34,19,34,26.5,53,15,16
8,9,8,9,8.5,17,1,7
37,36,36,37,36.5,73,1,35
2,5,2,5,3.5,7,3,1
5,1,1,5,3.0,6,4,0
1,5,1,5,3.0,6,4,0
4,4,4,4,4.0,8,0,2
8,9,8,9,8.5,17,1,7
4,1,1,4,2.5,5,3,0
1,7,1,7,4.0,8,6,0
7,14,7,14,10.5,21,7,6
5,4,4,5,4.5,9,1,2
4,2,2,4,3.0,6,2,0
1,5,1,5,3.0,6,4,0
15,25,15,25,20.0,40,10,14
7,10,7,10,8.5,17,3,4
34,39,34,39,36.5,73,5,23
8,4,4,8,6.0,12,4,3
4,5,4,5,4.5,9,1,3
1,5,1,5,3.0,6,4,0
15,13,13,15,14.0,28,2,11
11,11,11,11,11.0,22,0,9
4,1,1,4,2.5,5,3,0
5,1,1,5,3.0,6,4,0
4,1,1,4,2.5,5,3,0
8,18,8,18,13.0,26,10,6
7,1,1,7,4.0,8,6,0
1,4,1,4,2.5,5,3,0
5,1,1,5,3.0,6,4,0
31,33,31,33,32.0,64,2,30
3,4,3,4,3.5,7,1,2
4,1,1,4,2.5,5,3,0
23,28,23,28,25.5,51,5,13
15,1,1,15,8.0,16,14,0
4,6,4,6,5.0,10,2,3
51,22,22,51,36.5,73,29,20
5,1,1,5,3.0,6,4,0
6,1,1,6,3.5,7,5,0
6,1,1,6,3.5,7,5,0
4,48,4,48,26.0,52,44,0
1,7,1,7,4.0,8,6,0
1,4,1,4,2.5,5,3,0
5,1,1,5,3.0,6,4,0
6,7,6,7,6.5,13,1,5
7,6,6,7,6.5,13,1,5
5,1,1,5,3.0,6,4,0
5,10,5,10,7.5,15,5,4
6,12,6,12,9.0,18,6,1
18,5,5,18,11.5,23,13,0
4,2,2,4,3.0,6,2,1
7,9,7,9,8.0,16,2,6
1,4,1,4,2.5,5,3,0
4,1,1,4,2.5,5,3,0
4,3,3,4,3.5,7,1,2
18,24,18,24,21.0,42,6,17
5,1,1,5,3.0,6,4,0
5,1,1,5,3.0,6,4,0
1,13,1,13,7.0,14,12,0
5,1,1,5,3.0,6,4,0
6,1,1,6,3.5,7,5,0
1,32,1,32,16.5,33,31,0
1,5,1,5,3.0,6,4,0
11,16,11,16,13.5,27,5,10
23,27,23,27,25.0,50,4,19
7,7,7,7,7.0,14,0,6
1,8,1,8,4.5,9,7,0
1,11,1,11,6.0,12,10,0
9,2,2,9,5.5,11,7,0
1,4,1,4,2.5,5,3,0
4,1,1,4,2.5,5,3,0
11,9,9,11,10.0,20,2,8
36,17,17,36,26.5,53,19,9
5,7,5,7,6.0,12,2,4
7,1,1,7,4.0,8,6,0
20,21,20,21,20.5,41,1,18
34,29,29,34,31.5,63,5,11
5,1,1,5,3.0,6,4,0
9,1,1,9,5.0,10,8,0
1,11,1,11,6.0,12,10,0
24,24,24,24,24.0,48,0,22
6,1,1,6,3.5,7,5,0
6,6,6,6,6.0,12,0,4
2,10,2,10,6.0,12,8,0
9,16,9,16,12.5,25,7,5
15,11,11,15,13.0,26,4,0
5,1,1,5,3.0,6,4,0
16,17,16,17,16.5,33,1,13
2,4,2,4,3.0,6,2,1
22,19,19,22,20.5,41,3,14
5,23,5,23,14.0,28,18,3
4,8,4,8,6.0,12,4,3
1,5,1,5,3.0,6,4,0
10,1,1,10,5.5,11,9,0
5,4,4,5,4.5,9,1,1
7,1,1,7,4.0,8,6,0
18,33,18,33,25.5,51,15,17
1,12,1,12,6.5,13,11,0
11,7,7,11,9.0,18,4,6
5,1,1,5,3.0,6,4,0
1,4,1,4,2.5,5,3,0
10,49,10,49,29.5,59,39,8
7,6,6,7,6.5,13,1,5
10,10,10,10,10.0,20,0,9
7,10,7,10,8.5,17,3,5
7,6,6,7,6.5,13,1,2
4,1,1,4,2.5,5,3,0
20,8,8,20,14.0,28,12,5
6,6,6,6,6.0,12,0,5
9,7,7,9,8.0,16,2,2
1,6,1,6,3.5,7,5,0
4,6,4,6,5.0,10,2,3
5,1,1,5,3.0,6,4,0
6,4,4,6,5.0,10,2,1
10,10,10,10,10.0,20,0,9
10,13,10,13,11.5,23,3,9
6,3,3,6,4.5,9,3,2
1,20,1,20,10.5,21,19,0
5,8,5,8,6.5,13,3,1
24,21,21,24,22.5,45,3,18
5,5,5,5,5.0,10,0,4
11,5,5,11,8.0,16,6,4
1,4,1,4,2.5,5,3,0
9,18,9,18,13.5,27,9,7
25,24,24,25,24.5,49,1,23
21,20,20,21,20.5,41,1,18
19,19,19,19,19.0,38,0,18
2,4,2,4,3.0,6,2,0
1,4,1,4,2.5,5,3,0
6,1,1,6,3.5,7,5,0
5,1,1,5,3.0,6,4,0
1,16,1,16,8.5,17,15,0
23,27,23,27,25.0,50,4,15
1,5,1,5,3.0,6,4,0
5,1,1,5,3.0,6,4,0
6,1,1,6,3.5,7,5,0
2,6,2,6,4.0,8,4,0
36,25,25,36,30.5,61,11,21
15,1,1,15,8.0,16,14,0
8,1,1,8,4.5,9,7,0
4,5,4,5,4.5,9,1,3
4,14,4,14,9.0,18,10,3
5,2,2,5,3.5,7,3,1
16,16,16,16,16.0,32,0,12
1,8,1,8,4.5,9,7,0
24,7,7,24,15.5,31,17,5
15,16,15,16,15.5,31,1,12
9,1,1,9,5.0,10,8,0
9,9,9,9,9.0,18,0,0
8,1,1,8,4.5,9,7,0
2,7,2,7,4.5,9,5,1
1,16,1,16,8.5,17,15,0
4,6,4,6,5.0,10,2,3
6,1,1,6,3.5,7,5,0
4,6,4,6,5.0,10,2,3
22,19,19,22,20.5,41,3,17
8,1,1,8,4.5,9,7,0
5,5,5,5,5.0,10,0,3
3,6,3,6,4.5,9,3,1
55,24,24,55,39.5,79,31,23
1,4,1,4,2.5,5,3,0
1,5,1,5,3.0,6,4,0
4,4,4,4,4.0,8,0,1
14,15,14,15,14.5,29,1,11
8,7,7,8,7.5,15,1,4
1,5,1,5,3.0,6,4,0
7,8,7,8,7.5,15,1,4
1,4,1,4,2.5,5,3,0
5,1,1,5,3.0,6,4,0
3,6,3,6,4.5,9,3,2
1,4,1,4,2.5,5,3,0
14,1,1,14,7.5,15,13,0
5,7,5,7,6.0,12,2,4
13,17,13,17,15.0,30,4,10
1,4,1,4,2.5,5,3,0
1,5,1,5,3.0,6,4,0
5,5,5,5,5.0,10,0,4
2,5,2,5,3.5,7,3,0
3,15,3,15,9.0,18,12,0
14,9,9,14,11.5,23,5,5
1,5,1,5,3.0,6,4,0
4,4,4,4,4.0,8,0,2
1,10,1,10,5.5,11,9,0
12,3,3,12,7.5,15,9,1
1,10,1,10,5.5,11,9,0
4,4,4,4,4.0,8,0,3
5,1,1,5,3.0,6,4,0
7,1,1,7,4.0,8,6,0
9,7,7,9,8.0,16,2,6
4,1,1,4,2.5,5,3,0
1,4,1,4,2.5,5,3,0
8,7,7,8,7.5,15,1,6
7,4,4,7,5.5,11,3,3
4,1,1,4,2.5,5,3,0
14,17,14,17,15.5,31,3,12
26,25,25,26,25.5,51,1,21
1,5,1,5,3.0,6,4,0
13,13,13,13,13.0,26,0,7
4,5,4,5,4.5,9,1,3
9,10,9,10,9.5,19,1,7
7,5,5,7,6.0,12,2,4
13,6,6,13,9.5,19,7,5
1,7,1,7,4.0,8,6,0
1,7,1,7,4.0,8,6,0
49,40,40,49,44.5,89,9,39
5,11,5,11,8.0,16,6,4
4,4,4,4,4.0,8,0,3
4,24,4,24,14.0,28,20,0
20,2,2,20,11.0,22,18,0
4,1,1,4,2.5,5,3,0
1,5,1,5,3.0,6,4,0
27,27,27,27,27.0,54,0,26
5,4,4,5,4.5,9,1,2
4,3,3,4,3.5,7,1,2
8,5,5,8,6.5,13,3,4
1,4,1,4,2.5,5,3,0
31,38,31,38,34.5,69,7,24
27,13,13,27,20.0,40,14,3
1,8,1,8,4.5,9,7,0
1,4,1,4,2.5,5,3,0
37,34,34,37,35.5,71,3,27
1,6,1,6,3.5,7,5,0
33,29,29,33,31.0,62,4,24
7,7,7,7,7.0,14,0,2
11,19,11,19,15.0,30,8,8
8,8,8,8,8.0,16,0,7
5,1,1,5,3.0,6,4,0
5,9,5,9,7.0,14,4,3
4,6,4,6,5.0,10,2,3
8,7,7,8,7.5,15,1,5
6,6,6,6,6.0,12,0,5
12,2,2,12,7.0,14,10,1
26,26,26,26,26.0,52,0,25
10,9,9,10,9.5,19,1,8
1,26,1,26,13.5,27,25,0
8,9,8,9,8.5,17,1,7
6,1,1,6,3.5,7,5,0
1,8,1,8,4.5,9,7,0
6,6,6,6,6.0,12,0,5
49,29,29,49,39.0,78,20,22
10,11,10,11,10.5,21,1,8
11,8,8,11,9.5,19,3,7
4,2,2,4,3.0,6,2,1
2,4,2,4,3.0,6,2,1
5,1,1,5,3.0,6,4,0
5,2,2,5,3.5,7,3,1
1,4,1,4,2.5,5,3,0
5,5,5,5,5.0,10,0,4
1,17,1,17,9.0,18,16,0
49,26,26,49,37.5,75,23,25
2,4,2,4,3.0,6,2,1
5,6,5,6,5.5,11,1,4
39,15,15,39,27.0,54,24,11
7,1,1,7,4.0,8,6,0
4,1,1,4,2.5,5,3,0
49,47,47,49,48.0,96,2,38
5,4,4,5,4.5,9,1,3
5,5,5,5,5.0,10,0,4
4,6,4,6,5.0,10,2,3
9,9,9,9,9.0,18,0,8
4,1,1,4,2.5,5,3,0
1,12,1,12,6.5,13,11,0
5,1,1,5,3.0,6,4,0
7,9,7,9,8.0,16,2,6
1,4,1,4,2.5,5,3,0
13,25,13,25,19.0,38,12,12
5,4,4,5,4.5,9,1,3
6,6,6,6,6.0,12,0,4
2,30,2,30,16.0,32,28,1
1,4,1,4,2.5,5,3,0
3,5,3,5,4.0,8,2,2
2,4,2,4,3.0,6,2,1
23,19,19,23,21.0,42,4,18
8,14,8,14,11.0,22,6,6
12,12,12,12,12.0,24,0,11
7,52,7,52,29.5,59,45,0
4,5,4,5,4.5,9,1,2
28,20,20,28,24.0,48,8,15
1,8,1,8,4.5,9,7,0
8,11,8,11,9.5,19,3,2
6,1,1,6,3.5,7,5,0
2,19,2,19,10.5,21,17,1
7,6,6,7,6.5,13,1,4
11,19,11,19,15.0,30,8,8
39,41,39,41,40.0,80,2,35
18,19,18,19,18.5,37,1,16
7,9,7,9,8.0,16,2,5
1,5,1,5,3.0,6,4,0
4,1,1,4,2.5,5,3,0
26,27,26,27,26.5,53,1,25
3,4,3,4,3.5,7,1,2
3,4,3,4,3.5,7,1,1
9,1,1,9,5.0,10,8,0
6,1,1,6,3.5,7,5,0
23,22,22,23,22.5,45,1,21
22,21,21,22,21.5,43,1,18
6,1,1,6,3.5,7,5,0
1,6,1,6,3.5,7,5,0
2,6,2,6,4.0,8,4,0
4,2,2,4,3.0,6,2,1
9,25,9,25,17.0,34,16,6
13,15,13,15,14.0,28,2,11
1,21,1,21,11.0,22,20,0
1,6,1,6,3.5,7,5,0
13,10,10,13,11.5,23,3,9
1,13,1,13,7.0,14,12,0
4,4,4,4,4.0,8,0,3
25,14,14,25,19.5,39,11,10
1,16,1,16,8.5,17,15,0
6,1,1,6,3.5,7,5,0
5,1,1,5,3.0,6,4,0
9,4,4,9,6.5,13,5,3
4,16,4,16,10.0,20,12,2
1,8,1,8,4.5,9,7,0
33,36,33,36,34.5,69,3,29
42,49,42,49,45.5,91,7,25
1,4,1,4,2.5,5,3,0
11,12,11,12,11.5,23,1,9
22,15,15,22,18.5,37,7,13
45,29,29,45,37.0,74,16,26
12,12,12,12,12.0,24,0,11
34,26,26,34,30.0,60,8,19
7,1,1,7,4.0,8,6,0
38,33,33,38,35.5,71,5,32
41,51,41,51,46.0,92,10,24
5,1,1,5,3.0,6,4,0
19,17,17,19,18.0,36,2,8
11,11,11,11,11.0,22,0,8
4,1,1,4,2.5,5,3,0
12,1,1,12,6.5,13,11,0
4,1,1,4,2.5,5,3,0
5,17,5,17,11.0,22,12,0
6,2,2,6,4.0,8,4,0
4,5,4,5,4.5,9,1,3
10,19,10,19,14.5,29,9,9
2,9,2,9,5.5,11,7,0
1,4,1,4,2.5,5,3,0
3,23,3,23,13.0,26,20,0
24,24,24,24,24.0,48,0,22
6,5,5,6,5.5,11,1,0
9,7,7,9,8.0,16,2,5
22,12,12,22,17.0,34,10,5
12,12,12,12,12.0,24,0,9
5,4,4,5,4.5,9,1,0
11,10,10,11,10.5,21,1,7
2,11,2,11,6.5,13,9,1
18,25,18,25,21.5,43,7,15
1,5,1,5,3.0,6,4,0
12,5,5,12,8.5,17,7,4
5,1,1,5,3.0,6,4,0
5,5,5,5,5.0,10,0,1
15,20,15,20,17.5,35,5,14
42,18,18,42,30.0,60,24,16
5,8,5,8,6.5,13,3,3
24,20,20,24,22.0,44,4,19
6,5,5,6,5.5,11,1,0
4,2,2,4,3.0,6,2,1
4,1,1,4,2.5,5,3,0
4,1,1,4,2.5,5,3,0
17,17,17,17,17.0,34,0,14
12,11,11,12,11.5,23,1,3
14,12,12,14,13.0,26,2,7
8,1,1,8,4.5,9,7,0
2,4,2,4,3.0,6,2,0
5,1,1,5,3.0,6,4,0
30,40,30,40,35.0,70,10,23
1,4,1,4,2.5,5,3,0
42,49,42,49,45.5,91,7,41
6,1,1,6,3.5,7,5,0
4,5,4,5,4.5,9,1,0
5,6,5,6,5.5,11,1,3
5,1,1,5,3.0,6,4,0
15,6,6,15,10.5,21,9,5
4,3,3,4,3.5,7,1,2
14,28,14,28,21.0,42,14,11
1,5,1,5,3.0,6,4,0
5,1,1,5,3.0,6,4,0
44,5,5,44,24.5,49,39,0
4,2,2,4,3.0,6,2,0
6,7,6,7,6.5,13,1,5
5,6,5,6,5.5,11,1,0
18,31,18,31,24.5,49,13,17
18,17,17,18,17.5,35,1,11
5,4,4,5,4.5,9,1,3
5,5,5,5,5.0,10,0,4
5,2,2,5,3.5,7,3,0
8,6,6,8,7.0,14,2,3
1,21,1,21,11.0,22,20,0
1,4,1,4,2.5,5,3,0
4,1,1,4,2.5,5,3,0
6,4,4,6,5.0,10,2,2
16,11,11,16,13.5,27,5,3
17,14,14,17,15.5,31,3,10
23,23,23,23,23.0,46,0,22
6,1,1,6,3.5,7,5,0
1,5,1,5,3.0,6,4,0
9,1,1,9,5.0,10,8,0
21,20,20,21,20.5,41,1,18
7,4,4,7,5.5,11,3,2
18,27,18,27,22.5,45,9,16
17,6,6,17,11.5,23,11,3
6,1,1,6,3.5,7,5,0
7,5,5,7,6.0,12,2,3
19,15,15,19,17.0,34,4,13
7,1,1,7,4.0,8,6,0
4,4,4,4,4.0,8,0,3
13,10,10,13,11.5,23,3,5
2,5,2,5,3.5,7,3,1
1,6,1,6,3.5,7,5,0
4,1,1,4,2.5,5,3,0
28,4,4,28,16.0,32,24,0
6,1,1,6,3.5,7,5,0
37,25,25,37,31.0,62,12,20
7,1,1,7,4.0,8,6,0
10,12,10,12,11.0,22,2,8
5,4,4,5,4.5,9,1,3
5,5,5,5,5.0,10,0,4
4,4,4,4,4.0,8,0,3
24,40,24,40,32.0,64,16,22
12,11,11,12,11.5,23,1,8
1,9,1,9,5.0,10,8,0
16,1,1,16,8.5,17,15,0
1,4,1,4,2.5,5,3,0
7,6,6,7,6.5,13,1,5
15,3,3,15,9.0,18,12,2
8,1,1,8,4.5,9,7,0
18,10,10,18,14.0,28,8,9
7,7,7,7,7.0,14,0,5
30,14,14,30,22.0,44,16,8
1,5,1,5,3.0,6,4,0
12,1,1,12,6.5,13,11,0
6,10,6,10,8.0,16,4,4
4,1,1,4,2.5,5,3,0
3,5,3,5,4.0,8,2,2
8,9,8,9,8.5,17,1,7
14,12,12,14,13.0,26,2,11
16,1,1,16,8.5,17,15,0
5,1,1,5,3.0,6,4,0
15,19,15,19,17.0,34,4,14
10,10,10,10,10.0,20,0,9
11,7,7,11,9.0,18,4,5
1,14,1,14,7.5,15,13,0
4,1,1,4,2.5,5,3,0
20,34,20,34,27.0,54,14,18
19,19,19,19,19.0,38,0,18
1,4,1,4,2.5,5,3,0
4,1,1,4,2.5,5,3,0
5,12,5,12,8.5,17,7,4
5,1,1,5,3.0,6,4,0
10,8,8,10,9.0,18,2,7
14,15,14,15,14.5,29,1,13
1,6,1,6,3.5,7,5,0
13,15,13,15,14.0,28,2,11
29,16,16,29,22.5,45,13,15
21,12,12,21,16.5,33,9,10
6,6,6,6,6.0,12,0,5
4,6,4,6,5.0,10,2,3
12,11,11,12,11.5,23,1,10
22,22,22,22,22.0,44,0,20
13,1,1,13,7.0,14,12,0
1,6,1,6,3.5,7,5,0
4,1,1,4,2.5,5,3,0
9,8,8,9,8.5,17,1,7
10,10,10,10,10.0,20,0,8
1,5,1,5,3.0,6,4,0
13,14,13,14,13.5,27,1,12
7,6,6,7,6.5,13,1,2
4,1,1,4,2.5,5,3,0
4,1,1,4,2.5,5,3,0
13,13,13,13,13.0,26,0,11
6,2,2,6,4.0,8,4,1
7,6,6,7,6.5,13,1,4
4,4,4,4,4.0,8,0,1
1,6,1,6,3.5,7,5,0
5,1,1,5,3.0,6,4,0
4,4,4,4,4.0,8,0,3
5,5,5,5,5.0,10,0,3
5,5,5,5,5.0,10,0,4
23,7,7,23,15.0,30,16,4
9,10,9,10,9.5,19,1,4
6,1,1,6,3.5,7,5,0
7,7,7,7,7.0,14,0,6
1,4,1,4,2.5,5,3,0
6,2,2,6,4.0,8,4,1
19,17,17,19,18.0,36,2,12
13,15,13,15,14.0,28,2,8
15,24,15,24,19.5,39,9,13
7,5,5,7,6.0,12,2,2
5,7,5,7,6.0,12,2,4
1,4,1,4,2.5,5,3,0
2,7,2,7,4.5,9,5,0
20,22,20,22,21.0,42,2,18
2,4,2,4,3.0,6,2,0
1,5,1,5,3.0,6,4,0
30,28,28,30,29.0,58,2,15
4,1,1,4,2.5,5,3,0
10,10,10,10,10.0,20,0,9
7,1,1,7,4.0,8,6,0
9,8,8,9,8.5,17,1,6
50,24,24,50,37.0,74,26,20
15,19,15,19,17.0,34,4,14
33,33,33,33,33.0,66,0,26
21,1,1,21,11.0,22,20,0
6,9,6,9,7.5,15,3,5
10,12,10,12,11.0,22,2,8
13,8,8,13,10.5,21,5,6
30,42,30,42,36.0,72,12,24
16,15,15,16,15.5,31,1,12
10,9,9,10,9.5,19,1,0
5,1,1,5,3.0,6,4,0
1,4,1,4,2.5,5,3,0
6,10,6,10,8.0,16,4,5
8,1,1,8,4.5,9,7,0
4,5,4,5,4.5,9,1,3
29,33,29,33,31.0,62,4,25
1,5,1,5,3.0,6,4,0
14,1,1,14,7.5,15,13,0
6,9,6,9,7.5,15,3,4
7,6,6,7,6.5,13,1,5
26,17,17,26,21.5,43,9,11
5,5,5,5,5.0,10,0,3
17,17,17,17,17.0,34,0,15
21,16,16,21,18.5,37,5,13
37,45,37,45,41.0,82,8,33
17,37,17,37,27.0,54,20,14
1,4,1,4,2.5,5,3,0
4,2,2,4,3.0,6,2,1
8,3,3,8,5.5,11,5,1
4,4,4,4,4.0,8,0,3
15,12,12,15,13.5,27,3,10
13,13,13,13,13.0,26,0,12
3,5,3,5,4.0,8,2,2
14,7,7,14,10.5,21,7,6
25,22,22,25,23.5,47,3,20
4,4,4,4,4.0,8,0,3
5,2,2,5,3.5,7,3,0
5,1,1,5,3.0,6,4,0
10,1,1,10,5.5,11,9,0
4,4,4,4,4.0,8,0,0
10,8,8,10,9.0,18,2,6
19,32,19,32,25.5,51,13,17
5,1,1,5,3.0,6,4,0
1,6,1,6,3.5,7,5,0
4,1,1,4,2.5,5,3,0
26,1,1,26,13.5,27,25,0
1,21,1,21,11.0,22,20,0
4,7,4,7,5.5,11,3,3
15,1,1,15,8.0,16,14,0
12,1,1,12,6.5,13,11,0
11,5,5,11,8.0,16,6,4
13,9,9,13,11.0,22,4,7
1,4,1,4,2.5,5,3,0
1,5,1,5,3.0,6,4,0
5,4,4,5,4.5,9,1,3
4,1,1,4,2.5,5,3,0
1,4,1,4,2.5,5,3,0
4,2,2,4,3.0,6,2,1
9,12,9,12,10.5,21,3,5
49,36,36,49,42.5,85,13,34
4,1,1,4,2.5,5,3,0
10,7,7,10,8.5,17,3,6
4,2,2,4,3.0,6,2,1
51,38,38,51,44.5,89,13,19
8,1,1,8,4.5,9,7,0
4,4,4,4,4.0,8,0,3
21,15,15,21,18.0,36,6,14
24,40,24,40,32.0,64,16,19
7,22,7,22,14.5,29,15,6
4,2,2,4,3.0,6,2,1
1,10,1,10,5.5,11,9,0
2,5,2,5,3.5,7,3,1
25,30,25,30,27.5,55,5,20
4,1,1,4,2.5,5,3,0
14,13,13,14,13.5,27,1,12
32,33,32,33,32.5,65,1,31
8,1,1,8,4.5,9,7,0
14,49,14,49,31.5,63,35,13
6,4,4,6,5.0,10,2,3
1,12,1,12,6.5,13,11,0
7,11,7,11,9.0,18,4,6
8,1,1,8,4.5,9,7,0
5,1,1,5,3.0,6,4,0
16,19,16,19,17.5,35,3,14
2,16,2,16,9.0,18,14,1
5,5,5,5,5.0,10,0,4
5,5,5,5,5.0,10,0,4
6,9,6,9,7.5,15,3,0
8,12,8,12,10.0,20,4,6
2,14,2,14,8.0,16,12,0
7,10,7,10,8.5,17,3,6
9,1,1,9,5.0,10,8,0
7,6,6,7,6.5,13,1,5
15,16,15,16,15.5,31,1,14
7,5,5,7,6.0,12,2,1
75,1,1,75,38.0,76,74,0
5,5,5,5,5.0,10,0,4
13,12,12,13,12.5,25,1,11
4,1,1,4,2.5,5,3,0
1,8,1,8,4.5,9,7,0
11,2,2,11,6.5,13,9,1
11,13,11,13,12.0,24,2,8
8,6,6,8,7.0,14,2,3
11,11,11,11,11.0,22,0,10
13,9,9,13,11.0,22,4,8
11,7,7,11,9.0,18,4,5
19,10,10,19,14.5,29,9,9
14,1,1,14,7.5,15,13,0
5,1,1,5,3.0,6,4,0
5,1,1,5,3.0,6,4,0
12,5,5,12,8.5,17,7,3
5,1,1,5,3.0,6,4,0
4,4,4,4,4.0,8,0,3
13,13,13,13,13.0,26,0,12
8,13,8,13,10.5,21,5,5
1,8,1,8,4.5,9,7,0
7,7,7,7,7.0,14,0,5
1,7,1,7,4.0,8,6,0
7,10,7,10,8.5,17,3,4
14,2,2,14,8.0,16,12,1
34,1,1,34,17.5,35,33,0
14,1,1,14,7.5,15,13,0
4,4,4,4,4.0,8,0,3
1,4,1,4,2.5,5,3,0
42,25,25,42,33.5,67,17,20
34,26,26,34,30.0,60,8,21
4,1,1,4,2.5,5,3,0
7,1,1,7,4.0,8,6,0
11,11,11,11,11.0,22,0,8
12,4,4,12,8.0,16,8,2
26,26,26,26,26.0,52,0,25
5,4,4,5,4.5,9,1,3
4,1,1,4,2.5,5,3,0
8,14,8,14,11.0,22,6,6
5,6,5,6,5.5,11,1,2
5,1,1,5,3.0,6,4,0
9,1,1,9,5.0,10,8,0
14,15,14,15,14.5,29,1,11
11,12,11,12,11.5,23,1,10
5,5,5,5,5.0,10,0,4
35,22,22,35,28.5,57,13,17
13,8,8,13,10.5,21,5,7
10,6,6,10,8.0,16,4,5
9,8,8,9,8.5,17,1,5
6,4,4,6,5.0,10,2,3
3,5,3,5,4.0,8,2,2
6,5,5,6,5.5,11,1,1
15,15,15,15,15.0,30,0,9
10,13,10,13,11.5,23,3,7
1,9,1,9,5.0,10,8,0
4,1,1,4,2.5,5,3,0
10,9,9,10,9.5,19,1,7
6,7,6,7,6.5,13,1,4
5,1,1,5,3.0,6,4,0
1,11,1,11,6.0,12,10,0
5,5,5,5,5.0,10,0,3
9,13,9,13,11.0,22,4,1
7,7,7,7,7.0,14,0,6
36,24,24,36,30.0,60,12,21
44,12,12,44,28.0,56,32,10
4,1,1,4,2.5,5,3,0
14,13,13,14,13.5,27,1,12
2,5,2,5,3.5,7,3,0
1,12,1,12,6.5,13,11,0
1,5,1,5,3.0,6,4,0
14,19,14,19,16.5,33,5,13
13,12,12,13,12.5,25,1,11
10,10,10,10,10.0,20,0,9
2,4,2,4,3.0,6,2,1
23,23,23,23,23.0,46,0,21
13,9,9,13,11.0,22,4,8
1,7,1,7,4.0,8,6,0
1,16,1,16,8.5,17,15,0
22,29,22,29,25.5,51,7,19
3,5,3,5,4.0,8,2,2
6,11,6,11,8.5,17,5,3
5,5,5,5,5.0,10,0,4
20,19,19,20,19.5,39,1,18
49,23,23,49,36.0,72,26,21
7,1,1,7,4.0,8,6,0
19,24,19,24,21.5,43,5,18
18,21,18,21,19.5,39,3,16
4,2,2,4,3.0,6,2,1
7,10,7,10,8.5,17,3,5
4,4,4,4,4.0,8,0,2
2,6,2,6,4.0,8,4,1
4,4,4,4,4.0,8,0,2
1,4,1,4,2.5,5,3,0
4,1,1,4,2.5,5,3,0
4,2,2,4,3.0,6,2,1
4,1,1,4,2.5,5,3,0
5,1,1,5,3.0,6,4,0
4,2,2,4,3.0,6,2,0
7,7,7,7,7.0,14,0,6
4,1,1,4,2.5,5,3,0
1,5,1,5,3.0,6,4,0
5,4,4,5,4.5,9,1,0
10,11,10,11,10.5,21,1,9
1,18,1,18,9.5,19,17,0
4,1,1,4,2.5,5,3,0
6,2,2,6,4.0,8,4,0
6,1,1,6,3.5,7,5,0
29,32,29,32,30.5,61,3,23
13,13,13,13,13.0,26,0,12
5,6,5,6,5.5,11,1,4
5,2,2,5,3.5,7,3,1
8,5,5,8,6.5,13,3,3
4,1,1,4,2.5,5,3,0
5,1,1,5,3.0,6,4,0
14,14,14,14,14.0,28,0,13
27,20,20,27,23.5,47,7,19
40,24,24,40,32.0,64,16,20
7,9,7,9,8.0,16,2,3
6,9,6,9,7.5,15,3,5
1,7,1,7,4.0,8,6,0
8,12,8,12,10.0,20,4,5
24,23,23,24,23.5,47,1,12
18,21,18,21,19.5,39,3,17
16,12,12,16,14.0,28,4,10
10,10,10,10,10.0,20,0,8
2,6,2,6,4.0,8,4,1
13,12,12,13,12.5,25,1,8
10,11,10,11,10.5,21,1,9
7,6,6,7,6.5,13,1,5
6,6,6,6,6.0,12,0,5
11,6,6,11,8.5,17,5,3
7,6,6,7,6.5,13,1,2
45,36,36,45,40.5,81,9,32
1,6,1,6,3.5,7,5,0
1,6,1,6,3.5,7,5,0
4,1,1,4,2.5,5,3,0
4,4,4,4,4.0,8,0,3
5,9,5,9,7.0,14,4,2
24,28,24,28,26.0,52,4,23
16,17,16,17,16.5,33,1,11
8,10,8,10,9.0,18,2,2
4,1,1,4,2.5,5,3,0
21,17,17,21,19.0,38,4,16
18,18,18,18,18.0,36,0,14
7,7,7,7,7.0,14,0,5
26,66,26,66,46.0,92,40,21
8,49,8,49,28.5,57,41,7
10,10,10,10,10.0,20,0,9
1,4,1,4,2.5,5,3,0
7,1,1,7,4.0,8,6,0
7,6,6,7,6.5,13,1,5
6,23,6,23,14.5,29,17,5
1,7,1,7,4.0,8,6,0
4,1,1,4,2.5,5,3,0
1,4,1,4,2.5,5,3,0
12,12,12,12,12.0,24,0,11
1,11,1,11,6.0,12,10,0
5,1,1,5,3.0,6,4,0
2,5,2,5,3.5,7,3,1
4,1,1,4,2.5,5,3,0
52,15,15,52,33.5,67,37,10
5,8,5,8,6.5,13,3,4
7,2,2,7,4.5,9,5,1
8,9,8,9,8.5,17,1,5
1,4,1,4,2.5,5,3,0
20,18,18,20,19.0,38,2,16
6,1,1,6,3.5,7,5,0
14,14,14,14,14.0,28,0,4
1,5,1,5,3.0,6,4,0
4,1,1,4,2.5,5,3,0
1,5,1,5,3.0,6,4,0
24,37,24,37,30.5,61,13,23
24,16,16,24,20.0,40,8,13
4,4,4,4,4.0,8,0,0
6,6,6,6,6.0,12,0,5
8,7,7,8,7.5,15,1,5
9,9,9,9,9.0,18,0,8
2,12,2,12,7.0,14,10,1
5,2,2,5,3.5,7,3,1
1,15,1,15,8.0,16,14,0
1,8,1,8,4.5,9,7,0
1,7,1,7,4.0,8,6,0
14,23,14,23,18.5,37,9,13
8,11,8,11,9.5,19,3,7
6,1,1,6,3.5,7,5,0
9,7,7,9,8.0,16,2,5
2,22,2,22,12.0,24,20,0
5,2,2,5,3.5,7,3,0
5,2,2,5,3.5,7,3,1
1,18,1,18,9.5,19,17,0
30,37,30,37,33.5,67,7,22
1,14,1,14,7.5,15,13,0
1,7,1,7,4.0,8,6,0
5,1,1,5,3.0,6,4,0
1,105,1,105,53.0,106,104,0
9,8,8,9,8.5,17,1,4
6,4,4,6,5.0,10,2,2
1,18,1,18,9.5,19,17,0
7,1,1,7,4.0,8,6,0
6,7,6,7,6.5,13,1,5
1,4,1,4,2.5,5,3,0
14,1,1,14,7.5,15,13,0
7,6,6,7,6.5,13,1,4
8,1,1,8,4.5,9,7,0
3,14,3,14,8.5,17,11,1
32,28,28,32,30.0,60,4,24
4,1,1,4,2.5,5,3,0
27,18,18,27,22.5,45,9,17
11,10,10,11,10.5,21,1,9
25,1,1,25,13.0,26,24,0
2,8,2,8,5.0,10,6,1
4,1,1,4,2.5,5,3,0
10,11,10,11,10.5,21,1,5
38,47,38,47,42.5,85,9,33
4,4,4,4,4.0,8,0,3
36,24,24,36,30.0,60,12,17
7,4,4,7,5.5,11,3,2
4,6,4,6,5.0,10,2,3
2,5,2,5,3.5,7,3,1
17,13,13,17,15.0,30,4,11
4,1,1,4,2.5,5,3,0
18,17,17,18,17.5,35,1,16
21,21,21,21,21.0,42,0,19
1,4,1,4,2.5,5,3,0
25,29,25,29,27.0,54,4,23
10,10,10,10,10.0,20,0,9
11,1,1,11,6.0,12,10,0
7,6,6,7,6.5,13,1,5
1,4,1,4,2.5,5,3,0
5,2,2,5,3.5,7,3,1
2,4,2,4,3.0,6,2,0
6,5,5,6,5.5,11,1,3
8,1,1,8,4.5,9,7,0
3,4,3,4,3.5,7,1,2
9,4,4,9,6.5,13,5,3
43,37,37,43,40.0,80,6,28
13,19,13,19,16.0,32,6,11
39,46,39,46,42.5,85,7,24
5,6,5,6,5.5,11,1,2
24,20,20,24,22.0,44,4,15
29,20,20,29,24.5,49,9,17
7,12,7,12,9.5,19,5,5
14,13,13,14,13.5,27,1,11
31,25,25,31,28.0,56,6,24
26,14,14,26,20.0,40,12,8
4,2,2,4,3.0,6,2,1
37,34,34,37,35.5,71,3,26
2,4,2,4,3.0,6,2,1
11,11,11,11,11.0,22,0,9
8,18,8,18,13.0,26,10,5
4,4,4,4,4.0,8,0,3
5,5,5,5,5.0,10,0,4
1,15,1,15,8.0,16,14,0
1,8,1,8,4.5,9,7,0
7,5,5,7,6.0,12,2,4
4,14,4,14,9.0,18,10,3
1,4,1,4,2.5,5,3,0
4,1,1,4,2.5,5,3,0
2,4,2,4,3.0,6,2,1
5,4,4,5,4.5,9,1,3
7,5,5,7,6.0,12,2,4
1,4,1,4,2.5,5,3,0
4,1,1,4,2.5,5,3,0
35,10,10,35,22.5,45,25,8
5,1,1,5,3.0,6,4,0
26,18,18,26,22.0,44,8,14
8,4,4,8,6.0,12,4,3
4,1,1,4,2.5,5,3,0
4,2,2,4,3.0,6,2,0
18,12,12,18,15.0,30,6,7
4,1,1,4,2.5,5,3,0
1,4,1,4,2.5,5,3,0
4,4,4,4,4.0,8,0,3
27,26,26,27,26.5,53,1,24
1,5,1,5,3.0,6,4,0
1,6,1,6,3.5,7,5,0
8,8,8,8,8.0,16,0,7
11,11,11,11,11.0,22,0,10
1,7,1,7,4.0,8,6,0
18,15,15,18,16.5,33,3,14
8,8,8,8,8.0,16,0,7
10,12,10,12,11.0,22,2,6
30,34,30,34,32.0,64,4,24
1,8,1,8,4.5,9,7,0
4,1,1,4,2.5,5,3,0
9,16,9,16,12.5,25,7,7
1,10,1,10,5.5,11,9,0
33,29,29,33,31.0,62,4,25
5,8,5,8,6.5,13,3,2
1,4,1,4,2.5,5,3,0
6,8,6,8,7.0,14,2,3
5,1,1,5,3.0,6,4,0
20,11,11,20,15.5,31,9,7
1,8,1,8,4.5,9,7,0
9,13,9,13,11.0,22,4,7
3,5,3,5,4.0,8,2,1
7,1,1,7,4.0,8,6,0
9,8,8,9,8.5,17,1,7
1,4,1,4,2.5,5,3,0
5,5,5,5,5.0,10,0,4
7,4,4,7,5.5,11,3,3
4,5,4,5,4.5,9,1,2
18,17,17,18,17.5,35,1,16
1,5,1,5,3.0,6,4,0
6,2,2,6,4.0,8,4,0
1,4,1,4,2.5,5,3,0
1,4,1,4,2.5,5,3,0
10,1,1,10,5.5,11,9,0
25,14,14,25,19.5,39,11,12
5,5,5,5,5.0,10,0,0
1,7,1,7,4.0,8,6,0
2,20,2,20,11.0,22,18,0
2,4,2,4,3.0,6,2,1
6,6,6,6,6.0,12,0,5
1,5,1,5,3.0,6,4,0
5,5,5,5,5.0,10,0,4
9,12,9,12,10.5,21,3,8
23,21,21,23,22.0,44,2,20
10,6,6,10,8.0,16,4,2
1,12,1,12,6.5,13,11,0
1,11,1,11,6.0,12,10,0
4,1,1,4,2.5,5,3,0
5,1,1,5,3.0,6,4,0
8,1,1,8,4.5,9,7,0
1,5,1,5,3.0,6,4,0
1,11,1,11,6.0,12,10,0
7,7,7,7,7.0,14,0,6
6,6,6,6,6.0,12,0,5
20,20,20,20,20.0,40,0,19
5,1,1,5,3.0,6,4,0
1,4,1,4,2.5,5,3,0
6,1,1,6,3.5,7,5,0
7,6,6,7,6.5,13,1,5
7,5,5,7,6.0,12,2,4
6,1,1,6,3.5,7,5,0
1,7,1,7,4.0,8,6,0
6,5,5,6,5.5,11,1,4
42,34,34,42,38.0,76,8,24
4,1,1,4,2.5,5,3,0
6,10,6,10,8.0,16,4,5
2,7,2,7,4.5,9,5,1
16,16,16,16,16.0,32,0,11
4,4,4,4,4.0,8,0,3
4,1,1,4,2.5,5,3,0
36,29,29,36,32.5,65,7,27
19,16,16,19,17.5,35,3,11
5,1,1,5,3.0,6,4,0
6,7,6,7,6.5,13,1,5
5,4,4,5,4.5,9,1,3
2,6,2,6,4.0,8,4,1
1,4,1,4,2.5,5,3,0
1,4,1,4,2.5,5,3,0
9,1,1,9,5.0,10,8,0
4,1,1,4,2.5,5,3,0
4,1,1,4,2.5,5,3,0
22,17,17,22,19.5,39,5,13
1,5,1,5,3.0,6,4,0
5,5,5,5,5.0,10,0,4
4,4,4,4,4.0,8,0,3
7,1,1,7,4.0,8,6,0
4,1,1,4,2.5,5,3,0
10,1,1,10,5.5,11,9,0
7,6,6,7,6.5,13,1,4
18,23,18,23,20.5,41,5,14
14,7,7,14,10.5,21,7,6
3,6,3,6,4.5,9,3,0
1,5,1,5,3.0,6,4,0
4,4,4,4,4.0,8,0,3
1,4,1,4,2.5,5,3,0
20,18,18,20,19.0,38,2,17
7,7,7,7,7.0,14,0,6
1,4,1,4,2.5,5,3,0
1,5,1,5,3.0,6,4,0
5,4,4,5,4.5,9,1,3
2,5,2,5,3.5,7,3,0
4,4,4,4,4.0,8,0,3
11,11,11,11,11.0,22,0,9
1,11,1,11,6.0,12,10,0
32,31,31,32,31.5,63,1,17
4,12,4,12,8.0,16,8,3
5,2,2,5,3.5,7,3,1
8,6,6,8,7.0,14,2,5
8,1,1,8,4.5,9,7,0
3,6,3,6,4.5,9,3,0
32,33,32,33,32.5,65,1,31
10,12,10,12,11.0,22,2,5
1,7,1,7,4.0,8,6,0
16,16,16,16,16.0,32,0,10
1,5,1,5,3.0,6,4,0
1,43,1,43,22.0,44,42,0
6,6,6,6,6.0,12,0,4
6,1,1,6,3.5,7,5,0
33,32,32,33,32.5,65,1,31
1,4,1,4,2.5,5,3,0
4,11,4,11,7.5,15,7,3
4,2,2,4,3.0,6,2,1
4,1,1,4,2.5,5,3,0
54,19,19,54,36.5,73,35,10
1,6,1,6,3.5,7,5,0
1,4,1,4,2.5,5,3,0
1,4,1,4,2.5,5,3,0
21,17,17,21,19.0,38,4,16
11,10,10,11,10.5,21,1,9
6,6,6,6,6.0,12,0,5
1,12,1,12,6.5,13,11,0
4,1,1,4,2.5,5,3,0
19,26,19,26,22.5,45,7,18
2,4,2,4,3.0,6,2,0
4,1,1,4,2.5,5,3,0
5,6,5,6,5.5,11,1,4
33,34,33,34,33.5,67,1,27
5,8,5,8,6.5,13,3,4
2,4,2,4,3.0,6,2,1
1,65,1,65,33.0,66,64,0
6,4,4,6,5.0,10,2,3
14,1,1,14,7.5,15,13,0
7,8,7,8,7.5,15,1,4
9,9,9,9,9.0,18,0,8
5,11,5,11,8.0,16,6,3
8,7,7,8,7.5,15,1,6
4,3,3,4,3.5,7,1,2
1,6,1,6,3.5,7,5,0
6,1,1,6,3.5,7,5,0
11,1,1,11,6.0,12,10,0
5,1,1,5,3.0,6,4,0
4,4,4,4,4.0,8,0,3
9,3,3,9,6.0,12,6,2
1,8,1,8,4.5,9,7,0
13,9,9,13,11.0,22,4,7
3,4,3,4,3.5,7,1,0
7,4,4,7,5.5,11,3,3
5,1,1,5,3.0,6,4,0
1,6,1,6,3.5,7,5,0
6,1,1,6,3.5,7,5,0
11,7,7,11,9.0,18,4,5
30,38,30,38,34.0,68,8,24
28,46,28,46,37.0,74,18,23
9,1,1,9,5.0,10,8,0
4,4,4,4,4.0,8,0,3
14,14,14,14,14.0,28,0,13
5,4,4,5,4.5,9,1,2
7,9,7,9,8.0,16,2,6
9,11,9,11,10.0,20,2,7
1,5,1,5,3.0,6,4,0
8,6,6,8,7.0,14,2,0
1,5,1,5,3.0,6,4,0
2,5,2,5,3.5,7,3,0
4,4,4,4,4.0,8,0,3
8,10,8,10,9.0,18,2,5
1,4,1,4,2.5,5,3,0
27,27,27,27,27.0,54,0,18
5,2,2,5,3.5,7,3,1
9,4,4,9,6.5,13,5,1
15,1,1,15,8.0,16,14,0
6,1,1,6,3.5,7,5,0
3,6,3,6,4.5,9,3,2
7,8,7,8,7.5,15,1,6
14,15,14,15,14.5,29,1,12
2,4,2,4,3.0,6,2,1
6,9,6,9,7.5,15,3,5
3,5,3,5,4.0,8,2,2
8,2,2,8,5.0,10,6,1
4,1,1,4,2.5,5,3,0
19,22,19,22,20.5,41,3,7
5,7,5,7,6.0,12,2,4
8,1,1,8,4.5,9,7,0
12,2,2,12,7.0,14,10,1
16,13,13,16,14.5,29,3,11
14,14,14,14,14.0,28,0,13
19,19,19,19,19.0,38,0,18
6,2,2,6,4.0,8,4,0
6,6,6,6,6.0,12,0,5
11,15,11,15,13.0,26,4,5
4,1,1,4,2.5,5,3,0
7,6,6,7,6.5,13,1,5
5,4,4,5,4.5,9,1,3
15,18,15,18,16.5,33,3,14
1,7,1,7,4.0,8,6,0
1,7,1,7,4.0,8,6,0
11,10,10,11,10.5,21,1,8
11,8,8,11,9.5,19,3,7
5,2,2,5,3.5,7,3,0
5,4,4,5,4.5,9,1,2
14,8,8,14,11.0,22,6,6
6,1,1,6,3.5,7,5,0
5,10,5,10,7.5,15,5,1
1,7,1,7,4.0,8,6,0
4,5,4,5,4.5,9,1,2
47,18,18,47,32.5,65,29,11
1,8,1,8,4.5,9,7,0
1,41,1,41,21.0,42,40,0
45,41,41,45,43.0,86,4,32
9,7,7,9,8.0,16,2,2
5,1,1,5,3.0,6,4,0
17,20,17,20,18.5,37,3,12
1,39,1,39,20.0,40,38,0
9,9,9,9,9.0,18,0,7
1,7,1,7,4.0,8,6,0
1,7,1,7,4.0,8,6,0
2,5,2,5,3.5,7,3,0
7,3,3,7,5.0,10,4,2
1,88,1,88,44.5,89,87,0
16,39,16,39,27.5,55,23,8
1,17,1,17,9.0,18,16,0
6,5,5,6,5.5,11,1,3
2,75,2,75,38.5,77,73,0
11,10,10,11,10.5,21,1,6
6,5,5,6,5.5,11,1,1
13,20,13,20,16.5,33,7,12
1,5,1,5,3.0,6,4,0
8,6,6,8,7.0,14,2,5
1,6,1,6,3.5,7,5,0
9,11,9,11,10.0,20,2,6
5,8,5,8,6.5,13,3,0
6,9,6,9,7.5,15,3,5
23,23,23,23,23.0,46,0,22
7,1,1,7,4.0,8,6,0
11,16,11,16,13.5,27,5,0
24,14,14,24,19.0,38,10,10
6,23,6,23,14.5,29,17,5
1,7,1,7,4.0,8,6,0
9,8,8,9,8.5,17,1,7
4,1,1,4,2.5,5,3,0
3,8,3,8,5.5,11,5,1
4,4,4,4,4.0,8,0,0
26,5,5,26,15.5,31,21,4
8,8,8,8,8.0,16,0,7
1,5,1,5,3.0,6,4,0
6,1,1,6,3.5,7,5,0
5,5,5,5,5.0,10,0,4
10,11,10,11,10.5,21,1,9
1,4,1,4,2.5,5,3,0
23,12,12,23,17.5,35,11,11
11,5,5,11,8.0,16,6,3
4,1,1,4,2.5,5,3,0
27,28,27,28,27.5,55,1,26
4,5,4,5,4.5,9,1,3
1,5,1,5,3.0,6,4,0
10,1,1,10,5.5,11,9,0
5,1,1,5,3.0,6,4,0
35,44,35,44,39.5,79,9,29
7,9,7,9,8.0,16,2,6
1,5,1,5,3.0,6,4,0
5,5,5,5,5.0,10,0,3
7,1,1,7,4.0,8,6,0
37,25,25,37,31.0,62,12,19
2,5,2,5,3.5,7,3,1
11,5,5,11,8.0,16,6,2
12,6,6,12,9.0,18,6,1
31,28,28,31,29.5,59,3,26
38,13,13,38,25.5,51,25,10
1,6,1,6,3.5,7,5,0
1,5,1,5,3.0,6,4,0
49,41,41,49,45.0,90,8,39
4,4,4,4,4.0,8,0,3
4,1,1,4,2.5,5,3,0
7,9,7,9,8.0,16,2,5
1,8,1,8,4.5,9,7,0
2,5,2,5,3.5,7,3,0
5,1,1,5,3.0,6,4,0
16,11,11,16,13.5,27,5,8
1,4,1,4,2.5,5,3,0
4,1,1,4,2.5,5,3,0
11,7,7,11,9.0,18,4,5
1,4,1,4,2.5,5,3,0
19,20,19,20,19.5,39,1,18
11,7,7,11,9.0,18,4,6
31,6,6,31,18.5,37,25,5
25,1,1,25,13.0,26,24,0
10,3,3,10,6.5,13,7,2
1,48,1,48,24.5,49,47,0
5,3,3,5,4.0,8,2,2
21,32,21,32,26.5,53,11,20
1,13,1,13,7.0,14,12,0
1,5,1,5,3.0,6,4,0
5,3,3,5,4.0,8,2,2
4,1,1,4,2.5,5,3,0
1,6,1,6,3.5,7,5,0
18,2,2,18,10.0,20,16,0
4,1,1,4,2.5,5,3,0
12,2,2,12,7.0,14,10,0
7,2,2,7,4.5,9,5,1
2,7,2,7,4.5,9,5,0
1,4,1,4,2.5,5,3,0
5,4,4,5,4.5,9,1,1
19,19,19,19,19.0,38,0,18
4,4,4,4,4.0,8,0,3
2,4,2,4,3.0,6,2,1
4,2,2,4,3.0,6,2,1
13,8,8,13,10.5,21,5,5
6,1,1,6,3.5,7,5,0
4,1,1,4,2.5,5,3,0
22,25,22,25,23.5,47,3,20
36,33,33,36,34.5,69,3,17
6,6,6,6,6.0,12,0,3
19,21,19,21,20.0,40,2,17
10,10,10,10,10.0,20,0,8
2,27,2,27,14.5,29,25,0
2,11,2,11,6.5,13,9,1
6,18,6,18,12.0,24,12,4
7,6,6,7,6.5,13,1,4
1,9,1,9,5.0,10,8,0
1,8,1,8,4.5,9,7,0
5,3,3,5,4.0,8,2,2
17,17,17,17,17.0,34,0,12
31,33,31,33,32.0,64,2,25
18,17,17,18,17.5,35,1,10
5,5,5,5,5.0,10,0,4
6,1,1,6,3.5,7,5,0
46,24,24,46,35.0,70,22,18
4,3,3,4,3.5,7,1,2
11,16,11,16,13.5,27,5,9
30,33,30,33,31.5,63,3,18
1,5,1,5,3.0,6,4,0
14,14,14,14,14.0,28,0,13
10,8,8,10,9.0,18,2,7
5,1,1,5,3.0,6,4,0
6,6,6,6,6.0,12,0,5
49,42,42,49,45.5,91,7,25
25,32,25,32,28.5,57,7,21
6,1,1,6,3.5,7,5,0
1,11,1,11,6.0,12,10,0
4,1,1,4,2.5,5,3,0
1,6,1,6,3.5,7,5,0
3,30,3,30,16.5,33,27,0
12,13,12,13,12.5,25,1,10
1,7,1,7,4.0,8,6,0
7,6,6,7,6.5,13,1,5
2,14,2,14,8.0,16,12,1
27,28,27,28,27.5,55,1,19
11,5,5,11,8.0,16,6,4
32,32,32,32,32.0,64,0,30
8,1,1,8,4.5,9,7,0
14,11,11,14,12.5,25,3,10
30,32,30,32,31.0,62,2,29
9,1,1,9,5.0,10,8,0
4,1,1,4,2.5,5,3,0
1,7,1,7,4.0,8,6,0
9,9,9,9,9.0,18,0,8
5,3,3,5,4.0,8,2,2
10,11,10,11,10.5,21,1,9
1,8,1,8,4.5,9,7,0
7,1,1,7,4.0,8,6,0
1,8,1,8,4.5,9,7,0
7,7,7,7,7.0,14,0,3
25,24,24,25,24.5,49,1,21
4,5,4,5,4.5,9,1,2
9,11,9,11,10.0,20,2,4
4,1,1,4,2.5,5,3,0
8,7,7,8,7.5,15,1,5
10,5,5,10,7.5,15,5,4
4,4,4,4,4.0,8,0,3
11,1,1,11,6.0,12,10,0
9,7,7,9,8.0,16,2,6
5,1,1,5,3.0,6,4,0
6,7,6,7,6.5,13,1,5
23,15,15,23,19.0,38,8,8
8,4,4,8,6.0,12,4,3
13,13,13,13,13.0,26,0,12
1,4,1,4,2.5,5,3,0
8,18,8,18,13.0,26,10,5
9,11,9,11,10.0,20,2,2
4,1,1,4,2.5,5,3,0
4,2,2,4,3.0,6,2,1
19,18,18,19,18.5,37,1,16
9,9,9,9,9.0,18,0,8
1,6,1,6,3.5,7,5,0
20,20,20,20,20.0,40,0,15
4,1,1,4,2.5,5,3,0
23,21,21,23,22.0,44,2,18
17,23,17,23,20.0,40,6,12
1,6,1,6,3.5,7,5,0
17,14,14,17,15.5,31,3,12
1,4,1,4,2.5,5,3,0
4,1,1,4,2.5,5,3,0
10,13,10,13,11.5,23,3,7
14,11,11,14,12.5,25,3,6
1,11,1,11,6.0,12,10,0
2,5,2,5,3.5,7,3,0
1,4,1,4,2.5,5,3,0
5,1,1,5,3.0,6,4,0
19,16,16,19,17.5,35,3,15
11,12,11,12,11.5,23,1,8
2,8,2,8,5.0,10,6,0
4,5,4,5,4.5,9,1,2
16,8,8,16,12.0,24,8,2
5,9,5,9,7.0,14,4,0
5,4,4,5,4.5,9,1,3
14,8,8,14,11.0,22,6,7
21,9,9,21,15.0,30,12,6
8,7,7,8,7.5,15,1,6
1,7,1,7,4.0,8,6,0
4,1,1,4,2.5,5,3,0
7,1,1,7,4.0,8,6,0
26,17,17,26,21.5,43,9,11
1,16,1,16,8.5,17,15,0
11,10,10,11,10.5,21,1,9
1,5,1,5,3.0,6,4,0
36,33,33,36,34.5,69,3,32
1,11,1,11,6.0,12,10,0
5,1,1,5,3.0,6,4,0
1,4,1,4,2.5,5,3,0
5,1,1,5,3.0,6,4,0
1,5,1,5,3.0,6,4,0
10,11,10,11,10.5,21,1,9
22,19,19,22,20.5,41,3,16
1,30,1,30,15.5,31,29,0
8,4,4,8,6.0,12,4,3
8,4,4,8,6.0,12,4,3
18,20,18,20,19.0,38,2,13
1,75,1,75,38.0,76,74,0
1,8,1,8,4.5,9,7,0
27,33,27,33,30.0,60,6,22
5,4,4,5,4.5,9,1,3
8,1,1,8,4.5,9,7,0
40,25,25,40,32.5,65,15,20
18,17,17,18,17.5,35,1,15
8,11,8,11,9.5,19,3,7
11,13,11,13,12.0,24,2,10
5,5,5,5,5.0,10,0,4
1,4,1,4,2.5,5,3,0
5,1,1,5,3.0,6,4,0
1,24,1,24,12.5,25,23,0
22,21,21,22,21.5,43,1,20
1,7,1,7,4.0,8,6,0
39,11,11,39,25.0,50,28,10
26,1,1,26,13.5,27,25,0
12,9,9,12,10.5,21,3,8
4,4,4,4,4.0,8,0,3
8,6,6,8,7.0,14,2,3
23,1,1,23,12.0,24,22,0
5,4,4,5,4.5,9,1,2
18,11,11,18,14.5,29,7,9
3,5,3,5,4.0,8,2,2
12,15,12,15,13.5,27,3,9
1,4,1,4,2.5,5,3,0
6,10,6,10,8.0,16,4,5
7,7,7,7,7.0,14,0,6
5,11,5,11,8.0,16,6,3
4,6,4,6,5.0,10,2,3
1,8,1,8,4.5,9,7,0
19,38,19,38,28.5,57,19,16
7,12,7,12,9.5,19,5,4
5,7,5,7,6.0,12,2,3
8,10,8,10,9.0,18,2,7
6,1,1,6,3.5,7,5,0
11,4,4,11,7.5,15,7,2
16,1,1,16,8.5,17,15,0
15,17,15,17,16.0,32,2,13
4,1,1,4,2.5,5,3,0
5,5,5,5,5.0,10,0,2
5,5,5,5,5.0,10,0,3
1,4,1,4,2.5,5,3,0
13,16,13,16,14.5,29,3,10
4,5,4,5,4.5,9,1,0
15,13,13,15,14.0,28,2,11
12,9,9,12,10.5,21,3,7
18,11,11,18,14.5,29,7,9
9,9,9,9,9.0,18,0,8
14,8,8,14,11.0,22,6,7
5,5,5,5,5.0,10,0,4
5,1,1,5,3.0,6,4,0
4,1,1,4,2.5,5,3,0
1,7,1,7,4.0,8,6,0
1,48,1,48,24.5,49,47,0
14,15,14,15,14.5,29,1,12
10,12,10,12,11.0,22,2,5
5,5,5,5,5.0,10,0,4
19,25,19,25,22.0,44,6,18
4,3,3,4,3.5,7,1,2
4,4,4,4,4.0,8,0,2
53,19,19,53,36.0,72,34,15
6,11,6,11,8.5,17,5,1
1,4,1,4,2.5,5,3,0
15,2,2,15,8.5,17,13,1
4,1,1,4,2.5,5,3,0
1,6,1,6,3.5,7,5,0
29,25,25,29,27.0,54,4,24
2,26,2,26,14.0,28,24,0
8,14,8,14,11.0,22,6,5
14,11,11,14,12.5,25,3,8
8,5,5,8,6.5,13,3,0
4,4,4,4,4.0,8,0,0
50,41,41,50,45.5,91,9,24
6,9,6,9,7.5,15,3,4
5,2,2,5,3.5,7,3,0
17,17,17,17,17.0,34,0,15
17,9,9,17,13.0,26,8,8
11,11,11,11,11.0,22,0,10
5,1,1,5,3.0,6,4,0
5,5,5,5,5.0,10,0,4
9,9,9,9,9.0,18,0,3
8,12,8,12,10.0,20,4,6
5,7,5,7,6.0,12,2,4
7,12,7,12,9.5,19,5,4
1,7,1,7,4.0,8,6,0
6,3,3,6,4.5,9,3,2
12,12,12,12,12.0,24,0,11
16,12,12,16,14.0,28,4,11
25,49,25,49,37.0,74,24,24
4,5,4,5,4.5,9,1,3
6,1,1,6,3.5,7,5,0
4,4,4,4,4.0,8,0,3
6,6,6,6,6.0,12,0,4
9,8,8,9,8.5,17,1,6
7,10,7,10,8.5,17,3,4
34,34,34,34,34.0,68,0,33
5,13,5,13,9.0,18,8,0
14,10,10,14,12.0,24,4,6
7,2,2,7,4.5,9,5,1
15,13,13,15,14.0,28,2,12
1,5,1,5,3.0,6,4,0
10,9,9,10,9.5,19,1,8
15,19,15,19,17.0,34,4,13
1,7,1,7,4.0,8,6,0
1,4,1,4,2.5,5,3,0
24,23,23,24,23.5,47,1,22
11,13,11,13,12.0,24,2,8
28,2,2,28,15.0,30,26,0
1,4,1,4,2.5,5,3,0
4,3,3,4,3.5,7,1,2
7,7,7,7,7.0,14,0,6
1,75,1,75,38.0,76,74,0
10,1,1,10,5.5,11,9,0
17,17,17,17,17.0,34,0,16
17,17,17,17,17.0,34,0,16
39,22,22,39,30.5,61,17,18
41,5,5,41,23.0,46,36,4
17,19,17,19,18.0,36,2,15
5,7,5,7,6.0,12,2,0
4,2,2,4,3.0,6,2,1
9,13,9,13,11.0,22,4,7
9,1,1,9,5.0,10,8,0
6,54,6,54,30.0,60,48,1
8,7,7,8,7.5,15,1,5
7,10,7,10,8.5,17,3,1
19,12,12,19,15.5,31,7,9
41,20,20,41,30.5,61,21,18
1,14,1,14,7.5,15,13,0
32,21,21,32,26.5,53,11,18
29,1,1,29,15.0,30,28,0
10,3,3,10,6.5,13,7,1
29,36,29,36,32.5,65,7,27
33,36,33,36,34.5,69,3,29
5,1,1,5,3.0,6,4,0
5,4,4,5,4.5,9,1,3
1,4,1,4,2.5,5,3,0
6,1,1,6,3.5,7,5,0
17,5,5,17,11.0,22,12,0
6,5,5,6,5.5,11,1,4
8,1,1,8,4.5,9,7,0
5,5,5,5,5.0,10,0,3
11,13,11,13,12.0,24,2,8
4,1,1,4,2.5,5,3,0
4,6,4,6,5.0,10,2,2
10,6,6,10,8.0,16,4,4
5,7,5,7,6.0,12,2,0
2,4,2,4,3.0,6,2,1
24,4,4,24,14.0,28,20,2
20,16,16,20,18.0,36,4,13
2,6,2,6,4.0,8,4,1
1,7,1,7,4.0,8,6,0
6,1,1,6,3.5,7,5,0
12,17,12,17,14.5,29,5,10
2,8,2,8,5.0,10,6,0
4,4,4,4,4.0,8,0,3
9,5,5,9,7.0,14,4,2
6,6,6,6,6.0,12,0,5
4,5,4,5,4.5,9,1,3
11,1,1,11,6.0,12,10,0
2,4,2,4,3.0,6,2,0
30,29,29,30,29.5,59,1,26
6,5,5,6,5.5,11,1,4
5,4,4,5,4.5,9,1,3
17,1,1,17,9.0,18,16,0
7,5,5,7,6.0,12,2,0
1,5,1,5,3.0,6,4,0
5,3,3,5,4.0,8,2,2
19,17,17,19,18.0,36,2,15
4,1,1,4,2.5,5,3,0
6,6,6,6,6.0,12,0,0
9,4,4,9,6.5,13,5,3
4,1,1,4,2.5,5,3,0
16,9,9,16,12.5,25,7,8
4,3,3,4,3.5,7,1,2
1,4,1,4,2.5,5,3,0
9,8,8,9,8.5,17,1,3
10,1,1,10,5.5,11,9,0
4,1,1,4,2.5,5,3,0
28,48,28,48,38.0,76,20,23
5,5,5,5,5.0,10,0,3
5,2,2,5,3.5,7,3,1
1,20,1,20,10.5,21,19,0
3,9,3,9,6.0,12,6,1
19,1,1,19,10.0,20,18,0
5,7,5,7,6.0,12,2,1
16,18,16,18,17.0,34,2,12
27,21,21,27,24.0,48,6,20
26,35,26,35,30.5,61,9,20
5,1,1,5,3.0,6,4,0
6,1,1,6,3.5,7,5,0
13,17,13,17,15.0,30,4,12
5,1,1,5,3.0,6,4,0
3,4,3,4,3.5,7,1,2
5,1,1,5,3.0,6,4,0
7,4,4,7,5.5,11,3,2
24,20,20,24,22.0,44,4,17
17,8,8,17,12.5,25,9,7
20,19,19,20,19.5,39,1,16
1,10,1,10,5.5,11,9,0
7,4,4,7,5.5,11,3,3
27,26,26,27,26.5,53,1,25
37,47,37,47,42.0,84,10,34
1,6,1,6,3.5,7,5,0
1,6,1,6,3.5,7,5,0
2,7,2,7,4.5,9,5,0
1,11,1,11,6.0,12,10,0
6,6,6,6,6.0,12,0,4
2,5,2,5,3.5,7,3,1
5,7,5,7,6.0,12,2,3
1,5,1,5,3.0,6,4,0
18,15,15,18,16.5,33,3,13
13,21,13,21,17.0,34,8,11
8,3,3,8,5.5,11,5,2
13,9,9,13,11.0,22,4,8
23,24,23,24,23.5,47,1,22
5,1,1,5,3.0,6,4,0
6,6,6,6,6.0,12,0,5
3,5,3,5,4.0,8,2,0
10,8,8,10,9.0,18,2,0
18,8,8,18,13.0,26,10,4
4,3,3,4,3.5,7,1,2
27,26,26,27,26.5,53,1,25
16,15,15,16,15.5,31,1,11
4,1,1,4,2.5,5,3,0
4,6,4,6,5.0,10,2,3
4,35,4,35,19.5,39,31,0
27,27,27,27,27.0,54,0,26
5,1,1,5,3.0,6,4,0
14,12,12,14,13.0,26,2,10
6,1,1,6,3.5,7,5,0
4,1,1,4,2.5,5,3,0
1,4,1,4,2.5,5,3,0
31,21,21,31,26.0,52,10,17
8,6,6,8,7.0,14,2,4
5,4,4,5,4.5,9,1,3
1,4,1,4,2.5,5,3,0
1,4,1,4,2.5,5,3,0
1,6,1,6,3.5,7,5,0
1,4,1,4,2.5,5,3,0
5,9,5,9,7.0,14,4,4
1,10,1,10,5.5,11,9,0
5,1,1,5,3.0,6,4,0
9,50,9,50,29.5,59,41,8
1,5,1,5,3.0,6,4,0
1,5,1,5,3.0,6,4,0
2,4,2,4,3.0,6,2,1
3,11,3,11,7.0,14,8,2
1,8,1,8,4.5,9,7,0
4,5,4,5,4.5,9,1,3
9,9,9,9,9.0,18,0,8
7,2,2,7,4.5,9,5,1
4,20,4,20,12.0,24,16,2
3,6,3,6,4.5,9,3,2
17,1,1,17,9.0,18,16,0
17,15,15,17,16.0,32,2,14
1,4,1,4,2.5,5,3,0
11,1,1,11,6.0,12,10,0
10,40,10,40,25.0,50,30,1
1,18,1,18,9.5,19,17,0
7,7,7,7,7.0,14,0,6
1,5,1,5,3.0,6,4,0
2,105,2,105,53.5,107,103,0
6,1,1,6,3.5,7,5,0
20,20,20,20,20.0,40,0,14
12,5,5,12,8.5,17,7,3
8,8,8,8,8.0,16,0,7
8,20,8,20,14.0,28,12,0
4,2,2,4,3.0,6,2,1
6,6,6,6,6.0,12,0,2
2,5,2,5,3.5,7,3,1
9,10,9,10,9.5,19,1,8
17,17,17,17,17.0,34,0,16
5,11,5,11,8.0,16,6,4
6,2,2,6,4.0,8,4,0
8,5,5,8,6.5,13,3,4
5,1,1,5,3.0,6,4,0
27,11,11,27,19.0,38,16,6
13,2,2,13,7.5,15,11,1
11,1,1,11,6.0,12,10,0
1,5,1,5,3.0,6,4,0
7,1,1,7,4.0,8,6,0
12,12,12,12,12.0,24,0,11
9,7,7,9,8.0,16,2,5
2,4,2,4,3.0,6,2,0
36,23,23,36,29.5,59,13,19
1,7,1,7,4.0,8,6,0
4,8,4,8,6.0,12,4,3
7,6,6,7,6.5,13,1,2
20,18,18,20,19.0,38,2,17
19,21,19,21,20.0,40,2,17
5,40,5,40,22.5,45,35,1
42,27,27,42,34.5,69,15,26
9,7,7,9,8.0,16,2,6
6,12,6,12,9.0,18,6,5
2,4,2,4,3.0,6,2,0
1,5,1,5,3.0,6,4,0
11,9,9,11,10.0,20,2,8
21,32,21,32,26.5,53,11,18
14,32,14,32,23.0,46,18,10
32,33,32,33,32.5,65,1,31
4,3,3,4,3.5,7,1,2
4,1,1,4,2.5,5,3,0
22,21,21,22,21.5,43,1,17
8,17,8,17,12.5,25,9,3
1,4,1,4,2.5,5,3,0
7,6,6,7,6.5,13,1,5
31,31,31,31,31.0,62,0,30
12,25,12,25,18.5,37,13,11
16,5,5,16,10.5,21,11,4
2,4,2,4,3.0,6,2,1
11,8,8,11,9.5,19,3,7
1,14,1,14,7.5,15,13,0
6,3,3,6,4.5,9,3,2
9,9,9,9,9.0,18,0,8
17,15,15,17,16.0,32,2,13
1,6,1,6,3.5,7,5,0
6,1,1,6,3.5,7,5,0
5,4,4,5,4.5,9,1,3
6,6,6,6,6.0,12,0,5
4,1,1,4,2.5,5,3,0
1,4,1,4,2.5,5,3,0
7,4,4,7,5.5,11,3,0
21,21,21,21,21.0,42,0,20
15,18,15,18,16.5,33,3,14
1,4,1,4,2.5,5,3,0
19,1,1,19,10.0,20,18,0
5,1,1,5,3.0,6,4,0
10,11,10,11,10.5,21,1,7
7,7,7,7,7.0,14,0,6
4,1,1,4,2.5,5,3,0
4,1,1,4,2.5,5,3,0
3,5,3,5,4.0,8,2,2
7,7,7,7,7.0,14,0,6
1,31,1,31,16.0,32,30,0
5,1,1,5,3.0,6,4,0
4,2,2,4,3.0,6,2,1
1,4,1,4,2.5,5,3,0
17,20,17,20,18.5,37,3,16
6,1,1,6,3.5,7,5,0
23,18,18,23,20.5,41,5,17
3,9,3,9,6.0,12,6,2
8,8,8,8,8.0,16,0,2
1,11,1,11,6.0,12,10,0
25,24,24,25,24.5,49,1,22
9,10,9,10,9.5,19,1,8
8,10,8,10,9.0,18,2,6
6,1,1,6,3.5,7,5,0
1,88,1,88,44.5,89,87,0
4,4,4,4,4.0,8,0,1
13,19,13,19,16.0,32,6,10
42,38,38,42,40.0,80,4,34
6,5,5,6,5.5,11,1,3
4,6,4,6,5.0,10,2,3
7,6,6,7,6.5,13,1,5
7,6,6,7,6.5,13,1,5
4,1,1,4,2.5,5,3,0
6,6,6,6,6.0,12,0,3
4,3,3,4,3.5,7,1,2
10,12,10,12,11.0,22,2,7
4,1,1,4,2.5,5,3,0
11,1,1,11,6.0,12,10,0
9,6,6,9,7.5,15,3,2
7,10,7,10,8.5,17,3,6
9,8,8,9,8.5,17,1,7
1,10,1,10,5.5,11,9,0
4,2,2,4,3.0,6,2,1
7,1,1,7,4.0,8,6,0
5,3,3,5,4.0,8,2,2
5,6,5,6,5.5,11,1,2
6,4,4,6,5.0,10,2,3
9,10,9,10,9.5,19,1,8
10,1,1,10,5.5,11,9,0
1,5,1,5,3.0,6,4,0
4,1,1,4,2.5,5,3,0
1,5,1,5,3.0,6,4,0
8,6,6,8,7.0,14,2,5
1,4,1,4,2.5,5,3,0
4,1,1,4,2.5,5,3,0
13,1,1,13,7.0,14,12,0
5,5,5,5,5.0,10,0,4
7,1,1,7,4.0,8,6,0
1,8,1,8,4.5,9,7,0
1,18,1,18,9.5,19,17,0
1,4,1,4,2.5,5,3,0
4,9,4,9,6.5,13,5,3
8,7,7,8,7.5,15,1,5
4,3,3,4,3.5,7,1,2
4,1,1,4,2.5,5,3,0
1,4,1,4,2.5,5,3,0
1,5,1,5,3.0,6,4,0
19,23,19,23,21.0,42,4,10
2,7,2,7,4.5,9,5,1
18,29,18,29,23.5,47,11,15
7,6,6,7,6.5,13,1,4
19,9,9,19,14.0,28,10,6
1,4,1,4,2.5,5,3,0
1,5,1,5,3.0,6,4,0
10,13,10,13,11.5,23,3,9
1,6,1,6,3.5,7,5,0
6,18,6,18,12.0,24,12,3
1,4,1,4,2.5,5,3,0
5,5,5,5,5.0,10,0,3
9,30,9,30,19.5,39,21,0
6,5,5,6,5.5,11,1,3
11,11,11,11,11.0,22,0,10
8,7,7,8,7.5,15,1,5
9,8,8,9,8.5,17,1,6
1,17,1,17,9.0,18,16,0
1,40,1,40,20.5,41,39,0
1,5,1,5,3.0,6,4,0
12,14,12,14,13.0,26,2,11
16,15,15,16,15.5,31,1,13
4,1,1,4,2.5,5,3,0
33,30,30,33,31.5,63,3,27
8,8,8,8,8.0,16,0,6
29,9,9,29,19.0,38,20,8
8,28,8,28,18.0,36,20,5
6,11,6,11,8.5,17,5,0
5,5,5,5,5.0,10,0,4
1,7,1,7,4.0,8,6,0
3,4,3,4,3.5,7,1,2
9,8,8,9,8.5,17,1,6
19,17,17,19,18.0,36,2,15
15,31,15,31,23.0,46,16,14
17,1,1,17,9.0,18,16,0
1,5,1,5,3.0,6,4,0
7,26,7,26,16.5,33,19,4
8,8,8,8,8.0,16,0,5
9,10,9,10,9.5,19,1,7
14,12,12,14,13.0,26,2,10
4,4,4,4,4.0,8,0,3
44,26,26,44,35.0,70,18,25
6,1,1,6,3.5,7,5,0
7,6,6,7,6.5,13,1,5
5,5,5,5,5.0,10,0,4
11,10,10,11,10.5,21,1,6
9,11,9,11,10.0,20,2,7
8,10,8,10,9.0,18,2,5
1,6,1,6,3.5,7,5,0
5,4,4,5,4.5,9,1,2
8,26,8,26,17.0,34,18,4
41,36,36,41,38.5,77,5,33
4,1,1,4,2.5,5,3,0
5,1,1,5,3.0,6,4,0
6,5,5,6,5.5,11,1,1
6,6,6,6,6.0,12,0,5
8,1,1,8,4.5,9,7,0
5,5,5,5,5.0,10,0,4
10,41,10,41,25.5,51,31,9
4,1,1,4,2.5,5,3,0
8,7,7,8,7.5,15,1,6
4,6,4,6,5.0,10,2,0
18,18,18,18,18.0,36,0,17
5,1,1,5,3.0,6,4,0
20,21,20,21,20.5,41,1,16
1,4,1,4,2.5,5,3,0
10,1,1,10,5.5,11,9,0
1,5,1,5,3.0,6,4,0
9,25,9,25,17.0,34,16,8
5,5,5,5,5.0,10,0,4
13,13,13,13,13.0,26,0,11
1,6,1,6,3.5,7,5,0
34,41,34,41,37.5,75,7,27
5,2,2,5,3.5,7,3,1
5,2,2,5,3.5,7,3,0
16,17,16,17,16.5,33,1,14
9,19,9,19,14.0,28,10,5
27,45,27,45,36.0,72,18,20
2,4,2,4,3.0,6,2,1
4,11,4,11,7.5,15,7,2
5,4,4,5,4.5,9,1,3
18,22,18,22,20.0,40,4,16
38,19,19,38,28.5,57,19,16
1,15,1,15,8.0,16,14,0
13,13,13,13,13.0,26,0,12
1,5,1,5,3.0,6,4,0
6,11,6,11,8.5,17,5,5
1,4,1,4,2.5,5,3,0
38,19,19,38,28.5,57,19,16
4,1,1,4,2.5,5,3,0
5,2,2,5,3.5,7,3,1
15,15,15,15,15.0,30,0,14
1,8,1,8,4.5,9,7,0
1,7,1,7,4.0,8,6,0
34,19,19,34,26.5,53,15,14
1,15,1,15,8.0,16,14,0
9,9,9,9,9.0,18,0,7
1,5,1,5,3.0,6,4,0
7,8,7,8,7.5,15,1,3
5,1,1,5,3.0,6,4,0
1,4,1,4,2.5,5,3,0
2,10,2,10,6.0,12,8,1
6,5,5,6,5.5,11,1,4
8,1,1,8,4.5,9,7,0
7,12,7,12,9.5,19,5,2
4,4,4,4,4.0,8,0,3
8,9,8,9,8.5,17,1,7
1,5,1,5,3.0,6,4,0
1,4,1,4,2.5,5,3,0
1,12,1,12,6.5,13,11,0
2,12,2,12,7.0,14,10,1
4,1,1,4,2.5,5,3,0
1,6,1,6,3.5,7,5,0
6,1,1,6,3.5,7,5,0
4,13,4,13,8.5,17,9,3
1,4,1,4,2.5,5,3,0
32,19,19,32,25.5,51,13,13
4,2,2,4,3.0,6,2,1
20,11,11,20,15.5,31,9,9
1,5,1,5,3.0,6,4,0
7,7,7,7,7.0,14,0,6
35,23,23,35,29.0,58,12,18
5,7,5,7,6.0,12,2,1
2,4,2,4,3.0,6,2,0
4,6,4,6,5.0,10,2,0
20,23,20,23,21.5,43,3,17
4,4,4,4,4.0,8,0,3
1,5,1,5,3.0,6,4,0
4,5,4,5,4.5,9,1,3
15,4,4,15,9.5,19,11,3
1,8,1,8,4.5,9,7,0
4,9,4,9,6.5,13,5,2
27,20,20,27,23.5,47,7,18
1,4,1,4,2.5,5,3,0
1,11,1,11,6.0,12,10,0
1,4,1,4,2.5,5,3,0
23,44,23,44,33.5,67,21,16
20,22,20,22,21.0,42,2,17
4,1,1,4,2.5,5,3,0
6,20,6,20,13.0,26,14,0
6,16,6,16,11.0,22,10,5
5,7,5,7,6.0,12,2,4
1,5,1,5,3.0,6,4,0
1,7,1,7,4.0,8,6,0
4,4,4,4,4.0,8,0,3
5,8,5,8,6.5,13,3,4
7,2,2,7,4.5,9,5,1
5,1,1,5,3.0,6,4,0
7,1,1,7,4.0,8,6,0
4,1,1,4,2.5,5,3,0
26,27,26,27,26.5,53,1,25
13,15,13,15,14.0,28,2,11
19,48,19,48,33.5,67,29,14
7,6,6,7,6.5,13,1,4
5,4,4,5,4.5,9,1,1
1,6,1,6,3.5,7,5,0
1,5,1,5,3.0,6,4,0
8,9,8,9,8.5,17,1,5
4,1,1,4,2.5,5,3,0
1,9,1,9,5.0,10,8,0
1,15,1,15,8.0,16,14,0
5,1,1,5,3.0,6,4,0
7,7,7,7,7.0,14,0,6
1,4,1,4,2.5,5,3,0
27,16,16,27,21.5,43,11,14
5,1,1,5,3.0,6,4,0
27,22,22,27,24.5,49,5,21
29,33,29,33,31.0,62,4,10
11,7,7,11,9.0,18,4,5
13,13,13,13,13.0,26,0,8
5,6,5,6,5.5,11,1,4
9,2,2,9,5.5,11,7,1
21,20,20,21,20.5,41,1,18
11,10,10,11,10.5,21,1,8
6,16,6,16,11.0,22,10,2
1,5,1,5,3.0,6,4,0
4,1,1,4,2.5,5,3,0
5,1,1,5,3.0,6,4,0
2,15,2,15,8.5,17,13,0
13,9,9,13,11.0,22,4,5
2,4,2,4,3.0,6,2,1
1,49,1,49,25.0,50,48,0
13,6,6,13,9.5,19,7,4
9,9,9,9,9.0,18,0,8
2,4,2,4,3.0,6,2,1
1,5,1,5,3.0,6,4,0
6,11,6,11,8.5,17,5,5
4,1,1,4,2.5,5,3,0
9,8,8,9,8.5,17,1,7
5,8,5,8,6.5,13,3,4
1,9,1,9,5.0,10,8,0
5,6,5,6,5.5,11,1,0
1,8,1,8,4.5,9,7,0
5,7,5,7,6.0,12,2,2
2,6,2,6,4.0,8,4,1
12,17,12,17,14.5,29,5,10
1,4,1,4,2.5,5,3,0
14,13,13,14,13.5,27,1,12
30,31,30,31,30.5,61,1,22
1,21,1,21,11.0,22,20,0
1,10,1,10,5.5,11,9,0
16,16,16,16,16.0,32,0,11
9,7,7,9,8.0,16,2,3
1,12,1,12,6.5,13,11,0
1,5,1,5,3.0,6,4,0
19,16,16,19,17.5,35,3,15
12,18,12,18,15.0,30,6,11
4,1,1,4,2.5,5,3,0
14,1,1,14,7.5,15,13,0
9,8,8,9,8.5,17,1,5
5,2,2,5,3.5,7,3,0
1,4,1,4,2.5,5,3,0
19,1,1,19,10.0,20,18,0
11,55,11,55,33.0,66,44,9
10,21,10,21,15.5,31,11,9
7,6,6,7,6.5,13,1,3
1,8,1,8,4.5,9,7,0
6,4,4,6,5.0,10,2,3
9,9,9,9,9.0,18,0,5
4,2,2,4,3.0,6,2,0
1,10,1,10,5.5,11,9,0
8,1,1,8,4.5,9,7,0
13,13,13,13,13.0,26,0,12
17,11,11,17,14.0,28,6,6
5,5,5,5,5.0,10,0,4
5,5,5,5,5.0,10,0,4
1,5,1,5,3.0,6,4,0
7,2,2,7,4.5,9,5,0
1,39,1,39,20.0,40,38,0
4,1,1,4,2.5,5,3,0
9,11,9,11,10.0,20,2,8
1,9,1,9,5.0,10,8,0
13,11,11,13,12.0,24,2,9
26,26,26,26,26.0,52,0,23
31,10,10,31,20.5,41,21,4
12,14,12,14,13.0,26,2,10
7,7,7,7,7.0,14,0,5
1,6,1,6,3.5,7,5,0
10,10,10,10,10.0,20,0,5
19,19,19,19,19.0,38,0,13
7,1,1,7,4.0,8,6,0
1,6,1,6,3.5,7,5,0
34,23,23,34,28.5,57,11,19
11,11,11,11,11.0,22,0,10
29,6,6,29,17.5,35,23,1
8,5,5,8,6.5,13,3,4
9,24,9,24,16.5,33,15,8
7,10,7,10,8.5,17,3,0
10,7,7,10,8.5,17,3,6
1,5,1,5,3.0,6,4,0
13,15,13,15,14.0,28,2,10
34,29,29,34,31.5,63,5,5
7,7,7,7,7.0,14,0,6
9,9,9,9,9.0,18,0,8
24,38,24,38,31.0,62,14,19
20,19,19,20,19.5,39,1,18
6,1,1,6,3.5,7,5,0
3,5,3,5,4.0,8,2,2
5,2,2,5,3.5,7,3,1
1,4,1,4,2.5,5,3,0
14,4,4,14,9.0,18,10,1
17,17,17,17,17.0,34,0,16
5,6,5,6,5.5,11,1,4
9,10,9,10,9.5,19,1,6
4,6,4,6,5.0,10,2,3
11,14,11,14,12.5,25,3,9
1,26,1,26,13.5,27,25,0
11,8,8,11,9.5,19,3,6
51,23,23,51,37.0,74,28,19
26,11,11,26,18.5,37,15,3
1,146,1,146,73.5,147,145,0
26,20,20,26,23.0,46,6,17
16,10,10,16,13.0,26,6,8
48,46,46,48,47.0,94,2,31
5,6,5,6,5.5,11,1,4
1,5,1,5,3.0,6,4,0
9,9,9,9,9.0,18,0,7
6,5,5,6,5.5,11,1,4
2,35,2,35,18.5,37,33,0
6,9,6,9,7.5,15,3,5
4,5,4,5,4.5,9,1,0
9,9,9,9,9.0,18,0,7
8,6,6,8,7.0,14,2,4
13,1,1,13,7.0,14,12,0
6,12,6,12,9.0,18,6,5
4,1,1,4,2.5,5,3,0
5,1,1,5,3.0,6,4,0
2,24,2,24,13.0,26,22,0
4,1,1,4,2.5,5,3,0
4,5,4,5,4.5,9,1,3
8,9,8,9,8.5,17,1,7
1,4,1,4,2.5,5,3,0
1,5,1,5,3.0,6,4,0
5,1,1,5,3.0,6,4,0
1,4,1,4,2.5,5,3,0
40,34,34,40,37.0,74,6,24
9,11,9,11,10.0,20,2,8
31,32,31,32,31.5,63,1,30
21,14,14,21,17.5,35,7,11
1,7,1,7,4.0,8,6,0
13,43,13,43,28.0,56,30,12
18,14,14,18,16.0,32,4,10
6,11,6,11,8.5,17,5,5
34,41,34,41,37.5,75,7,21
15,20,15,20,17.5,35,5,14
5,1,1,5,3.0,6,4,0
4,1,1,4,2.5,5,3,0
14,12,12,14,13.0,26,2,10
1,4,1,4,2.5,5,3,0
7,6,6,7,6.5,13,1,4
2,17,2,17,9.5,19,15,0
1,10,1,10,5.5,11,9,0
17,19,17,19,18.0,36,2,14
6,5,5,6,5.5,11,1,2
1,4,1,4,2.5,5,3,0
1,7,1,7,4.0,8,6,0
6,9,6,9,7.5,15,3,3
1,4,1,4,2.5,5,3,0
14,13,13,14,13.5,27,1,12
5,4,4,5,4.5,9,1,3
42,43,42,43,42.5,85,1,40
4,1,1,4,2.5,5,3,0
16,12,12,16,14.0,28,4,9
1,5,1,5,3.0,6,4,0
1,23,1,23,12.0,24,22,0
1,12,1,12,6.5,13,11,0
4,4,4,4,4.0,8,0,2
1,6,1,6,3.5,7,5,0
16,1,1,16,8.5,17,15,0
23,21,21,23,22.0,44,2,20
10,2,2,10,6.0,12,8,1
1,4,1,4,2.5,5,3,0
1,4,1,4,2.5,5,3,0
5,8,5,8,6.5,13,3,0
1,4,1,4,2.5,5,3,0
2,4,2,4,3.0,6,2,1
36,27,27,36,31.5,63,9,14
5,10,5,10,7.5,15,5,4
4,4,4,4,4.0,8,0,0
8,8,8,8,8.0,16,0,7
1,16,1,16,8.5,17,15,0
6,9,6,9,7.5,15,3,1
1,25,1,25,13.0,26,24,0
15,7,7,15,11.0,22,8,6
7,4,4,7,5.5,11,3,3
40,41,40,41,40.5,81,1,36
4,1,1,4,2.5,5,3,0
7,4,4,7,5.5,11,3,3
5,4,4,5,4.5,9,1,2
21,20,20,21,20.5,41,1,18
6,11,6,11,8.5,17,5,4
2,4,2,4,3.0,6,2,1
3,20,3,20,11.5,23,17,0
30,28,28,30,29.0,58,2,23
18,9,9,18,13.5,27,9,8
8,5,5,8,6.5,13,3,1
2,4,2,4,3.0,6,2,1
6,1,1,6,3.5,7,5,0
5,5,5,5,5.0,10,0,2
23,33,23,33,28.0,56,10,20
7,2,2,7,4.5,9,5,1
18,17,17,18,17.5,35,1,14
14,16,14,16,15.0,30,2,11
8,1,1,8,4.5,9,7,0
5,1,1,5,3.0,6,4,0
29,12,12,29,20.5,41,17,11
27,26,26,27,26.5,53,1,19
5,2,2,5,3.5,7,3,1
11,16,11,16,13.5,27,5,9
24,21,21,24,22.5,45,3,18
1,5,1,5,3.0,6,4,0
1,7,1,7,4.0,8,6,0
16,10,10,16,13.0,26,6,9
7,6,6,7,6.5,13,1,5
1,4,1,4,2.5,5,3,0
1,12,1,12,6.5,13,11,0
5,8,5,8,6.5,13,3,3
1,5,1,5,3.0,6,4,0
5,10,5,10,7.5,15,5,0
1,5,1,5,3.0,6,4,0
27,31,27,31,29.0,58,4,26
10,19,10,19,14.5,29,9,9
33,17,17,33,25.0,50,16,16
2,5,2,5,3.5,7,3,0
7,16,7,16,11.5,23,9,6
8,5,5,8,6.5,13,3,3
5,6,5,6,5.5,11,1,4
1,9,1,9,5.0,10,8,0
6,7,6,7,6.5,13,1,3
1,5,1,5,3.0,6,4,0
1,5,1,5,3.0,6,4,0
13,14,13,14,13.5,27,1,12
13,13,13,13,13.0,26,0,7
7,1,1,7,4.0,8,6,0
2,44,2,44,23.0,46,42,1
4,1,1,4,2.5,5,3,0
19,16,16,19,17.5,35,3,14
9,8,8,9,8.5,17,1,7
35,41,35,41,38.0,76,6,27
5,1,1,5,3.0,6,4,0
7,8,7,8,7.5,15,1,5
16,14,14,16,15.0,30,2,10
1,19,1,19,10.0,20,18,0
7,6,6,7,6.5,13,1,5
4,2,2,4,3.0,6,2,1
1,40,1,40,20.5,41,39,0
1,7,1,7,4.0,8,6,0
1,19,1,19,10.0,20,18,0
3,5,3,5,4.0,8,2,2
6,5,5,6,5.5,11,1,4
7,6,6,7,6.5,13,1,5
1,5,1,5,3.0,6,4,0
10,10,10,10,10.0,20,0,9
9,19,9,19,14.0,28,10,7
1,4,1,4,2.5,5,3,0
30,40,30,40,35.0,70,10,21
9,7,7,9,8.0,16,2,6
1,7,1,7,4.0,8,6,0
1,5,1,5,3.0,6,4,0
14,14,14,14,14.0,28,0,13
38,24,24,38,31.0,62,14,16
8,1,1,8,4.5,9,7,0
29,9,9,29,19.0,38,20,6
38,51,38,51,44.5,89,13,19
4,1,1,4,2.5,5,3,0
22,20,20,22,21.0,42,2,19
4,1,1,4,2.5,5,3,0
30,2,2,30,16.0,32,28,1
1,5,1,5,3.0,6,4,0
2,4,2,4,3.0,6,2,0
4,2,2,4,3.0,6,2,1
1,4,1,4,2.5,5,3,0
32,33,32,33,32.5,65,1,26
25,37,25,37,31.0,62,12,23
4,1,1,4,2.5,5,3,0
17,15,15,17,16.0,32,2,13
16,13,13,16,14.5,29,3,12
22,1,1,22,11.5,23,21,0
7,7,7,7,7.0,14,0,5
2,29,2,29,15.5,31,27,1
10,1,1,10,5.5,11,9,0
13,1,1,13,7.0,14,12,0
9,13,9,13,11.0,22,4,8
2,43,2,43,22.5,45,41,0
9,1,1,9,5.0,10,8,0
12,1,1,12,6.5,13,11,0
6,5,5,6,5.5,11,1,1
7,1,1,7,4.0,8,6,0
26,18,18,26,22.0,44,8,15
32,23,23,32,27.5,55,9,22
8,1,1,8,4.5,9,7,0
2,24,2,24,13.0,26,22,0
21,22,21,22,21.5,43,1,19
9,1,1,9,5.0,10,8,0
12,10,10,12,11.0,22,2,5
7,6,6,7,6.5,13,1,5
1,6,1,6,3.5,7,5,0
14,13,13,14,13.5,27,1,12
1,30,1,30,15.5,31,29,0
4,1,1,4,2.5,5,3,0
7,7,7,7,7.0,14,0,5
16,10,10,16,13.0,26,6,7
13,9,9,13,11.0,22,4,8
4,1,1,4,2.5,5,3,0
4,1,1,4,2.5,5,3,0
15,16,15,16,15.5,31,1,14
6,11,6,11,8.5,17,5,5
17,14,14,17,15.5,31,3,12
1,5,1,5,3.0,6,4,0
1,5,1,5,3.0,6,4,0
39,46,39,46,42.5,85,7,28
34,36,34,36,35.0,70,2,33
5,1,1,5,3.0,6,4,0
7,8,7,8,7.5,15,1,6
2,9,2,9,5.5,11,7,0
4,3,3,4,3.5,7,1,2
5,4,4,5,4.5,9,1,3
13,17,13,17,15.0,30,4,12
5,1,1,5,3.0,6,4,0
4,5,4,5,4.5,9,1,3
9,9,9,9,9.0,18,0,7
6,12,6,12,9.0,18,6,5
19,20,19,20,19.5,39,1,13
1,5,1,5,3.0,6,4,0
7,1,1,7,4.0,8,6,0
51,51,51,51,51.0,102,0,48
19,38,19,38,28.5,57,19,16
4,6,4,6,5.0,10,2,1
1,7,1,7,4.0,8,6,0
7,7,7,7,7.0,14,0,6
1,4,1,4,2.5,5,3,0
7,12,7,12,9.5,19,5,4
10,5,5,10,7.5,15,5,0
14,19,14,19,16.5,33,5,7
31,33,31,33,32.0,64,2,30
8,22,8,22,15.0,30,14,0
12,10,10,12,11.0,22,2,8
6,6,6,6,6.0,12,0,5
5,8,5,8,6.5,13,3,3
5,5,5,5,5.0,10,0,3
8,6,6,8,7.0,14,2,5
3,5,3,5,4.0,8,2,0
4,1,1,4,2.5,5,3,0
9,1,1,9,5.0,10,8,0
1,17,1,17,9.0,18,16,0
26,21,21,26,23.5,47,5,19
1,11,1,11,6.0,12,10,0
8,6,6,8,7.0,14,2,5
7,33,7,33,20.0,40,26,5
4,4,4,4,4.0,8,0,3
4,6,4,6,5.0,10,2,0
6,7,6,7,6.5,13,1,5
1,4,1,4,2.5,5,3,0
2,8,2,8,5.0,10,6,0
4,4,4,4,4.0,8,0,2
10,3,3,10,6.5,13,7,2
17,1,1,17,9.0,18,16,0
2,4,2,4,3.0,6,2,1
10,11,10,11,10.5,21,1,9
21,18,18,21,19.5,39,3,11
1,9,1,9,5.0,10,8,0
10,10,10,10,10.0,20,0,9
10,7,7,10,8.5,17,3,4
4,3,3,4,3.5,7,1,2
7,7,7,7,7.0,14,0,6
1,6,1,6,3.5,7,5,0
4,10,4,10,7.0,14,6,1
8,11,8,11,9.5,19,3,4
7,1,1,7,4.0,8,6,0
4,5,4,5,4.5,9,1,3
27,1,1,27,14.0,28,26,0
4,5,4,5,4.5,9,1,0
5,5,5,5,5.0,10,0,4
9,3,3,9,6.0,12,6,1
5,6,5,6,5.5,11,1,4
23,24,23,24,23.5,47,1,22
1,7,1,7,4.0,8,6,0
8,48,8,48,28.0,56,40,6
43,44,43,44,43.5,87,1,39
4,2,2,4,3.0,6,2,1
4,1,1,4,2.5,5,3,0
5,5,5,5,5.0,10,0,3
2,12,2,12,7.0,14,10,1
1,105,1,105,53.0,106,104,0
1,5,1,5,3.0,6,4,0
7,7,7,7,7.0,14,0,6
42,49,42,49,45.5,91,7,41
1,4,1,4,2.5,5,3,0
3,6,3,6,4.5,9,3,2
1,30,1,30,15.5,31,29,0
2,11,2,11,6.5,13,9,0
14,14,14,14,14.0,28,0,13
45,41,41,45,43.0,86,4,39
1,5,1,5,3.0,6,4,0
1,6,1,6,3.5,7,5,0
5,4,4,5,4.5,9,1,3
1,6,1,6,3.5,7,5,0
32,2,2,32,17.0,34,30,0
3,10,3,10,6.5,13,7,2
9,4,4,9,6.5,13,5,0
1,4,1,4,2.5,5,3,0
8,10,8,10,9.0,18,2,2
1,5,1,5,3.0,6,4,0
1,4,1,4,2.5,5,3,0
7,7,7,7,7.0,14,0,6
1,8,1,8,4.5,9,7,0
1,15,1,15,8.0,16,14,0
49,50,49,50,49.5,99,1,48
26,27,26,27,26.5,53,1,25
3,4,3,4,3.5,7,1,2
8,10,8,10,9.0,18,2,7
11,4,4,11,7.5,15,7,3
4,1,1,4,2.5,5,3,0
1,10,1,10,5.5,11,9,0
27,26,26,27,26.5,53,1,21
8,6,6,8,7.0,14,2,5
10,8,8,10,9.0,18,2,7
1,7,1,7,4.0,8,6,0
5,5,5,5,5.0,10,0,4
8,3,3,8,5.5,11,5,1
4,12,4,12,8.0,16,8,3
21,49,21,49,35.0,70,28,14
12,8,8,12,10.0,20,4,6
18,15,15,18,16.5,33,3,12
2,22,2,22,12.0,24,20,1
4,4,4,4,4.0,8,0,3
17,14,14,17,15.5,31,3,10
4,2,2,4,3.0,6,2,1
51,41,41,51,46.0,92,10,24
8,48,8,48,28.0,56,40,7
1,5,1,5,3.0,6,4,0
6,2,2,6,4.0,8,4,1
18,19,18,19,18.5,37,1,13
4,1,1,4,2.5,5,3,0
25,1,1,25,13.0,26,24,0
12,1,1,12,6.5,13,11,0
15,19,15,19,17.0,34,4,8
4,1,1,4,2.5,5,3,0
4,4,4,4,4.0,8,0,3
5,3,3,5,4.0,8,2,1
1,88,1,88,44.5,89,87,0
19,23,19,23,21.0,42,4,10
4,5,4,5,4.5,9,1,3
9,10,9,10,9.5,19,1,4
7,7,7,7,7.0,14,0,1
5,4,4,5,4.5,9,1,2
4,5,4,5,4.5,9,1,3
10,4,4,10,7.0,14,6,3
19,22,19,22,20.5,41,3,10
25,29,25,29,27.0,54,4,21
1,4,1,4,2.5,5,3,0
33,39,33,39,36.0,72,6,31
1,13,1,13,7.0,14,12,0
5,1,1,5,3.0,6,4,0
4,1,1,4,2.5,5,3,0
10,10,10,10,10.0,20,0,8
1,4,1,4,2.5,5,3,0
2,5,2,5,3.5,7,3,1
6,6,6,6,6.0,12,0,5
2,4,2,4,3.0,6,2,1
6,1,1,6,3.5,7,5,0
1,5,1,5,3.0,6,4,0
8,8,8,8,8.0,16,0,6
13,15,13,15,14.0,28,2,11
4,3,3,4,3.5,7,1,1
2,5,2,5,3.5,7,3,1
11,23,11,23,17.0,34,12,8
8,16,8,16,12.0,24,8,5
11,27,11,27,19.0,38,16,10
4,3,3,4,3.5,7,1,2
38,23,23,38,30.5,61,15,19
1,4,1,4,2.5,5,3,0
7,1,1,7,4.0,8,6,0
4,6,4,6,5.0,10,2,3
5,5,5,5,5.0,10,0,4
6,5,5,6,5.5,11,1,4
4,1,1,4,2.5,5,3,0
1,8,1,8,4.5,9,7,0
12,12,12,12,12.0,24,0,11
13,18,13,18,15.5,31,5,12
15,11,11,15,13.0,26,4,10
13,9,9,13,11.0,22,4,8
4,2,2,4,3.0,6,2,0
13,1,1,13,7.0,14,12,0
5,5,5,5,5.0,10,0,0
1,18,1,18,9.5,19,17,0
28,28,28,28,28.0,56,0,24
5,3,3,5,4.0,8,2,2
8,9,8,9,8.5,17,1,7
15,8,8,15,11.5,23,7,6
3,11,3,11,7.0,14,8,2
1,7,1,7,4.0,8,6,0
19,28,19,28,23.5,47,9,9
7,6,6,7,6.5,13,1,5
49,41,41,49,45.0,90,8,24
15,11,11,15,13.0,26,4,10
2,4,2,4,3.0,6,2,0
12,10,10,12,11.0,22,2,8
1,4,1,4,2.5,5,3,0
6,1,1,6,3.5,7,5,0
9,12,9,12,10.5,21,3,8
6,4,4,6,5.0,10,2,3
1,18,1,18,9.5,19,17,0
5,6,5,6,5.5,11,1,3
1,22,1,22,11.5,23,21,0
6,4,4,6,5.0,10,2,2
24,51,24,51,37.5,75,27,20
7,5,5,7,6.0,12,2,3
15,18,15,18,16.5,33,3,14
19,15,15,19,17.0,34,4,9
1,5,1,5,3.0,6,4,0
20,33,20,33,26.5,53,13,13
18,15,15,18,16.5,33,3,10
7,8,7,8,7.5,15,1,6
18,18,18,18,18.0,36,0,17
1,6,1,6,3.5,7,5,0
25,24,24,25,24.5,49,1,13
10,10,10,10,10.0,20,0,9
5,1,1,5,3.0,6,4,0
8,8,8,8,8.0,16,0,7
29,30,29,30,29.5,59,1,28
33,48,33,48,40.5,81,15,30
7,4,4,7,5.5,11,3,1
13,6,6,13,9.5,19,7,0
16,6,6,16,11.0,22,10,5
27,15,15,27,21.0,42,12,10
4,2,2,4,3.0,6,2,1
5,4,4,5,4.5,9,1,2
11,16,11,16,13.5,27,5,7
12,15,12,15,13.5,27,3,10
20,8,8,20,14.0,28,12,6
21,24,21,24,22.5,45,3,13
6,7,6,7,6.5,13,1,2
1,9,1,9,5.0,10,8,0
8,8,8,8,8.0,16,0,7
13,12,12,13,12.5,25,1,10
1,21,1,21,11.0,22,20,0
10,10,10,10,10.0,20,0,7
15,24,15,24,19.5,39,9,8
13,10,10,13,11.5,23,3,9
13,1,1,13,7.0,14,12,0
1,7,1,7,4.0,8,6,0
7,1,1,7,4.0,8,6,0
2,6,2,6,4.0,8,4,1
4,1,1,4,2.5,5,3,0
5,1,1,5,3.0,6,4,0
37,28,28,37,32.5,65,9,18
10,1,1,10,5.5,11,9,0
5,4,4,5,4.5,9,1,3
15,14,14,15,14.5,29,1,13
2,10,2,10,6.0,12,8,0
5,6,5,6,5.5,11,1,0
1,5,1,5,3.0,6,4,0
8,10,8,10,9.0,18,2,6
1,4,1,4,2.5,5,3,0
1,77,1,77,39.0,78,76,0
2,5,2,5,3.5,7,3,1
20,22,20,22,21.0,42,2,18
5,1,1,5,3.0,6,4,0
1,4,1,4,2.5,5,3,0
2,4,2,4,3.0,6,2,0
6,6,6,6,6.0,12,0,4
1,5,1,5,3.0,6,4,0
1,4,1,4,2.5,5,3,0
4,5,4,5,4.5,9,1,3
46,36,36,46,41.0,82,10,33
24,18,18,24,21.0,42,6,13
7,4,4,7,5.5,11,3,3
1,12,1,12,6.5,13,11,0
1,5,1,5,3.0,6,4,0
1,6,1,6,3.5,7,5,0
5,1,1,5,3.0,6,4,0
4,5,4,5,4.5,9,1,3
20,18,18,20,19.0,38,2,14
19,12,12,19,15.5,31,7,6
1,6,1,6,3.5,7,5,0
4,1,1,4,2.5,5,3,0
5,2,2,5,3.5,7,3,0
12,1,1,12,6.5,13,11,0
1,4,1,4,2.5,5,3,0
14,8,8,14,11.0,22,6,7
6,4,4,6,5.0,10,2,0
1,7,1,7,4.0,8,6,0
7,9,7,9,8.0,16,2,4
2,9,2,9,5.5,11,7,1
5,2,2,5,3.5,7,3,1
1,9,1,9,5.0,10,8,0
14,7,7,14,10.5,21,7,4
4,1,1,4,2.5,5,3,0
6,15,6,15,10.5,21,9,4
20,4,4,20,12.0,24,16,3
14,4,4,14,9.0,18,10,3
1,6,1,6,3.5,7,5,0
14,24,14,24,19.0,38,10,11
17,17,17,17,17.0,34,0,16
5,5,5,5,5.0,10,0,3
16,17,16,17,16.5,33,1,9
34,24,24,34,29.0,58,10,18
10,9,9,10,9.5,19,1,3
2,4,2,4,3.0,6,2,1
7,5,5,7,6.0,12,2,2
1,18,1,18,9.5,19,17,0
7,6,6,7,6.5,13,1,0
4,6,4,6,5.0,10,2,1
1,17,1,17,9.0,18,16,0
28,46,28,46,37.0,74,18,26
9,10,9,10,9.5,19,1,8
5,5,5,5,5.0,10,0,3
1,17,1,17,9.0,18,16,0
1,5,1,5,3.0,6,4,0
29,1,1,29,15.0,30,28,0
10,12,10,12,11.0,22,2,9
36,35,35,36,35.5,71,1,34
24,47,24,47,35.5,71,23,23
9,15,9,15,12.0,24,6,8
10,10,10,10,10.0,20,0,8
1,12,1,12,6.5,13,11,0
1,9,1,9,5.0,10,8,0
4,1,1,4,2.5,5,3,0
12,11,11,12,11.5,23,1,10
11,6,6,11,8.5,17,5,4
18,14,14,18,16.0,32,4,8
24,23,23,24,23.5,47,1,22
1,5,1,5,3.0,6,4,0
6,1,1,6,3.5,7,5,0
4,1,1,4,2.5,5,3,0
3,7,3,7,5.0,10,4,2
23,25,23,25,24.0,48,2,19
15,16,15,16,15.5,31,1,0
4,11,4,11,7.5,15,7,3
25,25,25,25,25.0,50,0,23
8,10,8,10,9.0,18,2,7
4,3,3,4,3.5,7,1,2
12,12,12,12,12.0,24,0,11
17,15,15,17,16.0,32,2,13
13,13,13,13,13.0,26,0,10
5,9,5,9,7.0,14,4,4
19,21,19,21,20.0,40,2,6
8,6,6,8,7.0,14,2,4
7,10,7,10,8.5,17,3,4
28,19,19,28,23.5,47,9,8
10,7,7,10,8.5,17,3,5
1,4,1,4,2.5,5,3,0
7,6,6,7,6.5,13,1,5
4,3,3,4,3.5,7,1,2
9,8,8,9,8.5,17,1,1
1,7,1,7,4.0,8,6,0
23,12,12,23,17.5,35,11,10
1,4,1,4,2.5,5,3,0
5,1,1,5,3.0,6,4,0
32,33,32,33,32.5,65,1,30
23,13,13,23,18.0,36,10,9
5,3,3,5,4.0,8,2,2
10,14,10,14,12.0,24,4,9
22,12,12,22,17.0,34,10,11
6,1,1,6,3.5,7,5,0
1,9,1,9,5.0,10,8,0
1,16,1,16,8.5,17,15,0
1,11,1,11,6.0,12,10,0
2,7,2,7,4.5,9,5,0
10,22,10,22,16.0,32,12,9
24,18,18,24,21.0,42,6,17
2,12,2,12,7.0,14,10,1
11,10,10,11,10.5,21,1,7
13,9,9,13,11.0,22,4,5
1,77,1,77,39.0,78,76,0
31,27,27,31,29.0,58,4,19
7,11,7,11,9.0,18,4,6
1,9,1,9,5.0,10,8,0
1,5,1,5,3.0,6,4,0
5,1,1,5,3.0,6,4,0
12,9,9,12,10.5,21,3,6
5,1,1,5,3.0,6,4,0
4,4,4,4,4.0,8,0,3
4,4,4,4,4.0,8,0,3
17,17,17,17,17.0,34,0,14
2,5,2,5,3.5,7,3,1
7,6,6,7,6.5,13,1,5
1,10,1,10,5.5,11,9,0
1,4,1,4,2.5,5,3,0
3,6,3,6,4.5,9,3,2
6,5,5,6,5.5,11,1,3
2,7,2,7,4.5,9,5,1
17,15,15,17,16.0,32,2,12
2,5,2,5,3.5,7,3,1
22,26,22,26,24.0,48,4,18
9,9,9,9,9.0,18,0,8
5,1,1,5,3.0,6,4,0
15,16,15,16,15.5,31,1,10
15,13,13,15,14.0,28,2,9
24,25,24,25,24.5,49,1,23
5,1,1,5,3.0,6,4,0
8,1,1,8,4.5,9,7,0
11,2,2,11,6.5,13,9,1
1,8,1,8,4.5,9,7,0
7,1,1,7,4.0,8,6,0
1,5,1,5,3.0,6,4,0
1,15,1,15,8.0,16,14,0
8,1,1,8,4.5,9,7,0
1,4,1,4,2.5,5,3,0
13,1,1,13,7.0,14,12,0
8,6,6,8,7.0,14,2,5
23,33,23,33,28.0,56,10,17
2,6,2,6,4.0,8,4,0
10,12,10,12,11.0,22,2,7
4,6,4,6,5.0,10,2,3
8,15,8,15,11.5,23,7,6
5,4,4,5,4.5,9,1,2
15,6,6,15,10.5,21,9,4
1,4,1,4,2.5,5,3,0
1,12,1,12,6.5,13,11,0
14,17,14,17,15.5,31,3,13
7,12,7,12,9.5,19,5,6
4,7,4,7,5.5,11,3,2
7,10,7,10,8.5,17,3,5
4,10,4,10,7.0,14,6,0
23,18,18,23,20.5,41,5,17
1,4,1,4,2.5,5,3,0
4,1,1,4,2.5,5,3,0
13,22,13,22,17.5,35,9,11
2,7,2,7,4.5,9,5,0
9,9,9,9,9.0,18,0,8
7,2,2,7,4.5,9,5,1
25,26,25,26,25.5,51,1,24
1,4,1,4,2.5,5,3,0
12,13,12,13,12.5,25,1,11
5,4,4,5,4.5,9,1,3
5,1,1,5,3.0,6,4,0
22,43,22,43,32.5,65,21,1
7,7,7,7,7.0,14,0,6
2,21,2,21,11.5,23,19,0
1,6,1,6,3.5,7,5,0
1,28,1,28,14.5,29,27,0
10,12,10,12,11.0,22,2,8
1,8,1,8,4.5,9,7,0
17,9,9,17,13.0,26,8,8
8,13,8,13,10.5,21,5,7
5,1,1,5,3.0,6,4,0
6,7,6,7,6.5,13,1,5
4,11,4,11,7.5,15,7,3
17,13,13,17,15.0,30,4,7
2,5,2,5,3.5,7,3,0
13,8,8,13,10.5,21,5,6
5,3,3,5,4.0,8,2,2
2,6,2,6,4.0,8,4,1
15,28,15,28,21.5,43,13,14
5,1,1,5,3.0,6,4,0
2,18,2,18,10.0,20,16,0
4,7,4,7,5.5,11,3,0
16,5,5,16,10.5,21,11,1
1,9,1,9,5.0,10,8,0
13,14,13,14,13.5,27,1,12
25,39,25,39,32.0,64,14,17
15,20,15,20,17.5,35,5,11
5,2,2,5,3.5,7,3,1
8,9,8,9,8.5,17,1,4
14,47,14,47,30.5,61,33,13
1,5,1,5,3.0,6,4,0
20,21,20,21,20.5,41,1,19
13,13,13,13,13.0,26,0,12
4,7,4,7,5.5,11,3,0
15,9,9,15,12.0,24,6,5
10,4,4,10,7.0,14,6,3
8,7,7,8,7.5,15,1,5
4,1,1,4,2.5,5,3,0
10,9,9,10,9.5,19,1,6
1,12,1,12,6.5,13,11,0
8,6,6,8,7.0,14,2,5
3,14,3,14,8.5,17,11,1
1,6,1,6,3.5,7,5,0
1,8,1,8,4.5,9,7,0
4,1,1,4,2.5,5,3,0
10,13,10,13,11.5,23,3,9
7,13,7,13,10.0,20,6,6
5,1,1,5,3.0,6,4,0
5,5,5,5,5.0,10,0,4
8,1,1,8,4.5,9,7,0
4,1,1,4,2.5,5,3,0
5,10,5,10,7.5,15,5,2
6,1,1,6,3.5,7,5,0
4,4,4,4,4.0,8,0,3
8,11,8,11,9.5,19,3,6
1,4,1,4,2.5,5,3,0
1,5,1,5,3.0,6,4,0
26,6,6,26,16.0,32,20,4
1,14,1,14,7.5,15,13,0
4,1,1,4,2.5,5,3,0
1,19,1,19,10.0,20,18,0
4,4,4,4,4.0,8,0,3
50,41,41,50,45.5,91,9,24
6,7,6,7,6.5,13,1,0
19,6,6,19,12.5,25,13,5
11,19,11,19,15.0,30,8,4
6,6,6,6,6.0,12,0,5
11,11,11,11,11.0,22,0,10
4,2,2,4,3.0,6,2,1
14,13,13,14,13.5,27,1,12
9,8,8,9,8.5,17,1,7
4,6,4,6,5.0,10,2,3
6,8,6,8,7.0,14,2,5
5,4,4,5,4.5,9,1,2
9,9,9,9,9.0,18,0,7
4,2,2,4,3.0,6,2,1
6,6,6,6,6.0,12,0,0
37,24,24,37,30.5,61,13,17
6,17,6,17,11.5,23,11,4
10,8,8,10,9.0,18,2,5
4,5,4,5,4.5,9,1,3
5,1,1,5,3.0,6,4,0
6,13,6,13,9.5,19,7,4
5,8,5,8,6.5,13,3,1
7,7,7,7,7.0,14,0,6
7,1,1,7,4.0,8,6,0
15,11,11,15,13.0,26,4,8
14,18,14,18,16.0,32,4,13
6,1,1,6,3.5,7,5,0
17,22,17,22,19.5,39,5,14
1,14,1,14,7.5,15,13,0
1,5,1,5,3.0,6,4,0
1,7,1,7,4.0,8,6,0
11,11,11,11,11.0,22,0,9
21,1,1,21,11.0,22,20,0
6,25,6,25,15.5,31,19,5
8,1,1,8,4.5,9,7,0
17,7,7,17,12.0,24,10,5
2,11,2,11,6.5,13,9,1
14,6,6,14,10.0,20,8,3
6,9,6,9,7.5,15,3,0
1,4,1,4,2.5,5,3,0
1,15,1,15,8.0,16,14,0
15,16,15,16,15.5,31,1,9
5,1,1,5,3.0,6,4,0
1,15,1,15,8.0,16,14,0
22,2,2,22,12.0,24,20,0
17,17,17,17,17.0,34,0,14
4,1,1,4,2.5,5,3,0
8,8,8,8,8.0,16,0,7
1,4,1,4,2.5,5,3,0
27,26,26,27,26.5,53,1,25
1,5,1,5,3.0,6,4,0
6,5,5,6,5.5,11,1,2
1,6,1,6,3.5,7,5,0
13,10,10,13,11.5,23,3,8
8,1,1,8,4.5,9,7,0
5,1,1,5,3.0,6,4,0
4,4,4,4,4.0,8,0,3
12,15,12,15,13.5,27,3,11
4,1,1,4,2.5,5,3,0
4,1,1,4,2.5,5,3,0
5,1,1,5,3.0,6,4,0
4,2,2,4,3.0,6,2,0
8,8,8,8,8.0,16,0,6
9,1,1,9,5.0,10,8,0
4,1,1,4,2.5,5,3,0
1,10,1,10,5.5,11,9,0
5,1,1,5,3.0,6,4,0
12,15,12,15,13.5,27,3,11
1,9,1,9,5.0,10,8,0
4,2,2,4,3.0,6,2,0
18,20,18,20,19.0,38,2,17
2,7,2,7,4.5,9,5,1
25,26,25,26,25.5,51,1,24
20,1,1,20,10.5,21,19,0
26,26,26,26,26.0,52,0,25
27,1,1,27,14.0,28,26,0
10,9,9,10,9.5,19,1,6
1,5,1,5,3.0,6,4,0
5,6,5,6,5.5,11,1,4
5,1,1,5,3.0,6,4,0
6,4,4,6,5.0,10,2,3
12,1,1,12,6.5,13,11,0
11,6,6,11,8.5,17,5,5
11,11,11,11,11.0,22,0,9
27,21,21,27,24.0,48,6,18
1,5,1,5,3.0,6,4,0
16,6,6,16,11.0,22,10,5
4,4,4,4,4.0,8,0,3
26,27,26,27,26.5,53,1,25
2,5,2,5,3.5,7,3,0
13,1,1,13,7.0,14,12,0
1,8,1,8,4.5,9,7,0
11,11,11,11,11.0,22,0,10
4,1,1,4,2.5,5,3,0
13,14,13,14,13.5,27,1,12
9,10,9,10,9.5,19,1,6
6,1,1,6,3.5,7,5,0
1,5,1,5,3.0,6,4,0
39,49,39,49,44.0,88,10,27
6,6,6,6,6.0,12,0,2
2,4,2,4,3.0,6,2,1
16,32,16,32,24.0,48,16,9
6,3,3,6,4.5,9,3,0
5,1,1,5,3.0,6,4,0
9,1,1,9,5.0,10,8,0
4,1,1,4,2.5,5,3,0
4,5,4,5,4.5,9,1,3
4,1,1,4,2.5,5,3,0
2,5,2,5,3.5,7,3,1
11,11,11,11,11.0,22,0,10
46,45,45,46,45.5,91,1,44
5,4,4,5,4.5,9,1,3
1,5,1,5,3.0,6,4,0
4,12,4,12,8.0,16,8,0
1,5,1,5,3.0,6,4,0
11,9,9,11,10.0,20,2,8
1,12,1,12,6.5,13,11,0
9,9,9,9,9.0,18,0,8
4,7,4,7,5.5,11,3,3
25,24,24,25,24.5,49,1,23
26,27,26,27,26.5,53,1,25
9,10,9,10,9.5,19,1,7
6,1,1,6,3.5,7,5,0
9,1,1,9,5.0,10,8,0
11,9,9,11,10.0,20,2,8
8,5,5,8,6.5,13,3,4
31,44,31,44,37.5,75,13,26
17,17,17,17,17.0,34,0,14
2,8,2,8,5.0,10,6,0
36,36,36,36,36.0,72,0,33
5,2,2,5,3.5,7,3,1
7,7,7,7,7.0,14,0,5
1,4,1,4,2.5,5,3,0
4,1,1,4,2.5,5,3,0
3,7,3,7,5.0,10,4,2
1,4,1,4,2.5,5,3,0
4,6,4,6,5.0,10,2,3
42,22,22,42,32.0,64,20,17
10,10,10,10,10.0,20,0,7
5,2,2,5,3.5,7,3,0
4,4,4,4,4.0,8,0,2
15,20,15,20,17.5,35,5,10
28,24,24,28,26.0,52,4,23
7,5,5,7,6.0,12,2,4
4,12,4,12,8.0,16,8,0
1,11,1,11,6.0,12,10,0
11,1,1,11,6.0,12,10,0
5,5,5,5,5.0,10,0,4
1,11,1,11,6.0,12,10,0
4,1,1,4,2.5,5,3,0
12,15,12,15,13.5,27,3,11
10,10,10,10,10.0,20,0,6
4,1,1,4,2.5,5,3,0
32,35,32,35,33.5,67,3,27
1,4,1,4,2.5,5,3,0
2,5,2,5,3.5,7,3,1
6,31,6,31,18.5,37,25,0
7,1,1,7,4.0,8,6,0
6,5,5,6,5.5,11,1,0
8,8,8,8,8.0,16,0,5
5,1,1,5,3.0,6,4,0
4,1,1,4,2.5,5,3,0
39,45,39,45,42.0,84,6,30
4,1,1,4,2.5,5,3,0
27,30,27,30,28.5,57,3,26
13,18,13,18,15.5,31,5,11
17,11,11,17,14.0,28,6,8
3,8,3,8,5.5,11,5,2
23,13,13,23,18.0,36,10,12
11,8,8,11,9.5,19,3,6
27,25,25,27,26.0,52,2,23
1,4,1,4,2.5,5,3,0
13,14,13,14,13.5,27,1,10
5,1,1,5,3.0,6,4,0
1,5,1,5,3.0,6,4,0
5,1,1,5,3.0,6,4,0
20,21,20,21,20.5,41,1,18
1,49,1,49,25.0,50,48,0
25,23,23,25,24.0,48,2,18
10,9,9,10,9.5,19,1,5
4,1,1,4,2.5,5,3,0
1,5,1,5,3.0,6,4,0
11,10,10,11,10.5,21,1,9
1,4,1,4,2.5,5,3,0
4,4,4,4,4.0,8,0,3
20,4,4,20,12.0,24,16,1
4,5,4,5,4.5,9,1,3
8,5,5,8,6.5,13,3,3
18,14,14,18,16.0,32,4,11
6,9,6,9,7.5,15,3,4
1,4,1,4,2.5,5,3,0
4,4,4,4,4.0,8,0,3
5,10,5,10,7.5,15,5,4
13,15,13,15,14.0,28,2,9
4,1,1,4,2.5,5,3,0
2,15,2,15,8.5,17,13,0
4,5,4,5,4.5,9,1,3
9,1,1,9,5.0,10,8,0
26,28,26,28,27.0,54,2,20
12,22,12,22,17.0,34,10,10
4,4,4,4,4.0,8,0,3
22,31,22,31,26.5,53,9,19
11,12,11,12,11.5,23,1,10
7,6,6,7,6.5,13,1,5
1,11,1,11,6.0,12,10,0
12,12,12,12,12.0,24,0,11
39,35,35,39,37.0,74,4,10
1,8,1,8,4.5,9,7,0
1,4,1,4,2.5,5,3,0
15,16,15,16,15.5,31,1,14
7,1,1,7,4.0,8,6,0
11,4,4,11,7.5,15,7,3
7,6,6,7,6.5,13,1,5
1,5,1,5,3.0,6,4,0
4,1,1,4,2.5,5,3,0
5,6,5,6,5.5,11,1,4
1,10,1,10,5.5,11,9,0
1,5,1,5,3.0,6,4,0
5,5,5,5,5.0,10,0,4
1,15,1,15,8.0,16,14,0
9,2,2,9,5.5,11,7,1
3,5,3,5,4.0,8,2,2
6,1,1,6,3.5,7,5,0
2,6,2,6,4.0,8,4,0
5,1,1,5,3.0,6,4,0
1,8,1,8,4.5,9,7,0
22,21,21,22,21.5,43,1,19
146,1,1,146,73.5,147,145,0
16,16,16,16,16.0,32,0,12
51,44,44,51,47.5,95,7,26
1,9,1,9,5.0,10,8,0
8,4,4,8,6.0,12,4,0
2,7,2,7,4.5,9,5,0
12,17,12,17,14.5,29,5,11
12,13,12,13,12.5,25,1,11
1,9,1,9,5.0,10,8,0
1,22,1,22,11.5,23,21,0
8,6,6,8,7.0,14,2,5
4,1,1,4,2.5,5,3,0
1,5,1,5,3.0,6,4,0
1,4,1,4,2.5,5,3,0
2,5,2,5,3.5,7,3,1
26,24,24,26,25.0,50,2,23
6,8,6,8,7.0,14,2,1
5,6,5,6,5.5,11,1,3
10,11,10,11,10.5,21,1,9
32,32,32,32,32.0,64,0,17
8,47,8,47,27.5,55,39,7
5,4,4,5,4.5,9,1,3
13,16,13,16,14.5,29,3,11
1,16,1,16,8.5,17,15,0
6,1,1,6,3.5,7,5,0
17,17,17,17,17.0,34,0,14
6,1,1,6,3.5,7,5,0
21,20,20,21,20.5,41,1,18
8,17,8,17,12.5,25,9,5
5,6,5,6,5.5,11,1,3
8,2,2,8,5.0,10,6,0
1,8,1,8,4.5,9,7,0
2,4,2,4,3.0,6,2,0
1,9,1,9,5.0,10,8,0
7,1,1,7,4.0,8,6,0
5,1,1,5,3.0,6,4,0
8,3,3,8,5.5,11,5,2
8,7,7,8,7.5,15,1,2
1,5,1,5,3.0,6,4,0
5,1,1,5,3.0,6,4,0
7,2,2,7,4.5,9,5,1
5,1,1,5,3.0,6,4,0
25,33,25,33,29.0,58,8,20
1,5,1,5,3.0,6,4,0
25,30,25,30,27.5,55,5,19
13,14,13,14,13.5,27,1,11
12,8,8,12,10.0,20,4,4
5,2,2,5,3.5,7,3,0
5,7,5,7,6.0,12,2,4
5,5,5,5,5.0,10,0,4
6,4,4,6,5.0,10,2,3
1,22,1,22,11.5,23,21,0
13,14,13,14,13.5,27,1,12
1,7,1,7,4.0,8,6,0
2,7,2,7,4.5,9,5,0
4,6,4,6,5.0,10,2,1
13,1,1,13,7.0,14,12,0
6,6,6,6,6.0,12,0,4
14,26,14,26,20.0,40,12,12
14,43,14,43,28.5,57,29,2
8,8,8,8,8.0,16,0,5
7,7,7,7,7.0,14,0,6
22,24,22,24,23.0,46,2,21
26,24,24,26,25.0,50,2,23
7,7,7,7,7.0,14,0,5
5,1,1,5,3.0,6,4,0
4,2,2,4,3.0,6,2,1
4,5,4,5,4.5,9,1,3
1,4,1,4,2.5,5,3,0
4,1,1,4,2.5,5,3,0
36,29,29,36,32.5,65,7,24
5,23,5,23,14.0,28,18,1
4,16,4,16,10.0,20,12,3
24,39,24,39,31.5,63,15,20
6,1,1,6,3.5,7,5,0
1,4,1,4,2.5,5,3,0
6,6,6,6,6.0,12,0,5
1,25,1,25,13.0,26,24,0
18,23,18,23,20.5,41,5,16
5,1,1,5,3.0,6,4,0
23,21,21,23,22.0,44,2,18
3,4,3,4,3.5,7,1,2
13,37,13,37,25.0,50,24,9
2,8,2,8,5.0,10,6,1
18,20,18,20,19.0,38,2,17
1,13,1,13,7.0,14,12,0
9,8,8,9,8.5,17,1,6
1,5,1,5,3.0,6,4,0
6,1,1,6,3.5,7,5,0
8,8,8,8,8.0,16,0,4
12,9,9,12,10.5,21,3,6
6,2,2,6,4.0,8,4,0
1,5,1,5,3.0,6,4,0
1,5,1,5,3.0,6,4,0
14,23,14,23,18.5,37,9,7
1,12,1,12,6.5,13,11,0
1,5,1,5,3.0,6,4,0
4,4,4,4,4.0,8,0,2
21,2,2,21,11.5,23,19,1
21,20,20,21,20.5,41,1,19
15,11,11,15,13.0,26,4,8
6,1,1,6,3.5,7,5,0
4,5,4,5,4.5,9,1,1
18,5,5,18,11.5,23,13,0
18,19,18,19,18.5,37,1,15
23,16,16,23,19.5,39,7,14
5,5,5,5,5.0,10,0,4
5,1,1,5,3.0,6,4,0
5,5,5,5,5.0,10,0,2
2,6,2,6,4.0,8,4,0
1,12,1,12,6.5,13,11,0
8,8,8,8,8.0,16,0,7
2,4,2,4,3.0,6,2,0
16,16,16,16,16.0,32,0,14
1,4,1,4,2.5,5,3,0
13,11,11,13,12.0,24,2,10
9,9,9,9,9.0,18,0,2
34,29,29,34,31.5,63,5,26
9,5,5,9,7.0,14,4,4
1,22,1,22,11.5,23,21,0
1,5,1,5,3.0,6,4,0
23,32,23,32,27.5,55,9,20
1,6,1,6,3.5,7,5,0
6,9,6,9,7.5,15,3,5
4,4,4,4,4.0,8,0,2
4,1,1,4,2.5,5,3,0
17,5,5,17,11.0,22,12,0
13,17,13,17,15.0,30,4,1
11,4,4,11,7.5,15,7,3
22,18,18,22,20.0,40,4,15
16,12,12,16,14.0,28,4,11
24,20,20,24,22.0,44,4,19
5,1,1,5,3.0,6,4,0
4,2,2,4,3.0,6,2,1
14,2,2,14,8.0,16,12,0
4,1,1,4,2.5,5,3,0
8,9,8,9,8.5,17,1,6
7,1,1,7,4.0,8,6,0
23,11,11,23,17.0,34,12,9
1,6,1,6,3.5,7,5,0
6,5,5,6,5.5,11,1,3
41,42,41,42,41.5,83,1,40
9,17,9,17,13.0,26,8,8
2,13,2,13,7.5,15,11,1
10,12,10,12,11.0,22,2,8
32,35,32,35,33.5,67,3,28
28,25,25,28,26.5,53,3,24
3,4,3,4,3.5,7,1,2
1,5,1,5,3.0,6,4,0
8,8,8,8,8.0,16,0,7
10,6,6,10,8.0,16,4,4
1,4,1,4,2.5,5,3,0
1,4,1,4,2.5,5,3,0
17,14,14,17,15.5,31,3,8
34,24,24,34,29.0,58,10,17
13,10,10,13,11.5,23,3,9
5,6,5,6,5.5,11,1,2
2,7,2,7,4.5,9,5,1
2,10,2,10,6.0,12,8,0
8,7,7,8,7.5,15,1,6
5,5,5,5,5.0,10,0,4
1,12,1,12,6.5,13,11,0
5,1,1,5,3.0,6,4,0
1,4,1,4,2.5,5,3,0
1,5,1,5,3.0,6,4,0
11,13,11,13,12.0,24,2,6
1,5,1,5,3.0,6,4,0
6,1,1,6,3.5,7,5,0
4,1,1,4,2.5,5,3,0
6,11,6,11,8.5,17,5,3
10,1,1,10,5.5,11,9,0
1,4,1,4,2.5,5,3,0
1,6,1,6,3.5,7,5,0
7,2,2,7,4.5,9,5,1
6,1,1,6,3.5,7,5,0
36,88,36,88,62.0,124,52,30
13,9,9,13,11.0,22,4,3
1,31,1,31,16.0,32,30,0
1,7,1,7,4.0,8,6,0
2,5,2,5,3.5,7,3,1
1,6,1,6,3.5,7,5,0
6,6,6,6,6.0,12,0,5
1,146,1,146,73.5,147,145,0
11,10,10,11,10.5,21,1,9
6,1,1,6,3.5,7,5,0
15,1,1,15,8.0,16,14,0
39,29,29,39,34.0,68,10,25
26,29,26,29,27.5,55,3,23
1,20,1,20,10.5,21,19,0
11,9,9,11,10.0,20,2,7
37,31,31,37,34.0,68,6,27
6,1,1,6,3.5,7,5,0
1,8,1,8,4.5,9,7,0
8,6,6,8,7.0,14,2,3
10,7,7,10,8.5,17,3,5
7,1,1,7,4.0,8,6,0
10,11,10,11,10.5,21,1,8
8,6,6,8,7.0,14,2,4
1,7,1,7,4.0,8,6,0
16,16,16,16,16.0,32,0,12
32,23,23,32,27.5,55,9,22
26,30,26,30,28.0,56,4,23
10,1,1,10,5.5,11,9,0
5,6,5,6,5.5,11,1,4
5,6,5,6,5.5,11,1,4
4,1,1,4,2.5,5,3,0
8,8,8,8,8.0,16,0,7
19,16,16,19,17.5,35,3,12
10,23,10,23,16.5,33,13,6
47,38,38,47,42.5,85,9,34
5,4,4,5,4.5,9,1,2
5,4,4,5,4.5,9,1,2
4,1,1,4,2.5,5,3,0
1,5,1,5,3.0,6,4,0
12,9,9,12,10.5,21,3,8
4,4,4,4,4.0,8,0,3
1,4,1,4,2.5,5,3,0
1,4,1,4,2.5,5,3,0
3,5,3,5,4.0,8,2,2
4,1,1,4,2.5,5,3,0
7,21,7,21,14.0,28,14,5
14,42,14,42,28.0,56,28,8
21,35,21,35,28.0,56,14,20
1,27,1,27,14.0,28,26,0
8,10,8,10,9.0,18,2,7
1,5,1,5,3.0,6,4,0
18,19,18,19,18.5,37,1,12
1,4,1,4,2.5,5,3,0
6,1,1,6,3.5,7,5,0
27,22,22,27,24.5,49,5,21
5,1,1,5,3.0,6,4,0
8,9,8,9,8.5,17,1,6
1,19,1,19,10.0,20,18,0
15,21,15,21,18.0,36,6,10
4,1,1,4,2.5,5,3,0
5,1,1,5,3.0,6,4,0
2,4,2,4,3.0,6,2,0
7,2,2,7,4.5,9,5,0
18,20,18,20,19.0,38,2,13
6,6,6,6,6.0,12,0,5
5,5,5,5,5.0,10,0,4
7,4,4,7,5.5,11,3,3
19,15,15,19,17.0,34,4,14
6,24,6,24,15.0,30,18,3
9,1,1,9,5.0,10,8,0
11,2,2,11,6.5,13,9,1
1,4,1,4,2.5,5,3,0
5,1,1,5,3.0,6,4,0
4,1,1,4,2.5,5,3,0
5,4,4,5,4.5,9,1,2
19,17,17,19,18.0,36,2,15
14,14,14,14,14.0,28,0,13
8,15,8,15,11.5,23,7,6
1,7,1,7,4.0,8,6,0
19,16,16,19,17.5,35,3,11
1,5,1,5,3.0,6,4,0
30,31,30,31,30.5,61,1,25
5,6,5,6,5.5,11,1,3
11,10,10,11,10.5,21,1,9
7,6,6,7,6.5,13,1,5
4,1,1,4,2.5,5,3,0
1,7,1,7,4.0,8,6,0
2,5,2,5,3.5,7,3,0
4,4,4,4,4.0,8,0,3
8,1,1,8,4.5,9,7,0
10,12,10,12,11.0,22,2,9
5,5,5,5,5.0,10,0,4
5,3,3,5,4.0,8,2,2
4,4,4,4,4.0,8,0,3
5,1,1,5,3.0,6,4,0
33,31,31,33,32.0,64,2,28
4,1,1,4,2.5,5,3,0
5,2,2,5,3.5,7,3,0
6,7,6,7,6.5,13,1,5
1,5,1,5,3.0,6,4,0
7,1,1,7,4.0,8,6,0
23,25,23,25,24.0,48,2,20
28,1,1,28,14.5,29,27,0
16,15,15,16,15.5,31,1,12
2,13,2,13,7.5,15,11,0
1,4,1,4,2.5,5,3,0
3,4,3,4,3.5,7,1,2
1,12,1,12,6.5,13,11,0
24,26,24,26,25.0,50,2,19
5,4,4,5,4.5,9,1,3
4,4,4,4,4.0,8,0,3
11,2,2,11,6.5,13,9,1
1,7,1,7,4.0,8,6,0
5,6,5,6,5.5,11,1,4
8,49,8,49,28.5,57,41,7
12,1,1,12,6.5,13,11,0
4,5,4,5,4.5,9,1,1
6,16,6,16,11.0,22,10,4
16,15,15,16,15.5,31,1,14
7,9,7,9,8.0,16,2,4
6,2,2,6,4.0,8,4,0
13,20,13,20,16.5,33,7,11
1,4,1,4,2.5,5,3,0
17,16,16,17,16.5,33,1,10
4,2,2,4,3.0,6,2,0
6,2,2,6,4.0,8,4,1
3,4,3,4,3.5,7,1,2
1,10,1,10,5.5,11,9,0
4,1,1,4,2.5,5,3,0
1,5,1,5,3.0,6,4,0
9,11,9,11,10.0,20,2,7
1,4,1,4,2.5,5,3,0
1,4,1,4,2.5,5,3,0
25,33,25,33,29.0,58,8,24
1,6,1,6,3.5,7,5,0
20,44,20,44,32.0,64,24,12
5,1,1,5,3.0,6,4,0
4,5,4,5,4.5,9,1,3
9,6,6,9,7.5,15,3,5
5,4,4,5,4.5,9,1,3
4,1,1,4,2.5,5,3,0
41,44,41,44,42.5,85,3,39
1,6,1,6,3.5,7,5,0
1,6,1,6,3.5,7,5,0
21,19,19,21,20.0,40,2,16
7,1,1,7,4.0,8,6,0
4,1,1,4,2.5,5,3,0
11,9,9,11,10.0,20,2,5
1,6,1,6,3.5,7,5,0
4,55,4,55,29.5,59,51,0
1,5,1,5,3.0,6,4,0
12,13,12,13,12.5,25,1,11
6,1,1,6,3.5,7,5,0
15,14,14,15,14.5,29,1,8
11,1,1,11,6.0,12,10,0
22,20,20,22,21.0,42,2,19
5,8,5,8,6.5,13,3,4
23,23,23,23,23.0,46,0,21
5,4,4,5,4.5,9,1,3
29,27,27,29,28.0,56,2,26
41,29,29,41,35.0,70,12,17
24,40,24,40,32.0,64,16,21
7,8,7,8,7.5,15,1,6
17,12,12,17,14.5,29,5,11
4,4,4,4,4.0,8,0,3
1,4,1,4,2.5,5,3,0
1,4,1,4,2.5,5,3,0
6,1,1,6,3.5,7,5,0
9,9,9,9,9.0,18,0,8
10,1,1,10,5.5,11,9,0
26,27,26,27,26.5,53,1,25
27,27,27,27,27.0,54,0,26
1,6,1,6,3.5,7,5,0
18,20,18,20,19.0,38,2,17
54,18,18,54,36.0,72,36,15
25,24,24,25,24.5,49,1,21
5,1,1,5,3.0,6,4,0
6,5,5,6,5.5,11,1,4
12,1,1,12,6.5,13,11,0
8,9,8,9,8.5,17,1,7
6,4,4,6,5.0,10,2,2
6,4,4,6,5.0,10,2,2
10,39,10,39,24.5,49,29,7
7,6,6,7,6.5,13,1,5
21,11,11,21,16.0,32,10,8
1,10,1,10,5.5,11,9,0
7,5,5,7,6.0,12,2,4
10,10,10,10,10.0,20,0,7
5,6,5,6,5.5,11,1,4
4,1,1,4,2.5,5,3,0
1,6,1,6,3.5,7,5,0
17,14,14,17,15.5,31,3,12
2,4,2,4,3.0,6,2,1
2,4,2,4,3.0,6,2,1
4,1,1,4,2.5,5,3,0
9,1,1,9,5.0,10,8,0
13,5,5,13,9.0,18,8,1
22,6,6,22,14.0,28,16,5
1,4,1,4,2.5,5,3,0
4,4,4,4,4.0,8,0,3
1,6,1,6,3.5,7,5,0
4,5,4,5,4.5,9,1,2
11,10,10,11,10.5,21,1,8
1,6,1,6,3.5,7,5,0
1,4,1,4,2.5,5,3,0
10,8,8,10,9.0,18,2,6
4,1,1,4,2.5,5,3,0
8,8,8,8,8.0,16,0,7
1,6,1,6,3.5,7,5,0
1,9,1,9,5.0,10,8,0
18,18,18,18,18.0,36,0,17
5,5,5,5,5.0,10,0,4
4,1,1,4,2.5,5,3,0
4,5,4,5,4.5,9,1,3
5,15,5,15,10.0,20,10,3
14,1,1,14,7.5,15,13,0
1,6,1,6,3.5,7,5,0
10,4,4,10,7.0,14,6,3
13,13,13,13,13.0,26,0,12
6,7,6,7,6.5,13,1,5
8,9,8,9,8.5,17,1,5
32,36,32,36,34.0,68,4,31
7,6,6,7,6.5,13,1,5
9,15,9,15,12.0,24,6,2
7,1,1,7,4.0,8,6,0
8,8,8,8,8.0,16,0,7
1,4,1,4,2.5,5,3,0
1,4,1,4,2.5,5,3,0
14,13,13,14,13.5,27,1,9
29,24,24,29,26.5,53,5,12
9,9,9,9,9.0,18,0,7
5,1,1,5,3.0,6,4,0
1,4,1,4,2.5,5,3,0
8,8,8,8,8.0,16,0,7
23,15,15,23,19.0,38,8,12
5,3,3,5,4.0,8,2,2
26,33,26,33,29.5,59,7,20
2,15,2,15,8.5,17,13,0
10,10,10,10,10.0,20,0,9
1,9,1,9,5.0,10,8,0
1,9,1,9,5.0,10,8,0
5,5,5,5,5.0,10,0,4
12,12,12,12,12.0,24,0,11
9,8,8,9,8.5,17,1,7
11,9,9,11,10.0,20,2,8
1,13,1,13,7.0,14,12,0
6,3,3,6,4.5,9,3,2
1,23,1,23,12.0,24,22,0
1,15,1,15,8.0,16,14,0
1,29,1,29,15.0,30,28,0
5,1,1,5,3.0,6,4,0
10,7,7,10,8.5,17,3,4
5,1,1,5,3.0,6,4,0
4,5,4,5,4.5,9,1,3
10,10,10,10,10.0,20,0,7
1,22,1,22,11.5,23,21,0
1,5,1,5,3.0,6,4,0
1,14,1,14,7.5,15,13,0
1,5,1,5,3.0,6,4,0
12,2,2,12,7.0,14,10,0
1,4,1,4,2.5,5,3,0
28,24,24,28,26.0,52,4,17
6,1,1,6,3.5,7,5,0
1,10,1,10,5.5,11,9,0
1,12,1,12,6.5,13,11,0
8,7,7,8,7.5,15,1,6
61,19,19,61,40.0,80,42,8
15,13,13,15,14.0,28,2,9
26,27,26,27,26.5,53,1,25
2,12,2,12,7.0,14,10,1
8,8,8,8,8.0,16,0,7
1,4,1,4,2.5,5,3,0
13,12,12,13,12.5,25,1,10
6,1,1,6,3.5,7,5,0
10,8,8,10,9.0,18,2,7
42,22,22,42,32.0,64,20,17
1,40,1,40,20.5,41,39,0
4,4,4,4,4.0,8,0,3
2,4,2,4,3.0,6,2,1
1,5,1,5,3.0,6,4,0
1,4,1,4,2.5,5,3,0
1,19,1,19,10.0,20,18,0
5,5,5,5,5.0,10,0,4
1,6,1,6,3.5,7,5,0
10,8,8,10,9.0,18,2,7
2,16,2,16,9.0,18,14,1
12,12,12,12,12.0,24,0,11
4,1,1,4,2.5,5,3,0
5,1,1,5,3.0,6,4,0
5,1,1,5,3.0,6,4,0
4,4,4,4,4.0,8,0,0
4,33,4,33,18.5,37,29,1
6,5,5,6,5.5,11,1,4
4,3,3,4,3.5,7,1,2
10,24,10,24,17.0,34,14,9
11,1,1,11,6.0,12,10,0
4,2,2,4,3.0,6,2,1
19,15,15,19,17.0,34,4,12
5,1,1,5,3.0,6,4,0
39,41,39,41,40.0,80,2,35
6,1,1,6,3.5,7,5,0
15,19,15,19,17.0,34,4,14
1,4,1,4,2.5,5,3,0
5,2,2,5,3.5,7,3,1
11,9,9,11,10.0,20,2,8
2,9,2,9,5.5,11,7,0
1,11,1,11,6.0,12,10,0
9,5,5,9,7.0,14,4,3
6,1,1,6,3.5,7,5,0
6,1,1,6,3.5,7,5,0
3,4,3,4,3.5,7,1,2
5,1,1,5,3.0,6,4,0
4,1,1,4,2.5,5,3,0
3,4,3,4,3.5,7,1,2
6,1,1,6,3.5,7,5,0
5,1,1,5,3.0,6,4,0
42,29,29,42,35.5,71,13,21
16,1,1,16,8.5,17,15,0
17,16,16,17,16.5,33,1,14
24,17,17,24,20.5,41,7,14
4,6,4,6,5.0,10,2,3
5,6,5,6,5.5,11,1,4
4,1,1,4,2.5,5,3,0
40,28,28,40,34.0,68,12,21
8,7,7,8,7.5,15,1,6
1,6,1,6,3.5,7,5,0
5,5,5,5,5.0,10,0,4
6,5,5,6,5.5,11,1,2
7,5,5,7,6.0,12,2,4
4,5,4,5,4.5,9,1,1
4,2,2,4,3.0,6,2,1
1,4,1,4,2.5,5,3,0
5,6,5,6,5.5,11,1,4
51,28,28,51,39.5,79,23,1
39,8,8,39,23.5,47,31,5
4,4,4,4,4.0,8,0,0
1,12,1,12,6.5,13,11,0
8,10,8,10,9.0,18,2,6
25,35,25,35,30.0,60,10,16
9,9,9,9,9.0,18,0,8
4,10,4,10,7.0,14,6,1
50,28,28,50,39.0,78,22,24
20,14,14,20,17.0,34,6,11
9,13,9,13,11.0,22,4,8
5,8,5,8,6.5,13,3,4
1,9,1,9,5.0,10,8,0
10,9,9,10,9.5,19,1,7
22,25,22,25,23.5,47,3,20
2,4,2,4,3.0,6,2,1
2,5,2,5,3.5,7,3,0
1,4,1,4,2.5,5,3,0
10,5,5,10,7.5,15,5,2
4,2,2,4,3.0,6,2,0
4,14,4,14,9.0,18,10,1
5,1,1,5,3.0,6,4,0
18,20,18,20,19.0,38,2,13
5,1,1,5,3.0,6,4,0
16,20,16,20,18.0,36,4,15
7,7,7,7,7.0,14,0,6
1,5,1,5,3.0,6,4,0
5,6,5,6,5.5,11,1,4
1,9,1,9,5.0,10,8,0
3,11,3,11,7.0,14,8,0
1,4,1,4,2.5,5,3,0
30,33,30,33,31.5,63,3,29
2,4,2,4,3.0,6,2,1
1,5,1,5,3.0,6,4,0
12,11,11,12,11.5,23,1,10
10,2,2,10,6.0,12,8,1
1,5,1,5,3.0,6,4,0
1,5,1,5,3.0,6,4,0
1,4,1,4,2.5,5,3,0
4,1,1,4,2.5,5,3,0
8,1,1,8,4.5,9,7,0
38,28,28,38,33.0,66,10,26
6,7,6,7,6.5,13,1,3
4,1,1,4,2.5,5,3,0
7,8,7,8,7.5,15,1,6
4,1,1,4,2.5,5,3,0
4,4,4,4,4.0,8,0,1
1,4,1,4,2.5,5,3,0
6,5,5,6,5.5,11,1,4
1,19,1,19,10.0,20,18,0
4,4,4,4,4.0,8,0,2
15,13,13,15,14.0,28,2,12
32,36,32,36,34.0,68,4,29
15,14,14,15,14.5,29,1,12
4,7,4,7,5.5,11,3,3
15,7,7,15,11.0,22,8,4
8,8,8,8,8.0,16,0,6
5,5,5,5,5.0,10,0,4
8,4,4,8,6.0,12,4,2
7,11,7,11,9.0,18,4,6
29,1,1,29,15.0,30,28,0
6,8,6,8,7.0,14,2,5
46,45,45,46,45.5,91,1,33
1,12,1,12,6.5,13,11,0
1,6,1,6,3.5,7,5,0
5,5,5,5,5.0,10,0,4
12,20,12,20,16.0,32,8,10
10,7,7,10,8.5,17,3,4
5,1,1,5,3.0,6,4,0
24,36,24,36,30.0,60,12,19
13,1,1,13,7.0,14,12,0
8,25,8,25,16.5,33,17,7
1,9,1,9,5.0,10,8,0
5,1,1,5,3.0,6,4,0
8,8,8,8,8.0,16,0,7
9,4,4,9,6.5,13,5,3
26,27,26,27,26.5,53,1,25
5,4,4,5,4.5,9,1,3
2,6,2,6,4.0,8,4,0
14,18,14,18,16.0,32,4,13
12,12,12,12,12.0,24,0,11
7,6,6,7,6.5,13,1,2
2,14,2,14,8.0,16,12,0
20,17,17,20,18.5,37,3,15
1,5,1,5,3.0,6,4,0
34,38,34,38,36.0,72,4,29
1,10,1,10,5.5,11,9,0
5,6,5,6,5.5,11,1,0
4,1,1,4,2.5,5,3,0
4,1,1,4,2.5,5,3,0
3,5,3,5,4.0,8,2,1
5,2,2,5,3.5,7,3,1
5,1,1,5,3.0,6,4,0
5,6,5,6,5.5,11,1,4
3,4,3,4,3.5,7,1,0
6,1,1,6,3.5,7,5,0
4,4,4,4,4.0,8,0,3
8,8,8,8,8.0,16,0,4
1,5,1,5,3.0,6,4,0
5,7,5,7,6.0,12,2,3
36,26,26,36,31.0,62,10,20
1,4,1,4,2.5,5,3,0
7,1,1,7,4.0,8,6,0
3,6,3,6,4.5,9,3,2
4,1,1,4,2.5,5,3,0
18,8,8,18,13.0,26,10,5
4,1,1,4,2.5,5,3,0
4,5,4,5,4.5,9,1,3
4,1,1,4,2.5,5,3,0
28,24,24,28,26.0,52,4,23
5,3,3,5,4.0,8,2,2
5,1,1,5,3.0,6,4,0
1,27,1,27,14.0,28,26,0
1,5,1,5,3.0,6,4,0
4,4,4,4,4.0,8,0,3
10,8,8,10,9.0,18,2,5
34,5,5,34,19.5,39,29,3
1,5,1,5,3.0,6,4,0
8,13,8,13,10.5,21,5,7
7,1,1,7,4.0,8,6,0
6,4,4,6,5.0,10,2,3
47,38,38,47,42.5,85,9,36
29,13,13,29,21.0,42,16,8
4,5,4,5,4.5,9,1,0
11,6,6,11,8.5,17,5,5
25,38,25,38,31.5,63,13,20
5,1,1,5,3.0,6,4,0
1,5,1,5,3.0,6,4,0
22,42,22,42,32.0,64,20,18
5,3,3,5,4.0,8,2,2
12,23,12,23,17.5,35,11,10
20,14,14,20,17.0,34,6,10
8,8,8,8,8.0,16,0,5
4,4,4,4,4.0,8,0,3
4,4,4,4,4.0,8,0,0
5,1,1,5,3.0,6,4,0
14,20,14,20,17.0,34,6,10
1,4,1,4,2.5,5,3,0
11,1,1,11,6.0,12,10,0
7,1,1,7,4.0,8,6,0
20,12,12,20,16.0,32,8,10
12,14,12,14,13.0,26,2,11
5,1,1,5,3.0,6,4,0
66,36,36,66,51.0,102,30,26
6,1,1,6,3.5,7,5,0
33,31,31,33,32.0,64,2,30
13,16,13,16,14.5,29,3,12
1,29,1,29,15.0,30,28,0
2,4,2,4,3.0,6,2,1
3,6,3,6,4.5,9,3,0
10,7,7,10,8.5,17,3,6
5,5,5,5,5.0,10,0,4
6,1,1,6,3.5,7,5,0
1,9,1,9,5.0,10,8,0
5,1,1,5,3.0,6,4,0
9,11,9,11,10.0,20,2,7
13,11,11,13,12.0,24,2,8
1,4,1,4,2.5,5,3,0
4,1,1,4,2.5,5,3,0
2,6,2,6,4.0,8,4,0
2,4,2,4,3.0,6,2,0
7,1,1,7,4.0,8,6,0
39,35,35,39,37.0,74,4,29
6,1,1,6,3.5,7,5,0
5,6,5,6,5.5,11,1,4
7,1,1,7,4.0,8,6,0
1,14,1,14,7.5,15,13,0
27,27,27,27,27.0,54,0,23
15,1,1,15,8.0,16,14,0
1,4,1,4,2.5,5,3,0
9,9,9,9,9.0,18,0,8
6,1,1,6,3.5,7,5,0
4,1,1,4,2.5,5,3,0
4,5,4,5,4.5,9,1,0
4,6,4,6,5.0,10,2,3
1,6,1,6,3.5,7,5,0
24,19,19,24,21.5,43,5,18
1,11,1,11,6.0,12,10,0
8,11,8,11,9.5,19,3,3
13,15,13,15,14.0,28,2,12
1,5,1,5,3.0,6,4,0
9,9,9,9,9.0,18,0,8
6,6,6,6,6.0,12,0,5
5,1,1,5,3.0,6,4,0
10,4,4,10,7.0,14,6,3
10,7,7,10,8.5,17,3,5
11,11,11,11,11.0,22,0,9
5,4,4,5,4.5,9,1,0
21,18,18,21,19.5,39,3,13
28,28,28,28,28.0,56,0,19
3,12,3,12,7.5,15,9,0
2,5,2,5,3.5,7,3,1
23,9,9,23,16.0,32,14,8
2,7,2,7,4.5,9,5,0
11,13,11,13,12.0,24,2,9
8,5,5,8,6.5,13,3,4
2,4,2,4,3.0,6,2,1
7,9,7,9,8.0,16,2,6
9,8,8,9,8.5,17,1,3
4,2,2,4,3.0,6,2,1
27,22,22,27,24.5,49,5,21
13,23,13,23,18.0,36,10,10
16,10,10,16,13.0,26,6,9
1,4,1,4,2.5,5,3,0
12,1,1,12,6.5,13,11,0
12,9,9,12,10.5,21,3,2
7,3,3,7,5.0,10,4,1
1,4,1,4,2.5,5,3,0
5,5,5,5,5.0,10,0,3
8,16,8,16,12.0,24,8,5
1,10,1,10,5.5,11,9,0
4,1,1,4,2.5,5,3,0
41,36,36,41,38.5,77,5,33
1,4,1,4,2.5,5,3,0
19,21,19,21,20.0,40,2,18
6,1,1,6,3.5,7,5,0
14,9,9,14,11.5,23,5,6
1,10,1,10,5.5,11,9,0
1,5,1,5,3.0,6,4,0
1,9,1,9,5.0,10,8,0
2,6,2,6,4.0,8,4,0
1,5,1,5,3.0,6,4,0
1,12,1,12,6.5,13,11,0
12,18,12,18,15.0,30,6,8
47,42,42,47,44.5,89,5,40
17,14,14,17,15.5,31,3,12
47,14,14,47,30.5,61,33,10
21,17,17,21,19.0,38,4,16
4,1,1,4,2.5,5,3,0
19,31,19,31,25.0,50,12,16
4,1,1,4,2.5,5,3,0
1,7,1,7,4.0,8,6,0
11,10,10,11,10.5,21,1,9
6,2,2,6,4.0,8,4,1
24,1,1,24,12.5,25,23,0
5,5,5,5,5.0,10,0,4
4,1,1,4,2.5,5,3,0
31,32,31,32,31.5,63,1,30
25,15,15,25,20.0,40,10,12
17,14,14,17,15.5,31,3,13
30,23,23,30,26.5,53,7,18
1,107,1,107,54.0,108,106,0
41,29,29,41,35.0,70,12,27
11,23,11,23,17.0,34,12,9
1,8,1,8,4.5,9,7,0
6,4,4,6,5.0,10,2,2
4,1,1,4,2.5,5,3,0
8,1,1,8,4.5,9,7,0
30,47,30,47,38.5,77,17,29
18,14,14,18,16.0,32,4,13
1,10,1,10,5.5,11,9,0
43,34,34,43,38.5,77,9,27
6,5,5,6,5.5,11,1,0
11,7,7,11,9.0,18,4,3
46,29,29,46,37.5,75,17,26
41,21,21,41,31.0,62,20,18
1,4,1,4,2.5,5,3,0
1,9,1,9,5.0,10,8,0
4,1,1,4,2.5,5,3,0
7,7,7,7,7.0,14,0,5
8,1,1,8,4.5,9,7,0
2,7,2,7,4.5,9,5,1
25,15,15,25,20.0,40,10,13
10,10,10,10,10.0,20,0,7
20,20,20,20,20.0,40,0,17
21,12,12,21,16.5,33,9,9
26,26,26,26,26.0,52,0,24
4,4,4,4,4.0,8,0,3
4,9,4,9,6.5,13,5,0
10,9,9,10,9.5,19,1,8
5,1,1,5,3.0,6,4,0
4,1,1,4,2.5,5,3,0
7,9,7,9,8.0,16,2,6
6,1,1,6,3.5,7,5,0
4,5,4,5,4.5,9,1,3
27,24,24,27,25.5,51,3,23
20,21,20,21,20.5,41,1,18
10,1,1,10,5.5,11,9,0
6,17,6,17,11.5,23,11,5
4,5,4,5,4.5,9,1,3
6,4,4,6,5.0,10,2,1
10,9,9,10,9.5,19,1,8
5,2,2,5,3.5,7,3,1
42,27,27,42,34.5,69,15,26
1,4,1,4,2.5,5,3,0
1,4,1,4,2.5,5,3,0
11,1,1,11,6.0,12,10,0
5,9,5,9,7.0,14,4,4
7,11,7,11,9.0,18,4,4
11,9,9,11,10.0,20,2,7
4,4,4,4,4.0,8,0,3
4,2,2,4,3.0,6,2,1
6,5,5,6,5.5,11,1,4
13,18,13,18,15.5,31,5,3
2,4,2,4,3.0,6,2,0
5,6,5,6,5.5,11,1,4
2,8,2,8,5.0,10,6,0
1,8,1,8,4.5,9,7,0
11,12,11,12,11.5,23,1,10
6,6,6,6,6.0,12,0,5
1,4,1,4,2.5,5,3,0
31,31,31,31,31.0,62,0,30
5,11,5,11,8.0,16,6,4
1,30,1,30,15.5,31,29,0
4,1,1,4,2.5,5,3,0
10,14,10,14,12.0,24,4,9
5,7,5,7,6.0,12,2,3
4,3,3,4,3.5,7,1,2
5,1,1,5,3.0,6,4,0
5,1,1,5,3.0,6,4,0
21,19,19,21,20.0,40,2,17
20,33,20,33,26.5,53,13,19
4,4,4,4,4.0,8,0,1
4,4,4,4,4.0,8,0,3
4,4,4,4,4.0,8,0,1
4,2,2,4,3.0,6,2,1
5,1,1,5,3.0,6,4,0
1,4,1,4,2.5,5,3,0
4,1,1,4,2.5,5,3,0
18,18,18,18,18.0,36,0,17
7,5,5,7,6.0,12,2,3
9,1,1,9,5.0,10,8,0
4,5,4,5,4.5,9,1,3
8,4,4,8,6.0,12,4,3
16,16,16,16,16.0,32,0,10
31,31,31,31,31.0,62,0,26
1,5,1,5,3.0,6,4,0
24,11,11,24,17.5,35,13,2
24,21,21,24,22.5,45,3,14
20,18,18,20,19.0,38,2,16
2,56,2,56,29.0,58,54,0
12,3,3,12,7.5,15,9,1
1,5,1,5,3.0,6,4,0
6,7,6,7,6.5,13,1,5
1,4,1,4,2.5,5,3,0
1,13,1,13,7.0,14,12,0
10,8,8,10,9.0,18,2,7
1,25,1,25,13.0,26,24,0
4,2,2,4,3.0,6,2,0
13,12,12,13,12.5,25,1,11
1,7,1,7,4.0,8,6,0
4,1,1,4,2.5,5,3,0
7,4,4,7,5.5,11,3,3
8,9,8,9,8.5,17,1,7
4,5,4,5,4.5,9,1,3
3,13,3,13,8.0,16,10,2
7,6,6,7,6.5,13,1,5
2,10,2,10,6.0,12,8,1
6,1,1,6,3.5,7,5,0
11,5,5,11,8.0,16,6,4
36,27,27,36,31.5,63,9,23
4,7,4,7,5.5,11,3,0
5,1,1,5,3.0,6,4,0
1,4,1,4,2.5,5,3,0
1,13,1,13,7.0,14,12,0
1,6,1,6,3.5,7,5,0
3,4,3,4,3.5,7,1,1
27,26,26,27,26.5,53,1,25
34,23,23,34,28.5,57,11,19
9,2,2,9,5.5,11,7,0
5,3,3,5,4.0,8,2,2
4,1,1,4,2.5,5,3,0
18,10,10,18,14.0,28,8,1
7,9,7,9,8.0,16,2,6
1,14,1,14,7.5,15,13,0
32,31,31,32,31.5,63,1,30
5,1,1,5,3.0,6,4,0
13,7,7,13,10.0,20,6,6
8,1,1,8,4.5,9,7,0
1,4,1,4,2.5,5,3,0
19,12,12,19,15.5,31,7,10
4,2,2,4,3.0,6,2,0
14,14,14,14,14.0,28,0,12
1,5,1,5,3.0,6,4,0
4,7,4,7,5.5,11,3,3
31,32,31,32,31.5,63,1,29
9,1,1,9,5.0,10,8,0
6,5,5,6,5.5,11,1,4
1,5,1,5,3.0,6,4,0
16,1,1,16,8.5,17,15,0
18,23,18,23,20.5,41,5,14
7,7,7,7,7.0,14,0,6
5,1,1,5,3.0,6,4,0
6,4,4,6,5.0,10,2,3
1,7,1,7,4.0,8,6,0
32,31,31,32,31.5,63,1,30
5,17,5,17,11.0,22,12,3
8,1,1,8,4.5,9,7,0
7,1,1,7,4.0,8,6,0
16,14,14,16,15.0,30,2,11
6,1,1,6,3.5,7,5,0
10,1,1,10,5.5,11,9,0
5,105,5,105,55.0,110,100,0
27,27,27,27,27.0,54,0,26
3,8,3,8,5.5,11,5,2
11,12,11,12,11.5,23,1,10
1,6,1,6,3.5,7,5,0
4,2,2,4,3.0,6,2,1
5,7,5,7,6.0,12,2,0
26,28,26,28,27.0,54,2,23
4,5,4,5,4.5,9,1,2
1,8,1,8,4.5,9,7,0
1,19,1,19,10.0,20,18,0
13,1,1,13,7.0,14,12,0
8,1,1,8,4.5,9,7,0
7,10,7,10,8.5,17,3,5
21,1,1,21,11.0,22,20,0
1,4,1,4,2.5,5,3,0
7,36,7,36,21.5,43,29,0
1,4,1,4,2.5,5,3,0
2,4,2,4,3.0,6,2,0
6,1,1,6,3.5,7,5,0
9,13,9,13,11.0,22,4,7
10,8,8,10,9.0,18,2,6
13,19,13,19,16.0,32,6,9
6,6,6,6,6.0,12,0,5
49,20,20,49,34.5,69,29,19
13,16,13,16,14.5,29,3,11
5,77,5,77,41.0,82,72,0
4,1,1,4,2.5,5,3,0
11,15,11,15,13.0,26,4,8
1,4,1,4,2.5,5,3,0
8,13,8,13,10.5,21,5,7
7,8,7,8,7.5,15,1,6
7,15,7,15,11.0,22,8,5
5,1,1,5,3.0,6,4,0
41,30,30,41,35.5,71,11,23
1,7,1,7,4.0,8,6,0
17,25,17,25,21.0,42,8,15
20,11,11,20,15.5,31,9,10
1,12,1,12,6.5,13,11,0
25,18,18,25,21.5,43,7,15
6,8,6,8,7.0,14,2,0
13,13,13,13,13.0,26,0,12
8,1,1,8,4.5,9,7,0
1,6,1,6,3.5,7,5,0
4,3,3,4,3.5,7,1,1
6,4,4,6,5.0,10,2,3
7,2,2,7,4.5,9,5,1
1,13,1,13,7.0,14,12,0
6,2,2,6,4.0,8,4,1
5,1,1,5,3.0,6,4,0
1,6,1,6,3.5,7,5,0
17,1,1,17,9.0,18,16,0
1,4,1,4,2.5,5,3,0
31,30,30,31,30.5,61,1,26
10,13,10,13,11.5,23,3,4
3,8,3,8,5.5,11,5,1
5,5,5,5,5.0,10,0,3
2,16,2,16,9.0,18,14,1
28,29,28,29,28.5,57,1,26
18,19,18,19,18.5,37,1,16
15,14,14,15,14.5,29,1,13
18,11,11,18,14.5,29,7,8
9,8,8,9,8.5,17,1,7
18,20,18,20,19.0,38,2,17
1,8,1,8,4.5,9,7,0
4,7,4,7,5.5,11,3,3
9,15,9,15,12.0,24,6,7
1,5,1,5,3.0,6,4,0
13,13,13,13,13.0,26,0,4
1,6,1,6,3.5,7,5,0
14,13,13,14,13.5,27,1,11
7,7,7,7,7.0,14,0,5
9,7,7,9,8.0,16,2,6
6,4,4,6,5.0,10,2,2
4,5,4,5,4.5,9,1,3
5,2,2,5,3.5,7,3,1
1,39,1,39,20.0,40,38,0
1,4,1,4,2.5,5,3,0
1,4,1,4,2.5,5,3,0
1,7,1,7,4.0,8,6,0
11,18,11,18,14.5,29,7,9
4,5,4,5,4.5,9,1,2
5,1,1,5,3.0,6,4,0
5,2,2,5,3.5,7,3,1
1,6,1,6,3.5,7,5,0
4,1,1,4,2.5,5,3,0
3,9,3,9,6.0,12,6,2
10,8,8,10,9.0,18,2,7
12,11,11,12,11.5,23,1,9
6,1,1,6,3.5,7,5,0
10,7,7,10,8.5,17,3,0
26,27,26,27,26.5,53,1,25
7,1,1,7,4.0,8,6,0
1,11,1,11,6.0,12,10,0
10,10,10,10,10.0,20,0,9
6,3,3,6,4.5,9,3,2
8,11,8,11,9.5,19,3,7
16,22,16,22,19.0,38,6,5
13,9,9,13,11.0,22,4,7
17,22,17,22,19.5,39,5,14
4,1,1,4,2.5,5,3,0
7,8,7,8,7.5,15,1,6
11,12,11,12,11.5,23,1,10
17,18,17,18,17.5,35,1,16
5,6,5,6,5.5,11,1,2
5,1,1,5,3.0,6,4,0
1,9,1,9,5.0,10,8,0
1,13,1,13,7.0,14,12,0
4,1,1,4,2.5,5,3,0
1,10,1,10,5.5,11,9,0
2,5,2,5,3.5,7,3,1
17,26,17,26,21.5,43,9,16
1,4,1,4,2.5,5,3,0
36,31,31,36,33.5,67,5,28
2,4,2,4,3.0,6,2,1
1,4,1,4,2.5,5,3,0
1,10,1,10,5.5,11,9,0
1,11,1,11,6.0,12,10,0
4,1,1,4,2.5,5,3,0
6,2,2,6,4.0,8,4,1
1,5,1,5,3.0,6,4,0
2,5,2,5,3.5,7,3,0
3,12,3,12,7.5,15,9,0
24,24,24,24,24.0,48,0,15
8,7,7,8,7.5,15,1,3
4,6,4,6,5.0,10,2,0
1,5,1,5,3.0,6,4,0
13,12,12,13,12.5,25,1,11
5,2,2,5,3.5,7,3,0
4,1,1,4,2.5,5,3,0
23,6,6,23,14.5,29,17,5
2,6,2,6,4.0,8,4,0
1,4,1,4,2.5,5,3,0
9,8,8,9,8.5,17,1,7
1,7,1,7,4.0,8,6,0
42,35,35,42,38.5,77,7,28
7,3,3,7,5.0,10,4,2
12,14,12,14,13.0,26,2,7
1,7,1,7,4.0,8,6,0
4,4,4,4,4.0,8,0,3
5,1,1,5,3.0,6,4,0
5,1,1,5,3.0,6,4,0
17,19,17,19,18.0,36,2,15
22,11,11,22,16.5,33,11,8
6,10,6,10,8.0,16,4,5
4,1,1,4,2.5,5,3,0
11,8,8,11,9.5,19,3,7
4,1,1,4,2.5,5,3,0
4,3,3,4,3.5,7,1,2
10,1,1,10,5.5,11,9,0
4,2,2,4,3.0,6,2,0
6,1,1,6,3.5,7,5,0
5,23,5,23,14.0,28,18,1
37,26,26,37,31.5,63,11,22
2,18,2,18,10.0,20,16,1
4,1,1,4,2.5,5,3,0
1,4,1,4,2.5,5,3,0
20,1,1,20,10.5,21,19,0
12,1,1,12,6.5,13,11,0
4,1,1,4,2.5,5,3,0
1,4,1,4,2.5,5,3,0
17,16,16,17,16.5,33,1,13
2,5,2,5,3.5,7,3,1
9,11,9,11,10.0,20,2,7
22,19,19,22,20.5,41,3,16
24,38,24,38,31.0,62,14,20
4,2,2,4,3.0,6,2,1
26,22,22,26,24.0,48,4,20
6,1,1,6,3.5,7,5,0
1,6,1,6,3.5,7,5,0
5,1,1,5,3.0,6,4,0
11,25,11,25,18.0,36,14,10
29,28,28,29,28.5,57,1,23
10,7,7,10,8.5,17,3,6
7,9,7,9,8.0,16,2,4
1,4,1,4,2.5,5,3,0
9,8,8,9,8.5,17,1,7
1,5,1,5,3.0,6,4,0
18,20,18,20,19.0,38,2,15
9,2,2,9,5.5,11,7,1
6,8,6,8,7.0,14,2,4
1,4,1,4,2.5,5,3,0
5,7,5,7,6.0,12,2,4
4,9,4,9,6.5,13,5,0
5,7,5,7,6.0,12,2,4
8,4,4,8,6.0,12,4,0
1,6,1,6,3.5,7,5,0
5,1,1,5,3.0,6,4,0
1,4,1,4,2.5,5,3,0
7,11,7,11,9.0,18,4,6
11,10,10,11,10.5,21,1,7
21,37,21,37,29.0,58,16,20
41,37,37,41,39.0,78,4,27
31,19,19,31,25.0,50,12,18
11,20,11,20,15.5,31,9,10
7,7,7,7,7.0,14,0,6
21,20,20,21,20.5,41,1,18
4,4,4,4,4.0,8,0,0
2,5,2,5,3.5,7,3,0
31,31,31,31,31.0,62,0,29
1,4,1,4,2.5,5,3,0
7,2,2,7,4.5,9,5,0
5,1,1,5,3.0,6,4,0
31,37,31,37,34.0,68,6,28
9,8,8,9,8.5,17,1,7
22,45,22,45,33.5,67,23,15
5,6,5,6,5.5,11,1,4
35,49,35,49,42.0,84,14,29
5,2,2,5,3.5,7,3,0
1,4,1,4,2.5,5,3,0
4,1,1,4,2.5,5,3,0
28,24,24,28,26.0,52,4,23
4,4,4,4,4.0,8,0,3
27,27,27,27,27.0,54,0,26
5,2,2,5,3.5,7,3,0
25,21,21,25,23.0,46,4,19
13,16,13,16,14.5,29,3,10
5,1,1,5,3.0,6,4,0
2,4,2,4,3.0,6,2,1
4,1,1,4,2.5,5,3,0
14,13,13,14,13.5,27,1,12
4,10,4,10,7.0,14,6,2
27,21,21,27,24.0,48,6,20
17,14,14,17,15.5,31,3,8
6,1,1,6,3.5,7,5,0
4,1,1,4,2.5,5,3,0
1,4,1,4,2.5,5,3,0
4,1,1,4,2.5,5,3,0
13,12,12,13,12.5,25,1,10
6,2,2,6,4.0,8,4,1
4,4,4,4,4.0,8,0,3
2,10,2,10,6.0,12,8,0
8,47,8,47,27.5,55,39,7
2,10,2,10,6.0,12,8,1
8,6,6,8,7.0,14,2,3
1,10,1,10,5.5,11,9,0
1,18,1,18,9.5,19,17,0
9,11,9,11,10.0,20,2,8
1,12,1,12,6.5,13,11,0
31,47,31,47,39.0,78,16,28
15,15,15,15,15.0,30,0,14
12,16,12,16,14.0,28,4,7
2,4,2,4,3.0,6,2,1
6,5,5,6,5.5,11,1,4
7,4,4,7,5.5,11,3,1
32,49,32,49,40.5,81,17,31
11,8,8,11,9.5,19,3,7
9,7,7,9,8.0,16,2,4
7,5,5,7,6.0,12,2,2
8,4,4,8,6.0,12,4,1
18,21,18,21,19.5,39,3,16
36,31,31,36,33.5,67,5,28
21,22,21,22,21.5,43,1,16
8,7,7,8,7.5,15,1,6
5,1,1,5,3.0,6,4,0
5,8,5,8,6.5,13,3,4
14,9,9,14,11.5,23,5,7
19,49,19,49,34.0,68,30,16
4,2,2,4,3.0,6,2,1
4,6,4,6,5.0,10,2,3
10,5,5,10,7.5,15,5,4
7,7,7,7,7.0,14,0,4
2,4,2,4,3.0,6,2,0
9,9,9,9,9.0,18,0,6
1,11,1,11,6.0,12,10,0
13,13,13,13,13.0,26,0,12
11,10,10,11,10.5,21,1,7
7,7,7,7,7.0,14,0,6
4,4,4,4,4.0,8,0,3
20,12,12,20,16.0,32,8,11
4,1,1,4,2.5,5,3,0
4,1,1,4,2.5,5,3,0
20,17,17,20,18.5,37,3,16
4,7,4,7,5.5,11,3,2
23,29,23,29,26.0,52,6,15
4,1,1,4,2.5,5,3,0
1,16,1,16,8.5,17,15,0
1,4,1,4,2.5,5,3,0
5,1,1,5,3.0,6,4,0
5,9,5,9,7.0,14,4,4
1,6,1,6,3.5,7,5,0
1,7,1,7,4.0,8,6,0
15,17,15,17,16.0,32,2,11
13,13,13,13,13.0,26,0,12
4,4,4,4,4.0,8,0,3
1,4,1,4,2.5,5,3,0
1,5,1,5,3.0,6,4,0
17,14,14,17,15.5,31,3,13
1,12,1,12,6.5,13,11,0
4,1,1,4,2.5,5,3,0
14,17,14,17,15.5,31,3,11
6,6,6,6,6.0,12,0,5
4,1,1,4,2.5,5,3,0
4,4,4,4,4.0,8,0,3
1,4,1,4,2.5,5,3,0
1,5,1,5,3.0,6,4,0
5,1,1,5,3.0,6,4,0
2,7,2,7,4.5,9,5,1
9,4,4,9,6.5,13,5,0
1,4,1,4,2.5,5,3,0
7,2,2,7,4.5,9,5,0
11,8,8,11,9.5,19,3,5
10,2,2,10,6.0,12,8,1
7,7,7,7,7.0,14,0,4
4,1,1,4,2.5,5,3,0
6,4,4,6,5.0,10,2,3
5,6,5,6,5.5,11,1,4
6,28,6,28,17.0,34,22,0
4,11,4,11,7.5,15,7,3
5,6,5,6,5.5,11,1,4
34,44,34,44,39.0,78,10,27
1,9,1,9,5.0,10,8,0
4,1,1,4,2.5,5,3,0
4,1,1,4,2.5,5,3,0
10,5,5,10,7.5,15,5,4
1,22,1,22,11.5,23,21,0
14,19,14,19,16.5,33,5,10
33,15,15,33,24.0,48,18,12
7,1,1,7,4.0,8,6,0
1,4,1,4,2.5,5,3,0
1,5,1,5,3.0,6,4,0
3,8,3,8,5.5,11,5,2
4,3,3,4,3.5,7,1,2
20,37,20,37,28.5,57,17,19
9,6,6,9,7.5,15,3,2
24,18,18,24,21.0,42,6,16
4,1,1,4,2.5,5,3,0
1,7,1,7,4.0,8,6,0
12,38,12,38,25.0,50,26,7
3,5,3,5,4.0,8,2,2
1,27,1,27,14.0,28,26,0
51,41,41,51,46.0,92,10,24
4,2,2,4,3.0,6,2,0
7,7,7,7,7.0,14,0,6
14,31,14,31,22.5,45,17,7
11,13,11,13,12.0,24,2,10
16,17,16,17,16.5,33,1,14
1,4,1,4,2.5,5,3,0
22,11,11,22,16.5,33,11,10
16,12,12,16,14.0,28,4,8
4,1,1,4,2.5,5,3,0
7,16,7,16,11.5,23,9,5
4,1,1,4,2.5,5,3,0
5,5,5,5,5.0,10,0,4
6,4,4,6,5.0,10,2,0
1,5,1,5,3.0,6,4,0
37,27,27,37,32.0,64,10,19
4,1,1,4,2.5,5,3,0
11,13,11,13,12.0,24,2,10
1,5,1,5,3.0,6,4,0
8,8,8,8,8.0,16,0,7
31,31,31,31,31.0,62,0,28
4,10,4,10,7.0,14,6,3
1,7,1,7,4.0,8,6,0
32,33,32,33,32.5,65,1,25
1,7,1,7,4.0,8,6,0
1,4,1,4,2.5,5,3,0
19,13,13,19,16.0,32,6,11
4,4,4,4,4.0,8,0,3
1,4,1,4,2.5,5,3,0
7,13,7,13,10.0,20,6,4
2,4,2,4,3.0,6,2,1
1,4,1,4,2.5,5,3,0
20,17,17,20,18.5,37,3,9
5,24,5,24,14.5,29,19,0
19,24,19,24,21.5,43,5,17
20,9,9,20,14.5,29,11,8
42,19,19,42,30.5,61,23,16
4,16,4,16,10.0,20,12,0
7,6,6,7,6.5,13,1,5
1,4,1,4,2.5,5,3,0
4,1,1,4,2.5,5,3,0
5,17,5,17,11.0,22,12,2
4,1,1,4,2.5,5,3,0
6,1,1,6,3.5,7,5,0
2,4,2,4,3.0,6,2,1
2,4,2,4,3.0,6,2,0
12,12,12,12,12.0,24,0,11
6,1,1,6,3.5,7,5,0
4,5,4,5,4.5,9,1,3
1,11,1,11,6.0,12,10,0
1,6,1,6,3.5,7,5,0
6,1,1,6,3.5,7,5,0
4,1,1,4,2.5,5,3,0
5,1,1,5,3.0,6,4,0
7,21,7,21,14.0,28,14,5
1,5,1,5,3.0,6,4,0
1,8,1,8,4.5,9,7,0
40,24,24,40,32.0,64,16,13
13,15,13,15,14.0,28,2,11
7,8,7,8,7.5,15,1,6
1,13,1,13,7.0,14,12,0
36,22,22,36,29.0,58,14,21
9,13,9,13,11.0,22,4,8
5,1,1,5,3.0,6,4,0
1,6,1,6,3.5,7,5,0
1,4,1,4,2.5,5,3,0
52,13,13,52,32.5,65,39,7
28,22,22,28,25.0,50,6,13
4,4,4,4,4.0,8,0,3
4,4,4,4,4.0,8,0,3
2,6,2,6,4.0,8,4,1
4,1,1,4,2.5,5,3,0
2,6,2,6,4.0,8,4,1
10,10,10,10,10.0,20,0,8
12,16,12,16,14.0,28,4,10
4,1,1,4,2.5,5,3,0
7,1,1,7,4.0,8,6,0
51,21,21,51,36.0,72,30,20
1,6,1,6,3.5,7,5,0
4,1,1,4,2.5,5,3,0
8,8,8,8,8.0,16,0,5
51,33,33,51,42.0,84,18,23
12,1,1,12,6.5,13,11,0
30,7,7,30,18.5,37,23,5
5,4,4,5,4.5,9,1,3
5,1,1,5,3.0,6,4,0
31,27,27,31,29.0,58,4,21
6,10,6,10,8.0,16,4,2
8,7,7,8,7.5,15,1,5
11,11,11,11,11.0,22,0,10
1,24,1,24,12.5,25,23,0
8,107,8,107,57.5,115,99,0
18,2,2,18,10.0,20,16,0
8,6,6,8,7.0,14,2,4
6,6,6,6,6.0,12,0,4
1,14,1,14,7.5,15,13,0
1,4,1,4,2.5,5,3,0
12,1,1,12,6.5,13,11,0
1,4,1,4,2.5,5,3,0
2,12,2,12,7.0,14,10,0
1,4,1,4,2.5,5,3,0
4,5,4,5,4.5,9,1,3
4,6,4,6,5.0,10,2,3
7,2,2,7,4.5,9,5,0
5,1,1,5,3.0,6,4,0
9,4,4,9,6.5,13,5,3
11,9,9,11,10.0,20,2,7
1,5,1,5,3.0,6,4,0
12,4,4,12,8.0,16,8,3
4,1,1,4,2.5,5,3,0
5,5,5,5,5.0,10,0,4
4,6,4,6,5.0,10,2,2
2,88,2,88,45.0,90,86,1
17,20,17,20,18.5,37,3,14
6,7,6,7,6.5,13,1,5
11,10,10,11,10.5,21,1,9
4,1,1,4,2.5,5,3,0
14,14,14,14,14.0,28,0,12
5,4,4,5,4.5,9,1,3
6,7,6,7,6.5,13,1,5
10,1,1,10,5.5,11,9,0
11,10,10,11,10.5,21,1,9
4,1,1,4,2.5,5,3,0
1,11,1,11,6.0,12,10,0
6,15,6,15,10.5,21,9,4
5,3,3,5,4.0,8,2,2
1,7,1,7,4.0,8,6,0
5,2,2,5,3.5,7,3,1
5,5,5,5,5.0,10,0,4
1,5,1,5,3.0,6,4,0
12,11,11,12,11.5,23,1,10
4,2,2,4,3.0,6,2,1
10,3,3,10,6.5,13,7,2
9,1,1,9,5.0,10,8,0
9,65,9,65,37.0,74,56,1
6,1,1,6,3.5,7,5,0
26,27,26,27,26.5,53,1,25
5,7,5,7,6.0,12,2,4
24,27,24,27,25.5,51,3,23
18,17,17,18,17.5,35,1,15
5,14,5,14,9.5,19,9,4
1,31,1,31,16.0,32,30,0
4,4,4,4,4.0,8,0,1
12,11,11,12,11.5,23,1,8
2,5,2,5,3.5,7,3,1
4,1,1,4,2.5,5,3,0
12,20,12,20,16.0,32,8,9
29,27,27,29,28.0,56,2,23
17,23,17,23,20.0,40,6,10
18,17,17,18,17.5,35,1,15
1,9,1,9,5.0,10,8,0
4,5,4,5,4.5,9,1,2
4,1,1,4,2.5,5,3,0
5,4,4,5,4.5,9,1,3
26,8,8,26,17.0,34,18,1
14,16,14,16,15.0,30,2,9
6,5,5,6,5.5,11,1,0
7,6,6,7,6.5,13,1,5
10,10,10,10,10.0,20,0,9
27,29,27,29,28.0,56,2,24
21,18,18,21,19.5,39,3,13
13,12,12,13,12.5,25,1,11
10,3,3,10,6.5,13,7,2
4,1,1,4,2.5,5,3,0
6,5,5,6,5.5,11,1,3
5,1,1,5,3.0,6,4,0
13,13,13,13,13.0,26,0,10
9,1,1,9,5.0,10,8,0
3,4,3,4,3.5,7,1,2
4,1,1,4,2.5,5,3,0
13,17,13,17,15.0,30,4,12
4,5,4,5,4.5,9,1,3
4,2,2,4,3.0,6,2,0
9,5,5,9,7.0,14,4,3
1,6,1,6,3.5,7,5,0
27,15,15,27,21.0,42,12,14
4,2,2,4,3.0,6,2,1
1,5,1,5,3.0,6,4,0
11,6,6,11,8.5,17,5,4
17,29,17,29,23.0,46,12,9
1,5,1,5,3.0,6,4,0
3,5,3,5,4.0,8,2,2
5,2,2,5,3.5,7,3,1
4,2,2,4,3.0,6,2,0
1,6,1,6,3.5,7,5,0
1,107,1,107,54.0,108,106,0
4,2,2,4,3.0,6,2,1
22,38,22,38,30.0,60,16,20
1,5,1,5,3.0,6,4,0
2,4,2,4,3.0,6,2,0
4,1,1,4,2.5,5,3,0
4,1,1,4,2.5,5,3,0
24,29,24,29,26.5,53,5,21
7,7,7,7,7.0,14,0,6
23,20,20,23,21.5,43,3,17
31,11,11,31,21.0,42,20,8
7,1,1,7,4.0,8,6,0
5,1,1,5,3.0,6,4,0
6,5,5,6,5.5,11,1,4
1,11,1,11,6.0,12,10,0
5,9,5,9,7.0,14,4,3
1,4,1,4,2.5,5,3,0
28,2,2,28,15.0,30,26,0
4,9,4,9,6.5,13,5,3
31,32,31,32,31.5,63,1,29
4,4,4,4,4.0,8,0,3
11,7,7,11,9.0,18,4,6
1,5,1,5,3.0,6,4,0
1,10,1,10,5.5,11,9,0
4,2,2,4,3.0,6,2,0
5,5,5,5,5.0,10,0,3
7,5,5,7,6.0,12,2,3
4,2,2,4,3.0,6,2,1
13,15,13,15,14.0,28,2,11
6,1,1,6,3.5,7,5,0
4,27,4,27,15.5,31,23,3
13,13,13,13,13.0,26,0,12
1,4,1,4,2.5,5,3,0
4,2,2,4,3.0,6,2,0
10,6,6,10,8.0,16,4,5
21,8,8,21,14.5,29,13,7
2,6,2,6,4.0,8,4,0
5,26,5,26,15.5,31,21,0
13,13,13,13,13.0,26,0,12
14,24,14,24,19.0,38,10,11
3,6,3,6,4.5,9,3,2
28,32,28,32,30.0,60,4,16
10,1,1,10,5.5,11,9,0
7,2,2,7,4.5,9,5,0
4,1,1,4,2.5,5,3,0
16,48,16,48,32.0,64,32,14
5,1,1,5,3.0,6,4,0
17,39,17,39,28.0,56,22,13
2,9,2,9,5.5,11,7,1
5,5,5,5,5.0,10,0,4
35,28,28,35,31.5,63,7,10
25,25,25,25,25.0,50,0,24
12,5,5,12,8.5,17,7,4
32,31,31,32,31.5,63,1,28
5,6,5,6,5.5,11,1,4
33,25,25,33,29.0,58,8,18
12,9,9,12,10.5,21,3,3
7,7,7,7,7.0,14,0,5
1,11,1,11,6.0,12,10,0
1,4,1,4,2.5,5,3,0
5,6,5,6,5.5,11,1,4
9,6,6,9,7.5,15,3,5
9,5,5,9,7.0,14,4,4
41,21,21,41,31.0,62,20,18
19,49,19,49,34.0,68,30,10
9,11,9,11,10.0,20,2,7
12,15,12,15,13.5,27,3,8
5,6,5,6,5.5,11,1,4
5,1,1,5,3.0,6,4,0
9,7,7,9,8.0,16,2,5
4,8,4,8,6.0,12,4,0
1,4,1,4,2.5,5,3,0
5,1,1,5,3.0,6,4,0
1,25,1,25,13.0,26,24,0
6,1,1,6,3.5,7,5,0
53,28,28,53,40.5,81,25,24
1,7,1,7,4.0,8,6,0
5,1,1,5,3.0,6,4,0
25,23,23,25,24.0,48,2,21
7,6,6,7,6.5,13,1,4
26,1,1,26,13.5,27,25,0
1,4,1,4,2.5,5,3,0
15,15,15,15,15.0,30,0,12
6,11,6,11,8.5,17,5,4
13,4,4,13,8.5,17,9,3
12,9,9,12,10.5,21,3,8
19,10,10,19,14.5,29,9,8
18,18,18,18,18.0,36,0,17
8,5,5,8,6.5,13,3,3
4,4,4,4,4.0,8,0,3
4,5,4,5,4.5,9,1,1
25,21,21,25,23.0,46,4,20
1,4,1,4,2.5,5,3,0
5,5,5,5,5.0,10,0,4
5,5,5,5,5.0,10,0,3
1,6,1,6,3.5,7,5,0
6,1,1,6,3.5,7,5,0
6,5,5,6,5.5,11,1,4
1,4,1,4,2.5,5,3,0
9,1,1,9,5.0,10,8,0
146,24,24,146,85.0,170,122,22
36,1,1,36,18.5,37,35,0
6,7,6,7,6.5,13,1,5
1,27,1,27,14.0,28,26,0
6,8,6,8,7.0,14,2,0
22,8,8,22,15.0,30,14,6
4,1,1,4,2.5,5,3,0
5,1,1,5,3.0,6,4,0
7,9,7,9,8.0,16,2,5
4,2,2,4,3.0,6,2,1
16,1,1,16,8.5,17,15,0
4,1,1,4,2.5,5,3,0
7,7,7,7,7.0,14,0,1
4,1,1,4,2.5,5,3,0
6,5,5,6,5.5,11,1,4
8,7,7,8,7.5,15,1,5
7,9,7,9,8.0,16,2,6
2,16,2,16,9.0,18,14,0
8,1,1,8,4.5,9,7,0
10,6,6,10,8.0,16,4,5
9,6,6,9,7.5,15,3,5
27,24,24,27,25.5,51,3,23
1,5,1,5,3.0,6,4,0
3,4,3,4,3.5,7,1,2
23,28,23,28,25.5,51,5,22
2,5,2,5,3.5,7,3,0
4,1,1,4,2.5,5,3,0
15,21,15,21,18.0,36,6,13
88,41,41,88,64.5,129,47,38
7,8,7,8,7.5,15,1,3
1,4,1,4,2.5,5,3,0
10,5,5,10,7.5,15,5,4
16,14,14,16,15.0,30,2,10
16,22,16,22,19.0,38,6,11
5,1,1,5,3.0,6,4,0
4,1,1,4,2.5,5,3,0
1,10,1,10,5.5,11,9,0
5,5,5,5,5.0,10,0,4
10,20,10,20,15.0,30,10,8
19,21,19,21,20.0,40,2,17
5,10,5,10,7.5,15,5,4
12,4,4,12,8.0,16,8,0
2,4,2,4,3.0,6,2,1
4,1,1,4,2.5,5,3,0
4,2,2,4,3.0,6,2,1
1,5,1,5,3.0,6,4,0
8,6,6,8,7.0,14,2,4
15,25,15,25,20.0,40,10,9
1,4,1,4,2.5,5,3,0
32,27,27,32,29.5,59,5,21
1,5,1,5,3.0,6,4,0
4,15,4,15,9.5,19,11,3
8,9,8,9,8.5,17,1,5
1,7,1,7,4.0,8,6,0
5,1,1,5,3.0,6,4,0
49,44,44,49,46.5,93,5,26
49,51,49,51,50.0,100,2,48
5,1,1,5,3.0,6,4,0
17,20,17,20,18.5,37,3,16
41,41,41,41,41.0,82,0,37
8,4,4,8,6.0,12,4,0
7,1,1,7,4.0,8,6,0
24,21,21,24,22.5,45,3,20
4,4,4,4,4.0,8,0,3
1,4,1,4,2.5,5,3,0
1,5,1,5,3.0,6,4,0
7,2,2,7,4.5,9,5,1
5,2,2,5,3.5,7,3,0
21,20,20,21,20.5,41,1,19
1,61,1,61,31.0,62,60,0
47,26,26,47,36.5,73,21,25
24,24,24,24,24.0,48,0,17
13,7,7,13,10.0,20,6,6
12,11,11,12,11.5,23,1,10
1,4,1,4,2.5,5,3,0
5,6,5,6,5.5,11,1,4
20,2,2,20,11.0,22,18,0
1,105,1,105,53.0,106,104,0
1,4,1,4,2.5,5,3,0
17,18,17,18,17.5,35,1,0
6,5,5,6,5.5,11,1,4
8,9,8,9,8.5,17,1,7
18,23,18,23,20.5,41,5,17
17,19,17,19,18.0,36,2,11
12,13,12,13,12.5,25,1,6
4,1,1,4,2.5,5,3,0
1,9,1,9,5.0,10,8,0
45,30,30,45,37.5,75,15,26
17,17,17,17,17.0,34,0,15
5,1,1,5,3.0,6,4,0
20,20,20,20,20.0,40,0,19
66,28,28,66,47.0,94,38,23
5,6,5,6,5.5,11,1,4
2,4,2,4,3.0,6,2,1
5,1,1,5,3.0,6,4,0
3,4,3,4,3.5,7,1,2
1,11,1,11,6.0,12,10,0
7,10,7,10,8.5,17,3,0
4,4,4,4,4.0,8,0,1
13,1,1,13,7.0,14,12,0
1,4,1,4,2.5,5,3,0
1,11,1,11,6.0,12,10,0
9,7,7,9,8.0,16,2,5
1,9,1,9,5.0,10,8,0
4,1,1,4,2.5,5,3,0
15,1,1,15,8.0,16,14,0
1,19,1,19,10.0,20,18,0
7,1,1,7,4.0,8,6,0
22,21,21,22,21.5,43,1,19
12,13,12,13,12.5,25,1,11
10,7,7,10,8.5,17,3,5
13,15,13,15,14.0,28,2,11
11,1,1,11,6.0,12,10,0
4,1,1,4,2.5,5,3,0
9,10,9,10,9.5,19,1,6
4,1,1,4,2.5,5,3,0
9,16,9,16,12.5,25,7,8
12,9,9,12,10.5,21,3,7
5,1,1,5,3.0,6,4,0
6,7,6,7,6.5,13,1,5
18,17,17,18,17.5,35,1,16
4,2,2,4,3.0,6,2,0
2,4,2,4,3.0,6,2,0
1,4,1,4,2.5,5,3,0
5,1,1,5,3.0,6,4,0
10,1,1,10,5.5,11,9,0
5,7,5,7,6.0,12,2,4
4,5,4,5,4.5,9,1,3
40,21,21,40,30.5,61,19,19
38,31,31,38,34.5,69,7,22
9,6,6,9,7.5,15,3,5
25,29,25,29,27.0,54,4,15
12,12,12,12,12.0,24,0,9
11,8,8,11,9.5,19,3,7
6,1,1,6,3.5,7,5,0
1,5,1,5,3.0,6,4,0
5,2,2,5,3.5,7,3,1
20,29,20,29,24.5,49,9,14
1,4,1,4,2.5,5,3,0
4,6,4,6,5.0,10,2,3
5,3,3,5,4.0,8,2,1
1,6,1,6,3.5,7,5,0
15,6,6,15,10.5,21,9,2
1,6,1,6,3.5,7,5,0
7,7,7,7,7.0,14,0,6
7,2,2,7,4.5,9,5,1
7,8,7,8,7.5,15,1,6
14,8,8,14,11.0,22,6,7
6,8,6,8,7.0,14,2,3
2,4,2,4,3.0,6,2,1
6,5,5,6,5.5,11,1,4
6,1,1,6,3.5,7,5,0
19,8,8,19,13.5,27,11,5
12,12,12,12,12.0,24,0,10
12,15,12,15,13.5,27,3,7
20,19,19,20,19.5,39,1,16
33,39,33,39,36.0,72,6,20
3,20,3,20,11.5,23,17,0
7,11,7,11,9.0,18,4,6
7,1,1,7,4.0,8,6,0
9,16,9,16,12.5,25,7,6
25,12,12,25,18.5,37,13,9
2,9,2,9,5.5,11,7,0
4,3,3,4,3.5,7,1,2
12,11,11,12,11.5,23,1,2
4,1,1,4,2.5,5,3,0
34,25,25,34,29.5,59,9,13
19,12,12,19,15.5,31,7,7
20,13,13,20,16.5,33,7,9
6,1,1,6,3.5,7,5,0
6,5,5,6,5.5,11,1,3
4,7,4,7,5.5,11,3,2
5,9,5,9,7.0,14,4,3
1,4,1,4,2.5,5,3,0
1,4,1,4,2.5,5,3,0
3,5,3,5,4.0,8,2,2
4,5,4,5,4.5,9,1,3
1,4,1,4,2.5,5,3,0
1,4,1,4,2.5,5,3,0
1,5,1,5,3.0,6,4,0
31,22,22,31,26.5,53,9,21
1,5,1,5,3.0,6,4,0
11,10,10,11,10.5,21,1,9
6,7,6,7,6.5,13,1,5
12,1,1,12,6.5,13,11,0
4,7,4,7,5.5,11,3,3
28,24,24,28,26.0,52,4,22
11,12,11,12,11.5,23,1,9
7,7,7,7,7.0,14,0,5
13,14,13,14,13.5,27,1,12
18,12,12,18,15.0,30,6,9
14,10,10,14,12.0,24,4,9
25,16,16,25,20.5,41,9,13
8,1,1,8,4.5,9,7,0
6,7,6,7,6.5,13,1,3
23,20,20,23,21.5,43,3,18
13,29,13,29,21.0,42,16,5
5,1,1,5,3.0,6,4,0
6,1,1,6,3.5,7,5,0
4,4,4,4,4.0,8,0,3
25,31,25,31,28.0,56,6,24
1,6,1,6,3.5,7,5,0
1,6,1,6,3.5,7,5,0
6,5,5,6,5.5,11,1,2
19,24,19,24,21.5,43,5,18
6,4,4,6,5.0,10,2,3
3,16,3,16,9.5,19,13,0
3,4,3,4,3.5,7,1,2
2,5,2,5,3.5,7,3,1
35,10,10,35,22.5,45,25,8
20,23,20,23,21.5,43,3,18
10,7,7,10,8.5,17,3,6
9,31,9,31,20.0,40,22,7
9,7,7,9,8.0,16,2,4
4,6,4,6,5.0,10,2,3
1,6,1,6,3.5,7,5,0
10,6,6,10,8.0,16,4,4
1,4,1,4,2.5,5,3,0
18,15,15,18,16.5,33,3,14
13,13,13,13,13.0,26,0,11
1,6,1,6,3.5,7,5,0
20,20,20,20,20.0,40,0,17
21,33,21,33,27.0,54,12,15
41,36,36,41,38.5,77,5,31
1,6,1,6,3.5,7,5,0
1,4,1,4,2.5,5,3,0
7,5,5,7,6.0,12,2,1
3,5,3,5,4.0,8,2,1
4,1,1,4,2.5,5,3,0
13,13,13,13,13.0,26,0,12
1,4,1,4,2.5,5,3,0
14,14,14,14,14.0,28,0,13
1,6,1,6,3.5,7,5,0
19,14,14,19,16.5,33,5,9
13,1,1,13,7.0,14,12,0
28,35,28,35,31.5,63,7,17
1,5,1,5,3.0,6,4,0
9,9,9,9,9.0,18,0,8
5,4,4,5,4.5,9,1,3
19,22,19,22,20.5,41,3,17
7,14,7,14,10.5,21,7,6
1,4,1,4,2.5,5,3,0
1,9,1,9,5.0,10,8,0
4,4,4,4,4.0,8,0,3
4,5,4,5,4.5,9,1,3
5,9,5,9,7.0,14,4,4
11,1,1,11,6.0,12,10,0
21,25,21,25,23.0,46,4,20
4,1,1,4,2.5,5,3,0
2,5,2,5,3.5,7,3,0
33,33,33,33,33.0,66,0,32
35,24,24,35,29.5,59,11,21
32,33,32,33,32.5,65,1,31
5,6,5,6,5.5,11,1,3
2,4,2,4,3.0,6,2,1
5,5,5,5,5.0,10,0,4
1,4,1,4,2.5,5,3,0
1,4,1,4,2.5,5,3,0
15,24,15,24,19.5,39,9,13
8,1,1,8,4.5,9,7,0
1,5,1,5,3.0,6,4,0
1,10,1,10,5.5,11,9,0
9,2,2,9,5.5,11,7,0
1,5,1,5,3.0,6,4,0
4,3,3,4,3.5,7,1,2
2,7,2,7,4.5,9,5,1
11,9,9,11,10.0,20,2,7
21,23,21,23,22.0,44,2,16
9,1,1,9,5.0,10,8,0
11,11,11,11,11.0,22,0,8
8,18,8,18,13.0,26,10,6
1,21,1,21,11.0,22,20,0
7,16,7,16,11.5,23,9,6
4,8,4,8,6.0,12,4,0
4,4,4,4,4.0,8,0,2
19,20,19,20,19.5,39,1,17
1,4,1,4,2.5,5,3,0
30,33,30,33,31.5,63,3,29
1,6,1,6,3.5,7,5,0
10,10,10,10,10.0,20,0,9
5,1,1,5,3.0,6,4,0
1,6,1,6,3.5,7,5,0
28,29,28,29,28.5,57,1,18
18,16,16,18,17.0,34,2,14
11,9,9,11,10.0,20,2,8
2,6,2,6,4.0,8,4,0
5,8,5,8,6.5,13,3,3
4,4,4,4,4.0,8,0,3
4,4,4,4,4.0,8,0,3
8,12,8,12,10.0,20,4,7
1,7,1,7,4.0,8,6,0
10,7,7,10,8.5,17,3,5
5,1,1,5,3.0,6,4,0
37,23,23,37,30.0,60,14,21
2,17,2,17,9.5,19,15,0
26,34,26,34,30.0,60,8,19
6,6,6,6,6.0,12,0,3
6,5,5,6,5.5,11,1,4
7,11,7,11,9.0,18,4,5
5,5,5,5,5.0,10,0,2
6,4,4,6,5.0,10,2,3
5,5,5,5,5.0,10,0,3
32,32,32,32,32.0,64,0,31
5,1,1,5,3.0,6,4,0
1,6,1,6,3.5,7,5,0
5,4,4,5,4.5,9,1,2
9,8,8,9,8.5,17,1,7
17,15,15,17,16.0,32,2,13
5,1,1,5,3.0,6,4,0
2,4,2,4,3.0,6,2,0
4,6,4,6,5.0,10,2,3
5,11,5,11,8.0,16,6,4
8,10,8,10,9.0,18,2,5
1,12,1,12,6.5,13,11,0
14,14,14,14,14.0,28,0,13
11,1,1,11,6.0,12,10,0
6,2,2,6,4.0,8,4,0
11,8,8,11,9.5,19,3,7
19,17,17,19,18.0,36,2,15
18,7,7,18,12.5,25,11,6
6,5,5,6,5.5,11,1,0
1,5,1,5,3.0,6,4,0
4,4,4,4,4.0,8,0,2
17,16,16,17,16.5,33,1,12
17,12,12,17,14.5,29,5,10
5,10,5,10,7.5,15,5,4
4,1,1,4,2.5,5,3,0
24,25,24,25,24.5,49,1,20
5,6,5,6,5.5,11,1,4
6,5,5,6,5.5,11,1,4
11,12,11,12,11.5,23,1,1
6,21,6,21,13.5,27,15,3
11,1,1,11,6.0,12,10,0
25,24,24,25,24.5,49,1,16
1,14,1,14,7.5,15,13,0
19,22,19,22,20.5,41,3,18
1,4,1,4,2.5,5,3,0
10,11,10,11,10.5,21,1,3
6,7,6,7,6.5,13,1,5
17,14,14,17,15.5,31,3,9
5,2,2,5,3.5,7,3,1
11,19,11,19,15.0,30,8,10
14,14,14,14,14.0,28,0,10
1,9,1,9,5.0,10,8,0
4,1,1,4,2.5,5,3,0
10,6,6,10,8.0,16,4,5
7,16,7,16,11.5,23,9,1
1,4,1,4,2.5,5,3,0
1,8,1,8,4.5,9,7,0
2,4,2,4,3.0,6,2,1
1,4,1,4,2.5,5,3,0
14,13,13,14,13.5,27,1,12
18,17,17,18,17.5,35,1,16
34,33,33,34,33.5,67,1,28
1,4,1,4,2.5,5,3,0
1,4,1,4,2.5,5,3,0
6,3,3,6,4.5,9,3,2
6,7,6,7,6.5,13,1,0
1,105,1,105,53.0,106,104,0
40,25,25,40,32.5,65,15,20
47,34,34,47,40.5,81,13,27
7,1,1,7,4.0,8,6,0
4,1,1,4,2.5,5,3,0
7,7,7,7,7.0,14,0,6
21,10,10,21,15.5,31,11,5
5,1,1,5,3.0,6,4,0
6,6,6,6,6.0,12,0,4
10,9,9,10,9.5,19,1,4
5,6,5,6,5.5,11,1,3
5,1,1,5,3.0,6,4,0
5,4,4,5,4.5,9,1,2
5,4,4,5,4.5,9,1,3
8,5,5,8,6.5,13,3,2
8,1,1,8,4.5,9,7,0
7,1,1,7,4.0,8,6,0
36,34,34,36,35.0,70,2,32
2,9,2,9,5.5,11,7,0
4,3,3,4,3.5,7,1,2
5,1,1,5,3.0,6,4,0
4,2,2,4,3.0,6,2,1
7,1,1,7,4.0,8,6,0
38,35,35,38,36.5,73,3,10
25,27,25,27,26.0,52,2,24
1,9,1,9,5.0,10,8,0
12,16,12,16,14.0,28,4,9
8,8,8,8,8.0,16,0,7
6,6,6,6,6.0,12,0,5
4,4,4,4,4.0,8,0,3
20,21,20,21,20.5,41,1,19
27,23,23,27,25.0,50,4,16
12,8,8,12,10.0,20,4,5
4,2,2,4,3.0,6,2,0
1,5,1,5,3.0,6,4,0
31,33,31,33,32.0,64,2,29
20,20,20,20,20.0,40,0,18
39,38,38,39,38.5,77,1,37
13,12,12,13,12.5,25,1,11
49,26,26,49,37.5,75,23,24
5,15,5,15,10.0,20,10,1
7,17,7,17,12.0,24,10,3
34,27,27,34,30.5,61,7,23
7,4,4,7,5.5,11,3,2
6,6,6,6,6.0,12,0,5
7,7,7,7,7.0,14,0,6
14,12,12,14,13.0,26,2,9
1,11,1,11,6.0,12,10,0
1,5,1,5,3.0,6,4,0
14,2,2,14,8.0,16,12,0
11,1,1,11,6.0,12,10,0
30,28,28,30,29.0,58,2,19
6,6,6,6,6.0,12,0,4
10,1,1,10,5.5,11,9,0
10,8,8,10,9.0,18,2,3
11,11,11,11,11.0,22,0,8
9,9,9,9,9.0,18,0,7
1,7,1,7,4.0,8,6,0
2,5,2,5,3.5,7,3,1
16,18,16,18,17.0,34,2,12
3,11,3,11,7.0,14,8,2
1,4,1,4,2.5,5,3,0
36,8,8,36,22.0,44,28,5
4,3,3,4,3.5,7,1,0
10,3,3,10,6.5,13,7,2
26,24,24,26,25.0,50,2,20
15,2,2,15,8.5,17,13,0
16,16,16,16,16.0,32,0,14
5,5,5,5,5.0,10,0,4
5,9,5,9,7.0,14,4,4
4,6,4,6,5.0,10,2,3
1,5,1,5,3.0,6,4,0
6,3,3,6,4.5,9,3,2
17,16,16,17,16.5,33,1,15
4,1,1,4,2.5,5,3,0
5,2,2,5,3.5,7,3,1
26,26,26,26,26.0,52,0,19
10,20,10,20,15.0,30,10,7
7,6,6,7,6.5,13,1,5
6,5,5,6,5.5,11,1,0
5,1,1,5,3.0,6,4,0
6,5,5,6,5.5,11,1,4
1,5,1,5,3.0,6,4,0
6,11,6,11,8.5,17,5,4
7,20,7,20,13.5,27,13,3
4,1,1,4,2.5,5,3,0
4,1,1,4,2.5,5,3,0
2,4,2,4,3.0,6,2,1
29,27,27,29,28.0,56,2,13
1,7,1,7,4.0,8,6,0
17,13,13,17,15.0,30,4,12
18,14,14,18,16.0,32,4,9
7,1,1,7,4.0,8,6,0
5,5,5,5,5.0,10,0,4
8,18,8,18,13.0,26,10,6
5,1,1,5,3.0,6,4,0
6,5,5,6,5.5,11,1,4
25,25,25,25,25.0,50,0,23
12,10,10,12,11.0,22,2,9
8,6,6,8,7.0,14,2,5
7,6,6,7,6.5,13,1,4
22,21,21,22,21.5,43,1,16
1,8,1,8,4.5,9,7,0
9,2,2,9,5.5,11,7,0
44,42,42,44,43.0,86,2,31
5,1,1,5,3.0,6,4,0
1,4,1,4,2.5,5,3,0
1,5,1,5,3.0,6,4,0
5,1,1,5,3.0,6,4,0
18,19,18,19,18.5,37,1,17
12,16,12,16,14.0,28,4,10
2,33,2,33,17.5,35,31,0
4,2,2,4,3.0,6,2,1
12,11,11,12,11.5,23,1,10
6,7,6,7,6.5,13,1,4
4,1,1,4,2.5,5,3,0
10,9,9,10,9.5,19,1,6
4,1,1,4,2.5,5,3,0
26,39,26,39,32.5,65,13,25
2,52,2,52,27.0,54,50,0
5,6,5,6,5.5,11,1,4
1,61,1,61,31.0,62,60,0
32,33,32,33,32.5,65,1,31
45,22,22,45,33.5,67,23,19
24,51,24,51,37.5,75,27,21
16,17,16,17,16.5,33,1,11
1,4,1,4,2.5,5,3,0
8,2,2,8,5.0,10,6,1
1,5,1,5,3.0,6,4,0
27,27,27,27,27.0,54,0,26
5,6,5,6,5.5,11,1,4
6,7,6,7,6.5,13,1,5
1,19,1,19,10.0,20,18,0
3,5,3,5,4.0,8,2,1
5,1,1,5,3.0,6,4,0
6,3,3,6,4.5,9,3,0
7,11,7,11,9.0,18,4,4
1,10,1,10,5.5,11,9,0
7,8,7,8,7.5,15,1,0
4,7,4,7,5.5,11,3,3
1,28,1,28,14.5,29,27,0
7,2,2,7,4.5,9,5,0
9,15,9,15,12.0,24,6,6
8,10,8,10,9.0,18,2,7
1,7,1,7,4.0,8,6,0
9,13,9,13,11.0,22,4,7
4,1,1,4,2.5,5,3,0
1,6,1,6,3.5,7,5,0
5,5,5,5,5.0,10,0,0
1,6,1,6,3.5,7,5,0
1,4,1,4,2.5,5,3,0
16,15,15,16,15.5,31,1,11
33,35,33,35,34.0,68,2,29
42,35,35,42,38.5,77,7,21
7,2,2,7,4.5,9,5,0
1,5,1,5,3.0,6,4,0
13,18,13,18,15.5,31,5,6
1,8,1,8,4.5,9,7,0
1,5,1,5,3.0,6,4,0
7,4,4,7,5.5,11,3,3
4,5,4,5,4.5,9,1,3
16,5,5,16,10.5,21,11,4
8,15,8,15,11.5,23,7,7
8,1,1,8,4.5,9,7,0
2,5,2,5,3.5,7,3,1
14,13,13,14,13.5,27,1,9
22,37,22,37,29.5,59,15,20
24,24,24,24,24.0,48,0,23
16,8,8,16,12.0,24,8,6
1,4,1,4,2.5,5,3,0
5,4,4,5,4.5,9,1,3
1,4,1,4,2.5,5,3,0
27,27,27,27,27.0,54,0,26
25,21,21,25,23.0,46,4,19
7,1,1,7,4.0,8,6,0
20,17,17,20,18.5,37,3,14
7,7,7,7,7.0,14,0,6
8,13,8,13,10.5,21,5,7
7,6,6,7,6.5,13,1,5
7,4,4,7,5.5,11,3,2
1,11,1,11,6.0,12,10,0
30,33,30,33,31.5,63,3,28
11,2,2,11,6.5,13,9,0
1,4,1,4,2.5,5,3,0
12,8,8,12,10.0,20,4,7
4,1,1,4,2.5,5,3,0
1,6,1,6,3.5,7,5,0
5,1,1,5,3.0,6,4,0
5,1,1,5,3.0,6,4,0
40,33,33,40,36.5,73,7,28
4,5,4,5,4.5,9,1,1
1,10,1,10,5.5,11,9,0
8,17,8,17,12.5,25,9,7
5,1,1,5,3.0,6,4,0
5,4,4,5,4.5,9,1,0
15,16,15,16,15.5,31,1,14
6,6,6,6,6.0,12,0,5
7,75,7,75,41.0,82,68,2
13,19,13,19,16.0,32,6,8
5,1,1,5,3.0,6,4,0
1,4,1,4,2.5,5,3,0
1,4,1,4,2.5,5,3,0
5,6,5,6,5.5,11,1,3
2,7,2,7,4.5,9,5,1
4,1,1,4,2.5,5,3,0
6,8,6,8,7.0,14,2,4
1,4,1,4,2.5,5,3,0
1,9,1,9,5.0,10,8,0
6,1,1,6,3.5,7,5,0
8,2,2,8,5.0,10,6,1
7,1,1,7,4.0,8,6,0
5,1,1,5,3.0,6,4,0
14,9,9,14,11.5,23,5,4
4,6,4,6,5.0,10,2,2
1,5,1,5,3.0,6,4,0
4,2,2,4,3.0,6,2,1
15,11,11,15,13.0,26,4,10
20,22,20,22,21.0,42,2,19
7,7,7,7,7.0,14,0,6
11,12,11,12,11.5,23,1,8
1,7,1,7,4.0,8,6,0
1,4,1,4,2.5,5,3,0
5,5,5,5,5.0,10,0,3
8,1,1,8,4.5,9,7,0
38,47,38,47,42.5,85,9,34
4,15,4,15,9.5,19,11,0
14,2,2,14,8.0,16,12,0
1,8,1,8,4.5,9,7,0
7,10,7,10,8.5,17,3,6
7,6,6,7,6.5,13,1,4
4,1,1,4,2.5,5,3,0
6,1,1,6,3.5,7,5,0
1,5,1,5,3.0,6,4,0
7,9,7,9,8.0,16,2,6
31,8,8,31,19.5,39,23,0
4,9,4,9,6.5,13,5,3
9,1,1,9,5.0,10,8,0
1,6,1,6,3.5,7,5,0
5,1,1,5,3.0,6,4,0
4,5,4,5,4.5,9,1,3
1,7,1,7,4.0,8,6,0
1,4,1,4,2.5,5,3,0
6,12,6,12,9.0,18,6,5
6,1,1,6,3.5,7,5,0
8,3,3,8,5.5,11,5,2
6,5,5,6,5.5,11,1,0
6,3,3,6,4.5,9,3,0
13,12,12,13,12.5,25,1,9
5,9,5,9,7.0,14,4,3
3,5,3,5,4.0,8,2,2
4,1,1,4,2.5,5,3,0
11,13,11,13,12.0,24,2,9
1,39,1,39,20.0,40,38,0
11,23,11,23,17.0,34,12,6
5,5,5,5,5.0,10,0,3
11,5,5,11,8.0,16,6,4
17,1,1,17,9.0,18,16,0
6,6,6,6,6.0,12,0,5
32,19,19,32,25.5,51,13,16
17,19,17,19,18.0,36,2,14
24,24,24,24,24.0,48,0,23
10,11,10,11,10.5,21,1,9
66,8,8,66,37.0,74,58,3
1,5,1,5,3.0,6,4,0
2,6,2,6,4.0,8,4,1
21,11,11,21,16.0,32,10,7
11,11,11,11,11.0,22,0,10
10,13,10,13,11.5,23,3,8
9,8,8,9,8.5,17,1,7
19,18,18,19,18.5,37,1,17
12,1,1,12,6.5,13,11,0
8,9,8,9,8.5,17,1,7
1,4,1,4,2.5,5,3,0
4,1,1,4,2.5,5,3,0
5,1,1,5,3.0,6,4,0
8,6,6,8,7.0,14,2,5
1,18,1,18,9.5,19,17,0
3,4,3,4,3.5,7,1,2
19,13,13,19,16.0,32,6,7
11,6,6,11,8.5,17,5,3
6,6,6,6,6.0,12,0,2
18,20,18,20,19.0,38,2,13
10,5,5,10,7.5,15,5,4
2,10,2,10,6.0,12,8,0
5,5,5,5,5.0,10,0,3
7,1,1,7,4.0,8,6,0
4,1,1,4,2.5,5,3,0
5,7,5,7,6.0,12,2,4
7,9,7,9,8.0,16,2,6
10,16,10,16,13.0,26,6,9
4,13,4,13,8.5,17,9,3
12,1,1,12,6.5,13,11,0
11,20,11,20,15.5,31,9,10
4,1,1,4,2.5,5,3,0
6,1,1,6,3.5,7,5,0
16,20,16,20,18.0,36,4,13
7,4,4,7,5.5,11,3,3
2,15,2,15,8.5,17,13,1
4,2,2,4,3.0,6,2,0
1,7,1,7,4.0,8,6,0
1,4,1,4,2.5,5,3,0
4,5,4,5,4.5,9,1,3
5,8,5,8,6.5,13,3,3
13,16,13,16,14.5,29,3,12
2,9,2,9,5.5,11,7,1
8,9,8,9,8.5,17,1,6
1,5,1,5,3.0,6,4,0
13,9,9,13,11.0,22,4,7
8,4,4,8,6.0,12,4,3
13,7,7,13,10.0,20,6,3
21,20,20,21,20.5,41,1,19
1,5,1,5,3.0,6,4,0
6,5,5,6,5.5,11,1,3
6,6,6,6,6.0,12,0,5
6,12,6,12,9.0,18,6,4
4,5,4,5,4.5,9,1,3
1,6,1,6,3.5,7,5,0
1,5,1,5,3.0,6,4,0
34,27,27,34,30.5,61,7,25
4,3,3,4,3.5,7,1,1
19,12,12,19,15.5,31,7,8
8,11,8,11,9.5,19,3,4
41,34,34,41,37.5,75,7,27
8,9,8,9,8.5,17,1,7
1,24,1,24,12.5,25,23,0
5,1,1,5,3.0,6,4,0
15,1,1,15,8.0,16,14,0
5,1,1,5,3.0,6,4,0
18,15,15,18,16.5,33,3,9
5,5,5,5,5.0,10,0,3
13,1,1,13,7.0,14,12,0
4,2,2,4,3.0,6,2,0
5,9,5,9,7.0,14,4,4
1,6,1,6,3.5,7,5,0
6,1,1,6,3.5,7,5,0
3,4,3,4,3.5,7,1,2
12,19,12,19,15.5,31,7,11
1,4,1,4,2.5,5,3,0
15,1,1,15,8.0,16,14,0
1,6,1,6,3.5,7,5,0
1,6,1,6,3.5,7,5,0
9,6,6,9,7.5,15,3,3
33,44,33,44,38.5,77,11,27
8,2,2,8,5.0,10,6,1
1,4,1,4,2.5,5,3,0
6,6,6,6,6.0,12,0,5
36,40,36,40,38.0,76,4,31
6,5,5,6,5.5,11,1,4
18,21,18,21,19.5,39,3,16
8,1,1,8,4.5,9,7,0
2,4,2,4,3.0,6,2,1
19,20,19,20,19.5,39,1,18
5,13,5,13,9.0,18,8,3
22,19,19,22,20.5,41,3,8
14,1,1,14,7.5,15,13,0
1,56,1,56,28.5,57,55,0
1,14,1,14,7.5,15,13,0
7,1,1,7,4.0,8,6,0
19,18,18,19,18.5,37,1,0
4,1,1,4,2.5,5,3,0
9,8,8,9,8.5,17,1,7
1,5,1,5,3.0,6,4,0
1,9,1,9,5.0,10,8,0
6,6,6,6,6.0,12,0,3
4,2,2,4,3.0,6,2,1
3,6,3,6,4.5,9,3,2
1,10,1,10,5.5,11,9,0
66,17,17,66,41.5,83,49,13
1,9,1,9,5.0,10,8,0
1,14,1,14,7.5,15,13,0
4,2,2,4,3.0,6,2,0
12,18,12,18,15.0,30,6,8
8,7,7,8,7.5,15,1,3
6,6,6,6,6.0,12,0,4
5,2,2,5,3.5,7,3,1
8,5,5,8,6.5,13,3,2
6,6,6,6,6.0,12,0,5
4,3,3,4,3.5,7,1,2
4,1,1,4,2.5,5,3,0
11,3,3,11,7.0,14,8,2
5,7,5,7,6.0,12,2,3
6,4,4,6,5.0,10,2,1
12,22,12,22,17.0,34,10,11
11,15,11,15,13.0,26,4,9
1,6,1,6,3.5,7,5,0
24,23,23,24,23.5,47,1,18
8,9,8,9,8.5,17,1,4
5,5,5,5,5.0,10,0,4
22,24,22,24,23.0,46,2,19
19,19,19,19,19.0,38,0,18
4,1,1,4,2.5,5,3,0
11,12,11,12,11.5,23,1,8
3,26,3,26,14.5,29,23,2
10,10,10,10,10.0,20,0,9
9,1,1,9,5.0,10,8,0
4,2,2,4,3.0,6,2,1
5,5,5,5,5.0,10,0,3
6,6,6,6,6.0,12,0,5
19,13,13,19,16.0,32,6,12
13,15,13,15,14.0,28,2,10
4,2,2,4,3.0,6,2,1
7,11,7,11,9.0,18,4,5
19,19,19,19,19.0,38,0,12
14,21,14,21,17.5,35,7,12
4,1,1,4,2.5,5,3,0
10,8,8,10,9.0,18,2,7
1,13,1,13,7.0,14,12,0
8,8,8,8,8.0,16,0,7
6,2,2,6,4.0,8,4,1
5,1,1,5,3.0,6,4,0
6,4,4,6,5.0,10,2,2
1,7,1,7,4.0,8,6,0
4,1,1,4,2.5,5,3,0
14,25,14,25,19.5,39,11,12
6,1,1,6,3.5,7,5,0
4,4,4,4,4.0,8,0,3
1,10,1,10,5.5,11,9,0
45,25,25,45,35.0,70,20,24
7,1,1,7,4.0,8,6,0
2,5,2,5,3.5,7,3,1
7,2,2,7,4.5,9,5,0
4,1,1,4,2.5,5,3,0
24,24,24,24,24.0,48,0,23
1,7,1,7,4.0,8,6,0
1,5,1,5,3.0,6,4,0
14,25,14,25,19.5,39,11,12
7,6,6,7,6.5,13,1,5
49,43,43,49,46.0,92,6,35
5,7,5,7,6.0,12,2,4
6,1,1,6,3.5,7,5,0
13,12,12,13,12.5,25,1,10
1,4,1,4,2.5,5,3,0
4,4,4,4,4.0,8,0,3
9,21,9,21,15.0,30,12,7
4,1,1,4,2.5,5,3,0
8,9,8,9,8.5,17,1,7
7,1,1,7,4.0,8,6,0
7,2,2,7,4.5,9,5,0
6,5,5,6,5.5,11,1,2
44,12,12,44,28.0,56,32,10
1,7,1,7,4.0,8,6,0
6,6,6,6,6.0,12,0,3
12,13,12,13,12.5,25,1,9
1,7,1,7,4.0,8,6,0
25,15,15,25,20.0,40,10,13
9,3,3,9,6.0,12,6,2
5,1,1,5,3.0,6,4,0
1,4,1,4,2.5,5,3,0
23,23,23,23,23.0,46,0,21
5,1,1,5,3.0,6,4,0
4,4,4,4,4.0,8,0,3
12,1,1,12,6.5,13,11,0
4,1,1,4,2.5,5,3,0
1,6,1,6,3.5,7,5,0
1,18,1,18,9.5,19,17,0
29,23,23,29,26.0,52,6,20
4,1,1,4,2.5,5,3,0
1,8,1,8,4.5,9,7,0
5,2,2,5,3.5,7,3,0
9,9,9,9,9.0,18,0,7
5,5,5,5,5.0,10,0,4
45,46,45,46,45.5,91,1,33
21,10,10,21,15.5,31,11,8
27,19,19,27,23.0,46,8,18
3,4,3,4,3.5,7,1,2
1,11,1,11,6.0,12,10,0
19,24,19,24,21.5,43,5,16
6,2,2,6,4.0,8,4,0
4,4,4,4,4.0,8,0,3
5,5,5,5,5.0,10,0,2
4,1,1,4,2.5,5,3,0
11,14,11,14,12.5,25,3,10
5,1,1,5,3.0,6,4,0
4,1,1,4,2.5,5,3,0
1,5,1,5,3.0,6,4,0
49,40,40,49,44.5,89,9,32
26,26,26,26,26.0,52,0,25
6,55,6,55,30.5,61,49,0
5,1,1,5,3.0,6,4,0
7,9,7,9,8.0,16,2,0
47,28,28,47,37.5,75,19,25
2,23,2,23,12.5,25,21,0
4,7,4,7,5.5,11,3,3
1,6,1,6,3.5,7,5,0
1,6,1,6,3.5,7,5,0
33,18,18,33,25.5,51,15,16
25,31,25,31,28.0,56,6,24
41,42,41,42,41.5,83,1,40
12,12,12,12,12.0,24,0,11
11,12,11,12,11.5,23,1,9
1,7,1,7,4.0,8,6,0
8,11,8,11,9.5,19,3,6
8,8,8,8,8.0,16,0,7
4,2,2,4,3.0,6,2,1
1,4,1,4,2.5,5,3,0
7,1,1,7,4.0,8,6,0
4,14,4,14,9.0,18,10,2
2,14,2,14,8.0,16,12,0
8,2,2,8,5.0,10,6,1
6,9,6,9,7.5,15,3,5
12,7,7,12,9.5,19,5,5
20,12,12,20,16.0,32,8,11
22,8,8,22,15.0,30,14,3
10,12,10,12,11.0,22,2,8
11,7,7,11,9.0,18,4,5
7,6,6,7,6.5,13,1,5
8,1,1,8,4.5,9,7,0
6,5,5,6,5.5,11,1,3
5,5,5,5,5.0,10,0,4
17,23,17,23,20.0,40,6,12
5,6,5,6,5.5,11,1,4
8,8,8,8,8.0,16,0,5
24,20,20,24,22.0,44,4,14
1,7,1,7,4.0,8,6,0
11,11,11,11,11.0,22,0,10
25,24,24,25,24.5,49,1,18
4,1,1,4,2.5,5,3,0
1,8,1,8,4.5,9,7,0
1,4,1,4,2.5,5,3,0
7,14,7,14,10.5,21,7,6
5,6,5,6,5.5,11,1,3
5,6,5,6,5.5,11,1,0
17,9,9,17,13.0,26,8,7
2,4,2,4,3.0,6,2,1
13,14,13,14,13.5,27,1,11
5,1,1,5,3.0,6,4,0
15,25,15,25,20.0,40,10,10
8,5,5,8,6.5,13,3,1
31,42,31,42,36.5,73,11,24
1,4,1,4,2.5,5,3,0
5,5,5,5,5.0,10,0,4
1,5,1,5,3.0,6,4,0
1,10,1,10,5.5,11,9,0
1,4,1,4,2.5,5,3,0
5,1,1,5,3.0,6,4,0
1,49,1,49,25.0,50,48,0
10,8,8,10,9.0,18,2,7
7,1,1,7,4.0,8,6,0
4,5,4,5,4.5,9,1,3
22,17,17,22,19.5,39,5,14
1,5,1,5,3.0,6,4,0
6,7,6,7,6.5,13,1,5
5,5,5,5,5.0,10,0,3
4,4,4,4,4.0,8,0,3
8,41,8,41,24.5,49,33,5
4,4,4,4,4.0,8,0,0
10,12,10,12,11.0,22,2,7
12,10,10,12,11.0,22,2,9
6,1,1,6,3.5,7,5,0
4,6,4,6,5.0,10,2,3
5,2,2,5,3.5,7,3,1
9,13,9,13,11.0,22,4,8
7,1,1,7,4.0,8,6,0
15,21,15,21,18.0,36,6,14
4,1,1,4,2.5,5,3,0
1,5,1,5,3.0,6,4,0
5,2,2,5,3.5,7,3,1
6,7,6,7,6.5,13,1,4
2,4,2,4,3.0,6,2,1
1,8,1,8,4.5,9,7,0
2,5,2,5,3.5,7,3,1
1,8,1,8,4.5,9,7,0
20,20,20,20,20.0,40,0,19
1,4,1,4,2.5,5,3,0
4,5,4,5,4.5,9,1,2
7,8,7,8,7.5,15,1,6
1,4,1,4,2.5,5,3,0
10,9,9,10,9.5,19,1,8
18,17,17,18,17.5,35,1,8
18,15,15,18,16.5,33,3,11
15,13,13,15,14.0,28,2,12
14,23,14,23,18.5,37,9,13
1,4,1,4,2.5,5,3,0
2,16,2,16,9.0,18,14,0
18,1,1,18,9.5,19,17,0
8,6,6,8,7.0,14,2,3
9,12,9,12,10.5,21,3,8
1,9,1,9,5.0,10,8,0
10,18,10,18,14.0,28,8,9
4,5,4,5,4.5,9,1,0
13,14,13,14,13.5,27,1,9
25,19,19,25,22.0,44,6,11
5,8,5,8,6.5,13,3,3
9,7,7,9,8.0,16,2,6
4,1,1,4,2.5,5,3,0
4,4,4,4,4.0,8,0,3
5,1,1,5,3.0,6,4,0
7,39,7,39,23.0,46,32,5
2,4,2,4,3.0,6,2,1
1,20,1,20,10.5,21,19,0
12,11,11,12,11.5,23,1,10
4,4,4,4,4.0,8,0,2
13,10,10,13,11.5,23,3,9
5,2,2,5,3.5,7,3,0
4,1,1,4,2.5,5,3,0
12,12,12,12,12.0,24,0,7
2,4,2,4,3.0,6,2,1
5,1,1,5,3.0,6,4,0
5,4,4,5,4.5,9,1,3
8,7,7,8,7.5,15,1,6
6,1,1,6,3.5,7,5,0
8,2,2,8,5.0,10,6,1
1,6,1,6,3.5,7,5,0
9,26,9,26,17.5,35,17,8
5,6,5,6,5.5,11,1,3
9,10,9,10,9.5,19,1,8
8,6,6,8,7.0,14,2,2
9,8,8,9,8.5,17,1,2
3,5,3,5,4.0,8,2,2
1,27,1,27,14.0,28,26,0
1,5,1,5,3.0,6,4,0
5,4,4,5,4.5,9,1,3
1,4,1,4,2.5,5,3,0
5,2,2,5,3.5,7,3,0
4,1,1,4,2.5,5,3,0
8,6,6,8,7.0,14,2,5
43,36,36,43,39.5,79,7,30
10,7,7,10,8.5,17,3,6
36,40,36,40,38.0,76,4,29
5,4,4,5,4.5,9,1,0
6,2,2,6,4.0,8,4,0
1,4,1,4,2.5,5,3,0
10,12,10,12,11.0,22,2,9
1,4,1,4,2.5,5,3,0
12,14,12,14,13.0,26,2,11
9,6,6,9,7.5,15,3,5
18,28,18,28,23.0,46,10,14
22,19,19,22,20.5,41,3,17
2,5,2,5,3.5,7,3,1
14,27,14,27,20.5,41,13,7
1,52,1,52,26.5,53,51,0
1,4,1,4,2.5,5,3,0
1,11,1,11,6.0,12,10,0
10,4,4,10,7.0,14,6,3
32,36,32,36,34.0,68,4,31
13,14,13,14,13.5,27,1,12
2,5,2,5,3.5,7,3,1
4,1,1,4,2.5,5,3,0
4,7,4,7,5.5,11,3,2
11,1,1,11,6.0,12,10,0
10,9,9,10,9.5,19,1,8
7,1,1,7,4.0,8,6,0
4,6,4,6,5.0,10,2,3
6,1,1,6,3.5,7,5,0
8,5,5,8,6.5,13,3,4
3,22,3,22,12.5,25,19,1
4,1,1,4,2.5,5,3,0
4,4,4,4,4.0,8,0,3
2,18,2,18,10.0,20,16,1
1,6,1,6,3.5,7,5,0
17,13,13,17,15.0,30,4,8
12,12,12,12,12.0,24,0,11
19,1,1,19,10.0,20,18,0
6,12,6,12,9.0,18,6,5
5,1,1,5,3.0,6,4,0
4,4,4,4,4.0,8,0,3
5,1,1,5,3.0,6,4,0
4,1,1,4,2.5,5,3,0
5,4,4,5,4.5,9,1,3
12,12,12,12,12.0,24,0,11
5,1,1,5,3.0,6,4,0
12,19,12,19,15.5,31,7,10
1,9,1,9,5.0,10,8,0
7,10,7,10,8.5,17,3,5
1,7,1,7,4.0,8,6,0
10,17,10,17,13.5,27,7,8
5,5,5,5,5.0,10,0,4
25,28,25,28,26.5,53,3,21
4,1,1,4,2.5,5,3,0
3,4,3,4,3.5,7,1,1
2,4,2,4,3.0,6,2,0
10,5,5,10,7.5,15,5,3
16,28,16,28,22.0,44,12,15
2,4,2,4,3.0,6,2,1
8,10,8,10,9.0,18,2,7
8,11,8,11,9.5,19,3,6
8,1,1,8,4.5,9,7,0
7,8,7,8,7.5,15,1,6
11,6,6,11,8.5,17,5,5
5,1,1,5,3.0,6,4,0
14,13,13,14,13.5,27,1,12
1,8,1,8,4.5,9,7,0
14,5,5,14,9.5,19,9,2
12,8,8,12,10.0,20,4,6
4,1,1,4,2.5,5,3,0
54,40,40,54,47.0,94,14,38
8,8,8,8,8.0,16,0,7
20,21,20,21,20.5,41,1,12
1,5,1,5,3.0,6,4,0
6,5,5,6,5.5,11,1,4
6,8,6,8,7.0,14,2,4
1,4,1,4,2.5,5,3,0
49,26,26,49,37.5,75,23,23
1,5,1,5,3.0,6,4,0
11,11,11,11,11.0,22,0,10
4,1,1,4,2.5,5,3,0
5,1,1,5,3.0,6,4,0
11,16,11,16,13.5,27,5,4
5,5,5,5,5.0,10,0,4
1,39,1,39,20.0,40,38,0
3,7,3,7,5.0,10,4,1
1,7,1,7,4.0,8,6,0
1,5,1,5,3.0,6,4,0
32,33,32,33,32.5,65,1,26
18,16,16,18,17.0,34,2,15
8,9,8,9,8.5,17,1,7
1,5,1,5,3.0,6,4,0
15,14,14,15,14.5,29,1,13
15,13,13,15,14.0,28,2,9
1,5,1,5,3.0,6,4,0
2,8,2,8,5.0,10,6,1
1,22,1,22,11.5,23,21,0
8,8,8,8,8.0,16,0,7
1,5,1,5,3.0,6,4,0
22,20,20,22,21.0,42,2,19
32,18,18,32,25.0,50,14,17
5,11,5,11,8.0,16,6,1
5,10,5,10,7.5,15,5,3
1,4,1,4,2.5,5,3,0
1,7,1,7,4.0,8,6,0
3,4,3,4,3.5,7,1,2
8,9,8,9,8.5,17,1,7
25,14,14,25,19.5,39,11,7
31,6,6,31,18.5,37,25,4
4,6,4,6,5.0,10,2,3
6,5,5,6,5.5,11,1,4
8,9,8,9,8.5,17,1,7
17,3,3,17,10.0,20,14,0
5,1,1,5,3.0,6,4,0
4,1,1,4,2.5,5,3,0
1,5,1,5,3.0,6,4,0
1,4,1,4,2.5,5,3,0
1,7,1,7,4.0,8,6,0
6,6,6,6,6.0,12,0,5
1,18,1,18,9.5,19,17,0
1,4,1,4,2.5,5,3,0
25,40,25,40,32.5,65,15,21
5,6,5,6,5.5,11,1,4
1,13,1,13,7.0,14,12,0
1,5,1,5,3.0,6,4,0
19,17,17,19,18.0,36,2,16
8,6,6,8,7.0,14,2,4
1,6,1,6,3.5,7,5,0
17,16,16,17,16.5,33,1,9
4,1,1,4,2.5,5,3,0
18,32,18,32,25.0,50,14,16
7,7,7,7,7.0,14,0,5
6,1,1,6,3.5,7,5,0
12,6,6,12,9.0,18,6,1
11,13,11,13,12.0,24,2,9
4,1,1,4,2.5,5,3,0
4,5,4,5,4.5,9,1,2
8,10,8,10,9.0,18,2,7
4,2,2,4,3.0,6,2,0
1,4,1,4,2.5,5,3,0
1,7,1,7,4.0,8,6,0
1,4,1,4,2.5,5,3,0
7,6,6,7,6.5,13,1,5
5,1,1,5,3.0,6,4,0
4,1,1,4,2.5,5,3,0
1,6,1,6,3.5,7,5,0
27,39,27,39,33.0,66,12,23
7,9,7,9,8.0,16,2,5
4,1,1,4,2.5,5,3,0
4,1,1,4,2.5,5,3,0
6,1,1,6,3.5,7,5,0
7,2,2,7,4.5,9,5,0
1,8,1,8,4.5,9,7,0
4,1,1,4,2.5,5,3,0
10,8,8,10,9.0,18,2,7
15,2,2,15,8.5,17,13,1
8,15,8,15,11.5,23,7,4
4,1,1,4,2.5,5,3,0
4,1,1,4,2.5,5,3,0
9,10,9,10,9.5,19,1,8
45,88,45,88,66.5,133,43,30
28,34,28,34,31.0,62,6,15
2,4,2,4,3.0,6,2,1
5,5,5,5,5.0,10,0,4
8,1,1,8,4.5,9,7,0
1,20,1,20,10.5,21,19,0
5,1,1,5,3.0,6,4,0
12,7,7,12,9.5,19,5,0
6,30,6,30,18.0,36,24,4
2,4,2,4,3.0,6,2,1
41,5,5,41,23.0,46,36,3
8,12,8,12,10.0,20,4,4
6,6,6,6,6.0,12,0,5
4,3,3,4,3.5,7,1,2
18,14,14,18,16.0,32,4,7
12,4,4,12,8.0,16,8,1
29,46,29,46,37.5,75,17,26
22,6,6,22,14.0,28,16,5
2,5,2,5,3.5,7,3,1
15,14,14,15,14.5,29,1,13
1,9,1,9,5.0,10,8,0
1,5,1,5,3.0,6,4,0
30,9,9,30,19.5,39,21,3
12,13,12,13,12.5,25,1,10
7,11,7,11,9.0,18,4,2
4,4,4,4,4.0,8,0,3
5,4,4,5,4.5,9,1,2
2,5,2,5,3.5,7,3,1
6,1,1,6,3.5,7,5,0
4,1,1,4,2.5,5,3,0
8,9,8,9,8.5,17,1,6
7,1,1,7,4.0,8,6,0
4,2,2,4,3.0,6,2,0
5,1,1,5,3.0,6,4,0
7,1,1,7,4.0,8,6,0
11,9,9,11,10.0,20,2,6
1,17,1,17,9.0,18,16,0
9,8,8,9,8.5,17,1,6
1,5,1,5,3.0,6,4,0
13,21,13,21,17.0,34,8,8
4,5,4,5,4.5,9,1,3
5,6,5,6,5.5,11,1,1
4,1,1,4,2.5,5,3,0
1,5,1,5,3.0,6,4,0
1,5,1,5,3.0,6,4,0
1,5,1,5,3.0,6,4,0
1,6,1,6,3.5,7,5,0
2,21,2,21,11.5,23,19,0
1,5,1,5,3.0,6,4,0
14,9,9,14,11.5,23,5,6
10,25,10,25,17.5,35,15,8
4,5,4,5,4.5,9,1,3
1,8,1,8,4.5,9,7,0
21,10,10,21,15.5,31,11,9
8,1,1,8,4.5,9,7,0
4,4,4,4,4.0,8,0,2
6,2,2,6,4.0,8,4,0
6,7,6,7,6.5,13,1,4
1,55,1,55,28.0,56,54,0
9,1,1,9,5.0,10,8,0
14,3,3,14,8.5,17,11,2
23,22,22,23,22.5,45,1,20
5,1,1,5,3.0,6,4,0
1,4,1,4,2.5,5,3,0
8,13,8,13,10.5,21,5,1
6,6,6,6,6.0,12,0,4
6,1,1,6,3.5,7,5,0
35,17,17,35,26.0,52,18,15
5,7,5,7,6.0,12,2,4
2,12,2,12,7.0,14,10,0
8,8,8,8,8.0,16,0,7
6,5,5,6,5.5,11,1,4
5,1,1,5,3.0,6,4,0
5,5,5,5,5.0,10,0,4
5,1,1,5,3.0,6,4,0
21,18,18,21,19.5,39,3,17
5,1,1,5,3.0,6,4,0
7,6,6,7,6.5,13,1,3
4,4,4,4,4.0,8,0,3
9,5,5,9,7.0,14,4,4
4,4,4,4,4.0,8,0,3
12,11,11,12,11.5,23,1,10
10,12,10,12,11.0,22,2,9
1,15,1,15,8.0,16,14,0
4,28,4,28,16.0,32,24,0
11,18,11,18,14.5,29,7,5
5,6,5,6,5.5,11,1,2
38,41,38,41,39.5,79,3,33
31,10,10,31,20.5,41,21,3
4,4,4,4,4.0,8,0,3
42,29,29,42,35.5,71,13,25
1,7,1,7,4.0,8,6,0
10,10,10,10,10.0,20,0,7
6,4,4,6,5.0,10,2,3
4,1,1,4,2.5,5,3,0
1,4,1,4,2.5,5,3,0
5,2,2,5,3.5,7,3,1
48,16,16,48,32.0,64,32,12
5,1,1,5,3.0,6,4,0
5,1,1,5,3.0,6,4,0
9,21,9,21,15.0,30,12,7
1,40,1,40,20.5,41,39,0
13,14,13,14,13.5,27,1,12
16,1,1,16,8.5,17,15,0
15,15,15,15,15.0,30,0,14
4,1,1,4,2.5,5,3,0
5,2,2,5,3.5,7,3,1
1,5,1,5,3.0,6,4,0
13,12,12,13,12.5,25,1,11
5,1,1,5,3.0,6,4,0
11,2,2,11,6.5,13,9,1
27,24,24,27,25.5,51,3,23
7,4,4,7,5.5,11,3,3
5,9,5,9,7.0,14,4,2
12,19,12,19,15.5,31,7,10
15,12,12,15,13.5,27,3,11
11,11,11,11,11.0,22,0,8
7,1,1,7,4.0,8,6,0
1,8,1,8,4.5,9,7,0
12,8,8,12,10.0,20,4,6
2,146,2,146,74.0,148,144,0
6,5,5,6,5.5,11,1,3
5,7,5,7,6.0,12,2,2
1,7,1,7,4.0,8,6,0
13,14,13,14,13.5,27,1,12
36,11,11,36,23.5,47,25,6
4,4,4,4,4.0,8,0,3
9,9,9,9,9.0,18,0,7
10,13,10,13,11.5,23,3,9
6,7,6,7,6.5,13,1,5
1,5,1,5,3.0,6,4,0
12,1,1,12,6.5,13,11,0
13,12,12,13,12.5,25,1,11
8,1,1,8,4.5,9,7,0
1,5,1,5,3.0,6,4,0
15,1,1,15,8.0,16,14,0
6,6,6,6,6.0,12,0,5
38,49,38,49,43.5,87,11,32
8,7,7,8,7.5,15,1,6
18,12,12,18,15.0,30,6,10
1,4,1,4,2.5,5,3,0
4,1,1,4,2.5,5,3,0
4,1,1,4,2.5,5,3,0
54,34,34,54,44.0,88,20,25
6,2,2,6,4.0,8,4,1
4,1,1,4,2.5,5,3,0
7,8,7,8,7.5,15,1,5
27,28,27,28,27.5,55,1,26
10,1,1,10,5.5,11,9,0
14,13,13,14,13.5,27,1,12
4,4,4,4,4.0,8,0,0
9,12,9,12,10.5,21,3,3
1,7,1,7,4.0,8,6,0
26,1,1,26,13.5,27,25,0
10,11,10,11,10.5,21,1,9
5,2,2,5,3.5,7,3,1
24,21,21,24,22.5,45,3,17
12,10,10,12,11.0,22,2,0
8,1,1,8,4.5,9,7,0
1,11,1,11,6.0,12,10,0
10,31,10,31,20.5,41,21,8
5,4,4,5,4.5,9,1,3
9,5,5,9,7.0,14,4,4
31,32,31,32,31.5,63,1,29
12,15,12,15,13.5,27,3,6
9,8,8,9,8.5,17,1,6
4,2,2,4,3.0,6,2,0
1,30,1,30,15.5,31,29,0
6,5,5,6,5.5,11,1,0
13,19,13,19,16.0,32,6,12
4,5,4,5,4.5,9,1,3
2,7,2,7,4.5,9,5,0
43,25,25,43,34.0,68,18,22
6,6,6,6,6.0,12,0,5
6,1,1,6,3.5,7,5,0
14,15,14,15,14.5,29,1,11
10,7,7,10,8.5,17,3,5
4,11,4,11,7.5,15,7,0
9,10,9,10,9.5,19,1,3
4,1,1,4,2.5,5,3,0
1,5,1,5,3.0,6,4,0
4,1,1,4,2.5,5,3,0
1,11,1,11,6.0,12,10,0
1,4,1,4,2.5,5,3,0
4,1,1,4,2.5,5,3,0
2,19,2,19,10.5,21,17,1
9,10,9,10,9.5,19,1,8
5,8,5,8,6.5,13,3,4
5,12,5,12,8.5,17,7,3
36,31,31,36,33.5,67,5,28
14,7,7,14,10.5,21,7,6
12,25,12,25,18.5,37,13,7
7,7,7,7,7.0,14,0,6
5,1,1,5,3.0,6,4,0
5,8,5,8,6.5,13,3,2
5,7,5,7,6.0,12,2,4
17,1,1,17,9.0,18,16,0
12,1,1,12,6.5,13,11,0
9,1,1,9,5.0,10,8,0
2,4,2,4,3.0,6,2,0
10,9,9,10,9.5,19,1,5
1,4,1,4,2.5,5,3,0
4,1,1,4,2.5,5,3,0
8,11,8,11,9.5,19,3,6
4,1,1,4,2.5,5,3,0
9,1,1,9,5.0,10,8,0
3,6,3,6,4.5,9,3,2
6,2,2,6,4.0,8,4,0
8,8,8,8,8.0,16,0,7
8,7,7,8,7.5,15,1,5
40,10,10,40,25.0,50,30,9
10,1,1,10,5.5,11,9,0
15,17,15,17,16.0,32,2,10
12,1,1,12,6.5,13,11,0
5,1,1,5,3.0,6,4,0
4,1,1,4,2.5,5,3,0
4,5,4,5,4.5,9,1,3
27,27,27,27,27.0,54,0,26
6,1,1,6,3.5,7,5,0
1,7,1,7,4.0,8,6,0
24,1,1,24,12.5,25,23,0
4,8,4,8,6.0,12,4,2
2,8,2,8,5.0,10,6,0
43,34,34,43,38.5,77,9,27
1,4,1,4,2.5,5,3,0
2,5,2,5,3.5,7,3,1
21,20,20,21,20.5,41,1,18
8,6,6,8,7.0,14,2,5
12,12,12,12,12.0,24,0,1
18,9,9,18,13.5,27,9,8
16,13,13,16,14.5,29,3,12
45,42,42,45,43.5,87,3,31
4,2,2,4,3.0,6,2,1
1,4,1,4,2.5,5,3,0
2,11,2,11,6.5,13,9,0
15,23,15,23,19.0,38,8,14
2,6,2,6,4.0,8,4,1
29,23,23,29,26.0,52,6,22
8,4,4,8,6.0,12,4,2
19,21,19,21,20.0,40,2,18
5,2,2,5,3.5,7,3,1
31,5,5,31,18.0,36,26,4
1,77,1,77,39.0,78,76,0
34,39,34,39,36.5,73,5,8
31,27,27,31,29.0,58,4,26
10,8,8,10,9.0,18,2,6
5,1,1,5,3.0,6,4,0
4,4,4,4,4.0,8,0,3
1,5,1,5,3.0,6,4,0
6,7,6,7,6.5,13,1,5
25,21,21,25,23.0,46,4,20
10,10,10,10,10.0,20,0,8
6,4,4,6,5.0,10,2,2
15,8,8,15,11.5,23,7,5
1,5,1,5,3.0,6,4,0
27,26,26,27,26.5,53,1,25
5,8,5,8,6.5,13,3,3
14,25,14,25,19.5,39,11,12
2,4,2,4,3.0,6,2,0
4,3,3,4,3.5,7,1,2
1,17,1,17,9.0,18,16,0
25,16,16,25,20.5,41,9,13
13,10,10,13,11.5,23,3,8
4,1,1,4,2.5,5,3,0
8,1,1,8,4.5,9,7,0
6,1,1,6,3.5,7,5,0
1,65,1,65,33.0,66,64,0
1,4,1,4,2.5,5,3,0
24,25,24,25,24.5,49,1,20
17,13,13,17,15.0,30,4,12
7,8,7,8,7.5,15,1,6
9,1,1,9,5.0,10,8,0
1,30,1,30,15.5,31,29,0
4,12,4,12,8.0,16,8,0
18,14,14,18,16.0,32,4,12
16,26,16,26,21.0,42,10,0
4,2,2,4,3.0,6,2,1
5,5,5,5,5.0,10,0,4
4,4,4,4,4.0,8,0,3
10,10,10,10,10.0,20,0,9
1,4,1,4,2.5,5,3,0
1,6,1,6,3.5,7,5,0
6,1,1,6,3.5,7,5,0
5,6,5,6,5.5,11,1,3
1,6,1,6,3.5,7,5,0
2,4,2,4,3.0,6,2,1
6,2,2,6,4.0,8,4,1
5,1,1,5,3.0,6,4,0
42,48,42,48,45.0,90,6,33
6,2,2,6,4.0,8,4,1
1,4,1,4,2.5,5,3,0
26,1,1,26,13.5,27,25,0
8,1,1,8,4.5,9,7,0
11,11,11,11,11.0,22,0,10
1,4,1,4,2.5,5,3,0
7,17,7,17,12.0,24,10,0
3,5,3,5,4.0,8,2,2
19,21,19,21,20.0,40,2,18
1,8,1,8,4.5,9,7,0
4,1,1,4,2.5,5,3,0
5,1,1,5,3.0,6,4,0
7,4,4,7,5.5,11,3,1
9,1,1,9,5.0,10,8,0
8,7,7,8,7.5,15,1,2
9,7,7,9,8.0,16,2,5
10,1,1,10,5.5,11,9,0
19,1,1,19,10.0,20,18,0
1,6,1,6,3.5,7,5,0
23,24,23,24,23.5,47,1,14
5,4,4,5,4.5,9,1,3
9,8,8,9,8.5,17,1,7
4,10,4,10,7.0,14,6,3
11,15,11,15,13.0,26,4,9
4,3,3,4,3.5,7,1,2
4,6,4,6,5.0,10,2,3
1,4,1,4,2.5,5,3,0
5,1,1,5,3.0,6,4,0
6,1,1,6,3.5,7,5,0
1,5,1,5,3.0,6,4,0
1,4,1,4,2.5,5,3,0
14,15,14,15,14.5,29,1,11
5,5,5,5,5.0,10,0,4
33,25,25,33,29.0,58,8,17
17,14,14,17,15.5,31,3,12
23,20,20,23,21.5,43,3,18
6,3,3,6,4.5,9,3,2
4,1,1,4,2.5,5,3,0
9,7,7,9,8.0,16,2,4
1,11,1,11,6.0,12,10,0
5,5,5,5,5.0,10,0,4
12,11,11,12,11.5,23,1,6
8,1,1,8,4.5,9,7,0
18,13,13,18,15.5,31,5,12
5,4,4,5,4.5,9,1,3
3,4,3,4,3.5,7,1,2
1,43,1,43,22.0,44,42,0
15,19,15,19,17.0,34,4,12
16,13,13,16,14.5,29,3,9
8,5,5,8,6.5,13,3,3
29,33,29,33,31.0,62,4,27
5,5,5,5,5.0,10,0,3
4,3,3,4,3.5,7,1,2
10,1,1,10,5.5,11,9,0
3,4,3,4,3.5,7,1,2
4,1,1,4,2.5,5,3,0
1,5,1,5,3.0,6,4,0
8,1,1,8,4.5,9,7,0
4,1,1,4,2.5,5,3,0
1,4,1,4,2.5,5,3,0
50,44,44,50,47.0,94,6,26
3,8,3,8,5.5,11,5,2
1,4,1,4,2.5,5,3,0
10,13,10,13,11.5,23,3,9
9,8,8,9,8.5,17,1,7
8,6,6,8,7.0,14,2,2
5,1,1,5,3.0,6,4,0
6,8,6,8,7.0,14,2,5
26,22,22,26,24.0,48,4,21
6,6,6,6,6.0,12,0,4
2,4,2,4,3.0,6,2,1
5,5,5,5,5.0,10,0,4
4,1,1,4,2.5,5,3,0
1,6,1,6,3.5,7,5,0
4,1,1,4,2.5,5,3,0
1,4,1,4,2.5,5,3,0
1,8,1,8,4.5,9,7,0
1,5,1,5,3.0,6,4,0
5,6,5,6,5.5,11,1,3
8,4,4,8,6.0,12,4,3
1,7,1,7,4.0,8,6,0
4,4,4,4,4.0,8,0,3
23,20,20,23,21.5,43,3,18
6,9,6,9,7.5,15,3,2
26,26,26,26,26.0,52,0,25
5,4,4,5,4.5,9,1,3
6,6,6,6,6.0,12,0,5
1,5,1,5,3.0,6,4,0
1,105,1,105,53.0,106,104,0
4,1,1,4,2.5,5,3,0
4,2,2,4,3.0,6,2,1
5,1,1,5,3.0,6,4,0
20,18,18,20,19.0,38,2,15
8,8,8,8,8.0,16,0,7
5,1,1,5,3.0,6,4,0
9,28,9,28,18.5,37,19,3
12,1,1,12,6.5,13,11,0
1,4,1,4,2.5,5,3,0
10,12,10,12,11.0,22,2,9
4,4,4,4,4.0,8,0,2
22,32,22,32,27.0,54,10,21
3,8,3,8,5.5,11,5,2
4,4,4,4,4.0,8,0,3
10,4,4,10,7.0,14,6,3
7,5,5,7,6.0,12,2,4
1,5,1,5,3.0,6,4,0
5,1,1,5,3.0,6,4,0
29,48,29,48,38.5,77,19,28
15,6,6,15,10.5,21,9,5
9,4,4,9,6.5,13,5,2
4,4,4,4,4.0,8,0,2
26,34,26,34,30.0,60,8,23
2,7,2,7,4.5,9,5,1
2,24,2,24,13.0,26,22,0
7,1,1,7,4.0,8,6,0
6,5,5,6,5.5,11,1,4
22,25,22,25,23.5,47,3,20
4,1,1,4,2.5,5,3,0
4,2,2,4,3.0,6,2,0
22,21,21,22,21.5,43,1,20
20,13,13,20,16.5,33,7,11
4,2,2,4,3.0,6,2,0
4,1,1,4,2.5,5,3,0
1,5,1,5,3.0,6,4,0
7,6,6,7,6.5,13,1,3
2,15,2,15,8.5,17,13,1
7,1,1,7,4.0,8,6,0
17,7,7,17,12.0,24,10,6
5,4,4,5,4.5,9,1,0
2,105,2,105,53.5,107,103,0
3,4,3,4,3.5,7,1,2
12,1,1,12,6.5,13,11,0
1,5,1,5,3.0,6,4,0
1,4,1,4,2.5,5,3,0
1,4,1,4,2.5,5,3,0
9,1,1,9,5.0,10,8,0
42,15,15,42,28.5,57,27,11
20,31,20,31,25.5,51,11,19
4,1,1,4,2.5,5,3,0
1,10,1,10,5.5,11,9,0
7,6,6,7,6.5,13,1,4
5,5,5,5,5.0,10,0,0
10,7,7,10,8.5,17,3,3
2,8,2,8,5.0,10,6,1
20,22,20,22,21.0,42,2,18
1,7,1,7,4.0,8,6,0
1,5,1,5,3.0,6,4,0
8,10,8,10,9.0,18,2,6
4,6,4,6,5.0,10,2,0
2,4,2,4,3.0,6,2,1
4,1,1,4,2.5,5,3,0
1,4,1,4,2.5,5,3,0
21,21,21,21,21.0,42,0,20
13,13,13,13,13.0,26,0,12
5,4,4,5,4.5,9,1,3
4,6,4,6,5.0,10,2,2
1,5,1,5,3.0,6,4,0
39,40,39,40,39.5,79,1,31
1,33,1,33,17.0,34,32,0
5,5,5,5,5.0,10,0,4
4,2,2,4,3.0,6,2,0
19,18,18,19,18.5,37,1,17
25,24,24,25,24.5,49,1,18
4,7,4,7,5.5,11,3,3
2,5,2,5,3.5,7,3,0
1,5,1,5,3.0,6,4,0
14,11,11,14,12.5,25,3,10
4,5,4,5,4.5,9,1,0
10,8,8,10,9.0,18,2,4
5,3,3,5,4.0,8,2,2
7,1,1,7,4.0,8,6,0
1,4,1,4,2.5,5,3,0
7,1,1,7,4.0,8,6,0
4,1,1,4,2.5,5,3,0
9,15,9,15,12.0,24,6,8
5,2,2,5,3.5,7,3,0
7,5,5,7,6.0,12,2,4
1,4,1,4,2.5,5,3,0
6,6,6,6,6.0,12,0,5
8,8,8,8,8.0,16,0,7
13,1,1,13,7.0,14,12,0
1,11,1,11,6.0,12,10,0
5,4,4,5,4.5,9,1,3
7,6,6,7,6.5,13,1,4
22,14,14,22,18.0,36,8,10
17,17,17,17,17.0,34,0,16
18,38,18,38,28.0,56,20,14
9,6,6,9,7.5,15,3,5
9,1,1,9,5.0,10,8,0
15,16,15,16,15.5,31,1,14
1,11,1,11,6.0,12,10,0
4,1,1,4,2.5,5,3,0
36,5,5,36,20.5,41,31,3
11,19,11,19,15.0,30,8,10
12,14,12,14,13.0,26,2,8
4,6,4,6,5.0,10,2,3
32,18,18,32,25.0,50,14,14
1,15,1,15,8.0,16,14,0
1,8,1,8,4.5,9,7,0
9,1,1,9,5.0,10,8,0
4,2,2,4,3.0,6,2,1
1,10,1,10,5.5,11,9,0
16,16,16,16,16.0,32,0,13
22,27,22,27,24.5,49,5,19
7,2,2,7,4.5,9,5,0
4,5,4,5,4.5,9,1,2
26,6,6,26,16.0,32,20,2
4,5,4,5,4.5,9,1,3
12,15,12,15,13.5,27,3,9
1,5,1,5,3.0,6,4,0
49,28,28,49,38.5,77,21,24
25,1,1,25,13.0,26,24,0
1,4,1,4,2.5,5,3,0
27,27,27,27,27.0,54,0,26
1,27,1,27,14.0,28,26,0
1,12,1,12,6.5,13,11,0
1,4,1,4,2.5,5,3,0
1,7,1,7,4.0,8,6,0
5,3,3,5,4.0,8,2,2
5,5,5,5,5.0,10,0,1
51,41,41,51,46.0,92,10,24
6,2,2,6,4.0,8,4,1
20,24,20,24,22.0,44,4,17
14,18,14,18,16.0,32,4,8
4,4,4,4,4.0,8,0,2
6,2,2,6,4.0,8,4,1
4,1,1,4,2.5,5,3,0
10,12,10,12,11.0,22,2,8
1,11,1,11,6.0,12,10,0
10,15,10,15,12.5,25,5,6
13,16,13,16,14.5,29,3,9
1,6,1,6,3.5,7,5,0
19,24,19,24,21.5,43,5,16
1,5,1,5,3.0,6,4,0
5,6,5,6,5.5,11,1,4
1,4,1,4,2.5,5,3,0
54,15,15,54,34.5,69,39,8
12,13,12,13,12.5,25,1,11
14,13,13,14,13.5,27,1,12
39,45,39,45,42.0,84,6,30
32,33,32,33,32.5,65,1,31
1,5,1,5,3.0,6,4,0
4,1,1,4,2.5,5,3,0
8,8,8,8,8.0,16,0,7
10,12,10,12,11.0,22,2,8
4,2,2,4,3.0,6,2,0
1,6,1,6,3.5,7,5,0
8,13,8,13,10.5,21,5,7
6,1,1,6,3.5,7,5,0
8,11,8,11,9.5,19,3,5
4,1,1,4,2.5,5,3,0
19,1,1,19,10.0,20,18,0
6,6,6,6,6.0,12,0,5
46,36,36,46,41.0,82,10,32
2,4,2,4,3.0,6,2,1
5,7,5,7,6.0,12,2,1
29,25,25,29,27.0,54,4,21
5,9,5,9,7.0,14,4,4
2,11,2,11,6.5,13,9,0
4,1,1,4,2.5,5,3,0
4,1,1,4,2.5,5,3,0
8,3,3,8,5.5,11,5,1
2,8,2,8,5.0,10,6,1
4,4,4,4,4.0,8,0,2
2,4,2,4,3.0,6,2,1
3,5,3,5,4.0,8,2,0
4,1,1,4,2.5,5,3,0
16,15,15,16,15.5,31,1,11
11,13,11,13,12.0,24,2,10
7,3,3,7,5.0,10,4,2
5,2,2,5,3.5,7,3,1
5,12,5,12,8.5,17,7,3
1,6,1,6,3.5,7,5,0
1,7,1,7,4.0,8,6,0
17,15,15,17,16.0,32,2,13
31,29,29,31,30.0,60,2,26
2,6,2,6,4.0,8,4,1
5,1,1,5,3.0,6,4,0
17,23,17,23,20.0,40,6,15
4,10,4,10,7.0,14,6,3
21,21,21,21,21.0,42,0,18
5,5,5,5,5.0,10,0,4
10,9,9,10,9.5,19,1,6
1,4,1,4,2.5,5,3,0
19,19,19,19,19.0,38,0,18
4,7,4,7,5.5,11,3,3
9,8,8,9,8.5,17,1,7
6,1,1,6,3.5,7,5,0
6,1,1,6,3.5,7,5,0
27,34,27,34,30.5,61,7,23
7,1,1,7,4.0,8,6,0
25,38,25,38,31.5,63,13,19
14,15,14,15,14.5,29,1,11
4,6,4,6,5.0,10,2,3
4,4,4,4,4.0,8,0,3
4,1,1,4,2.5,5,3,0
7,5,5,7,6.0,12,2,4
18,16,16,18,17.0,34,2,11
5,7,5,7,6.0,12,2,3
1,11,1,11,6.0,12,10,0
6,4,4,6,5.0,10,2,3
2,5,2,5,3.5,7,3,1
1,10,1,10,5.5,11,9,0
1,4,1,4,2.5,5,3,0
5,1,1,5,3.0,6,4,0
13,9,9,13,11.0,22,4,8
6,1,1,6,3.5,7,5,0
5,5,5,5,5.0,10,0,4
6,4,4,6,5.0,10,2,2
5,7,5,7,6.0,12,2,3
21,18,18,21,19.5,39,3,14
6,1,1,6,3.5,7,5,0
2,4,2,4,3.0,6,2,1
1,10,1,10,5.5,11,9,0
4,1,1,4,2.5,5,3,0
15,17,15,17,16.0,32,2,13
19,11,11,19,15.0,30,8,10
16,23,16,23,19.5,39,7,11
36,26,26,36,31.0,62,10,24
1,7,1,7,4.0,8,6,0
3,8,3,8,5.5,11,5,2
5,5,5,5,5.0,10,0,4
4,1,1,4,2.5,5,3,0
5,5,5,5,5.0,10,0,4
5,4,4,5,4.5,9,1,3
4,6,4,6,5.0,10,2,0
9,1,1,9,5.0,10,8,0
2,5,2,5,3.5,7,3,1
1,4,1,4,2.5,5,3,0
8,6,6,8,7.0,14,2,5
10,11,10,11,10.5,21,1,8
5,1,1,5,3.0,6,4,0
6,4,4,6,5.0,10,2,2
6,3,3,6,4.5,9,3,2
5,5,5,5,5.0,10,0,1
32,47,32,47,39.5,79,15,30
36,23,23,36,29.5,59,13,22
33,23,23,33,28.0,56,10,15
4,1,1,4,2.5,5,3,0
4,5,4,5,4.5,9,1,2
38,37,37,38,37.5,75,1,31
1,7,1,7,4.0,8,6,0
6,5,5,6,5.5,11,1,4
5,6,5,6,5.5,11,1,3
5,3,3,5,4.0,8,2,0
4,1,1,4,2.5,5,3,0
6,1,1,6,3.5,7,5,0
4,4,4,4,4.0,8,0,0
1,4,1,4,2.5,5,3,0
4,7,4,7,5.5,11,3,0
5,1,1,5,3.0,6,4,0
1,8,1,8,4.5,9,7,0
18,21,18,21,19.5,39,3,14
5,1,1,5,3.0,6,4,0
15,21,15,21,18.0,36,6,14
4,1,1,4,2.5,5,3,0
6,16,6,16,11.0,22,10,4
17,1,1,17,9.0,18,16,0
1,9,1,9,5.0,10,8,0
11,4,4,11,7.5,15,7,3
7,4,4,7,5.5,11,3,3
11,7,7,11,9.0,18,4,6
4,4,4,4,4.0,8,0,0
13,13,13,13,13.0,26,0,12
7,6,6,7,6.5,13,1,2
5,1,1,5,3.0,6,4,0
4,12,4,12,8.0,16,8,3
2,14,2,14,8.0,16,12,0
17,21,17,21,19.0,38,4,14
1,5,1,5,3.0,6,4,0
32,24,24,32,28.0,56,8,19
4,7,4,7,5.5,11,3,3
38,19,19,38,28.5,57,19,18
21,21,21,21,21.0,42,0,18
17,17,17,17,17.0,34,0,11
9,10,9,10,9.5,19,1,6
1,7,1,7,4.0,8,6,0
6,7,6,7,6.5,13,1,5
7,1,1,7,4.0,8,6,0
11,43,11,43,27.0,54,32,9
9,9,9,9,9.0,18,0,6
16,16,16,16,16.0,32,0,13
2,8,2,8,5.0,10,6,0
1,7,1,7,4.0,8,6,0
1,9,1,9,5.0,10,8,0
27,28,27,28,27.5,55,1,26
4,1,1,4,2.5,5,3,0
10,1,1,10,5.5,11,9,0
77,1,1,77,39.0,78,76,0
12,5,5,12,8.5,17,7,4
16,22,16,22,19.0,38,6,15
5,3,3,5,4.0,8,2,2
10,9,9,10,9.5,19,1,5
1,5,1,5,3.0,6,4,0
8,2,2,8,5.0,10,6,0
41,41,41,41,41.0,82,0,39
24,28,24,28,26.0,52,4,15
15,20,15,20,17.5,35,5,12
4,1,1,4,2.5,5,3,0
2,4,2,4,3.0,6,2,1
1,4,1,4,2.5,5,3,0
1,4,1,4,2.5,5,3,0
4,2,2,4,3.0,6,2,1
1,4,1,4,2.5,5,3,0
7,2,2,7,4.5,9,5,0
6,5,5,6,5.5,11,1,4
1,5,1,5,3.0,6,4,0
5,5,5,5,5.0,10,0,4
6,6,6,6,6.0,12,0,5
8,10,8,10,9.0,18,2,7
5,6,5,6,5.5,11,1,4
1,11,1,11,6.0,12,10,0
5,5,5,5,5.0,10,0,1
38,26,26,38,32.0,64,12,24
20,15,15,20,17.5,35,5,12
11,10,10,11,10.5,21,1,9
1,5,1,5,3.0,6,4,0
6,1,1,6,3.5,7,5,0
1,4,1,4,2.5,5,3,0
5,6,5,6,5.5,11,1,4
24,11,11,24,17.5,35,13,9
9,12,9,12,10.5,21,3,8
47,43,43,47,45.0,90,4,42
14,18,14,18,16.0,32,4,8
23,20,20,23,21.5,43,3,18
7,7,7,7,7.0,14,0,5
15,10,10,15,12.5,25,5,7
9,1,1,9,5.0,10,8,0
8,6,6,8,7.0,14,2,2
8,4,4,8,6.0,12,4,3
6,5,5,6,5.5,11,1,4
1,5,1,5,3.0,6,4,0
7,1,1,7,4.0,8,6,0
8,5,5,8,6.5,13,3,3
14,1,1,14,7.5,15,13,0
2,4,2,4,3.0,6,2,1
49,14,14,49,31.5,63,35,10
4,9,4,9,6.5,13,5,3
4,1,1,4,2.5,5,3,0
7,2,2,7,4.5,9,5,0
5,6,5,6,5.5,11,1,3
5,5,5,5,5.0,10,0,4
11,11,11,11,11.0,22,0,7
36,20,20,36,28.0,56,16,18
18,10,10,18,14.0,28,8,8
8,9,8,9,8.5,17,1,7
5,1,1,5,3.0,6,4,0
13,13,13,13,13.0,26,0,10
42,41,41,42,41.5,83,1,40
6,2,2,6,4.0,8,4,1
7,5,5,7,6.0,12,2,4
12,25,12,25,18.5,37,13,11
9,10,9,10,9.5,19,1,8
1,6,1,6,3.5,7,5,0
9,1,1,9,5.0,10,8,0
44,41,41,44,42.5,85,3,38
4,32,4,32,18.0,36,28,0
4,1,1,4,2.5,5,3,0
9,9,9,9,9.0,18,0,8
1,8,1,8,4.5,9,7,0
12,12,12,12,12.0,24,0,10
8,6,6,8,7.0,14,2,2
5,1,1,5,3.0,6,4,0
8,5,5,8,6.5,13,3,4
1,4,1,4,2.5,5,3,0
4,1,1,4,2.5,5,3,0
3,11,3,11,7.0,14,8,0
4,1,1,4,2.5,5,3,0
36,34,34,36,35.0,70,2,33
5,1,1,5,3.0,6,4,0
1,6,1,6,3.5,7,5,0
5,15,5,15,10.0,20,10,0
9,11,9,11,10.0,20,2,7
31,34,31,34,32.5,65,3,24
1,4,1,4,2.5,5,3,0
4,1,1,4,2.5,5,3,0
49,30,30,49,39.5,79,19,24
9,13,9,13,11.0,22,4,8
10,1,1,10,5.5,11,9,0
27,27,27,27,27.0,54,0,23
5,5,5,5,5.0,10,0,3
4,4,4,4,4.0,8,0,3
14,1,1,14,7.5,15,13,0
2,12,2,12,7.0,14,10,0
4,6,4,6,5.0,10,2,3
19,19,19,19,19.0,38,0,18
5,1,1,5,3.0,6,4,0
6,9,6,9,7.5,15,3,5
10,7,7,10,8.5,17,3,3
20,31,20,31,25.5,51,11,15
27,30,27,30,28.5,57,3,26
8,8,8,8,8.0,16,0,6
4,6,4,6,5.0,10,2,2
12,11,11,12,11.5,23,1,10
4,1,1,4,2.5,5,3,0
9,10,9,10,9.5,19,1,7
21,24,21,24,22.5,45,3,17
14,12,12,14,13.0,26,2,11
13,13,13,13,13.0,26,0,12
25,23,23,25,24.0,48,2,12
5,5,5,5,5.0,10,0,3
26,23,23,26,24.5,49,3,22
6,1,1,6,3.5,7,5,0
18,38,18,38,28.0,56,20,15
5,5,5,5,5.0,10,0,4
1,5,1,5,3.0,6,4,0
42,40,40,42,41.0,82,2,34
1,4,1,4,2.5,5,3,0
14,105,14,105,59.5,119,91,0
3,7,3,7,5.0,10,4,1
7,8,7,8,7.5,15,1,4
1,4,1,4,2.5,5,3,0
15,15,15,15,15.0,30,0,13
26,26,26,26,26.0,52,0,25
15,29,15,29,22.0,44,14,13
15,15,15,15,15.0,30,0,11
7,13,7,13,10.0,20,6,4
5,1,1,5,3.0,6,4,0
4,4,4,4,4.0,8,0,3
4,1,1,4,2.5,5,3,0
1,10,1,10,5.5,11,9,0
14,2,2,14,8.0,16,12,1
7,6,6,7,6.5,13,1,5
12,19,12,19,15.5,31,7,11
12,13,12,13,12.5,25,1,11
17,4,4,17,10.5,21,13,1
16,17,16,17,16.5,33,1,11
4,2,2,4,3.0,6,2,1
24,33,24,33,28.5,57,9,18
1,10,1,10,5.5,11,9,0
2,5,2,5,3.5,7,3,0
17,9,9,17,13.0,26,8,5
1,4,1,4,2.5,5,3,0
4,10,4,10,7.0,14,6,3
7,6,6,7,6.5,13,1,4
8,1,1,8,4.5,9,7,0
12,9,9,12,10.5,21,3,8
26,26,26,26,26.0,52,0,25
26,28,26,28,27.0,54,2,19
5,6,5,6,5.5,11,1,2
1,17,1,17,9.0,18,16,0
7,1,1,7,4.0,8,6,0
4,8,4,8,6.0,12,4,2
5,5,5,5,5.0,10,0,4
1,8,1,8,4.5,9,7,0
1,15,1,15,8.0,16,14,0
5,4,4,5,4.5,9,1,3
19,19,19,19,19.0,38,0,17
11,12,11,12,11.5,23,1,9
4,1,1,4,2.5,5,3,0
12,14,12,14,13.0,26,2,8
5,5,5,5,5.0,10,0,4
20,19,19,20,19.5,39,1,18
14,15,14,15,14.5,29,1,7
4,4,4,4,4.0,8,0,3
11,8,8,11,9.5,19,3,1
5,6,5,6,5.5,11,1,3
1,24,1,24,12.5,25,23,0
4,4,4,4,4.0,8,0,3
10,10,10,10,10.0,20,0,9
23,23,23,23,23.0,46,0,22
1,7,1,7,4.0,8,6,0
9,7,7,9,8.0,16,2,6
6,4,4,6,5.0,10,2,0
11,1,1,11,6.0,12,10,0
1,8,1,8,4.5,9,7,0
9,9,9,9,9.0,18,0,8
4,2,2,4,3.0,6,2,1
18,19,18,19,18.5,37,1,16
4,1,1,4,2.5,5,3,0
17,12,12,17,14.5,29,5,8
10,1,1,10,5.5,11,9,0
4,1,1,4,2.5,5,3,0
7,8,7,8,7.5,15,1,6
5,1,1,5,3.0,6,4,0
1,28,1,28,14.5,29,27,0
7,6,6,7,6.5,13,1,5
4,9,4,9,6.5,13,5,2
8,1,1,8,4.5,9,7,0
4,3,3,4,3.5,7,1,2
4,1,1,4,2.5,5,3,0
4,1,1,4,2.5,5,3,0
1,6,1,6,3.5,7,5,0
2,6,2,6,4.0,8,4,1
3,5,3,5,4.0,8,2,2
1,9,1,9,5.0,10,8,0
10,9,9,10,9.5,19,1,6
2,15,2,15,8.5,17,13,0
1,4,1,4,2.5,5,3,0
18,19,18,19,18.5,37,1,17
26,16,16,26,21.0,42,10,11
11,13,11,13,12.0,24,2,10
5,5,5,5,5.0,10,0,4
11,7,7,11,9.0,18,4,6
7,10,7,10,8.5,17,3,3
10,1,1,10,5.5,11,9,0
42,45,42,45,43.5,87,3,40
1,20,1,20,10.5,21,19,0
1,10,1,10,5.5,11,9,0
14,7,7,14,10.5,21,7,3
2,7,2,7,4.5,9,5,1
4,10,4,10,7.0,14,6,2
1,5,1,5,3.0,6,4,0
1,9,1,9,5.0,10,8,0
1,6,1,6,3.5,7,5,0
12,16,12,16,14.0,28,4,9
4,1,1,4,2.5,5,3,0
16,31,16,31,23.5,47,15,14
1,10,1,10,5.5,11,9,0
8,1,1,8,4.5,9,7,0
9,1,1,9,5.0,10,8,0
8,8,8,8,8.0,16,0,7
7,6,6,7,6.5,13,1,5
1,26,1,26,13.5,27,25,0
5,6,5,6,5.5,11,1,3
4,1,1,4,2.5,5,3,0
18,19,18,19,18.5,37,1,17
8,13,8,13,10.5,21,5,2
1,15,1,15,8.0,16,14,0
1,10,1,10,5.5,11,9,0
4,1,1,4,2.5,5,3,0
1,18,1,18,9.5,19,17,0
1,4,1,4,2.5,5,3,0
1,18,1,18,9.5,19,17,0
16,24,16,24,20.0,40,8,13
22,1,1,22,11.5,23,21,0
6,1,1,6,3.5,7,5,0
1,12,1,12,6.5,13,11,0
21,21,21,21,21.0,42,0,20
1,5,1,5,3.0,6,4,0
20,29,20,29,24.5,49,9,15
4,2,2,4,3.0,6,2,1
1,4,1,4,2.5,5,3,0
13,7,7,13,10.0,20,6,6
1,33,1,33,17.0,34,32,0
34,47,34,47,40.5,81,13,29
1,8,1,8,4.5,9,7,0
20,20,20,20,20.0,40,0,16
5,6,5,6,5.5,11,1,3
15,17,15,17,16.0,32,2,14
2,8,2,8,5.0,10,6,0
4,2,2,4,3.0,6,2,0
1,4,1,4,2.5,5,3,0
50,21,21,50,35.5,71,29,20
10,9,9,10,9.5,19,1,8
5,1,1,5,3.0,6,4,0
4,6,4,6,5.0,10,2,3
6,5,5,6,5.5,11,1,4
15,14,14,15,14.5,29,1,11
7,8,7,8,7.5,15,1,5
10,1,1,10,5.5,11,9,0
1,6,1,6,3.5,7,5,0
1,105,1,105,53.0,106,104,0
27,40,27,40,33.5,67,13,25
1,16,1,16,8.5,17,15,0
10,11,10,11,10.5,21,1,8
4,2,2,4,3.0,6,2,1
1,8,1,8,4.5,9,7,0
4,4,4,4,4.0,8,0,2
5,3,3,5,4.0,8,2,2
2,5,2,5,3.5,7,3,1
7,7,7,7,7.0,14,0,5
1,7,1,7,4.0,8,6,0
5,8,5,8,6.5,13,3,4
1,4,1,4,2.5,5,3,0
2,5,2,5,3.5,7,3,1
29,30,29,30,29.5,59,1,27
11,13,11,13,12.0,24,2,9
1,8,1,8,4.5,9,7,0
1,12,1,12,6.5,13,11,0
11,13,11,13,12.0,24,2,10
5,1,1,5,3.0,6,4,0
1,6,1,6,3.5,7,5,0
9,9,9,9,9.0,18,0,5
7,11,7,11,9.0,18,4,5
4,2,2,4,3.0,6,2,1
7,7,7,7,7.0,14,0,6
17,15,15,17,16.0,32,2,14
23,16,16,23,19.5,39,7,13
13,10,10,13,11.5,23,3,9
3,6,3,6,4.5,9,3,0
17,2,2,17,9.5,19,15,0
1,4,1,4,2.5,5,3,0
8,9,8,9,8.5,17,1,7
43,41,41,43,42.0,84,2,39
10,1,1,10,5.5,11,9,0
5,9,5,9,7.0,14,4,1
10,5,5,10,7.5,15,5,4
9,12,9,12,10.5,21,3,7
4,4,4,4,4.0,8,0,3
7,10,7,10,8.5,17,3,0
7,7,7,7,7.0,14,0,6
19,20,19,20,19.5,39,1,16
5,10,5,10,7.5,15,5,4
16,8,8,16,12.0,24,8,7
5,19,5,19,12.0,24,14,2
1,4,1,4,2.5,5,3,0
1,6,1,6,3.5,7,5,0
1,6,1,6,3.5,7,5,0
4,7,4,7,5.5,11,3,3
34,25,25,34,29.5,59,9,24
17,12,12,17,14.5,29,5,10
2,14,2,14,8.0,16,12,1
10,4,4,10,7.0,14,6,0
12,10,10,12,11.0,22,2,7
9,7,7,9,8.0,16,2,6
5,6,5,6,5.5,11,1,4
14,16,14,16,15.0,30,2,7
32,33,32,33,32.5,65,1,31
4,4,4,4,4.0,8,0,3
15,17,15,17,16.0,32,2,14
1,7,1,7,4.0,8,6,0
17,7,7,17,12.0,24,10,4
1,4,1,4,2.5,5,3,0
11,15,11,15,13.0,26,4,7
4,1,1,4,2.5,5,3,0
11,1,1,11,6.0,12,10,0
16,15,15,16,15.5,31,1,10
1,11,1,11,6.0,12,10,0
1,8,1,8,4.5,9,7,0
1,4,1,4,2.5,5,3,0
1,5,1,5,3.0,6,4,0
8,7,7,8,7.5,15,1,5
1,13,1,13,7.0,14,12,0
1,10,1,10,5.5,11,9,0
27,26,26,27,26.5,53,1,24
6,1,1,6,3.5,7,5,0
14,13,13,14,13.5,27,1,7
3,6,3,6,4.5,9,3,2
6,3,3,6,4.5,9,3,0
5,7,5,7,6.0,12,2,2
10,6,6,10,8.0,16,4,5
5,4,4,5,4.5,9,1,3
2,5,2,5,3.5,7,3,1
5,4,4,5,4.5,9,1,3
16,16,16,16,16.0,32,0,10
43,15,15,43,29.0,58,28,14
10,1,1,10,5.5,11,9,0
20,23,20,23,21.5,43,3,19
2,8,2,8,5.0,10,6,1
1,6,1,6,3.5,7,5,0
4,10,4,10,7.0,14,6,1
2,5,2,5,3.5,7,3,1
4,2,2,4,3.0,6,2,1
11,11,11,11,11.0,22,0,10
6,5,5,6,5.5,11,1,4
6,1,1,6,3.5,7,5,0
7,7,7,7,7.0,14,0,5
5,1,1,5,3.0,6,4,0
17,13,13,17,15.0,30,4,9
6,5,5,6,5.5,11,1,4
1,4,1,4,2.5,5,3,0
2,5,2,5,3.5,7,3,0
4,1,1,4,2.5,5,3,0
6,8,6,8,7.0,14,2,5
6,4,4,6,5.0,10,2,3
9,10,9,10,9.5,19,1,8
6,75,6,75,40.5,81,69,1
4,1,1,4,2.5,5,3,0
8,2,2,8,5.0,10,6,0
20,20,20,20,20.0,40,0,19
17,16,16,17,16.5,33,1,14
1,4,1,4,2.5,5,3,0
4,1,1,4,2.5,5,3,0
1,4,1,4,2.5,5,3,0
16,11,11,16,13.5,27,5,10
1,26,1,26,13.5,27,25,0
4,4,4,4,4.0,8,0,3
23,11,11,23,17.0,34,12,6
5,6,5,6,5.5,11,1,0
4,1,1,4,2.5,5,3,0
13,11,11,13,12.0,24,2,9
8,8,8,8,8.0,16,0,5
27,27,27,27,27.0,54,0,26
1,5,1,5,3.0,6,4,0
10,5,5,10,7.5,15,5,4
10,18,10,18,14.0,28,8,9
5,2,2,5,3.5,7,3,0
3,4,3,4,3.5,7,1,2
4,4,4,4,4.0,8,0,3
49,12,12,49,30.5,61,37,10
7,5,5,7,6.0,12,2,4
13,11,11,13,12.0,24,2,9
24,18,18,24,21.0,42,6,16
1,4,1,4,2.5,5,3,0
4,1,1,4,2.5,5,3,0
12,27,12,27,19.5,39,15,10
4,4,4,4,4.0,8,0,1
7,11,7,11,9.0,18,4,6
16,8,8,16,12.0,24,8,7
24,23,23,24,23.5,47,1,20
24,10,10,24,17.0,34,14,9
7,13,7,13,10.0,20,6,6
4,6,4,6,5.0,10,2,3
6,5,5,6,5.5,11,1,3
2,6,2,6,4.0,8,4,1
2,6,2,6,4.0,8,4,1
26,19,19,26,22.5,45,7,1
21,18,18,21,19.5,39,3,15
4,2,2,4,3.0,6,2,1
12,10,10,12,11.0,22,2,3
3,5,3,5,4.0,8,2,2
1,4,1,4,2.5,5,3,0
4,1,1,4,2.5,5,3,0
4,1,1,4,2.5,5,3,0
10,8,8,10,9.0,18,2,6
19,20,19,20,19.5,39,1,16
4,16,4,16,10.0,20,12,0
14,9,9,14,11.5,23,5,6
7,7,7,7,7.0,14,0,5
5,4,4,5,4.5,9,1,3
8,9,8,9,8.5,17,1,7
19,20,19,20,19.5,39,1,16
9,2,2,9,5.5,11,7,0
16,8,8,16,12.0,24,8,7
5,5,5,5,5.0,10,0,4
5,1,1,5,3.0,6,4,0
8,1,1,8,4.5,9,7,0
31,8,8,31,19.5,39,23,6
7,7,7,7,7.0,14,0,5
9,9,9,9,9.0,18,0,8
1,19,1,19,10.0,20,18,0
18,6,6,18,12.0,24,12,4
1,7,1,7,4.0,8,6,0
5,4,4,5,4.5,9,1,3
12,3,3,12,7.5,15,9,1
1,9,1,9,5.0,10,8,0
5,1,1,5,3.0,6,4,0
4,5,4,5,4.5,9,1,1
4,3,3,4,3.5,7,1,2
4,4,4,4,4.0,8,0,1
1,5,1,5,3.0,6,4,0
4,5,4,5,4.5,9,1,2
5,6,5,6,5.5,11,1,4
1,28,1,28,14.5,29,27,0
14,18,14,18,16.0,32,4,13
7,9,7,9,8.0,16,2,4
4,1,1,4,2.5,5,3,0
6,1,1,6,3.5,7,5,0
38,34,34,38,36.0,72,4,29
1,14,1,14,7.5,15,13,0
12,15,12,15,13.5,27,3,11
9,10,9,10,9.5,19,1,6
8,1,1,8,4.5,9,7,0
5,5,5,5,5.0,10,0,4
4,1,1,4,2.5,5,3,0
45,26,26,45,35.5,71,19,23
32,31,31,32,31.5,63,1,29
11,11,11,11,11.0,22,0,9
23,23,23,23,23.0,46,0,22
2,5,2,5,3.5,7,3,1
6,6,6,6,6.0,12,0,5
2,7,2,7,4.5,9,5,1
6,6,6,6,6.0,12,0,5
12,10,10,12,11.0,22,2,8
1,5,1,5,3.0,6,4,0
15,10,10,15,12.5,25,5,7
4,4,4,4,4.0,8,0,3
17,1,1,17,9.0,18,16,0
17,15,15,17,16.0,32,2,14
7,6,6,7,6.5,13,1,5
1,4,1,4,2.5,5,3,0
2,5,2,5,3.5,7,3,1
5,7,5,7,6.0,12,2,4
16,13,13,16,14.5,29,3,10
13,13,13,13,13.0,26,0,8
2,7,2,7,4.5,9,5,1
6,9,6,9,7.5,15,3,3
11,20,11,20,15.5,31,9,10
5,7,5,7,6.0,12,2,4
1,6,1,6,3.5,7,5,0
5,5,5,5,5.0,10,0,4
32,32,32,32,32.0,64,0,30
15,23,15,23,19.0,38,8,14
5,6,5,6,5.5,11,1,4
42,20,20,42,31.0,62,22,17
4,2,2,4,3.0,6,2,1
5,10,5,10,7.5,15,5,3
5,5,5,5,5.0,10,0,3
1,5,1,5,3.0,6,4,0
49,35,35,49,42.0,84,14,34
13,15,13,15,14.0,28,2,10
5,7,5,7,6.0,12,2,1
1,11,1,11,6.0,12,10,0
5,2,2,5,3.5,7,3,1
27,22,22,27,24.5,49,5,20
41,21,21,41,31.0,62,20,18
1,18,1,18,9.5,19,17,0
25,15,15,25,20.0,40,10,8
3,6,3,6,4.5,9,3,2
1,9,1,9,5.0,10,8,0
13,13,13,13,13.0,26,0,7
30,23,23,30,26.5,53,7,16
6,6,6,6,6.0,12,0,5
6,2,2,6,4.0,8,4,1
2,5,2,5,3.5,7,3,0
5,6,5,6,5.5,11,1,4
17,1,1,17,9.0,18,16,0
38,29,29,38,33.5,67,9,24
8,7,7,8,7.5,15,1,3
5,5,5,5,5.0,10,0,4
9,9,9,9,9.0,18,0,8
4,6,4,6,5.0,10,2,3
11,7,7,11,9.0,18,4,5
1,14,1,14,7.5,15,13,0
4,2,2,4,3.0,6,2,0
41,23,23,41,32.0,64,18,21
7,1,1,7,4.0,8,6,0
32,23,23,32,27.5,55,9,5
9,2,2,9,5.5,11,7,0
23,21,21,23,22.0,44,2,19
1,4,1,4,2.5,5,3,0
14,7,7,14,10.5,21,7,5
15,13,13,15,14.0,28,2,11
4,4,4,4,4.0,8,0,3
5,5,5,5,5.0,10,0,4
22,15,15,22,18.5,37,7,13
6,1,1,6,3.5,7,5,0
13,18,13,18,15.5,31,5,11
2,5,2,5,3.5,7,3,1
1,4,1,4,2.5,5,3,0
7,7,7,7,7.0,14,0,4
34,33,33,34,33.5,67,1,32
10,9,9,10,9.5,19,1,8
1,10,1,10,5.5,11,9,0
13,33,13,33,23.0,46,20,7
21,38,21,38,29.5,59,17,18
1,11,1,11,6.0,12,10,0
14,11,11,14,12.5,25,3,9
10,1,1,10,5.5,11,9,0
15,14,14,15,14.5,29,1,12
3,6,3,6,4.5,9,3,2
19,14,14,19,16.5,33,5,13
6,7,6,7,6.5,13,1,0
1,4,1,4,2.5,5,3,0
3,5,3,5,4.0,8,2,2
8,7,7,8,7.5,15,1,4
7,9,7,9,8.0,16,2,5
5,1,1,5,3.0,6,4,0
2,4,2,4,3.0,6,2,1
1,5,1,5,3.0,6,4,0
8,16,8,16,12.0,24,8,7
8,6,6,8,7.0,14,2,4
1,4,1,4,2.5,5,3,0
27,24,24,27,25.5,51,3,23
15,8,8,15,11.5,23,7,6
1,9,1,9,5.0,10,8,0
22,17,17,22,19.5,39,5,14
6,3,3,6,4.5,9,3,2
11,1,1,11,6.0,12,10,0
10,8,8,10,9.0,18,2,5
7,7,7,7,7.0,14,0,6
1,4,1,4,2.5,5,3,0
1,5,1,5,3.0,6,4,0
5,1,1,5,3.0,6,4,0
1,4,1,4,2.5,5,3,0
5,12,5,12,8.5,17,7,0
13,11,11,13,12.0,24,2,10
4,5,4,5,4.5,9,1,3
14,18,14,18,16.0,32,4,11
13,5,5,13,9.0,18,8,3
9,3,3,9,6.0,12,6,1
1,5,1,5,3.0,6,4,0
1,4,1,4,2.5,5,3,0
19,14,14,19,16.5,33,5,11
4,6,4,6,5.0,10,2,3
6,7,6,7,6.5,13,1,1
5,10,5,10,7.5,15,5,3
11,13,11,13,12.0,24,2,9
21,21,21,21,21.0,42,0,15
23,13,13,23,18.0,36,10,9
13,28,13,28,20.5,41,15,11
2,6,2,6,4.0,8,4,0
1,4,1,4,2.5,5,3,0
5,8,5,8,6.5,13,3,2
7,1,1,7,4.0,8,6,0
1,41,1,41,21.0,42,40,0
1,7,1,7,4.0,8,6,0
1,107,1,107,54.0,108,106,0
6,9,6,9,7.5,15,3,4
1,4,1,4,2.5,5,3,0
4,4,4,4,4.0,8,0,3
4,1,1,4,2.5,5,3,0
8,20,8,20,14.0,28,12,2
1,4,1,4,2.5,5,3,0
4,3,3,4,3.5,7,1,2
27,40,27,40,33.5,67,13,22
11,1,1,11,6.0,12,10,0
5,6,5,6,5.5,11,1,4
6,30,6,30,18.0,36,24,0
17,20,17,20,18.5,37,3,16
1,7,1,7,4.0,8,6,0
14,12,12,14,13.0,26,2,11
5,1,1,5,3.0,6,4,0
5,5,5,5,5.0,10,0,0
5,1,1,5,3.0,6,4,0
6,6,6,6,6.0,12,0,5
4,5,4,5,4.5,9,1,0
9,12,9,12,10.5,21,3,6
4,1,1,4,2.5,5,3,0
12,10,10,12,11.0,22,2,9
2,10,2,10,6.0,12,8,0
6,8,6,8,7.0,14,2,0
5,1,1,5,3.0,6,4,0
5,1,1,5,3.0,6,4,0
3,5,3,5,4.0,8,2,2
4,1,1,4,2.5,5,3,0
10,5,5,10,7.5,15,5,4
26,7,7,26,16.5,33,19,0
9,1,1,9,5.0,10,8,0
31,31,31,31,31.0,62,0,28
10,1,1,10,5.5,11,9,0
6,1,1,6,3.5,7,5,0
2,4,2,4,3.0,6,2,1
5,5,5,5,5.0,10,0,3
1,9,1,9,5.0,10,8,0
1,5,1,5,3.0,6,4,0
5,4,4,5,4.5,9,1,2
45,22,22,45,33.5,67,23,19
4,6,4,6,5.0,10,2,3
7,9,7,9,8.0,16,2,5
12,12,12,12,12.0,24,0,10
146,30,30,146,88.0,176,116,23
1,5,1,5,3.0,6,4,0
1,7,1,7,4.0,8,6,0
9,2,2,9,5.5,11,7,0
9,9,9,9,9.0,18,0,8
2,17,2,17,9.5,19,15,1
23,10,10,23,16.5,33,13,5
7,2,2,7,4.5,9,5,1
1,4,1,4,2.5,5,3,0
5,8,5,8,6.5,13,3,0
1,5,1,5,3.0,6,4,0
5,7,5,7,6.0,12,2,4
19,10,10,19,14.5,29,9,7
29,25,25,29,27.0,54,4,19
5,1,1,5,3.0,6,4,0
12,7,7,12,9.5,19,5,6
19,25,19,25,22.0,44,6,13
22,17,17,22,19.5,39,5,15
4,1,1,4,2.5,5,3,0
1,9,1,9,5.0,10,8,0
4,1,1,4,2.5,5,3,0
19,33,19,33,26.0,52,14,17
4,4,4,4,4.0,8,0,3
29,12,12,29,20.5,41,17,9
34,38,34,38,36.0,72,4,8
19,15,15,19,17.0,34,4,7
5,1,1,5,3.0,6,4,0
28,51,28,51,39.5,79,23,24
6,4,4,6,5.0,10,2,2
4,1,1,4,2.5,5,3,0
8,8,8,8,8.0,16,0,6
8,9,8,9,8.5,17,1,6
12,12,12,12,12.0,24,0,11
3,20,3,20,11.5,23,17,0
16,3,3,16,9.5,19,13,2
4,1,1,4,2.5,5,3,0
1,4,1,4,2.5,5,3,0
14,14,14,14,14.0,28,0,13
13,13,13,13,13.0,26,0,12
8,10,8,10,9.0,18,2,7
9,6,6,9,7.5,15,3,5
4,1,1,4,2.5,5,3,0
1,4,1,4,2.5,5,3,0
12,11,11,12,11.5,23,1,9
20,22,20,22,21.0,42,2,17
8,9,8,9,8.5,17,1,6
13,12,12,13,12.5,25,1,11
27,23,23,27,25.0,50,4,14
2,4,2,4,3.0,6,2,0
1,4,1,4,2.5,5,3,0
5,9,5,9,7.0,14,4,3
2,12,2,12,7.0,14,10,0
8,9,8,9,8.5,17,1,5
13,13,13,13,13.0,26,0,12
1,4,1,4,2.5,5,3,0
2,5,2,5,3.5,7,3,1
1,5,1,5,3.0,6,4,0
1,7,1,7,4.0,8,6,0
7,2,2,7,4.5,9,5,1
32,48,32,48,40.0,80,16,30
6,4,4,6,5.0,10,2,3
6,6,6,6,6.0,12,0,5
22,21,21,22,21.5,43,1,18
25,35,25,35,30.0,60,10,21
2,12,2,12,7.0,14,10,0
5,1,1,5,3.0,6,4,0
6,1,1,6,3.5,7,5,0
5,4,4,5,4.5,9,1,3
1,7,1,7,4.0,8,6,0
11,7,7,11,9.0,18,4,5
20,19,19,20,19.5,39,1,18
4,1,1,4,2.5,5,3,0
4,1,1,4,2.5,5,3,0
1,14,1,14,7.5,15,13,0
24,20,20,24,22.0,44,4,1
10,9,9,10,9.5,19,1,8
5,7,5,7,6.0,12,2,4
18,23,18,23,20.5,41,5,16
1,146,1,146,73.5,147,145,0
7,7,7,7,7.0,14,0,6
1,11,1,11,6.0,12,10,0
8,10,8,10,9.0,18,2,7
21,16,16,21,18.5,37,5,14
4,1,1,4,2.5,5,3,0
18,17,17,18,17.5,35,1,16
2,11,2,11,6.5,13,9,1
2,6,2,6,4.0,8,4,1
8,9,8,9,8.5,17,1,4
5,4,4,5,4.5,9,1,3
1,4,1,4,2.5,5,3,0
8,9,8,9,8.5,17,1,6
16,16,16,16,16.0,32,0,12
14,20,14,20,17.0,34,6,12
11,20,11,20,15.5,31,9,10
11,6,6,11,8.5,17,5,5
5,1,1,5,3.0,6,4,0
48,29,29,48,38.5,77,19,20
12,9,9,12,10.5,21,3,6
1,5,1,5,3.0,6,4,0
6,1,1,6,3.5,7,5,0
5,3,3,5,4.0,8,2,2
7,2,2,7,4.5,9,5,1
2,15,2,15,8.5,17,13,0
1,4,1,4,2.5,5,3,0
1,13,1,13,7.0,14,12,0
4,2,2,4,3.0,6,2,1
19,19,19,19,19.0,38,0,16
4,1,1,4,2.5,5,3,0
5,11,5,11,8.0,16,6,4
17,13,13,17,15.0,30,4,0
1,9,1,9,5.0,10,8,0
13,9,9,13,11.0,22,4,7
5,1,1,5,3.0,6,4,0
5,5,5,5,5.0,10,0,4
4,5,4,5,4.5,9,1,2
18,33,18,33,25.5,51,15,17
5,2,2,5,3.5,7,3,1
11,10,10,11,10.5,21,1,0
5,7,5,7,6.0,12,2,3
9,21,9,21,15.0,30,12,0
6,6,6,6,6.0,12,0,4
2,8,2,8,5.0,10,6,1
5,2,2,5,3.5,7,3,1
5,1,1,5,3.0,6,4,0
8,9,8,9,8.5,17,1,5
5,5,5,5,5.0,10,0,4
15,12,12,15,13.5,27,3,9
5,7,5,7,6.0,12,2,0
13,24,13,24,18.5,37,11,9
9,6,6,9,7.5,15,3,4
2,34,2,34,18.0,36,32,1
6,7,6,7,6.5,13,1,1
5,6,5,6,5.5,11,1,3
20,18,18,20,19.0,38,2,15
18,14,14,18,16.0,32,4,13
6,4,4,6,5.0,10,2,3
7,1,1,7,4.0,8,6,0
2,5,2,5,3.5,7,3,1
6,4,4,6,5.0,10,2,3
1,9,1,9,5.0,10,8,0
1,11,1,11,6.0,12,10,0
4,5,4,5,4.5,9,1,2
7,7,7,7,7.0,14,0,6
4,5,4,5,4.5,9,1,3
5,1,1,5,3.0,6,4,0
9,8,8,9,8.5,17,1,6
40,26,26,40,33.0,66,14,23
1,5,1,5,3.0,6,4,0
18,16,16,18,17.0,34,2,13
13,1,1,13,7.0,14,12,0
22,17,17,22,19.5,39,5,13
8,6,6,8,7.0,14,2,4
4,4,4,4,4.0,8,0,3
9,7,7,9,8.0,16,2,4
15,8,8,15,11.5,23,7,7
6,4,4,6,5.0,10,2,3
12,19,12,19,15.5,31,7,7
11,19,11,19,15.0,30,8,8
2,4,2,4,3.0,6,2,0
4,1,1,4,2.5,5,3,0
1,4,1,4,2.5,5,3,0
6,7,6,7,6.5,13,1,5
6,7,6,7,6.5,13,1,0
6,1,1,6,3.5,7,5,0
21,19,19,21,20.0,40,2,16
6,6,6,6,6.0,12,0,5
5,4,4,5,4.5,9,1,3
22,21,21,22,21.5,43,1,18
4,1,1,4,2.5,5,3,0
22,32,22,32,27.0,54,10,20
26,26,26,26,26.0,52,0,25
10,13,10,13,11.5,23,3,9
12,11,11,12,11.5,23,1,1
49,33,33,49,41.0,82,16,22
13,13,13,13,13.0,26,0,12
8,1,1,8,4.5,9,7,0
5,1,1,5,3.0,6,4,0
8,24,8,24,16.0,32,16,4
4,1,1,4,2.5,5,3,0
12,1,1,12,6.5,13,11,0
26,4,4,26,15.0,30,22,3
8,6,6,8,7.0,14,2,4
1,5,1,5,3.0,6,4,0
19,19,19,19,19.0,38,0,16
2,5,2,5,3.5,7,3,1
1,4,1,4,2.5,5,3,0
4,6,4,6,5.0,10,2,0
7,8,7,8,7.5,15,1,3
24,24,24,24,24.0,48,0,20
19,1,1,19,10.0,20,18,0
7,5,5,7,6.0,12,2,1
10,13,10,13,11.5,23,3,8
22,32,22,32,27.0,54,10,18
12,11,11,12,11.5,23,1,10
1,16,1,16,8.5,17,15,0
1,31,1,31,16.0,32,30,0
6,2,2,6,4.0,8,4,0
12,12,12,12,12.0,24,0,11
45,21,21,45,33.0,66,24,18
1,4,1,4,2.5,5,3,0
14,1,1,14,7.5,15,13,0
3,8,3,8,5.5,11,5,2
1,4,1,4,2.5,5,3,0
1,4,1,4,2.5,5,3,0
1,31,1,31,16.0,32,30,0
1,6,1,6,3.5,7,5,0
4,1,1,4,2.5,5,3,0
1,4,1,4,2.5,5,3,0
16,19,16,19,17.5,35,3,15
14,14,14,14,14.0,28,0,13
1,6,1,6,3.5,7,5,0
3,5,3,5,4.0,8,2,0
1,4,1,4,2.5,5,3,0
1,12,1,12,6.5,13,11,0
18,17,17,18,17.5,35,1,15
14,18,14,18,16.0,32,4,13
5,1,1,5,3.0,6,4,0
1,4,1,4,2.5,5,3,0
4,5,4,5,4.5,9,1,3
16,9,9,16,12.5,25,7,6
1,4,1,4,2.5,5,3,0
1,5,1,5,3.0,6,4,0
1,5,1,5,3.0,6,4,0
1,9,1,9,5.0,10,8,0
7,8,7,8,7.5,15,1,0
6,6,6,6,6.0,12,0,5
5,6,5,6,5.5,11,1,0
1,6,1,6,3.5,7,5,0
33,36,33,36,34.5,69,3,27
1,4,1,4,2.5,5,3,0
6,6,6,6,6.0,12,0,5
1,30,1,30,15.5,31,29,0
42,34,34,42,38.0,76,8,25
5,105,5,105,55.0,110,100,0
17,29,17,29,23.0,46,12,12
12,18,12,18,15.0,30,6,11
6,11,6,11,8.5,17,5,4
45,41,41,45,43.0,86,4,32
1,5,1,5,3.0,6,4,0
4,4,4,4,4.0,8,0,3
4,1,1,4,2.5,5,3,0
8,1,1,8,4.5,9,7,0
8,6,6,8,7.0,14,2,5
10,6,6,10,8.0,16,4,4
5,2,2,5,3.5,7,3,1
10,11,10,11,10.5,21,1,8
1,4,1,4,2.5,5,3,0
4,7,4,7,5.5,11,3,1
1,7,1,7,4.0,8,6,0
6,1,1,6,3.5,7,5,0
4,1,1,4,2.5,5,3,0
29,27,27,29,28.0,56,2,24
33,45,33,45,39.0,78,12,27
9,8,8,9,8.5,17,1,3
8,10,8,10,9.0,18,2,5
7,8,7,8,7.5,15,1,5
19,11,11,19,15.0,30,8,8
10,11,10,11,10.5,21,1,9
21,15,15,21,18.0,36,6,12
10,3,3,10,6.5,13,7,2
24,28,24,28,26.0,52,4,21
1,26,1,26,13.5,27,25,0
5,1,1,5,3.0,6,4,0
6,1,1,6,3.5,7,5,0
11,9,9,11,10.0,20,2,8
5,4,4,5,4.5,9,1,2
4,1,1,4,2.5,5,3,0
18,20,18,20,19.0,38,2,17
4,8,4,8,6.0,12,4,3
13,12,12,13,12.5,25,1,11
35,42,35,42,38.5,77,7,21
1,9,1,9,5.0,10,8,0
4,2,2,4,3.0,6,2,1
4,1,1,4,2.5,5,3,0
11,12,11,12,11.5,23,1,8
5,5,5,5,5.0,10,0,3
4,1,1,4,2.5,5,3,0
6,7,6,7,6.5,13,1,5
2,107,2,107,54.5,109,105,0
1,5,1,5,3.0,6,4,0
10,11,10,11,10.5,21,1,9
4,1,1,4,2.5,5,3,0
7,1,1,7,4.0,8,6,0
20,20,20,20,20.0,40,0,19
5,5,5,5,5.0,10,0,4
1,5,1,5,3.0,6,4,0
6,5,5,6,5.5,11,1,3
9,8,8,9,8.5,17,1,7
4,4,4,4,4.0,8,0,0
5,1,1,5,3.0,6,4,0
19,17,17,19,18.0,36,2,11
8,18,8,18,13.0,26,10,7
6,7,6,7,6.5,13,1,1
5,5,5,5,5.0,10,0,3
6,2,2,6,4.0,8,4,0
7,9,7,9,8.0,16,2,5
5,11,5,11,8.0,16,6,1
1,5,1,5,3.0,6,4,0
4,4,4,4,4.0,8,0,2
6,6,6,6,6.0,12,0,0
4,3,3,4,3.5,7,1,2
11,10,10,11,10.5,21,1,9
36,13,13,36,24.5,49,23,8
43,31,31,43,37.0,74,12,27
1,5,1,5,3.0,6,4,0
5,5,5,5,5.0,10,0,4
5,1,1,5,3.0,6,4,0
1,10,1,10,5.5,11,9,0
18,17,17,18,17.5,35,1,12
5,10,5,10,7.5,15,5,4
22,31,22,31,26.5,53,9,19
2,13,2,13,7.5,15,11,0
5,4,4,5,4.5,9,1,3
1,6,1,6,3.5,7,5,0
22,5,5,22,13.5,27,17,2
1,5,1,5,3.0,6,4,0
6,6,6,6,6.0,12,0,5
18,20,18,20,19.0,38,2,13
4,7,4,7,5.5,11,3,1
27,24,24,27,25.5,51,3,22
13,1,1,13,7.0,14,12,0
2,15,2,15,8.5,17,13,0
5,1,1,5,3.0,6,4,0
4,5,4,5,4.5,9,1,3
12,9,9,12,10.5,21,3,8
3,5,3,5,4.0,8,2,2
50,29,29,50,39.5,79,21,19
16,1,1,16,8.5,17,15,0
24,39,24,39,31.5,63,15,18
5,1,1,5,3.0,6,4,0
20,1,1,20,10.5,21,19,0
1,4,1,4,2.5,5,3,0
8,10,8,10,9.0,18,2,7
4,1,1,4,2.5,5,3,0
1,4,1,4,2.5,5,3,0
4,1,1,4,2.5,5,3,0
5,5,5,5,5.0,10,0,4
1,7,1,7,4.0,8,6,0
23,21,21,23,22.0,44,2,18
11,8,8,11,9.5,19,3,7
2,7,2,7,4.5,9,5,0
1,4,1,4,2.5,5,3,0
1,4,1,4,2.5,5,3,0
6,1,1,6,3.5,7,5,0
4,1,1,4,2.5,5,3,0
1,4,1,4,2.5,5,3,0
1,13,1,13,7.0,14,12,0
1,146,1,146,73.5,147,145,0
39,43,39,43,41.0,82,4,38
7,8,7,8,7.5,15,1,6
16,17,16,17,16.5,33,1,14
5,1,1,5,3.0,6,4,0
5,88,5,88,46.5,93,83,0
7,10,7,10,8.5,17,3,4
6,1,1,6,3.5,7,5,0
24,23,23,24,23.5,47,1,18
19,20,19,20,19.5,39,1,18
3,5,3,5,4.0,8,2,0
8,26,8,26,17.0,34,18,0
24,21,21,24,22.5,45,3,18
20,19,19,20,19.5,39,1,18
41,24,24,41,32.5,65,17,21
1,8,1,8,4.5,9,7,0
4,2,2,4,3.0,6,2,1
5,1,1,5,3.0,6,4,0
27,11,11,27,19.0,38,16,2
7,7,7,7,7.0,14,0,5
7,5,5,7,6.0,12,2,3
1,6,1,6,3.5,7,5,0
1,18,1,18,9.5,19,17,0
2,4,2,4,3.0,6,2,1
5,5,5,5,5.0,10,0,4
1,9,1,9,5.0,10,8,0
1,6,1,6,3.5,7,5,0
9,1,1,9,5.0,10,8,0
1,4,1,4,2.5,5,3,0
1,6,1,6,3.5,7,5,0
4,2,2,4,3.0,6,2,1
5,1,1,5,3.0,6,4,0
4,1,1,4,2.5,5,3,0
1,7,1,7,4.0,8,6,0
18,6,6,18,12.0,24,12,4
5,2,2,5,3.5,7,3,1
7,10,7,10,8.5,17,3,6
1,7,1,7,4.0,8,6,0
11,11,11,11,11.0,22,0,10
1,6,1,6,3.5,7,5,0
2,5,2,5,3.5,7,3,1
1,4,1,4,2.5,5,3,0
11,9,9,11,10.0,20,2,8
31,38,31,38,34.5,69,7,29
10,18,10,18,14.0,28,8,5
9,1,1,9,5.0,10,8,0
7,7,7,7,7.0,14,0,4
7,11,7,11,9.0,18,4,6
8,5,5,8,6.5,13,3,1
5,1,1,5,3.0,6,4,0
6,19,6,19,12.5,25,13,4
8,7,7,8,7.5,15,1,4
27,20,20,27,23.5,47,7,19
7,8,7,8,7.5,15,1,6
21,24,21,24,22.5,45,3,19
1,4,1,4,2.5,5,3,0
26,26,26,26,26.0,52,0,25
8,9,8,9,8.5,17,1,6
1,19,1,19,10.0,20,18,0
14,6,6,14,10.0,20,8,0
1,4,1,4,2.5,5,3,0
5,5,5,5,5.0,10,0,4
5,1,1,5,3.0,6,4,0
21,23,21,23,22.0,44,2,19
5,1,1,5,3.0,6,4,0
1,4,1,4,2.5,5,3,0
4,3,3,4,3.5,7,1,2
11,2,2,11,6.5,13,9,1
1,6,1,6,3.5,7,5,0
6,25,6,25,15.5,31,19,4
2,5,2,5,3.5,7,3,1
6,1,1,6,3.5,7,5,0
4,3,3,4,3.5,7,1,2
4,4,4,4,4.0,8,0,3
4,4,4,4,4.0,8,0,1
20,24,20,24,22.0,44,4,17
4,5,4,5,4.5,9,1,3
6,1,1,6,3.5,7,5,0
1,6,1,6,3.5,7,5,0
4,1,1,4,2.5,5,3,0
19,1,1,19,10.0,20,18,0
6,6,6,6,6.0,12,0,0
4,2,2,4,3.0,6,2,1
11,15,11,15,13.0,26,4,9
8,9,8,9,8.5,17,1,7
4,4,4,4,4.0,8,0,0
5,4,4,5,4.5,9,1,2
4,1,1,4,2.5,5,3,0
1,4,1,4,2.5,5,3,0
5,5,5,5,5.0,10,0,4
49,44,44,49,46.5,93,5,39
11,13,11,13,12.0,24,2,9
13,33,13,33,23.0,46,20,6
14,1,1,14,7.5,15,13,0
1,5,1,5,3.0,6,4,0
3,7,3,7,5.0,10,4,2
4,1,1,4,2.5,5,3,0
4,21,4,21,12.5,25,17,3
7,1,1,7,4.0,8,6,0
23,13,13,23,18.0,36,10,9
5,5,5,5,5.0,10,0,3
1,7,1,7,4.0,8,6,0
6,12,6,12,9.0,18,6,5
9,1,1,9,5.0,10,8,0
3,5,3,5,4.0,8,2,0
4,1,1,4,2.5,5,3,0
8,1,1,8,4.5,9,7,0
1,5,1,5,3.0,6,4,0
10,7,7,10,8.5,17,3,6
18,42,18,42,30.0,60,24,17
10,7,7,10,8.5,17,3,6
11,13,11,13,12.0,24,2,10
4,4,4,4,4.0,8,0,3
5,6,5,6,5.5,11,1,2
2,5,2,5,3.5,7,3,0
8,8,8,8,8.0,16,0,7
1,9,1,9,5.0,10,8,0
37,35,35,37,36.0,72,2,26
27,17,17,27,22.0,44,10,12
25,16,16,25,20.5,41,9,15
15,11,11,15,13.0,26,4,9
6,1,1,6,3.5,7,5,0
4,1,1,4,2.5,5,3,0
5,1,1,5,3.0,6,4,0
4,1,1,4,2.5,5,3,0
55,17,17,55,36.0,72,38,10
5,1,1,5,3.0,6,4,0
7,3,3,7,5.0,10,4,2
1,4,1,4,2.5,5,3,0
19,19,19,19,19.0,38,0,17
5,1,1,5,3.0,6,4,0
2,4,2,4,3.0,6,2,1
14,17,14,17,15.5,31,3,11
40,23,23,40,31.5,63,17,20
4,4,4,4,4.0,8,0,3
6,1,1,6,3.5,7,5,0
25,21,21,25,23.0,46,4,19
10,3,3,10,6.5,13,7,0
1,5,1,5,3.0,6,4,0
13,8,8,13,10.5,21,5,6
14,15,14,15,14.5,29,1,3
9,10,9,10,9.5,19,1,7
17,9,9,17,13.0,26,8,7
5,7,5,7,6.0,12,2,2
1,6,1,6,3.5,7,5,0
10,6,6,10,8.0,16,4,2
10,1,1,10,5.5,11,9,0
9,1,1,9,5.0,10,8,0
4,4,4,4,4.0,8,0,3
13,11,11,13,12.0,24,2,7
11,9,9,11,10.0,20,2,7
8,7,7,8,7.5,15,1,6
1,4,1,4,2.5,5,3,0
9,4,4,9,6.5,13,5,3
17,17,17,17,17.0,34,0,16
4,1,1,4,2.5,5,3,0
14,13,13,14,13.5,27,1,11
31,27,27,31,29.0,58,4,24
5,6,5,6,5.5,11,1,3
6,1,1,6,3.5,7,5,0
6,1,1,6,3.5,7,5,0
1,9,1,9,5.0,10,8,0
5,6,5,6,5.5,11,1,4
11,17,11,17,14.0,28,6,8
8,1,1,8,4.5,9,7,0
8,7,7,8,7.5,15,1,3
1,9,1,9,5.0,10,8,0
32,33,32,33,32.5,65,1,31
6,5,5,6,5.5,11,1,4
4,4,4,4,4.0,8,0,2
4,1,1,4,2.5,5,3,0
6,9,6,9,7.5,15,3,4
41,42,41,42,41.5,83,1,40
13,14,13,14,13.5,27,1,11
1,8,1,8,4.5,9,7,0
2,32,2,32,17.0,34,30,1
4,1,1,4,2.5,5,3,0
26,8,8,26,17.0,34,18,7
4,1,1,4,2.5,5,3,0
17,21,17,21,19.0,38,4,11
10,12,10,12,11.0,22,2,6
15,4,4,15,9.5,19,11,3
1,4,1,4,2.5,5,3,0
5,6,5,6,5.5,11,1,4
5,5,5,5,5.0,10,0,4
38,23,23,38,30.5,61,15,19
5,1,1,5,3.0,6,4,0
6,2,2,6,4.0,8,4,1
2,4,2,4,3.0,6,2,1
11,11,11,11,11.0,22,0,9
7,8,7,8,7.5,15,1,5
13,15,13,15,14.0,28,2,12
5,1,1,5,3.0,6,4,0
4,4,4,4,4.0,8,0,1
4,6,4,6,5.0,10,2,2
29,35,29,35,32.0,64,6,23
12,10,10,12,11.0,22,2,5
12,1,1,12,6.5,13,11,0
19,38,19,38,28.5,57,19,9
8,8,8,8,8.0,16,0,6
1,4,1,4,2.5,5,3,0
7,8,7,8,7.5,15,1,6
17,8,8,17,12.5,25,9,6
5,2,2,5,3.5,7,3,1
25,26,25,26,25.5,51,1,23
1,39,1,39,20.0,40,38,0
1,6,1,6,3.5,7,5,0
19,20,19,20,19.5,39,1,18
4,1,1,4,2.5,5,3,0
5,1,1,5,3.0,6,4,0
5,1,1,5,3.0,6,4,0
1,18,1,18,9.5,19,17,0
17,13,13,17,15.0,30,4,12
2,4,2,4,3.0,6,2,1
1,6,1,6,3.5,7,5,0
4,2,2,4,3.0,6,2,1
6,7,6,7,6.5,13,1,5
12,12,12,12,12.0,24,0,11
19,15,15,19,17.0,34,4,13
17,5,5,17,11.0,22,12,3
2,8,2,8,5.0,10,6,0
8,10,8,10,9.0,18,2,3
8,10,8,10,9.0,18,2,6
5,1,1,5,3.0,6,4,0
4,1,1,4,2.5,5,3,0
12,16,12,16,14.0,28,4,11
5,5,5,5,5.0,10,0,3
18,25,18,25,21.5,43,7,16
8,8,8,8,8.0,16,0,7
1,25,1,25,13.0,26,24,0
8,8,8,8,8.0,16,0,7
5,5,5,5,5.0,10,0,4
8,4,4,8,6.0,12,4,1
7,9,7,9,8.0,16,2,0
8,6,6,8,7.0,14,2,5
18,1,1,18,9.5,19,17,0
9,1,1,9,5.0,10,8,0
4,4,4,4,4.0,8,0,3
1,9,1,9,5.0,10,8,0
14,15,14,15,14.5,29,1,10
1,5,1,5,3.0,6,4,0
15,16,15,16,15.5,31,1,8
5,2,2,5,3.5,7,3,1
4,1,1,4,2.5,5,3,0
2,4,2,4,3.0,6,2,1
9,1,1,9,5.0,10,8,0
8,4,4,8,6.0,12,4,3
4,1,1,4,2.5,5,3,0
4,1,1,4,2.5,5,3,0
7,6,6,7,6.5,13,1,5
1,7,1,7,4.0,8,6,0
4,5,4,5,4.5,9,1,3
35,23,23,35,29.0,58,12,21
17,19,17,19,18.0,36,2,11
4,7,4,7,5.5,11,3,3
5,3,3,5,4.0,8,2,2
29,17,17,29,23.0,46,12,14
4,6,4,6,5.0,10,2,2
2,4,2,4,3.0,6,2,0
2,22,2,22,12.0,24,20,1
4,6,4,6,5.0,10,2,2
1,5,1,5,3.0,6,4,0
4,1,1,4,2.5,5,3,0
18,11,11,18,14.5,29,7,8
8,9,8,9,8.5,17,1,7
2,6,2,6,4.0,8,4,0
20,20,20,20,20.0,40,0,16
7,6,6,7,6.5,13,1,0
41,88,41,88,64.5,129,47,38
23,25,23,25,24.0,48,2,20
3,8,3,8,5.5,11,5,1
1,9,1,9,5.0,10,8,0
2,8,2,8,5.0,10,6,1
4,7,4,7,5.5,11,3,2
4,1,1,4,2.5,5,3,0
28,28,28,28,28.0,56,0,25
14,1,1,14,7.5,15,13,0
12,15,12,15,13.5,27,3,10
1,6,1,6,3.5,7,5,0
4,1,1,4,2.5,5,3,0
6,1,1,6,3.5,7,5,0
22,32,22,32,27.0,54,10,17
23,14,14,23,18.5,37,9,7
6,9,6,9,7.5,15,3,0
7,5,5,7,6.0,12,2,4
15,14,14,15,14.5,29,1,12
5,2,2,5,3.5,7,3,1
19,11,11,19,15.0,30,8,6
18,13,13,18,15.5,31,5,12
5,2,2,5,3.5,7,3,1
3,12,3,12,7.5,15,9,2
16,12,12,16,14.0,28,4,10
1,5,1,5,3.0,6,4,0
8,21,8,21,14.5,29,13,0
4,3,3,4,3.5,7,1,2
1,5,1,5,3.0,6,4,0
16,1,1,16,8.5,17,15,0
6,1,1,6,3.5,7,5,0
6,6,6,6,6.0,12,0,4
4,4,4,4,4.0,8,0,3
6,12,6,12,9.0,18,6,5
12,14,12,14,13.0,26,2,11
2,5,2,5,3.5,7,3,0
1,20,1,20,10.5,21,19,0
9,7,7,9,8.0,16,2,6
13,16,13,16,14.5,29,3,11
5,1,1,5,3.0,6,4,0
1,56,1,56,28.5,57,55,0
18,14,14,18,16.0,32,4,10
32,22,22,32,27.0,54,10,17
15,9,9,15,12.0,24,6,7
6,2,2,6,4.0,8,4,1
17,16,16,17,16.5,33,1,11
17,13,13,17,15.0,30,4,9
38,17,17,38,27.5,55,21,16
6,6,6,6,6.0,12,0,5
10,12,10,12,11.0,22,2,9
4,1,1,4,2.5,5,3,0
4,2,2,4,3.0,6,2,1
4,1,1,4,2.5,5,3,0
7,6,6,7,6.5,13,1,5
1,4,1,4,2.5,5,3,0
5,4,4,5,4.5,9,1,3
7,9,7,9,8.0,16,2,6
30,26,26,30,28.0,56,4,21
4,1,1,4,2.5,5,3,0
17,9,9,17,13.0,26,8,4
17,14,14,17,15.5,31,3,0
30,8,8,30,19.0,38,22,5
15,11,11,15,13.0,26,4,9
9,8,8,9,8.5,17,1,5
6,6,6,6,6.0,12,0,5
15,10,10,15,12.5,25,5,6
6,5,5,6,5.5,11,1,2
6,6,6,6,6.0,12,0,4
4,3,3,4,3.5,7,1,1
8,10,8,10,9.0,18,2,6
4,1,1,4,2.5,5,3,0
13,9,9,13,11.0,22,4,7
4,1,1,4,2.5,5,3,0
4,5,4,5,4.5,9,1,3
7,8,7,8,7.5,15,1,6
7,4,4,7,5.5,11,3,2
8,1,1,8,4.5,9,7,0
4,3,3,4,3.5,7,1,2
1,11,1,11,6.0,12,10,0
16,17,16,17,16.5,33,1,14
7,4,4,7,5.5,11,3,2
14,14,14,14,14.0,28,0,13
6,6,6,6,6.0,12,0,5
1,9,1,9,5.0,10,8,0
41,23,23,41,32.0,64,18,22
8,1,1,8,4.5,9,7,0
8,4,4,8,6.0,12,4,3
11,21,11,21,16.0,32,10,10
2,105,2,105,53.5,107,103,0
9,10,9,10,9.5,19,1,8
21,21,21,21,21.0,42,0,20
1,9,1,9,5.0,10,8,0
4,1,1,4,2.5,5,3,0
6,1,1,6,3.5,7,5,0
4,1,1,4,2.5,5,3,0
2,6,2,6,4.0,8,4,0
13,11,11,13,12.0,24,2,10
8,1,1,8,4.5,9,7,0
1,6,1,6,3.5,7,5,0
7,1,1,7,4.0,8,6,0
4,1,1,4,2.5,5,3,0
1,4,1,4,2.5,5,3,0
1,105,1,105,53.0,106,104,0
9,19,9,19,14.0,28,10,8
12,8,8,12,10.0,20,4,6
8,1,1,8,4.5,9,7,0
5,6,5,6,5.5,11,1,3
10,8,8,10,9.0,18,2,6
1,4,1,4,2.5,5,3,0
24,26,24,26,25.0,50,2,22
34,17,17,34,25.5,51,17,16
5,4,4,5,4.5,9,1,0
4,2,2,4,3.0,6,2,1
8,8,8,8,8.0,16,0,4
6,7,6,7,6.5,13,1,1
4,2,2,4,3.0,6,2,0
1,4,1,4,2.5,5,3,0
1,7,1,7,4.0,8,6,0
19,25,19,25,22.0,44,6,18
5,1,1,5,3.0,6,4,0
10,9,9,10,9.5,19,1,7
1,5,1,5,3.0,6,4,0
4,3,3,4,3.5,7,1,2
20,27,20,27,23.5,47,7,19
9,1,1,9,5.0,10,8,0
9,2,2,9,5.5,11,7,1
4,1,1,4,2.5,5,3,0
4,1,1,4,2.5,5,3,0
16,14,14,16,15.0,30,2,13
4,4,4,4,4.0,8,0,3
5,1,1,5,3.0,6,4,0
12,5,5,12,8.5,17,7,4
1,6,1,6,3.5,7,5,0
8,1,1,8,4.5,9,7,0
16,18,16,18,17.0,34,2,13
8,9,8,9,8.5,17,1,7
2,6,2,6,4.0,8,4,0
18,2,2,18,10.0,20,16,1
1,10,1,10,5.5,11,9,0
1,11,1,11,6.0,12,10,0
10,8,8,10,9.0,18,2,6
42,36,36,42,39.0,78,6,33
8,13,8,13,10.5,21,5,6
16,17,16,17,16.5,33,1,14
7,35,7,35,21.0,42,28,1
29,27,27,29,28.0,56,2,23
8,8,8,8,8.0,16,0,7
12,4,4,12,8.0,16,8,0
7,7,7,7,7.0,14,0,5
33,29,29,33,31.0,62,4,22
8,7,7,8,7.5,15,1,6
2,5,2,5,3.5,7,3,1
5,1,1,5,3.0,6,4,0
5,1,1,5,3.0,6,4,0
15,17,15,17,16.0,32,2,12
1,5,1,5,3.0,6,4,0
5,5,5,5,5.0,10,0,3
9,5,5,9,7.0,14,4,4
2,10,2,10,6.0,12,8,0
8,9,8,9,8.5,17,1,6
5,1,1,5,3.0,6,4,0
4,1,1,4,2.5,5,3,0
10,6,6,10,8.0,16,4,5
1,105,1,105,53.0,106,104,0
13,15,13,15,14.0,28,2,12
4,1,1,4,2.5,5,3,0
5,1,1,5,3.0,6,4,0
1,8,1,8,4.5,9,7,0
31,15,15,31,23.0,46,16,11
4,1,1,4,2.5,5,3,0
19,11,11,19,15.0,30,8,7
3,5,3,5,4.0,8,2,2
22,15,15,22,18.5,37,7,14
2,4,2,4,3.0,6,2,1
2,5,2,5,3.5,7,3,1
24,39,24,39,31.5,63,15,19
1,7,1,7,4.0,8,6,0
12,6,6,12,9.0,18,6,3
4,1,1,4,2.5,5,3,0
4,4,4,4,4.0,8,0,3
6,7,6,7,6.5,13,1,5
16,20,16,20,18.0,36,4,13
14,15,14,15,14.5,29,1,13
41,38,38,41,39.5,79,3,35
6,6,6,6,6.0,12,0,5
1,6,1,6,3.5,7,5,0
7,1,1,7,4.0,8,6,0
4,1,1,4,2.5,5,3,0
4,10,4,10,7.0,14,6,2
4,10,4,10,7.0,14,6,1
34,24,24,34,29.0,58,10,23
5,3,3,5,4.0,8,2,0
2,7,2,7,4.5,9,5,1
23,15,15,23,19.0,38,8,14
5,5,5,5,5.0,10,0,4
5,1,1,5,3.0,6,4,0
9,3,3,9,6.0,12,6,2
2,6,2,6,4.0,8,4,1
1,6,1,6,3.5,7,5,0
11,9,9,11,10.0,20,2,8
2,5,2,5,3.5,7,3,0
4,5,4,5,4.5,9,1,3
4,1,1,4,2.5,5,3,0
11,9,9,11,10.0,20,2,7
2,4,2,4,3.0,6,2,1
7,1,1,7,4.0,8,6,0
3,4,3,4,3.5,7,1,2
5,1,1,5,3.0,6,4,0
1,5,1,5,3.0,6,4,0
19,1,1,19,10.0,20,18,0
5,1,1,5,3.0,6,4,0
18,1,1,18,9.5,19,17,0
7,6,6,7,6.5,13,1,3
27,30,27,30,28.5,57,3,26
5,1,1,5,3.0,6,4,0
8,7,7,8,7.5,15,1,6
5,1,1,5,3.0,6,4,0
1,5,1,5,3.0,6,4,0
5,5,5,5,5.0,10,0,3
6,2,2,6,4.0,8,4,1
11,6,6,11,8.5,17,5,5
4,1,1,4,2.5,5,3,0
5,1,1,5,3.0,6,4,0
1,6,1,6,3.5,7,5,0
9,8,8,9,8.5,17,1,6
4,4,4,4,4.0,8,0,3
12,21,12,21,16.5,33,9,8
13,11,11,13,12.0,24,2,7
36,24,24,36,30.0,60,12,19
49,41,41,49,45.0,90,8,40
1,4,1,4,2.5,5,3,0
8,2,2,8,5.0,10,6,1
17,16,16,17,16.5,33,1,8
9,9,9,9,9.0,18,0,8
9,6,6,9,7.5,15,3,5
31,46,31,46,38.5,77,15,26
1,9,1,9,5.0,10,8,0
15,12,12,15,13.5,27,3,11
1,4,1,4,2.5,5,3,0
2,14,2,14,8.0,16,12,0
31,32,31,32,31.5,63,1,25
7,1,1,7,4.0,8,6,0
12,12,12,12,12.0,24,0,11
11,5,5,11,8.0,16,6,3
1,4,1,4,2.5,5,3,0
15,17,15,17,16.0,32,2,9
15,12,12,15,13.5,27,3,10
4,1,1,4,2.5,5,3,0
4,1,1,4,2.5,5,3,0
8,9,8,9,8.5,17,1,4
12,12,12,12,12.0,24,0,10
17,16,16,17,16.5,33,1,15
3,11,3,11,7.0,14,8,0
8,1,1,8,4.5,9,7,0
6,6,6,6,6.0,12,0,5
1,8,1,8,4.5,9,7,0
1,41,1,41,21.0,42,40,0
7,4,4,7,5.5,11,3,3
12,13,12,13,12.5,25,1,11
12,1,1,12,6.5,13,11,0
4,1,1,4,2.5,5,3,0
6,7,6,7,6.5,13,1,4
4,1,1,4,2.5,5,3,0
1,16,1,16,8.5,17,15,0
9,9,9,9,9.0,18,0,8
14,14,14,14,14.0,28,0,9
5,6,5,6,5.5,11,1,4
13,18,13,18,15.5,31,5,11
4,1,1,4,2.5,5,3,0
8,2,2,8,5.0,10,6,1
8,2,2,8,5.0,10,6,0
22,17,17,22,19.5,39,5,15
1,20,1,20,10.5,21,19,0
7,7,7,7,7.0,14,0,6
23,20,20,23,21.5,43,3,15
2,5,2,5,3.5,7,3,1
10,10,10,10,10.0,20,0,7
1,4,1,4,2.5,5,3,0
14,16,14,16,15.0,30,2,13
4,27,4,27,15.5,31,23,0
4,1,1,4,2.5,5,3,0
5,2,2,5,3.5,7,3,1
1,4,1,4,2.5,5,3,0
5,23,5,23,14.0,28,18,0
1,22,1,22,11.5,23,21,0
9,9,9,9,9.0,18,0,8
9,11,9,11,10.0,20,2,3
27,34,27,34,30.5,61,7,10
6,6,6,6,6.0,12,0,5
4,1,1,4,2.5,5,3,0
7,6,6,7,6.5,13,1,5
4,5,4,5,4.5,9,1,3
5,5,5,5,5.0,10,0,4
10,9,9,10,9.5,19,1,5
6,6,6,6,6.0,12,0,5
12,12,12,12,12.0,24,0,8
5,5,5,5,5.0,10,0,3
1,4,1,4,2.5,5,3,0
1,6,1,6,3.5,7,5,0
31,2,2,31,16.5,33,29,0
8,4,4,8,6.0,12,4,3
1,5,1,5,3.0,6,4,0
10,4,4,10,7.0,14,6,2
14,13,13,14,13.5,27,1,8
5,4,4,5,4.5,9,1,0
5,4,4,5,4.5,9,1,3
5,2,2,5,3.5,7,3,1
31,22,22,31,26.5,53,9,19
1,4,1,4,2.5,5,3,0
9,15,9,15,12.0,24,6,6
1,4,1,4,2.5,5,3,0
5,1,1,5,3.0,6,4,0
4,7,4,7,5.5,11,3,3
6,1,1,6,3.5,7,5,0
20,23,20,23,21.5,43,3,15
9,14,9,14,11.5,23,5,8
15,20,15,20,17.5,35,5,14
1,4,1,4,2.5,5,3,0
24,10,10,24,17.0,34,14,5
22,26,22,26,24.0,48,4,19
9,22,9,22,15.5,31,13,5
17,17,17,17,17.0,34,0,15
2,5,2,5,3.5,7,3,0
9,9,9,9,9.0,18,0,7
27,29,27,29,28.0,56,2,18
15,13,13,15,14.0,28,2,12
43,41,41,43,42.0,84,2,39
12,12,12,12,12.0,24,0,11
7,7,7,7,7.0,14,0,4
4,5,4,5,4.5,9,1,2
2,9,2,9,5.5,11,7,0
1,4,1,4,2.5,5,3,0
22,19,19,22,20.5,41,3,18
1,7,1,7,4.0,8,6,0
4,2,2,4,3.0,6,2,1
1,4,1,4,2.5,5,3,0
4,1,1,4,2.5,5,3,0
8,12,8,12,10.0,20,4,5
1,14,1,14,7.5,15,13,0
1,5,1,5,3.0,6,4,0
18,7,7,18,12.5,25,11,4
4,1,1,4,2.5,5,3,0
7,12,7,12,9.5,19,5,4
8,1,1,8,4.5,9,7,0
5,23,5,23,14.0,28,18,0
1,4,1,4,2.5,5,3,0
12,18,12,18,15.0,30,6,8
9,8,8,9,8.5,17,1,7
8,6,6,8,7.0,14,2,5
1,6,1,6,3.5,7,5,0
4,1,1,4,2.5,5,3,0
4,6,4,6,5.0,10,2,3
4,3,3,4,3.5,7,1,2
8,8,8,8,8.0,16,0,7
6,6,6,6,6.0,12,0,2
14,12,12,14,13.0,26,2,11
18,16,16,18,17.0,34,2,12
3,18,3,18,10.5,21,15,1
2,15,2,15,8.5,17,13,0
21,44,21,44,32.5,65,23,19
5,3,3,5,4.0,8,2,2
5,5,5,5,5.0,10,0,4
4,2,2,4,3.0,6,2,0
1,15,1,15,8.0,16,14,0
12,11,11,12,11.5,23,1,5
10,10,10,10,10.0,20,0,9
1,4,1,4,2.5,5,3,0
1,146,1,146,73.5,147,145,0
4,1,1,4,2.5,5,3,0
1,7,1,7,4.0,8,6,0
7,2,2,7,4.5,9,5,1
9,3,3,9,6.0,12,6,2
38,49,38,49,43.5,87,11,19
32,31,31,32,31.5,63,1,30
19,19,19,19,19.0,38,0,17
8,22,8,22,15.0,30,14,6
6,5,5,6,5.5,11,1,4
3,5,3,5,4.0,8,2,2
6,1,1,6,3.5,7,5,0
6,7,6,7,6.5,13,1,2
4,4,4,4,4.0,8,0,0
7,8,7,8,7.5,15,1,5
22,10,10,22,16.0,32,12,8
8,23,8,23,15.5,31,15,0
16,31,16,31,23.5,47,15,15
4,4,4,4,4.0,8,0,2
19,24,19,24,21.5,43,5,16
2,19,2,19,10.5,21,17,0
31,32,31,32,31.5,63,1,29
2,5,2,5,3.5,7,3,1
3,4,3,4,3.5,7,1,2
5,16,5,16,10.5,21,11,0
11,14,11,14,12.5,25,3,10
6,6,6,6,6.0,12,0,5
1,7,1,7,4.0,8,6,0
5,7,5,7,6.0,12,2,2
1,10,1,10,5.5,11,9,0
4,1,1,4,2.5,5,3,0
27,24,24,27,25.5,51,3,23
5,2,2,5,3.5,7,3,1
4,1,1,4,2.5,5,3,0
2,5,2,5,3.5,7,3,1
5,2,2,5,3.5,7,3,1
4,1,1,4,2.5,5,3,0
12,15,12,15,13.5,27,3,10
8,3,3,8,5.5,11,5,1
13,13,13,13,13.0,26,0,12
37,34,34,37,35.5,71,3,32
9,6,6,9,7.5,15,3,3
5,10,5,10,7.5,15,5,4
5,5,5,5,5.0,10,0,4
1,6,1,6,3.5,7,5,0
1,27,1,27,14.0,28,26,0
3,5,3,5,4.0,8,2,1
10,1,1,10,5.5,11,9,0
18,35,18,35,26.5,53,17,12
10,1,1,10,5.5,11,9,0
8,1,1,8,4.5,9,7,0
10,7,7,10,8.5,17,3,5
8,1,1,8,4.5,9,7,0
1,15,1,15,8.0,16,14,0
12,13,12,13,12.5,25,1,11
4,1,1,4,2.5,5,3,0
4,8,4,8,6.0,12,4,3
5,7,5,7,6.0,12,2,4
1,14,1,14,7.5,15,13,0
15,15,15,15,15.0,30,0,14
27,13,13,27,20.0,40,14,11
5,1,1,5,3.0,6,4,0
31,32,31,32,31.5,63,1,29
1,4,1,4,2.5,5,3,0
1,15,1,15,8.0,16,14,0
8,4,4,8,6.0,12,4,0
13,4,4,13,8.5,17,9,3
2,11,2,11,6.5,13,9,1
5,1,1,5,3.0,6,4,0
1,14,1,14,7.5,15,13,0
20,51,20,51,35.5,71,31,19
3,5,3,5,4.0,8,2,2
5,1,1,5,3.0,6,4,0
1,4,1,4,2.5,5,3,0
5,2,2,5,3.5,7,3,1
19,19,19,19,19.0,38,0,18
7,4,4,7,5.5,11,3,3
34,44,34,44,39.0,78,10,27
1,5,1,5,3.0,6,4,0
4,1,1,4,2.5,5,3,0
5,2,2,5,3.5,7,3,1
4,10,4,10,7.0,14,6,3
17,11,11,17,14.0,28,6,10
4,26,4,26,15.0,30,22,2
19,21,19,21,20.0,40,2,18
1,5,1,5,3.0,6,4,0
2,4,2,4,3.0,6,2,1
7,14,7,14,10.5,21,7,5
6,6,6,6,6.0,12,0,5
5,1,1,5,3.0,6,4,0
1,5,1,5,3.0,6,4,0
4,4,4,4,4.0,8,0,3
1,4,1,4,2.5,5,3,0
4,1,1,4,2.5,5,3,0
5,6,5,6,5.5,11,1,3
4,1,1,4,2.5,5,3,0
4,2,2,4,3.0,6,2,1
4,2,2,4,3.0,6,2,1
1,4,1,4,2.5,5,3,0
8,1,1,8,4.5,9,7,0
11,10,10,11,10.5,21,1,9
2,17,2,17,9.5,19,15,1
28,28,28,28,28.0,56,0,24
5,1,1,5,3.0,6,4,0
19,19,19,19,19.0,38,0,17
4,1,1,4,2.5,5,3,0
1,8,1,8,4.5,9,7,0
7,8,7,8,7.5,15,1,6
7,8,7,8,7.5,15,1,6
4,1,1,4,2.5,5,3,0
21,19,19,21,20.0,40,2,18
8,6,6,8,7.0,14,2,5
1,5,1,5,3.0,6,4,0
8,10,8,10,9.0,18,2,5
5,5,5,5,5.0,10,0,4
31,26,26,31,28.5,57,5,23
4,2,2,4,3.0,6,2,1
35,18,18,35,26.5,53,17,13
5,2,2,5,3.5,7,3,1
1,6,1,6,3.5,7,5,0
5,5,5,5,5.0,10,0,4
10,7,7,10,8.5,17,3,2
7,1,1,7,4.0,8,6,0
4,1,1,4,2.5,5,3,0
23,20,20,23,21.5,43,3,15
20,20,20,20,20.0,40,0,19
29,47,29,47,38.0,76,18,26
6,6,6,6,6.0,12,0,5
13,13,13,13,13.0,26,0,12
4,1,1,4,2.5,5,3,0
18,35,18,35,26.5,53,17,16
5,1,1,5,3.0,6,4,0
4,1,1,4,2.5,5,3,0
5,2,2,5,3.5,7,3,0
9,12,9,12,10.5,21,3,4
4,5,4,5,4.5,9,1,1
17,14,14,17,15.5,31,3,5
14,13,13,14,13.5,27,1,10
1,34,1,34,17.5,35,33,0
50,25,25,50,37.5,75,25,24
4,9,4,9,6.5,13,5,3
5,6,5,6,5.5,11,1,4
8,8,8,8,8.0,16,0,4
3,6,3,6,4.5,9,3,2
11,11,11,11,11.0,22,0,7
9,1,1,9,5.0,10,8,0
1,5,1,5,3.0,6,4,0
1,17,1,17,9.0,18,16,0
22,2,2,22,12.0,24,20,0
24,20,20,24,22.0,44,4,17
12,1,1,12,6.5,13,11,0
5,1,1,5,3.0,6,4,0
16,17,16,17,16.5,33,1,15
22,4,4,22,13.0,26,18,1
8,10,8,10,9.0,18,2,6
11,27,11,27,19.0,38,16,3
4,1,1,4,2.5,5,3,0
43,34,34,43,38.5,77,9,27
1,4,1,4,2.5,5,3,0
8,1,1,8,4.5,9,7,0
15,26,15,26,20.5,41,11,14
5,4,4,5,4.5,9,1,3
15,7,7,15,11.0,22,8,6
13,1,1,13,7.0,14,12,0
1,27,1,27,14.0,28,26,0
7,5,5,7,6.0,12,2,2
20,17,17,20,18.5,37,3,14
2,6,2,6,4.0,8,4,0
15,11,11,15,13.0,26,4,9
5,1,1,5,3.0,6,4,0
1,20,1,20,10.5,21,19,0
15,16,15,16,15.5,31,1,11
8,9,8,9,8.5,17,1,7
28,49,28,49,38.5,77,21,24
8,3,3,8,5.5,11,5,2
8,6,6,8,7.0,14,2,4
9,7,7,9,8.0,16,2,5
9,5,5,9,7.0,14,4,3
18,12,12,18,15.0,30,6,9
1,4,1,4,2.5,5,3,0
4,4,4,4,4.0,8,0,3
1,4,1,4,2.5,5,3,0
1,8,1,8,4.5,9,7,0
11,1,1,11,6.0,12,10,0
32,33,32,33,32.5,65,1,31
11,4,4,11,7.5,15,7,2
20,17,17,20,18.5,37,3,15
22,16,16,22,19.0,38,6,15
4,1,1,4,2.5,5,3,0
20,20,20,20,20.0,40,0,17
24,48,24,48,36.0,72,24,21
5,4,4,5,4.5,9,1,2
26,26,26,26,26.0,52,0,25
9,6,6,9,7.5,15,3,4
37,31,31,37,34.0,68,6,25
1,25,1,25,13.0,26,24,0
1,4,1,4,2.5,5,3,0
28,17,17,28,22.5,45,11,16
11,5,5,11,8.0,16,6,3
1,9,1,9,5.0,10,8,0
4,4,4,4,4.0,8,0,0
13,22,13,22,17.5,35,9,12
1,4,1,4,2.5,5,3,0
2,7,2,7,4.5,9,5,0
6,1,1,6,3.5,7,5,0
5,1,1,5,3.0,6,4,0
24,1,1,24,12.5,25,23,0
2,5,2,5,3.5,7,3,1
31,12,12,31,21.5,43,19,4
4,4,4,4,4.0,8,0,3
18,10,10,18,14.0,28,8,8
32,33,32,33,32.5,65,1,31
9,9,9,9,9.0,18,0,7
12,1,1,12,6.5,13,11,0
5,1,1,5,3.0,6,4,0
28,24,24,28,26.0,52,4,23
1,5,1,5,3.0,6,4,0
33,39,33,39,36.0,72,6,30
28,29,28,29,28.5,57,1,25
24,24,24,24,24.0,48,0,11
6,19,6,19,12.5,25,13,5
4,1,1,4,2.5,5,3,0
1,5,1,5,3.0,6,4,0
1,4,1,4,2.5,5,3,0
7,8,7,8,7.5,15,1,6
8,10,8,10,9.0,18,2,7
1,4,1,4,2.5,5,3,0
9,6,6,9,7.5,15,3,5
5,3,3,5,4.0,8,2,2
13,12,12,13,12.5,25,1,9
1,23,1,23,12.0,24,22,0
16,16,16,16,16.0,32,0,10
7,6,6,7,6.5,13,1,4
4,5,4,5,4.5,9,1,3
17,4,4,17,10.5,21,13,1
14,13,13,14,13.5,27,1,12
4,12,4,12,8.0,16,8,2
1,4,1,4,2.5,5,3,0
13,26,13,26,19.5,39,13,10
5,6,5,6,5.5,11,1,2
2,8,2,8,5.0,10,6,0
19,12,12,19,15.5,31,7,11
4,4,4,4,4.0,8,0,3
3,8,3,8,5.5,11,5,0
20,24,20,24,22.0,44,4,14
1,5,1,5,3.0,6,4,0
5,3,3,5,4.0,8,2,1
4,1,1,4,2.5,5,3,0
1,5,1,5,3.0,6,4,0
14,13,13,14,13.5,27,1,12
24,20,20,24,22.0,44,4,17
2,4,2,4,3.0,6,2,1
25,17,17,25,21.0,42,8,16
2,5,2,5,3.5,7,3,1
6,7,6,7,6.5,13,1,5
5,1,1,5,3.0,6,4,0
16,14,14,16,15.0,30,2,13
7,8,7,8,7.5,15,1,6
16,14,14,16,15.0,30,2,13
4,6,4,6,5.0,10,2,2
11,9,9,11,10.0,20,2,5
4,1,1,4,2.5,5,3,0
16,17,16,17,16.5,33,1,6
33,13,13,33,23.0,46,20,7
1,8,1,8,4.5,9,7,0
5,1,1,5,3.0,6,4,0
14,15,14,15,14.5,29,1,12
6,6,6,6,6.0,12,0,3
4,1,1,4,2.5,5,3,0
2,11,2,11,6.5,13,9,0
8,9,8,9,8.5,17,1,5
5,5,5,5,5.0,10,0,3
17,8,8,17,12.5,25,9,6
15,13,13,15,14.0,28,2,12
5,3,3,5,4.0,8,2,2
1,4,1,4,2.5,5,3,0
8,5,5,8,6.5,13,3,4
32,31,31,32,31.5,63,1,30
42,37,37,42,39.5,79,5,27
12,14,12,14,13.0,26,2,10
11,11,11,11,11.0,22,0,10
12,1,1,12,6.5,13,11,0
8,6,6,8,7.0,14,2,4
8,7,7,8,7.5,15,1,4
12,5,5,12,8.5,17,7,4
33,32,32,33,32.5,65,1,30
26,34,26,34,30.0,60,8,15
11,9,9,11,10.0,20,2,8
50,51,50,51,50.5,101,1,48
25,32,25,32,28.5,57,7,21
12,7,7,12,9.5,19,5,6
46,36,36,46,41.0,82,10,35
17,17,17,17,17.0,34,0,14
6,1,1,6,3.5,7,5,0
10,3,3,10,6.5,13,7,2
4,2,2,4,3.0,6,2,1
10,11,10,11,10.5,21,1,7
8,7,7,8,7.5,15,1,2
4,5,4,5,4.5,9,1,3
4,4,4,4,4.0,8,0,3
13,19,13,19,16.0,32,6,12
1,4,1,4,2.5,5,3,0
10,2,2,10,6.0,12,8,0
8,1,1,8,4.5,9,7,0
37,49,37,49,43.0,86,12,29
26,36,26,36,31.0,62,10,22
6,8,6,8,7.0,14,2,5
13,13,13,13,13.0,26,0,12
4,1,1,4,2.5,5,3,0
5,5,5,5,5.0,10,0,3
5,6,5,6,5.5,11,1,4
2,11,2,11,6.5,13,9,1
13,13,13,13,13.0,26,0,11
10,11,10,11,10.5,21,1,9
7,7,7,7,7.0,14,0,6
1,4,1,4,2.5,5,3,0
5,4,4,5,4.5,9,1,3
25,20,20,25,22.5,45,5,18
3,4,3,4,3.5,7,1,2
1,7,1,7,4.0,8,6,0
19,15,15,19,17.0,34,4,14
6,1,1,6,3.5,7,5,0
9,17,9,17,13.0,26,8,6
6,1,1,6,3.5,7,5,0
4,1,1,4,2.5,5,3,0
6,1,1,6,3.5,7,5,0
8,8,8,8,8.0,16,0,4
9,4,4,9,6.5,13,5,3
24,14,14,24,19.0,38,10,7
20,14,14,20,17.0,34,6,12
39,28,28,39,33.5,67,11,21
2,5,2,5,3.5,7,3,0
8,7,7,8,7.5,15,1,4
1,5,1,5,3.0,6,4,0
31,24,24,31,27.5,55,7,23
1,5,1,5,3.0,6,4,0
2,4,2,4,3.0,6,2,1
14,12,12,14,13.0,26,2,11
4,1,1,4,2.5,5,3,0
1,4,1,4,2.5,5,3,0
1,9,1,9,5.0,10,8,0
13,6,6,13,9.5,19,7,1
7,5,5,7,6.0,12,2,4
13,13,13,13,13.0,26,0,12
4,4,4,4,4.0,8,0,3
31,20,20,31,25.5,51,11,17
1,4,1,4,2.5,5,3,0
5,5,5,5,5.0,10,0,1
12,9,9,12,10.5,21,3,7
11,9,9,11,10.0,20,2,4
8,39,8,39,23.5,47,31,7
4,6,4,6,5.0,10,2,3
7,6,6,7,6.5,13,1,3
4,1,1,4,2.5,5,3,0
1,7,1,7,4.0,8,6,0
2,4,2,4,3.0,6,2,1
11,1,1,11,6.0,12,10,0
9,8,8,9,8.5,17,1,6
7,10,7,10,8.5,17,3,6
7,6,6,7,6.5,13,1,4
9,5,5,9,7.0,14,4,4
13,13,13,13,13.0,26,0,12
7,1,1,7,4.0,8,6,0
10,1,1,10,5.5,11,9,0
2,11,2,11,6.5,13,9,0
9,8,8,9,8.5,17,1,7
1,9,1,9,5.0,10,8,0
4,1,1,4,2.5,5,3,0
1,28,1,28,14.5,29,27,0
20,15,15,20,17.5,35,5,12
1,23,1,23,12.0,24,22,0
1,14,1,14,7.5,15,13,0
1,5,1,5,3.0,6,4,0
25,39,25,39,32.0,64,14,16
5,5,5,5,5.0,10,0,4
20,19,19,20,19.5,39,1,15
4,7,4,7,5.5,11,3,2
8,8,8,8,8.0,16,0,7
36,36,36,36,36.0,72,0,35
8,1,1,8,4.5,9,7,0
11,11,11,11,11.0,22,0,9
5,1,1,5,3.0,6,4,0
26,24,24,26,25.0,50,2,22
3,4,3,4,3.5,7,1,2
2,4,2,4,3.0,6,2,0
13,9,9,13,11.0,22,4,8
2,4,2,4,3.0,6,2,0
1,4,1,4,2.5,5,3,0
9,10,9,10,9.5,19,1,8
4,13,4,13,8.5,17,9,0
1,17,1,17,9.0,18,16,0
18,27,18,27,22.5,45,9,16
10,9,9,10,9.5,19,1,8
6,9,6,9,7.5,15,3,3
1,4,1,4,2.5,5,3,0
2,8,2,8,5.0,10,6,1
4,5,4,5,4.5,9,1,0
8,4,4,8,6.0,12,4,3
1,11,1,11,6.0,12,10,0
6,5,5,6,5.5,11,1,4
7,5,5,7,6.0,12,2,4
9,10,9,10,9.5,19,1,5
29,37,29,37,33.0,66,8,11
19,10,10,19,14.5,29,9,9
12,12,12,12,12.0,24,0,11
5,4,4,5,4.5,9,1,2
17,15,15,17,16.0,32,2,10
26,26,26,26,26.0,52,0,22
1,4,1,4,2.5,5,3,0
1,26,1,26,13.5,27,25,0
4,1,1,4,2.5,5,3,0
3,4,3,4,3.5,7,1,2
25,42,25,42,33.5,67,17,23
5,4,4,5,4.5,9,1,3
4,1,1,4,2.5,5,3,0
3,13,3,13,8.0,16,10,2
3,6,3,6,4.5,9,3,0
1,9,1,9,5.0,10,8,0
4,5,4,5,4.5,9,1,3
10,9,9,10,9.5,19,1,5
10,10,10,10,10.0,20,0,9
2,6,2,6,4.0,8,4,1
6,5,5,6,5.5,11,1,3
4,1,1,4,2.5,5,3,0
1,56,1,56,28.5,57,55,0
43,19,19,43,31.0,62,24,17
13,13,13,13,13.0,26,0,12
5,1,1,5,3.0,6,4,0
19,77,19,77,48.0,96,58,1
12,7,7,12,9.5,19,5,5
5,11,5,11,8.0,16,6,0
4,1,1,4,2.5,5,3,0
5,6,5,6,5.5,11,1,4
1,4,1,4,2.5,5,3,0
5,1,1,5,3.0,6,4,0
1,10,1,10,5.5,11,9,0
1,6,1,6,3.5,7,5,0
6,5,5,6,5.5,11,1,2
8,11,8,11,9.5,19,3,6
6,4,4,6,5.0,10,2,3
1,4,1,4,2.5,5,3,0
5,1,1,5,3.0,6,4,0
1,5,1,5,3.0,6,4,0
17,17,17,17,17.0,34,0,15
1,11,1,11,6.0,12,10,0
15,11,11,15,13.0,26,4,7
1,17,1,17,9.0,18,16,0
1,5,1,5,3.0,6,4,0
5,1,1,5,3.0,6,4,0
1,5,1,5,3.0,6,4,0
9,88,9,88,48.5,97,79,1
1,4,1,4,2.5,5,3,0
4,1,1,4,2.5,5,3,0
19,25,19,25,22.0,44,6,17
8,5,5,8,6.5,13,3,4
45,29,29,45,37.0,74,16,26
1,5,1,5,3.0,6,4,0
21,15,15,21,18.0,36,6,12
5,1,1,5,3.0,6,4,0
5,1,1,5,3.0,6,4,0
8,8,8,8,8.0,16,0,7
5,3,3,5,4.0,8,2,2
16,23,16,23,19.5,39,7,15
8,6,6,8,7.0,14,2,5
6,6,6,6,6.0,12,0,3
1,5,1,5,3.0,6,4,0
8,23,8,23,15.5,31,15,4
10,1,1,10,5.5,11,9,0
18,3,3,18,10.5,21,15,2
4,2,2,4,3.0,6,2,1
1,146,1,146,73.5,147,145,0
32,33,32,33,32.5,65,1,21
1,5,1,5,3.0,6,4,0
7,19,7,19,13.0,26,12,5
4,4,4,4,4.0,8,0,2
2,4,2,4,3.0,6,2,1
27,34,27,34,30.5,61,7,26
11,1,1,11,6.0,12,10,0
1,6,1,6,3.5,7,5,0
1,14,1,14,7.5,15,13,0
25,6,6,25,15.5,31,19,4
18,7,7,18,12.5,25,11,6
16,18,16,18,17.0,34,2,12
25,26,25,26,25.5,51,1,22
4,1,1,4,2.5,5,3,0
12,14,12,14,13.0,26,2,11
1,16,1,16,8.5,17,15,0
5,5,5,5,5.0,10,0,4
31,23,23,31,27.0,54,8,22
6,4,4,6,5.0,10,2,1
20,20,20,20,20.0,40,0,18
14,22,14,22,18.0,36,8,4
4,3,3,4,3.5,7,1,2
4,1,1,4,2.5,5,3,0
9,9,9,9,9.0,18,0,8
10,1,1,10,5.5,11,9,0
5,1,1,5,3.0,6,4,0
5,6,5,6,5.5,11,1,4
1,6,1,6,3.5,7,5,0
1,7,1,7,4.0,8,6,0
12,1,1,12,6.5,13,11,0
26,26,26,26,26.0,52,0,24
7,7,7,7,7.0,14,0,3
2,9,2,9,5.5,11,7,0
7,6,6,7,6.5,13,1,5
2,8,2,8,5.0,10,6,0
4,4,4,4,4.0,8,0,3
4,2,2,4,3.0,6,2,1
1,28,1,28,14.5,29,27,0
4,8,4,8,6.0,12,4,0
12,3,3,12,7.5,15,9,2
5,3,3,5,4.0,8,2,2
4,1,1,4,2.5,5,3,0
6,5,5,6,5.5,11,1,4
1,18,1,18,9.5,19,17,0
11,12,11,12,11.5,23,1,9
4,1,1,4,2.5,5,3,0
1,7,1,7,4.0,8,6,0
5,15,5,15,10.0,20,10,0
2,6,2,6,4.0,8,4,0
7,8,7,8,7.5,15,1,6
7,7,7,7,7.0,14,0,6
1,10,1,10,5.5,11,9,0
7,2,2,7,4.5,9,5,1
9,6,6,9,7.5,15,3,5
8,9,8,9,8.5,17,1,6
9,8,8,9,8.5,17,1,5
4,1,1,4,2.5,5,3,0
51,23,23,51,37.0,74,28,19
1,4,1,4,2.5,5,3,0
10,1,1,10,5.5,11,9,0
4,1,1,4,2.5,5,3,0
9,1,1,9,5.0,10,8,0
32,32,32,32,32.0,64,0,30
1,5,1,5,3.0,6,4,0
17,16,16,17,16.5,33,1,11
6,5,5,6,5.5,11,1,3
1,28,1,28,14.5,29,27,0
5,5,5,5,5.0,10,0,4
1,6,1,6,3.5,7,5,0
21,10,10,21,15.5,31,11,0
1,4,1,4,2.5,5,3,0
1,35,1,35,18.0,36,34,0
4,1,1,4,2.5,5,3,0
5,6,5,6,5.5,11,1,3
5,1,1,5,3.0,6,4,0
2,16,2,16,9.0,18,14,0
5,3,3,5,4.0,8,2,2
1,6,1,6,3.5,7,5,0
4,4,4,4,4.0,8,0,1
1,10,1,10,5.5,11,9,0
2,4,2,4,3.0,6,2,1
5,1,1,5,3.0,6,4,0
4,16,4,16,10.0,20,12,0
42,49,42,49,45.5,91,7,41
11,1,1,11,6.0,12,10,0
15,12,12,15,13.5,27,3,11
30,6,6,30,18.0,36,24,5
16,1,1,16,8.5,17,15,0
6,5,5,6,5.5,11,1,4
7,5,5,7,6.0,12,2,4
6,4,4,6,5.0,10,2,3
6,1,1,6,3.5,7,5,0
1,6,1,6,3.5,7,5,0
6,7,6,7,6.5,13,1,3
1,8,1,8,4.5,9,7,0
11,10,10,11,10.5,21,1,7
2,4,2,4,3.0,6,2,1
1,11,1,11,6.0,12,10,0
1,4,1,4,2.5,5,3,0
10,13,10,13,11.5,23,3,9
10,12,10,12,11.0,22,2,9
8,13,8,13,10.5,21,5,7
26,27,26,27,26.5,53,1,25
3,6,3,6,4.5,9,3,1
9,5,5,9,7.0,14,4,2
11,10,10,11,10.5,21,1,9
32,14,14,32,23.0,46,18,11
1,17,1,17,9.0,18,16,0
12,1,1,12,6.5,13,11,0
6,17,6,17,11.5,23,11,5
9,8,8,9,8.5,17,1,7
17,17,17,17,17.0,34,0,14
28,20,20,28,24.0,48,8,15
6,7,6,7,6.5,13,1,5
15,15,15,15,15.0,30,0,11
2,22,2,22,12.0,24,20,0
30,24,24,30,27.0,54,6,23
6,6,6,6,6.0,12,0,5
8,11,8,11,9.5,19,3,6
2,6,2,6,4.0,8,4,0
19,23,19,23,21.0,42,4,18
4,1,1,4,2.5,5,3,0
8,13,8,13,10.5,21,5,7
3,5,3,5,4.0,8,2,2
1,6,1,6,3.5,7,5,0
13,8,8,13,10.5,21,5,6
19,18,18,19,18.5,37,1,16
39,47,39,47,43.0,86,8,34
16,7,7,16,11.5,23,9,5
5,1,1,5,3.0,6,4,0
14,34,14,34,24.0,48,20,10
33,32,32,33,32.5,65,1,31
1,4,1,4,2.5,5,3,0
2,5,2,5,3.5,7,3,1
1,5,1,5,3.0,6,4,0
1,8,1,8,4.5,9,7,0
1,12,1,12,6.5,13,11,0
36,5,5,36,20.5,41,31,3
1,8,1,8,4.5,9,7,0
2,4,2,4,3.0,6,2,1
45,36,36,45,40.5,81,9,33
7,1,1,7,4.0,8,6,0
7,13,7,13,10.0,20,6,5
5,4,4,5,4.5,9,1,2
11,3,3,11,7.0,14,8,0
1,75,1,75,38.0,76,74,0
1,8,1,8,4.5,9,7,0
7,1,1,7,4.0,8,6,0
18,14,14,18,16.0,32,4,13
4,1,1,4,2.5,5,3,0
6,6,6,6,6.0,12,0,4
3,4,3,4,3.5,7,1,2
48,36,36,48,42.0,84,12,34
15,14,14,15,14.5,29,1,13
1,7,1,7,4.0,8,6,0
4,1,1,4,2.5,5,3,0
4,9,4,9,6.5,13,5,0
4,5,4,5,4.5,9,1,3
5,1,1,5,3.0,6,4,0
1,5,1,5,3.0,6,4,0
5,1,1,5,3.0,6,4,0
18,4,4,18,11.0,22,14,3
4,1,1,4,2.5,5,3,0
6,1,1,6,3.5,7,5,0
33,41,33,41,37.0,74,8,16
4,4,4,4,4.0,8,0,3
13,37,13,37,25.0,50,24,12
26,27,26,27,26.5,53,1,25
6,7,6,7,6.5,13,1,4
4,44,4,44,24.0,48,40,1
2,6,2,6,4.0,8,4,1
1,6,1,6,3.5,7,5,0
1,6,1,6,3.5,7,5,0
18,31,18,31,24.5,49,13,12
23,37,23,37,30.0,60,14,21
1,4,1,4,2.5,5,3,0
14,13,13,14,13.5,27,1,12
8,9,8,9,8.5,17,1,7
3,6,3,6,4.5,9,3,2
1,7,1,7,4.0,8,6,0
12,13,12,13,12.5,25,1,11
7,5,5,7,6.0,12,2,4
12,12,12,12,12.0,24,0,11
4,1,1,4,2.5,5,3,0
7,7,7,7,7.0,14,0,6
3,5,3,5,4.0,8,2,2
5,6,5,6,5.5,11,1,3
15,2,2,15,8.5,17,13,1
1,8,1,8,4.5,9,7,0
4,1,1,4,2.5,5,3,0
1,6,1,6,3.5,7,5,0
2,4,2,4,3.0,6,2,1
10,15,10,15,12.5,25,5,3
14,10,10,14,12.0,24,4,6
1,55,1,55,28.0,56,54,0
6,11,6,11,8.5,17,5,4
11,2,2,11,6.5,13,9,0
1,7,1,7,4.0,8,6,0
10,1,1,10,5.5,11,9,0
41,42,41,42,41.5,83,1,39
18,19,18,19,18.5,37,1,17
1,35,1,35,18.0,36,34,0
1,7,1,7,4.0,8,6,0
1,8,1,8,4.5,9,7,0
6,5,5,6,5.5,11,1,4
17,7,7,17,12.0,24,10,5
16,33,16,33,24.5,49,17,13
4,5,4,5,4.5,9,1,3
10,5,5,10,7.5,15,5,4
8,8,8,8,8.0,16,0,7
3,17,3,17,10.0,20,14,0
5,2,2,5,3.5,7,3,1
1,9,1,9,5.0,10,8,0
19,20,19,20,19.5,39,1,16
10,8,8,10,9.0,18,2,6
6,4,4,6,5.0,10,2,3
11,7,7,11,9.0,18,4,5
17,27,17,27,22.0,44,10,4
4,1,1,4,2.5,5,3,0
6,5,5,6,5.5,11,1,3
6,7,6,7,6.5,13,1,3
8,16,8,16,12.0,24,8,7
5,2,2,5,3.5,7,3,1
27,27,27,27,27.0,54,0,26
2,4,2,4,3.0,6,2,1
31,42,31,42,36.5,73,11,26
4,1,1,4,2.5,5,3,0
5,12,5,12,8.5,17,7,4
13,10,10,13,11.5,23,3,9
6,19,6,19,12.5,25,13,5
8,1,1,8,4.5,9,7,0
1,4,1,4,2.5,5,3,0
27,18,18,27,22.5,45,9,17
12,12,12,12,12.0,24,0,10
2,4,2,4,3.0,6,2,1
18,6,6,18,12.0,24,12,3
1,13,1,13,7.0,14,12,0
5,3,3,5,4.0,8,2,2
1,6,1,6,3.5,7,5,0
9,5,5,9,7.0,14,4,4
6,4,4,6,5.0,10,2,0
5,3,3,5,4.0,8,2,0
65,25,25,65,45.0,90,40,20
1,4,1,4,2.5,5,3,0
1,16,1,16,8.5,17,15,0
4,4,4,4,4.0,8,0,0
1,5,1,5,3.0,6,4,0
10,12,10,12,11.0,22,2,7
10,8,8,10,9.0,18,2,5
7,1,1,7,4.0,8,6,0
1,8,1,8,4.5,9,7,0
29,2,2,29,15.5,31,27,0
9,11,9,11,10.0,20,2,7
10,1,1,10,5.5,11,9,0
28,47,28,47,37.5,75,19,20
14,12,12,14,13.0,26,2,11
24,8,8,24,16.0,32,16,7
1,8,1,8,4.5,9,7,0
5,1,1,5,3.0,6,4,0
2,6,2,6,4.0,8,4,1
6,1,1,6,3.5,7,5,0
4,1,1,4,2.5,5,3,0
9,1,1,9,5.0,10,8,0
12,13,12,13,12.5,25,1,4
6,1,1,6,3.5,7,5,0
146,8,8,146,77.0,154,138,0
17,1,1,17,9.0,18,16,0
5,2,2,5,3.5,7,3,1
1,4,1,4,2.5,5,3,0
5,6,5,6,5.5,11,1,4
4,5,4,5,4.5,9,1,3
1,35,1,35,18.0,36,34,0
9,9,9,9,9.0,18,0,8
9,7,7,9,8.0,16,2,6
1,7,1,7,4.0,8,6,0
7,6,6,7,6.5,13,1,5
1,6,1,6,3.5,7,5,0
4,1,1,4,2.5,5,3,0
5,10,5,10,7.5,15,5,4
7,1,1,7,4.0,8,6,0
40,51,40,51,45.5,91,11,19
4,1,1,4,2.5,5,3,0
1,5,1,5,3.0,6,4,0
8,1,1,8,4.5,9,7,0
11,11,11,11,11.0,22,0,10
4,1,1,4,2.5,5,3,0
8,12,8,12,10.0,20,4,6
11,22,11,22,16.5,33,11,10
5,4,4,5,4.5,9,1,3
4,1,1,4,2.5,5,3,0
10,11,10,11,10.5,21,1,9
1,17,1,17,9.0,18,16,0
1,6,1,6,3.5,7,5,0
7,15,7,15,11.0,22,8,5
11,12,11,12,11.5,23,1,10
5,1,1,5,3.0,6,4,0
4,2,2,4,3.0,6,2,1
5,1,1,5,3.0,6,4,0
6,2,2,6,4.0,8,4,1
8,7,7,8,7.5,15,1,5
10,7,7,10,8.5,17,3,6
1,13,1,13,7.0,14,12,0
4,6,4,6,5.0,10,2,3
19,47,19,47,33.0,66,28,16
2,17,2,17,9.5,19,15,0
1,5,1,5,3.0,6,4,0
1,5,1,5,3.0,6,4,0
4,11,4,11,7.5,15,7,3
2,10,2,10,6.0,12,8,1
1,5,1,5,3.0,6,4,0
6,9,6,9,7.5,15,3,5
11,20,11,20,15.5,31,9,10
16,22,16,22,19.0,38,6,14
32,44,32,44,38.0,76,12,0
5,5,5,5,5.0,10,0,4
4,1,1,4,2.5,5,3,0
2,24,2,24,13.0,26,22,0
1,8,1,8,4.5,9,7,0
1,4,1,4,2.5,5,3,0
13,12,12,13,12.5,25,1,11
6,1,1,6,3.5,7,5,0
20,24,20,24,22.0,44,4,19
4,1,1,4,2.5,5,3,0
32,32,32,32,32.0,64,0,31
5,1,1,5,3.0,6,4,0
1,5,1,5,3.0,6,4,0
4,1,1,4,2.5,5,3,0
7,56,7,56,31.5,63,49,2
20,21,20,21,20.5,41,1,19
9,10,9,10,9.5,19,1,4
5,5,5,5,5.0,10,0,4
26,34,26,34,30.0,60,8,20
18,6,6,18,12.0,24,12,5
15,18,15,18,16.5,33,3,14
22,21,21,22,21.5,43,1,19
14,2,2,14,8.0,16,12,0
12,6,6,12,9.0,18,6,5
4,5,4,5,4.5,9,1,0
4,1,1,4,2.5,5,3,0
9,7,7,9,8.0,16,2,6
8,1,1,8,4.5,9,7,0
1,65,1,65,33.0,66,64,0
4,1,1,4,2.5,5,3,0
27,27,27,27,27.0,54,0,21
8,4,4,8,6.0,12,4,3
5,5,5,5,5.0,10,0,4
19,38,19,38,28.5,57,19,14
10,22,10,22,16.0,32,12,6
44,41,41,44,42.5,85,3,40
1,13,1,13,7.0,14,12,0
1,4,1,4,2.5,5,3,0
1,14,1,14,7.5,15,13,0
24,34,24,34,29.0,58,10,18
2,4,2,4,3.0,6,2,0
9,9,9,9,9.0,18,0,5
14,7,7,14,10.5,21,7,2
7,2,2,7,4.5,9,5,1
5,1,1,5,3.0,6,4,0
5,13,5,13,9.0,18,8,4
1,6,1,6,3.5,7,5,0
2,10,2,10,6.0,12,8,1
14,25,14,25,19.5,39,11,12
10,11,10,11,10.5,21,1,8
31,24,24,31,27.5,55,7,23
6,1,1,6,3.5,7,5,0
9,8,8,9,8.5,17,1,7
5,5,5,5,5.0,10,0,4
1,4,1,4,2.5,5,3,0
7,8,7,8,7.5,15,1,3
6,1,1,6,3.5,7,5,0
1,29,1,29,15.0,30,28,0
7,7,7,7,7.0,14,0,5
20,1,1,20,10.5,21,19,0
13,9,9,13,11.0,22,4,8
9,6,6,9,7.5,15,3,3
8,6,6,8,7.0,14,2,4
5,2,2,5,3.5,7,3,1
14,24,14,24,19.0,38,10,9
6,7,6,7,6.5,13,1,4
24,13,13,24,18.5,37,11,9
9,7,7,9,8.0,16,2,4
5,2,2,5,3.5,7,3,1
20,17,17,20,18.5,37,3,15
4,1,1,4,2.5,5,3,0
4,5,4,5,4.5,9,1,3
7,1,1,7,4.0,8,6,0
7,11,7,11,9.0,18,4,5
1,7,1,7,4.0,8,6,0
4,3,3,4,3.5,7,1,2
4,1,1,4,2.5,5,3,0
4,5,4,5,4.5,9,1,3
2,11,2,11,6.5,13,9,1
16,1,1,16,8.5,17,15,0
1,5,1,5,3.0,6,4,0
6,8,6,8,7.0,14,2,4
5,5,5,5,5.0,10,0,4
8,8,8,8,8.0,16,0,7
1,7,1,7,4.0,8,6,0
11,6,6,11,8.5,17,5,1
1,7,1,7,4.0,8,6,0
4,1,1,4,2.5,5,3,0
46,41,41,46,43.5,87,5,32
1,146,1,146,73.5,147,145,0
3,4,3,4,3.5,7,1,0
6,7,6,7,6.5,13,1,5
3,6,3,6,4.5,9,3,0
5,1,1,5,3.0,6,4,0
18,21,18,21,19.5,39,3,17
6,7,6,7,6.5,13,1,2
1,105,1,105,53.0,106,104,0
6,2,2,6,4.0,8,4,0
7,12,7,12,9.5,19,5,6
5,2,2,5,3.5,7,3,1
8,1,1,8,4.5,9,7,0
23,17,17,23,20.0,40,6,15
8,10,8,10,9.0,18,2,5
1,4,1,4,2.5,5,3,0
4,4,4,4,4.0,8,0,2
1,4,1,4,2.5,5,3,0
25,38,25,38,31.5,63,13,20
6,1,1,6,3.5,7,5,0
4,7,4,7,5.5,11,3,0
4,1,1,4,2.5,5,3,0
4,3,3,4,3.5,7,1,2
1,4,1,4,2.5,5,3,0
14,14,14,14,14.0,28,0,13
16,11,11,16,13.5,27,5,10
1,6,1,6,3.5,7,5,0
33,38,33,38,35.5,71,5,25
5,4,4,5,4.5,9,1,0
2,4,2,4,3.0,6,2,1
4,2,2,4,3.0,6,2,1
4,1,1,4,2.5,5,3,0
12,12,12,12,12.0,24,0,11
6,6,6,6,6.0,12,0,4
9,8,8,9,8.5,17,1,7
5,1,1,5,3.0,6,4,0
8,8,8,8,8.0,16,0,7
2,4,2,4,3.0,6,2,1
9,3,3,9,6.0,12,6,2
10,7,7,10,8.5,17,3,6
4,5,4,5,4.5,9,1,3
31,30,30,31,30.5,61,1,28
5,1,1,5,3.0,6,4,0
4,8,4,8,6.0,12,4,2
12,1,1,12,6.5,13,11,0
5,11,5,11,8.0,16,6,4
22,27,22,27,24.5,49,5,20
21,38,21,38,29.5,59,17,18
1,4,1,4,2.5,5,3,0
6,7,6,7,6.5,13,1,5
6,8,6,8,7.0,14,2,5
5,2,2,5,3.5,7,3,1
37,31,31,37,34.0,68,6,27
4,4,4,4,4.0,8,0,3
9,10,9,10,9.5,19,1,6
20,5,5,20,12.5,25,15,3
12,45,12,45,28.5,57,33,11
1,6,1,6,3.5,7,5,0
5,1,1,5,3.0,6,4,0
2,9,2,9,5.5,11,7,0
31,32,31,32,31.5,63,1,23
29,35,29,35,32.0,64,6,24
25,23,23,25,24.0,48,2,18
32,29,29,32,30.5,61,3,24
5,24,5,24,14.5,29,19,0
2,7,2,7,4.5,9,5,0
4,1,1,4,2.5,5,3,0
48,47,47,48,47.5,95,1,43
7,7,7,7,7.0,14,0,6
4,1,1,4,2.5,5,3,0
1,6,1,6,3.5,7,5,0
19,20,19,20,19.5,39,1,15
5,1,1,5,3.0,6,4,0
5,5,5,5,5.0,10,0,1
7,17,7,17,12.0,24,10,6
2,6,2,6,4.0,8,4,1
29,8,8,29,18.5,37,21,5
1,6,1,6,3.5,7,5,0
13,8,8,13,10.5,21,5,5
3,5,3,5,4.0,8,2,2
8,7,7,8,7.5,15,1,5
16,8,8,16,12.0,24,8,6
7,5,5,7,6.0,12,2,4
2,15,2,15,8.5,17,13,0
6,1,1,6,3.5,7,5,0
1,7,1,7,4.0,8,6,0
7,3,3,7,5.0,10,4,2
19,16,16,19,17.5,35,3,13
1,4,1,4,2.5,5,3,0
7,5,5,7,6.0,12,2,4
7,1,1,7,4.0,8,6,0
1,4,1,4,2.5,5,3,0
5,1,1,5,3.0,6,4,0
7,8,7,8,7.5,15,1,6
1,13,1,13,7.0,14,12,0
1,5,1,5,3.0,6,4,0
47,41,41,47,44.0,88,6,40
6,7,6,7,6.5,13,1,5
5,4,4,5,4.5,9,1,1
24,24,24,24,24.0,48,0,23
6,14,6,14,10.0,20,8,3
4,4,4,4,4.0,8,0,3
1,8,1,8,4.5,9,7,0
12,24,12,24,18.0,36,12,9
15,25,15,25,20.0,40,10,13
1,8,1,8,4.5,9,7,0
5,8,5,8,6.5,13,3,4
4,1,1,4,2.5,5,3,0
14,13,13,14,13.5,27,1,11
2,56,2,56,29.0,58,54,0
7,1,1,7,4.0,8,6,0
14,1,1,14,7.5,15,13,0
4,4,4,4,4.0,8,0,3
11,8,8,11,9.5,19,3,7
7,4,4,7,5.5,11,3,3
6,15,6,15,10.5,21,9,4
4,6,4,6,5.0,10,2,2
13,12,12,13,12.5,25,1,11
9,1,1,9,5.0,10,8,0
4,1,1,4,2.5,5,3,0
13,14,13,14,13.5,27,1,12
8,5,5,8,6.5,13,3,4
11,3,3,11,7.0,14,8,0
14,11,11,14,12.5,25,3,10
2,4,2,4,3.0,6,2,0
25,18,18,25,21.5,43,7,14
4,3,3,4,3.5,7,1,2
7,5,5,7,6.0,12,2,4
8,11,8,11,9.5,19,3,5
1,8,1,8,4.5,9,7,0
1,30,1,30,15.5,31,29,0
4,4,4,4,4.0,8,0,3
42,26,26,42,34.0,68,16,24
42,28,28,42,35.0,70,14,23
6,1,1,6,3.5,7,5,0
1,4,1,4,2.5,5,3,0
3,6,3,6,4.5,9,3,2
1,4,1,4,2.5,5,3,0
1,10,1,10,5.5,11,9,0
16,18,16,18,17.0,34,2,12
1,5,1,5,3.0,6,4,0
4,1,1,4,2.5,5,3,0
18,25,18,25,21.5,43,7,17
7,8,7,8,7.5,15,1,5
10,8,8,10,9.0,18,2,7
7,8,7,8,7.5,15,1,6
6,8,6,8,7.0,14,2,4
14,12,12,14,13.0,26,2,8
4,1,1,4,2.5,5,3,0
8,13,8,13,10.5,21,5,3
7,6,6,7,6.5,13,1,4
27,26,26,27,26.5,53,1,25
4,5,4,5,4.5,9,1,3
8,1,1,8,4.5,9,7,0
4,1,1,4,2.5,5,3,0
6,1,1,6,3.5,7,5,0
19,20,19,20,19.5,39,1,18
4,1,1,4,2.5,5,3,0
4,1,1,4,2.5,5,3,0
25,23,23,25,24.0,48,2,22
5,4,4,5,4.5,9,1,3
8,22,8,22,15.0,30,14,6
1,4,1,4,2.5,5,3,0
12,1,1,12,6.5,13,11,0
2,8,2,8,5.0,10,6,0
1,12,1,12,6.5,13,11,0
1,28,1,28,14.5,29,27,0
20,19,19,20,19.5,39,1,18
7,7,7,7,7.0,14,0,3
6,6,6,6,6.0,12,0,4
2,4,2,4,3.0,6,2,0
8,5,5,8,6.5,13,3,3
6,8,6,8,7.0,14,2,2
5,7,5,7,6.0,12,2,0
4,1,1,4,2.5,5,3,0
1,4,1,4,2.5,5,3,0
11,1,1,11,6.0,12,10,0
1,12,1,12,6.5,13,11,0
1,4,1,4,2.5,5,3,0
10,11,10,11,10.5,21,1,8
5,2,2,5,3.5,7,3,1
24,17,17,24,20.5,41,7,15
5,5,5,5,5.0,10,0,4
19,17,17,19,18.0,36,2,9
5,10,5,10,7.5,15,5,4
4,5,4,5,4.5,9,1,2
4,1,1,4,2.5,5,3,0
4,17,4,17,10.5,21,13,2
4,1,1,4,2.5,5,3,0
13,15,13,15,14.0,28,2,11
35,33,33,35,34.0,68,2,29
11,1,1,11,6.0,12,10,0
5,5,5,5,5.0,10,0,0
7,3,3,7,5.0,10,4,2
7,1,1,7,4.0,8,6,0
2,4,2,4,3.0,6,2,1
9,1,1,9,5.0,10,8,0
5,10,5,10,7.5,15,5,4
4,5,4,5,4.5,9,1,3
13,19,13,19,16.0,32,6,6
6,6,6,6,6.0,12,0,5
13,12,12,13,12.5,25,1,11
26,26,26,26,26.0,52,0,24
22,15,15,22,18.5,37,7,11
6,8,6,8,7.0,14,2,5
1,18,1,18,9.5,19,17,0
4,1,1,4,2.5,5,3,0
5,5,5,5,5.0,10,0,4
23,29,23,29,26.0,52,6,22
1,6,1,6,3.5,7,5,0
1,105,1,105,53.0,106,104,0
4,1,1,4,2.5,5,3,0
19,1,1,19,10.0,20,18,0
1,10,1,10,5.5,11,9,0
12,12,12,12,12.0,24,0,3
2,5,2,5,3.5,7,3,1
12,2,2,12,7.0,14,10,1
5,1,1,5,3.0,6,4,0
8,1,1,8,4.5,9,7,0
41,41,41,41,41.0,82,0,35
1,15,1,15,8.0,16,14,0
5,1,1,5,3.0,6,4,0
7,5,5,7,6.0,12,2,2
8,8,8,8,8.0,16,0,7
6,1,1,6,3.5,7,5,0
31,33,31,33,32.0,64,2,30
1,5,1,5,3.0,6,4,0
11,11,11,11,11.0,22,0,10
1,5,1,5,3.0,6,4,0
4,4,4,4,4.0,8,0,1
5,1,1,5,3.0,6,4,0
5,4,4,5,4.5,9,1,3
3,4,3,4,3.5,7,1,2
7,5,5,7,6.0,12,2,4
32,31,31,32,31.5,63,1,30
19,19,19,19,19.0,38,0,17
17,27,17,27,22.0,44,10,6
5,6,5,6,5.5,11,1,4
1,12,1,12,6.5,13,11,0
13,14,13,14,13.5,27,1,12
7,7,7,7,7.0,14,0,6
12,12,12,12,12.0,24,0,11
13,19,13,19,16.0,32,6,1
4,2,2,4,3.0,6,2,1
26,22,22,26,24.0,48,4,20
4,2,2,4,3.0,6,2,0
1,10,1,10,5.5,11,9,0
1,17,1,17,9.0,18,16,0
1,6,1,6,3.5,7,5,0
1,5,1,5,3.0,6,4,0
11,8,8,11,9.5,19,3,6
4,4,4,4,4.0,8,0,3
3,4,3,4,3.5,7,1,2
5,1,1,5,3.0,6,4,0
29,49,29,49,39.0,78,20,27
1,26,1,26,13.5,27,25,0
1,15,1,15,8.0,16,14,0
37,25,25,37,31.0,62,12,22
9,12,9,12,10.5,21,3,6
8,8,8,8,8.0,16,0,7
4,1,1,4,2.5,5,3,0
5,4,4,5,4.5,9,1,3
1,5,1,5,3.0,6,4,0
21,21,21,21,21.0,42,0,20
7,7,7,7,7.0,14,0,6
4,1,1,4,2.5,5,3,0
19,13,13,19,16.0,32,6,11
10,10,10,10,10.0,20,0,9
1,7,1,7,4.0,8,6,0
4,1,1,4,2.5,5,3,0
10,1,1,10,5.5,11,9,0
1,4,1,4,2.5,5,3,0
2,5,2,5,3.5,7,3,0
14,24,14,24,19.0,38,10,13
18,12,12,18,15.0,30,6,11
28,29,28,29,28.5,57,1,27
1,8,1,8,4.5,9,7,0
1,10,1,10,5.5,11,9,0
6,1,1,6,3.5,7,5,0
4,2,2,4,3.0,6,2,1
24,24,24,24,24.0,48,0,18
1,6,1,6,3.5,7,5,0
9,17,9,17,13.0,26,8,8
24,30,24,30,27.0,54,6,20
4,1,1,4,2.5,5,3,0
1,55,1,55,28.0,56,54,0
7,1,1,7,4.0,8,6,0
8,11,8,11,9.5,19,3,3
9,9,9,9,9.0,18,0,8
21,21,21,21,21.0,42,0,20
5,5,5,5,5.0,10,0,3
6,1,1,6,3.5,7,5,0
29,18,18,29,23.5,47,11,16
16,22,16,22,19.0,38,6,14
22,1,1,22,11.5,23,21,0
1,6,1,6,3.5,7,5,0
13,13,13,13,13.0,26,0,12
18,11,11,18,14.5,29,7,10
1,5,1,5,3.0,6,4,0
1,8,1,8,4.5,9,7,0
5,4,4,5,4.5,9,1,2
11,11,11,11,11.0,22,0,10
1,5,1,5,3.0,6,4,0
1,4,1,4,2.5,5,3,0
6,6,6,6,6.0,12,0,3
10,5,5,10,7.5,15,5,4
6,7,6,7,6.5,13,1,5
4,1,1,4,2.5,5,3,0
4,1,1,4,2.5,5,3,0
15,8,8,15,11.5,23,7,7
1,5,1,5,3.0,6,4,0
5,4,4,5,4.5,9,1,3
7,6,6,7,6.5,13,1,5
6,4,4,6,5.0,10,2,3
10,7,7,10,8.5,17,3,5
8,7,7,8,7.5,15,1,3
1,6,1,6,3.5,7,5,0
1,12,1,12,6.5,13,11,0
4,1,1,4,2.5,5,3,0
24,22,22,24,23.0,46,2,21
6,5,5,6,5.5,11,1,3
1,5,1,5,3.0,6,4,0
6,5,5,6,5.5,11,1,4
1,17,1,17,9.0,18,16,0
7,8,7,8,7.5,15,1,6
1,4,1,4,2.5,5,3,0
5,8,5,8,6.5,13,3,3
30,25,25,30,27.5,55,5,21
26,22,22,26,24.0,48,4,20
1,4,1,4,2.5,5,3,0
25,26,25,26,25.5,51,1,24
8,9,8,9,8.5,17,1,4
20,23,20,23,21.5,43,3,16
15,17,15,17,16.0,32,2,14
8,1,1,8,4.5,9,7,0
1,14,1,14,7.5,15,13,0
2,11,2,11,6.5,13,9,1
12,1,1,12,6.5,13,11,0
1,4,1,4,2.5,5,3,0
5,6,5,6,5.5,11,1,2
1,14,1,14,7.5,15,13,0
2,16,2,16,9.0,18,14,0
5,2,2,5,3.5,7,3,1
1,18,1,18,9.5,19,17,0
5,1,1,5,3.0,6,4,0
5,8,5,8,6.5,13,3,4
6,1,1,6,3.5,7,5,0
1,7,1,7,4.0,8,6,0
1,5,1,5,3.0,6,4,0
1,7,1,7,4.0,8,6,0
4,6,4,6,5.0,10,2,3
11,11,11,11,11.0,22,0,10
1,5,1,5,3.0,6,4,0
4,1,1,4,2.5,5,3,0
7,1,1,7,4.0,8,6,0
16,17,16,17,16.5,33,1,7
2,7,2,7,4.5,9,5,1
12,15,12,15,13.5,27,3,8
4,7,4,7,5.5,11,3,3
7,6,6,7,6.5,13,1,5
11,12,11,12,11.5,23,1,10
2,6,2,6,4.0,8,4,0
13,10,10,13,11.5,23,3,8
18,17,17,18,17.5,35,1,16
16,6,6,16,11.0,22,10,2
44,44,44,44,44.0,88,0,32
1,13,1,13,7.0,14,12,0
6,7,6,7,6.5,13,1,4
24,18,18,24,21.0,42,6,15
10,6,6,10,8.0,16,4,5
4,1,1,4,2.5,5,3,0
5,5,5,5,5.0,10,0,4
36,29,29,36,32.5,65,7,23
24,24,24,24,24.0,48,0,14
4,1,1,4,2.5,5,3,0
4,1,1,4,2.5,5,3,0
2,10,2,10,6.0,12,8,0
7,8,7,8,7.5,15,1,6
1,5,1,5,3.0,6,4,0
4,6,4,6,5.0,10,2,3
10,9,9,10,9.5,19,1,8
8,10,8,10,9.0,18,2,5
24,31,24,31,27.5,55,7,18
9,1,1,9,5.0,10,8,0
4,10,4,10,7.0,14,6,3
5,5,5,5,5.0,10,0,4
21,13,13,21,17.0,34,8,12
11,8,8,11,9.5,19,3,5
1,5,1,5,3.0,6,4,0
4,1,1,4,2.5,5,3,0
4,1,1,4,2.5,5,3,0
5,2,2,5,3.5,7,3,1
8,7,7,8,7.5,15,1,4
1,39,1,39,20.0,40,38,0
1,5,1,5,3.0,6,4,0
13,2,2,13,7.5,15,11,0
23,27,23,27,25.0,50,4,19
8,7,7,8,7.5,15,1,4
10,18,10,18,14.0,28,8,9
6,1,1,6,3.5,7,5,0
1,7,1,7,4.0,8,6,0
6,1,1,6,3.5,7,5,0
7,15,7,15,11.0,22,8,4
15,13,13,15,14.0,28,2,9
4,7,4,7,5.5,11,3,3
5,2,2,5,3.5,7,3,1
1,7,1,7,4.0,8,6,0
2,6,2,6,4.0,8,4,0
5,6,5,6,5.5,11,1,4
11,3,3,11,7.0,14,8,2
6,2,2,6,4.0,8,4,0
4,41,4,41,22.5,45,37,3
1,5,1,5,3.0,6,4,0
1,4,1,4,2.5,5,3,0
1,5,1,5,3.0,6,4,0
6,10,6,10,8.0,16,4,4
4,4,4,4,4.0,8,0,1
1,4,1,4,2.5,5,3,0
25,23,23,25,24.0,48,2,22
7,17,7,17,12.0,24,10,6
38,36,36,38,37.0,74,2,29
1,5,1,5,3.0,6,4,0
4,5,4,5,4.5,9,1,3
6,20,6,20,13.0,26,14,5
10,8,8,10,9.0,18,2,7
5,5,5,5,5.0,10,0,4
11,8,8,11,9.5,19,3,4
19,23,19,23,21.0,42,4,17
1,11,1,11,6.0,12,10,0
5,4,4,5,4.5,9,1,3
7,11,7,11,9.0,18,4,6
14,14,14,14,14.0,28,0,5
4,9,4,9,6.5,13,5,0
4,5,4,5,4.5,9,1,0
7,4,4,7,5.5,11,3,3
8,8,8,8,8.0,16,0,7
1,27,1,27,14.0,28,26,0
20,16,16,20,18.0,36,4,14
8,1,1,8,4.5,9,7,0
9,8,8,9,8.5,17,1,6
45,24,24,45,34.5,69,21,17
11,9,9,11,10.0,20,2,8
20,12,12,20,16.0,32,8,10
6,1,1,6,3.5,7,5,0
11,4,4,11,7.5,15,7,0
17,14,14,17,15.5,31,3,13
20,15,15,20,17.5,35,5,12
10,4,4,10,7.0,14,6,3
9,7,7,9,8.0,16,2,5
1,8,1,8,4.5,9,7,0
7,1,1,7,4.0,8,6,0
4,1,1,4,2.5,5,3,0
4,6,4,6,5.0,10,2,3
31,7,7,31,19.0,38,24,6
13,7,7,13,10.0,20,6,5
13,16,13,16,14.5,29,3,12
5,20,5,20,12.5,25,15,2
13,12,12,13,12.5,25,1,11
1,4,1,4,2.5,5,3,0
5,1,1,5,3.0,6,4,0
3,12,3,12,7.5,15,9,2
15,12,12,15,13.5,27,3,10
6,6,6,6,6.0,12,0,5
32,32,32,32,32.0,64,0,30
13,21,13,21,17.0,34,8,11
4,1,1,4,2.5,5,3,0
17,13,13,17,15.0,30,4,0
6,3,3,6,4.5,9,3,2
9,9,9,9,9.0,18,0,8
2,15,2,15,8.5,17,13,1
1,4,1,4,2.5,5,3,0
8,5,5,8,6.5,13,3,3
5,2,2,5,3.5,7,3,1
12,4,4,12,8.0,16,8,0
21,20,20,21,20.5,41,1,19
4,1,1,4,2.5,5,3,0
8,25,8,25,16.5,33,17,3
7,2,2,7,4.5,9,5,1
7,7,7,7,7.0,14,0,6
1,5,1,5,3.0,6,4,0
1,24,1,24,12.5,25,23,0
25,26,25,26,25.5,51,1,18
38,20,20,38,29.0,58,18,19
1,8,1,8,4.5,9,7,0
4,6,4,6,5.0,10,2,3
9,1,1,9,5.0,10,8,0
4,12,4,12,8.0,16,8,1
2,4,2,4,3.0,6,2,1
16,3,3,16,9.5,19,13,2
1,11,1,11,6.0,12,10,0
1,4,1,4,2.5,5,3,0
1,5,1,5,3.0,6,4,0
17,19,17,19,18.0,36,2,14
11,11,11,11,11.0,22,0,10
1,16,1,16,8.5,17,15,0
17,1,1,17,9.0,18,16,0
18,24,18,24,21.0,42,6,16
25,30,25,30,27.5,55,5,24
27,15,15,27,21.0,42,12,10
17,6,6,17,11.5,23,11,5
11,10,10,11,10.5,21,1,9
8,7,7,8,7.5,15,1,6
1,5,1,5,3.0,6,4,0
7,2,2,7,4.5,9,5,0
8,3,3,8,5.5,11,5,1
2,26,2,26,14.0,28,24,0
3,25,3,25,14.0,28,22,2
2,4,2,4,3.0,6,2,0
4,1,1,4,2.5,5,3,0
7,6,6,7,6.5,13,1,5
18,31,18,31,24.5,49,13,14
5,9,5,9,7.0,14,4,3
1,4,1,4,2.5,5,3,0
21,15,15,21,18.0,36,6,13
2,6,2,6,4.0,8,4,1
14,16,14,16,15.0,30,2,12
8,7,7,8,7.5,15,1,5
14,3,3,14,8.5,17,11,2
7,5,5,7,6.0,12,2,3
4,4,4,4,4.0,8,0,3
8,7,7,8,7.5,15,1,6
1,6,1,6,3.5,7,5,0
3,5,3,5,4.0,8,2,2
6,1,1,6,3.5,7,5,0
5,14,5,14,9.5,19,9,4
4,4,4,4,4.0,8,0,3
1,4,1,4,2.5,5,3,0
12,9,9,12,10.5,21,3,2
8,1,1,8,4.5,9,7,0
5,5,5,5,5.0,10,0,4
12,1,1,12,6.5,13,11,0
29,25,25,29,27.0,54,4,22
36,24,24,36,30.0,60,12,12
24,23,23,24,23.5,47,1,22
8,9,8,9,8.5,17,1,7
7,4,4,7,5.5,11,3,3
19,33,19,33,26.0,52,14,18
8,9,8,9,8.5,17,1,6
4,5,4,5,4.5,9,1,3
7,2,2,7,4.5,9,5,0
7,1,1,7,4.0,8,6,0
5,3,3,5,4.0,8,2,1
31,32,31,32,31.5,63,1,29
22,13,13,22,17.5,35,9,11
1,4,1,4,2.5,5,3,0
1,6,1,6,3.5,7,5,0
13,12,12,13,12.5,25,1,10
8,2,2,8,5.0,10,6,1
7,4,4,7,5.5,11,3,3
10,13,10,13,11.5,23,3,7
1,4,1,4,2.5,5,3,0
16,15,15,16,15.5,31,1,11
23,24,23,24,23.5,47,1,22
1,8,1,8,4.5,9,7,0
1,17,1,17,9.0,18,16,0
5,1,1,5,3.0,6,4,0
6,16,6,16,11.0,22,10,0
27,27,27,27,27.0,54,0,26
1,5,1,5,3.0,6,4,0
7,2,2,7,4.5,9,5,1
17,12,12,17,14.5,29,5,4
4,1,1,4,2.5,5,3,0
5,5,5,5,5.0,10,0,3
10,10,10,10,10.0,20,0,9
1,4,1,4,2.5,5,3,0
17,17,17,17,17.0,34,0,12
4,1,1,4,2.5,5,3,0
5,1,1,5,3.0,6,4,0
5,1,1,5,3.0,6,4,0
14,7,7,14,10.5,21,7,2
1,4,1,4,2.5,5,3,0
4,4,4,4,4.0,8,0,3
15,10,10,15,12.5,25,5,9
1,5,1,5,3.0,6,4,0
13,6,6,13,9.5,19,7,4
44,11,11,44,27.5,55,33,7
1,11,1,11,6.0,12,10,0
6,6,6,6,6.0,12,0,4
1,6,1,6,3.5,7,5,0
1,5,1,5,3.0,6,4,0
5,1,1,5,3.0,6,4,0
1,6,1,6,3.5,7,5,0
8,5,5,8,6.5,13,3,4
5,5,5,5,5.0,10,0,4
5,5,5,5,5.0,10,0,4
6,2,2,6,4.0,8,4,1
15,15,15,15,15.0,30,0,12
2,8,2,8,5.0,10,6,0
17,10,10,17,13.5,27,7,8
7,1,1,7,4.0,8,6,0
11,13,11,13,12.0,24,2,9
1,6,1,6,3.5,7,5,0
10,5,5,10,7.5,15,5,0
4,1,1,4,2.5,5,3,0
1,4,1,4,2.5,5,3,0
32,31,31,32,31.5,63,1,28
21,20,20,21,20.5,41,1,18
1,10,1,10,5.5,11,9,0
1,4,1,4,2.5,5,3,0
6,6,6,6,6.0,12,0,3
7,1,1,7,4.0,8,6,0
1,14,1,14,7.5,15,13,0
13,9,9,13,11.0,22,4,4
7,9,7,9,8.0,16,2,6
1,5,1,5,3.0,6,4,0
19,19,19,19,19.0,38,0,18
3,6,3,6,4.5,9,3,1
7,1,1,7,4.0,8,6,0
27,26,26,27,26.5,53,1,25
1,146,1,146,73.5,147,145,0
29,24,24,29,26.5,53,5,20
6,5,5,6,5.5,11,1,4
1,4,1,4,2.5,5,3,0
1,7,1,7,4.0,8,6,0
6,5,5,6,5.5,11,1,3
5,1,1,5,3.0,6,4,0
5,1,1,5,3.0,6,4,0
15,24,15,24,19.5,39,9,11
1,5,1,5,3.0,6,4,0
8,9,8,9,8.5,17,1,7
7,1,1,7,4.0,8,6,0
10,10,10,10,10.0,20,0,7
14,12,12,14,13.0,26,2,11
2,5,2,5,3.5,7,3,1
20,20,20,20,20.0,40,0,19
21,20,20,21,20.5,41,1,18
6,5,5,6,5.5,11,1,3
10,12,10,12,11.0,22,2,9
9,9,9,9,9.0,18,0,7
1,9,1,9,5.0,10,8,0
4,1,1,4,2.5,5,3,0
11,11,11,11,11.0,22,0,10
9,1,1,9,5.0,10,8,0
5,1,1,5,3.0,6,4,0
15,13,13,15,14.0,28,2,10
8,1,1,8,4.5,9,7,0
23,32,23,32,27.5,55,9,19
5,1,1,5,3.0,6,4,0
1,4,1,4,2.5,5,3,0
6,1,1,6,3.5,7,5,0
10,4,4,10,7.0,14,6,3
4,5,4,5,4.5,9,1,3
8,1,1,8,4.5,9,7,0
146,33,33,146,89.5,179,113,23
7,12,7,12,9.5,19,5,6
6,6,6,6,6.0,12,0,5
18,19,18,19,18.5,37,1,17
6,6,6,6,6.0,12,0,4
4,4,4,4,4.0,8,0,3
41,41,41,41,41.0,82,0,30
5,1,1,5,3.0,6,4,0
1,13,1,13,7.0,14,12,0
8,8,8,8,8.0,16,0,7
7,2,2,7,4.5,9,5,0
10,10,10,10,10.0,20,0,9
4,14,4,14,9.0,18,10,2
9,7,7,9,8.0,16,2,6
4,5,4,5,4.5,9,1,3
4,1,1,4,2.5,5,3,0
25,21,21,25,23.0,46,4,19
22,24,22,24,23.0,46,2,19
7,2,2,7,4.5,9,5,0
12,9,9,12,10.5,21,3,8
2,8,2,8,5.0,10,6,1
4,5,4,5,4.5,9,1,3
1,6,1,6,3.5,7,5,0
10,9,9,10,9.5,19,1,6
1,27,1,27,14.0,28,26,0
29,29,29,29,29.0,58,0,28
10,21,10,21,15.5,31,11,5
11,10,10,11,10.5,21,1,9
5,1,1,5,3.0,6,4,0
1,10,1,10,5.5,11,9,0
22,8,8,22,15.0,30,14,6
16,14,14,16,15.0,30,2,10
1,7,1,7,4.0,8,6,0
5,1,1,5,3.0,6,4,0
4,5,4,5,4.5,9,1,1
42,19,19,42,30.5,61,23,17
11,14,11,14,12.5,25,3,9
10,1,1,10,5.5,11,9,0
49,25,25,49,37.0,74,24,21
8,7,7,8,7.5,15,1,4
7,6,6,7,6.5,13,1,5
5,1,1,5,3.0,6,4,0
1,17,1,17,9.0,18,16,0
7,1,1,7,4.0,8,6,0
6,6,6,6,6.0,12,0,5
5,1,1,5,3.0,6,4,0
6,6,6,6,6.0,12,0,5
3,8,3,8,5.5,11,5,2
20,18,18,20,19.0,38,2,17
11,11,11,11,11.0,22,0,10
10,9,9,10,9.5,19,1,7
7,7,7,7,7.0,14,0,6
1,5,1,5,3.0,6,4,0
12,11,11,12,11.5,23,1,10
9,9,9,9,9.0,18,0,8
12,5,5,12,8.5,17,7,2
6,5,5,6,5.5,11,1,4
4,1,1,4,2.5,5,3,0
6,6,6,6,6.0,12,0,3
1,5,1,5,3.0,6,4,0
4,9,4,9,6.5,13,5,3
8,5,5,8,6.5,13,3,4
1,9,1,9,5.0,10,8,0
26,26,26,26,26.0,52,0,25
5,5,5,5,5.0,10,0,4
15,7,7,15,11.0,22,8,3
1,4,1,4,2.5,5,3,0
8,8,8,8,8.0,16,0,5
16,5,5,16,10.5,21,11,4
13,12,12,13,12.5,25,1,10
5,1,1,5,3.0,6,4,0
11,11,11,11,11.0,22,0,10
1,8,1,8,4.5,9,7,0
17,12,12,17,14.5,29,5,0
5,5,5,5,5.0,10,0,4
4,3,3,4,3.5,7,1,2
6,5,5,6,5.5,11,1,4
7,1,1,7,4.0,8,6,0
8,24,8,24,16.0,32,16,5
6,6,6,6,6.0,12,0,5
4,10,4,10,7.0,14,6,2
2,4,2,4,3.0,6,2,1
8,8,8,8,8.0,16,0,7
4,1,1,4,2.5,5,3,0
1,10,1,10,5.5,11,9,0
28,29,28,29,28.5,57,1,25
2,6,2,6,4.0,8,4,0
6,9,6,9,7.5,15,3,3
18,27,18,27,22.5,45,9,16
5,6,5,6,5.5,11,1,4
6,3,3,6,4.5,9,3,2
4,8,4,8,6.0,12,4,1
5,2,2,5,3.5,7,3,0
1,5,1,5,3.0,6,4,0
15,7,7,15,11.0,22,8,0
20,13,13,20,16.5,33,7,12
6,1,1,6,3.5,7,5,0
6,1,1,6,3.5,7,5,0
7,4,4,7,5.5,11,3,0
12,1,1,12,6.5,13,11,0
9,22,9,22,15.5,31,13,8
7,1,1,7,4.0,8,6,0
27,1,1,27,14.0,28,26,0
11,10,10,11,10.5,21,1,8
5,1,1,5,3.0,6,4,0
13,10,10,13,11.5,23,3,9
8,1,1,8,4.5,9,7,0
1,5,1,5,3.0,6,4,0
15,1,1,15,8.0,16,14,0
1,18,1,18,9.5,19,17,0
19,18,18,19,18.5,37,1,17
5,1,1,5,3.0,6,4,0
6,7,6,7,6.5,13,1,5
2,5,2,5,3.5,7,3,1
5,6,5,6,5.5,11,1,4
9,1,1,9,5.0,10,8,0
4,4,4,4,4.0,8,0,3
1,4,1,4,2.5,5,3,0
15,14,14,15,14.5,29,1,12
11,8,8,11,9.5,19,3,6
9,4,4,9,6.5,13,5,3
6,7,6,7,6.5,13,1,5
16,15,15,16,15.5,31,1,12
5,1,1,5,3.0,6,4,0
4,2,2,4,3.0,6,2,1
1,4,1,4,2.5,5,3,0
4,2,2,4,3.0,6,2,1
17,19,17,19,18.0,36,2,14
5,1,1,5,3.0,6,4,0
1,5,1,5,3.0,6,4,0
32,25,25,32,28.5,57,7,23
7,7,7,7,7.0,14,0,6
7,10,7,10,8.5,17,3,5
5,1,1,5,3.0,6,4,0
19,26,19,26,22.5,45,7,17
5,1,1,5,3.0,6,4,0
4,5,4,5,4.5,9,1,3
5,1,1,5,3.0,6,4,0
3,7,3,7,5.0,10,4,0
4,4,4,4,4.0,8,0,0
1,36,1,36,18.5,37,35,0
1,10,1,10,5.5,11,9,0
8,5,5,8,6.5,13,3,3
8,11,8,11,9.5,19,3,7
2,19,2,19,10.5,21,17,0
8,1,1,8,4.5,9,7,0
5,1,1,5,3.0,6,4,0
5,2,2,5,3.5,7,3,1
6,5,5,6,5.5,11,1,4
5,1,1,5,3.0,6,4,0
4,5,4,5,4.5,9,1,3
7,8,7,8,7.5,15,1,6
25,33,25,33,29.0,58,8,24
2,4,2,4,3.0,6,2,1
5,5,5,5,5.0,10,0,1
1,5,1,5,3.0,6,4,0
4,3,3,4,3.5,7,1,0
5,1,1,5,3.0,6,4,0
1,6,1,6,3.5,7,5,0
7,1,1,7,4.0,8,6,0
9,1,1,9,5.0,10,8,0
14,13,13,14,13.5,27,1,10
2,9,2,9,5.5,11,7,0
2,7,2,7,4.5,9,5,1
8,8,8,8,8.0,16,0,7
1,11,1,11,6.0,12,10,0
1,11,1,11,6.0,12,10,0
5,1,1,5,3.0,6,4,0
1,6,1,6,3.5,7,5,0
4,1,1,4,2.5,5,3,0
14,1,1,14,7.5,15,13,0
6,6,6,6,6.0,12,0,4
1,4,1,4,2.5,5,3,0
5,5,5,5,5.0,10,0,0
1,6,1,6,3.5,7,5,0
8,1,1,8,4.5,9,7,0
19,12,12,19,15.5,31,7,11
41,32,32,41,36.5,73,9,29
7,1,1,7,4.0,8,6,0
16,1,1,16,8.5,17,15,0
11,11,11,11,11.0,22,0,10
9,10,9,10,9.5,19,1,5
4,8,4,8,6.0,12,4,1
38,31,31,38,34.5,69,7,22
5,1,1,5,3.0,6,4,0
12,27,12,27,19.5,39,15,5
5,7,5,7,6.0,12,2,4
10,6,6,10,8.0,16,4,5
6,1,1,6,3.5,7,5,0
11,10,10,11,10.5,21,1,9
11,12,11,12,11.5,23,1,6
9,8,8,9,8.5,17,1,4
14,33,14,33,23.5,47,19,11
12,23,12,23,17.5,35,11,1
4,4,4,4,4.0,8,0,3
6,6,6,6,6.0,12,0,5
5,5,5,5,5.0,10,0,4
13,5,5,13,9.0,18,8,4
3,9,3,9,6.0,12,6,1
4,1,1,4,2.5,5,3,0
19,9,9,19,14.0,28,10,8
1,4,1,4,2.5,5,3,0
4,1,1,4,2.5,5,3,0
5,1,1,5,3.0,6,4,0
5,5,5,5,5.0,10,0,4
4,4,4,4,4.0,8,0,2
1,5,1,5,3.0,6,4,0
15,1,1,15,8.0,16,14,0
14,11,11,14,12.5,25,3,10
2,9,2,9,5.5,11,7,0
4,1,1,4,2.5,5,3,0
11,53,11,53,32.0,64,42,8
3,7,3,7,5.0,10,4,0
14,8,8,14,11.0,22,6,6
5,1,1,5,3.0,6,4,0
5,1,1,5,3.0,6,4,0
4,10,4,10,7.0,14,6,2
9,9,9,9,9.0,18,0,5
5,11,5,11,8.0,16,6,3
5,1,1,5,3.0,6,4,0
1,11,1,11,6.0,12,10,0
7,8,7,8,7.5,15,1,5
5,5,5,5,5.0,10,0,4
15,21,15,21,18.0,36,6,12
11,1,1,11,6.0,12,10,0
10,6,6,10,8.0,16,4,5
6,4,4,6,5.0,10,2,2
4,5,4,5,4.5,9,1,1
4,2,2,4,3.0,6,2,0
14,6,6,14,10.0,20,8,5
5,5,5,5,5.0,10,0,4
12,13,12,13,12.5,25,1,10
7,8,7,8,7.5,15,1,6
1,5,1,5,3.0,6,4,0
1,24,1,24,12.5,25,23,0
4,1,1,4,2.5,5,3,0
5,14,5,14,9.5,19,9,0
2,6,2,6,4.0,8,4,0
13,1,1,13,7.0,14,12,0
17,21,17,21,19.0,38,4,16
5,1,1,5,3.0,6,4,0
6,10,6,10,8.0,16,4,5
2,10,2,10,6.0,12,8,1
5,9,5,9,7.0,14,4,3
12,1,1,12,6.5,13,11,0
1,11,1,11,6.0,12,10,0
6,7,6,7,6.5,13,1,4
1,5,1,5,3.0,6,4,0
27,23,23,27,25.0,50,4,22
8,1,1,8,4.5,9,7,0
1,75,1,75,38.0,76,74,0
12,17,12,17,14.5,29,5,10
5,4,4,5,4.5,9,1,3
1,17,1,17,9.0,18,16,0
6,8,6,8,7.0,14,2,3
8,8,8,8,8.0,16,0,6
6,5,5,6,5.5,11,1,0
7,7,7,7,7.0,14,0,1
27,20,20,27,23.5,47,7,19
11,5,5,11,8.0,16,6,4
1,4,1,4,2.5,5,3,0
20,1,1,20,10.5,21,19,0
23,14,14,23,18.5,37,9,13
44,28,28,44,36.0,72,16,24
4,2,2,4,3.0,6,2,1
6,4,4,6,5.0,10,2,3
23,23,23,23,23.0,46,0,12
7,4,4,7,5.5,11,3,1
4,1,1,4,2.5,5,3,0
5,1,1,5,3.0,6,4,0
34,34,34,34,34.0,68,0,28
5,2,2,5,3.5,7,3,1
4,1,1,4,2.5,5,3,0
18,17,17,18,17.5,35,1,14
15,17,15,17,16.0,32,2,14
14,12,12,14,13.0,26,2,11
10,9,9,10,9.5,19,1,8
2,4,2,4,3.0,6,2,1
31,26,26,31,28.5,57,5,20
2,4,2,4,3.0,6,2,1
6,5,5,6,5.5,11,1,0
1,4,1,4,2.5,5,3,0
2,4,2,4,3.0,6,2,1
1,6,1,6,3.5,7,5,0
4,1,1,4,2.5,5,3,0
1,5,1,5,3.0,6,4,0
6,4,4,6,5.0,10,2,3
6,1,1,6,3.5,7,5,0
29,26,26,29,27.5,55,3,18
8,7,7,8,7.5,15,1,4
7,1,1,7,4.0,8,6,0
13,10,10,13,11.5,23,3,0
2,4,2,4,3.0,6,2,1
1,6,1,6,3.5,7,5,0
3,5,3,5,4.0,8,2,2
4,5,4,5,4.5,9,1,2
9,5,5,9,7.0,14,4,4
1,36,1,36,18.5,37,35,0
5,5,5,5,5.0,10,0,0
4,2,2,4,3.0,6,2,0
5,4,4,5,4.5,9,1,3
16,13,13,16,14.5,29,3,5
4,1,1,4,2.5,5,3,0
8,5,5,8,6.5,13,3,3
4,4,4,4,4.0,8,0,3
4,1,1,4,2.5,5,3,0
6,6,6,6,6.0,12,0,3
6,1,1,6,3.5,7,5,0
20,6,6,20,13.0,26,14,3
36,33,33,36,34.5,69,3,32
1,4,1,4,2.5,5,3,0
31,32,31,32,31.5,63,1,30
30,31,30,31,30.5,61,1,29
14,15,14,15,14.5,29,1,13
14,39,14,39,26.5,53,25,11
12,14,12,14,13.0,26,2,11
1,4,1,4,2.5,5,3,0
3,15,3,15,9.0,18,12,2
19,22,19,22,20.5,41,3,17
8,8,8,8,8.0,16,0,2
1,16,1,16,8.5,17,15,0
17,21,17,21,19.0,38,4,16
5,1,1,5,3.0,6,4,0
49,50,49,50,49.5,99,1,48
17,12,12,17,14.5,29,5,11
9,13,9,13,11.0,22,4,6
1,5,1,5,3.0,6,4,0
1,6,1,6,3.5,7,5,0
18,13,13,18,15.5,31,5,8
4,1,1,4,2.5,5,3,0
4,2,2,4,3.0,6,2,1
5,1,1,5,3.0,6,4,0
11,15,11,15,13.0,26,4,9
8,42,8,42,25.0,50,34,6
10,8,8,10,9.0,18,2,7
5,3,3,5,4.0,8,2,2
29,19,19,29,24.0,48,10,11
4,1,1,4,2.5,5,3,0
1,25,1,25,13.0,26,24,0
4,16,4,16,10.0,20,12,3
7,5,5,7,6.0,12,2,4
6,7,6,7,6.5,13,1,4
2,19,2,19,10.5,21,17,1
13,1,1,13,7.0,14,12,0
6,1,1,6,3.5,7,5,0
4,4,4,4,4.0,8,0,3
3,4,3,4,3.5,7,1,2
18,2,2,18,10.0,20,16,1
2,13,2,13,7.5,15,11,0
8,1,1,8,4.5,9,7,0
6,2,2,6,4.0,8,4,1
9,1,1,9,5.0,10,8,0
1,8,1,8,4.5,9,7,0
22,25,22,25,23.5,47,3,21
23,25,23,25,24.0,48,2,21
22,23,22,23,22.5,45,1,20
5,1,1,5,3.0,6,4,0
7,8,7,8,7.5,15,1,6
1,15,1,15,8.0,16,14,0
1,5,1,5,3.0,6,4,0
28,35,28,35,31.5,63,7,12
4,6,4,6,5.0,10,2,0
1,31,1,31,16.0,32,30,0
4,1,1,4,2.5,5,3,0
1,4,1,4,2.5,5,3,0
5,5,5,5,5.0,10,0,4
6,7,6,7,6.5,13,1,5
11,12,11,12,11.5,23,1,10
13,30,13,30,21.5,43,17,11
15,9,9,15,12.0,24,6,1
11,10,10,11,10.5,21,1,9
20,20,20,20,20.0,40,0,19
14,14,14,14,14.0,28,0,13
1,14,1,14,7.5,15,13,0
10,6,6,10,8.0,16,4,5
4,1,1,4,2.5,5,3,0
6,8,6,8,7.0,14,2,5
6,1,1,6,3.5,7,5,0
3,9,3,9,6.0,12,6,2
4,2,2,4,3.0,6,2,1
1,4,1,4,2.5,5,3,0
1,7,1,7,4.0,8,6,0
5,2,2,5,3.5,7,3,1
1,27,1,27,14.0,28,26,0
5,8,5,8,6.5,13,3,4
6,8,6,8,7.0,14,2,5
10,1,1,10,5.5,11,9,0
1,11,1,11,6.0,12,10,0
1,4,1,4,2.5,5,3,0
4,4,4,4,4.0,8,0,3
5,14,5,14,9.5,19,9,0
12,17,12,17,14.5,29,5,11
1,5,1,5,3.0,6,4,0
1,5,1,5,3.0,6,4,0
19,25,19,25,22.0,44,6,16
2,5,2,5,3.5,7,3,0
1,36,1,36,18.5,37,35,0
4,1,1,4,2.5,5,3,0
1,4,1,4,2.5,5,3,0
7,1,1,7,4.0,8,6,0
5,1,1,5,3.0,6,4,0
10,9,9,10,9.5,19,1,7
2,8,2,8,5.0,10,6,0
10,13,10,13,11.5,23,3,4
5,4,4,5,4.5,9,1,3
4,1,1,4,2.5,5,3,0
1,5,1,5,3.0,6,4,0
1,4,1,4,2.5,5,3,0
8,1,1,8,4.5,9,7,0
5,2,2,5,3.5,7,3,1
2,13,2,13,7.5,15,11,0
14,6,6,14,10.0,20,8,5
19,12,12,19,15.5,31,7,7
16,25,16,25,20.5,41,9,15
7,1,1,7,4.0,8,6,0
3,30,3,30,16.5,33,27,2
8,8,8,8,8.0,16,0,7
7,2,2,7,4.5,9,5,1
5,5,5,5,5.0,10,0,3
7,1,1,7,4.0,8,6,0
1,5,1,5,3.0,6,4,0
1,10,1,10,5.5,11,9,0
8,8,8,8,8.0,16,0,7
13,1,1,13,7.0,14,12,0
1,9,1,9,5.0,10,8,0
6,6,6,6,6.0,12,0,5
8,1,1,8,4.5,9,7,0
20,20,20,20,20.0,40,0,19
1,4,1,4,2.5,5,3,0
5,12,5,12,8.5,17,7,1
55,1,1,55,28.0,56,54,0
1,10,1,10,5.5,11,9,0
5,1,1,5,3.0,6,4,0
3,4,3,4,3.5,7,1,2
27,23,23,27,25.0,50,4,22
1,6,1,6,3.5,7,5,0
1,6,1,6,3.5,7,5,0
4,9,4,9,6.5,13,5,3
4,5,4,5,4.5,9,1,0
4,1,1,4,2.5,5,3,0
10,12,10,12,11.0,22,2,8
6,6,6,6,6.0,12,0,5
9,1,1,9,5.0,10,8,0
4,5,4,5,4.5,9,1,3
4,1,1,4,2.5,5,3,0
8,8,8,8,8.0,16,0,7
15,27,15,27,21.0,42,12,9
7,5,5,7,6.0,12,2,4
1,8,1,8,4.5,9,7,0
19,12,12,19,15.5,31,7,8
5,1,1,5,3.0,6,4,0
43,36,36,43,39.5,79,7,33
6,21,6,21,13.5,27,15,4
11,11,11,11,11.0,22,0,7
5,6,5,6,5.5,11,1,3
18,10,10,18,14.0,28,8,8
32,33,32,33,32.5,65,1,31
11,11,11,11,11.0,22,0,10
46,43,43,46,44.5,89,3,39
1,8,1,8,4.5,9,7,0
5,3,3,5,4.0,8,2,2
1,7,1,7,4.0,8,6,0
1,4,1,4,2.5,5,3,0
10,1,1,10,5.5,11,9,0
1,6,1,6,3.5,7,5,0
12,13,12,13,12.5,25,1,11
1,18,1,18,9.5,19,17,0
13,20,13,20,16.5,33,7,11
2,7,2,7,4.5,9,5,0
5,1,1,5,3.0,6,4,0
13,4,4,13,8.5,17,9,0
22,1,1,22,11.5,23,21,0
6,9,6,9,7.5,15,3,5
10,8,8,10,9.0,18,2,6
12,12,12,12,12.0,24,0,11
19,55,19,55,37.0,74,36,16
15,12,12,15,13.5,27,3,11
6,6,6,6,6.0,12,0,4
4,5,4,5,4.5,9,1,3
146,29,29,146,87.5,175,117,11
4,5,4,5,4.5,9,1,3
7,5,5,7,6.0,12,2,4
5,4,4,5,4.5,9,1,3
11,9,9,11,10.0,20,2,7
1,9,1,9,5.0,10,8,0
36,34,34,36,35.0,70,2,33
1,4,1,4,2.5,5,3,0
1,4,1,4,2.5,5,3,0
6,6,6,6,6.0,12,0,5
10,7,7,10,8.5,17,3,6
10,5,5,10,7.5,15,5,0
13,7,7,13,10.0,20,6,6
2,4,2,4,3.0,6,2,1
1,4,1,4,2.5,5,3,0
23,23,23,23,23.0,46,0,21
9,4,4,9,6.5,13,5,3
13,10,10,13,11.5,23,3,8
1,6,1,6,3.5,7,5,0
1,19,1,19,10.0,20,18,0
4,1,1,4,2.5,5,3,0
31,23,23,31,27.0,54,8,22
10,13,10,13,11.5,23,3,8
4,12,4,12,8.0,16,8,3
1,8,1,8,4.5,9,7,0
17,17,17,17,17.0,34,0,16
5,6,5,6,5.5,11,1,4
5,5,5,5,5.0,10,0,4
53,23,23,53,38.0,76,30,15
5,2,2,5,3.5,7,3,0
5,5,5,5,5.0,10,0,4
7,1,1,7,4.0,8,6,0
1,6,1,6,3.5,7,5,0
5,1,1,5,3.0,6,4,0
17,9,9,17,13.0,26,8,6
8,9,8,9,8.5,17,1,4
5,1,1,5,3.0,6,4,0
1,6,1,6,3.5,7,5,0
1,4,1,4,2.5,5,3,0
1,8,1,8,4.5,9,7,0
5,5,5,5,5.0,10,0,4
22,15,15,22,18.5,37,7,12
1,8,1,8,4.5,9,7,0
5,9,5,9,7.0,14,4,0
7,7,7,7,7.0,14,0,6
4,1,1,4,2.5,5,3,0
29,19,19,29,24.0,48,10,11
15,27,15,27,21.0,42,12,14
4,2,2,4,3.0,6,2,1
6,7,6,7,6.5,13,1,5
6,6,6,6,6.0,12,0,5
15,49,15,49,32.0,64,34,13
10,13,10,13,11.5,23,3,9
1,10,1,10,5.5,11,9,0
1,4,1,4,2.5,5,3,0
2,7,2,7,4.5,9,5,0
1,5,1,5,3.0,6,4,0
5,2,2,5,3.5,7,3,1
1,7,1,7,4.0,8,6,0
6,1,1,6,3.5,7,5,0
9,8,8,9,8.5,17,1,4
8,11,8,11,9.5,19,3,7
14,15,14,15,14.5,29,1,2
5,6,5,6,5.5,11,1,4
28,43,28,43,35.5,71,15,16
49,39,39,49,44.0,88,10,33
1,10,1,10,5.5,11,9,0
4,1,1,4,2.5,5,3,0
13,11,11,13,12.0,24,2,9
1,5,1,5,3.0,6,4,0
5,4,4,5,4.5,9,1,3
9,6,6,9,7.5,15,3,5
11,1,1,11,6.0,12,10,0
22,24,22,24,23.0,46,2,21
6,4,4,6,5.0,10,2,0
8,16,8,16,12.0,24,8,0
24,24,24,24,24.0,48,0,23
1,6,1,6,3.5,7,5,0
17,22,17,22,19.5,39,5,12
28,13,13,28,20.5,41,15,8
23,1,1,23,12.0,24,22,0
10,4,4,10,7.0,14,6,0
14,6,6,14,10.0,20,8,0
28,33,28,33,30.5,61,5,13
7,6,6,7,6.5,13,1,5
2,12,2,12,7.0,14,10,1
1,26,1,26,13.5,27,25,0
5,5,5,5,5.0,10,0,2
8,2,2,8,5.0,10,6,0
6,12,6,12,9.0,18,6,2
7,6,6,7,6.5,13,1,5
6,9,6,9,7.5,15,3,1
5,4,4,5,4.5,9,1,3
16,14,14,16,15.0,30,2,12
4,1,1,4,2.5,5,3,0
5,1,1,5,3.0,6,4,0
4,2,2,4,3.0,6,2,1
24,28,24,28,26.0,52,4,6
1,7,1,7,4.0,8,6,0
6,6,6,6,6.0,12,0,5
20,1,1,20,10.5,21,19,0
1,4,1,4,2.5,5,3,0
14,25,14,25,19.5,39,11,10
5,1,1,5,3.0,6,4,0
3,14,3,14,8.5,17,11,2
6,2,2,6,4.0,8,4,0
12,15,12,15,13.5,27,3,10
1,6,1,6,3.5,7,5,0
23,21,21,23,22.0,44,2,20
18,17,17,18,17.5,35,1,16
4,2,2,4,3.0,6,2,1
13,22,13,22,17.5,35,9,10
4,4,4,4,4.0,8,0,3
7,9,7,9,8.0,16,2,3
5,1,1,5,3.0,6,4,0
11,30,11,30,20.5,41,19,4
1,4,1,4,2.5,5,3,0
1,11,1,11,6.0,12,10,0
4,2,2,4,3.0,6,2,0
8,10,8,10,9.0,18,2,6
7,2,2,7,4.5,9,5,0
16,5,5,16,10.5,21,11,4
3,4,3,4,3.5,7,1,2
5,1,1,5,3.0,6,4,0
11,6,6,11,8.5,17,5,4
32,17,17,32,24.5,49,15,12
13,12,12,13,12.5,25,1,11
5,1,1,5,3.0,6,4,0
1,5,1,5,3.0,6,4,0
6,1,1,6,3.5,7,5,0
27,24,24,27,25.5,51,3,16
6,5,5,6,5.5,11,1,4
12,1,1,12,6.5,13,11,0
1,14,1,14,7.5,15,13,0
9,4,4,9,6.5,13,5,2
11,11,11,11,11.0,22,0,9
6,5,5,6,5.5,11,1,4
1,4,1,4,2.5,5,3,0
10,6,6,10,8.0,16,4,2
11,17,11,17,14.0,28,6,10
22,8,8,22,15.0,30,14,4
11,13,11,13,12.0,24,2,10
11,1,1,11,6.0,12,10,0
6,6,6,6,6.0,12,0,5
1,5,1,5,3.0,6,4,0
10,9,9,10,9.5,19,1,8
4,1,1,4,2.5,5,3,0
2,7,2,7,4.5,9,5,1
6,10,6,10,8.0,16,4,4
10,4,4,10,7.0,14,6,2
4,5,4,5,4.5,9,1,1
4,4,4,4,4.0,8,0,0
23,23,23,23,23.0,46,0,21
9,5,5,9,7.0,14,4,4
18,17,17,18,17.5,35,1,15
8,4,4,8,6.0,12,4,3
3,13,3,13,8.0,16,10,0
2,5,2,5,3.5,7,3,0
1,4,1,4,2.5,5,3,0
2,9,2,9,5.5,11,7,1
1,5,1,5,3.0,6,4,0
1,4,1,4,2.5,5,3,0
16,16,16,16,16.0,32,0,11
1,5,1,5,3.0,6,4,0
7,7,7,7,7.0,14,0,6
1,5,1,5,3.0,6,4,0
5,3,3,5,4.0,8,2,2
7,5,5,7,6.0,12,2,0
4,2,2,4,3.0,6,2,0
3,7,3,7,5.0,10,4,2
10,15,10,15,12.5,25,5,9
41,51,41,51,46.0,92,10,24
14,9,9,14,11.5,23,5,8
6,1,1,6,3.5,7,5,0
1,9,1,9,5.0,10,8,0
16,15,15,16,15.5,31,1,12
6,23,6,23,14.5,29,17,0
2,6,2,6,4.0,8,4,1
49,30,30,49,39.5,79,19,27
9,1,1,9,5.0,10,8,0
5,5,5,5,5.0,10,0,4
1,5,1,5,3.0,6,4,0
2,38,2,38,20.0,40,36,0
9,7,7,9,8.0,16,2,4
1,5,1,5,3.0,6,4,0
3,16,3,16,9.5,19,13,0
6,4,4,6,5.0,10,2,2
9,1,1,9,5.0,10,8,0
1,4,1,4,2.5,5,3,0
12,18,12,18,15.0,30,6,6
1,5,1,5,3.0,6,4,0
36,32,32,36,34.0,68,4,17
1,8,1,8,4.5,9,7,0
7,7,7,7,7.0,14,0,6
1,6,1,6,3.5,7,5,0
4,1,1,4,2.5,5,3,0
8,8,8,8,8.0,16,0,6
2,4,2,4,3.0,6,2,1
1,4,1,4,2.5,5,3,0
3,11,3,11,7.0,14,8,2
16,11,11,16,13.5,27,5,10
5,5,5,5,5.0,10,0,4
5,9,5,9,7.0,14,4,4
10,10,10,10,10.0,20,0,9
2,5,2,5,3.5,7,3,1
5,2,2,5,3.5,7,3,0
5,26,5,26,15.5,31,21,0
35,41,35,41,38.0,76,6,27
7,7,7,7,7.0,14,0,6
24,9,9,24,16.5,33,15,6
17,11,11,17,14.0,28,6,10
1,12,1,12,6.5,13,11,0
2,4,2,4,3.0,6,2,0
1,6,1,6,3.5,7,5,0
4,4,4,4,4.0,8,0,3
17,18,17,18,17.5,35,1,15
1,4,1,4,2.5,5,3,0
13,7,7,13,10.0,20,6,5
16,15,15,16,15.5,31,1,13
12,1,1,12,6.5,13,11,0
1,4,1,4,2.5,5,3,0
4,1,1,4,2.5,5,3,0
12,14,12,14,13.0,26,2,10
8,1,1,8,4.5,9,7,0
5,2,2,5,3.5,7,3,1
1,77,1,77,39.0,78,76,0
4,1,1,4,2.5,5,3,0
5,4,4,5,4.5,9,1,1
4,4,4,4,4.0,8,0,3
9,6,6,9,7.5,15,3,5
12,21,12,21,16.5,33,9,11
4,2,2,4,3.0,6,2,0
4,1,1,4,2.5,5,3,0
13,13,13,13,13.0,26,0,10
4,2,2,4,3.0,6,2,1
9,9,9,9,9.0,18,0,0
11,11,11,11,11.0,22,0,10
14,4,4,14,9.0,18,10,2
1,4,1,4,2.5,5,3,0
5,4,4,5,4.5,9,1,3
10,9,9,10,9.5,19,1,8
1,7,1,7,4.0,8,6,0
15,12,12,15,13.5,27,3,10
6,1,1,6,3.5,7,5,0
1,10,1,10,5.5,11,9,0
15,34,15,34,24.5,49,19,12
5,4,4,5,4.5,9,1,3
19,15,15,19,17.0,34,4,14
11,14,11,14,12.5,25,3,7
40,5,5,40,22.5,45,35,4
8,1,1,8,4.5,9,7,0
4,4,4,4,4.0,8,0,3
4,5,4,5,4.5,9,1,0
20,12,12,20,16.0,32,8,9
20,17,17,20,18.5,37,3,12
1,20,1,20,10.5,21,19,0
4,1,1,4,2.5,5,3,0
6,4,4,6,5.0,10,2,1
5,2,2,5,3.5,7,3,1
5,1,1,5,3.0,6,4,0
33,21,21,33,27.0,54,12,15
6,7,6,7,6.5,13,1,5
1,11,1,11,6.0,12,10,0
5,5,5,5,5.0,10,0,3
4,4,4,4,4.0,8,0,2
1,8,1,8,4.5,9,7,0
19,19,19,19,19.0,38,0,17
5,7,5,7,6.0,12,2,4
1,146,1,146,73.5,147,145,0
1,17,1,17,9.0,18,16,0
1,4,1,4,2.5,5,3,0
10,7,7,10,8.5,17,3,6
4,1,1,4,2.5,5,3,0
31,21,21,31,26.0,52,10,19
6,1,1,6,3.5,7,5,0
1,8,1,8,4.5,9,7,0
2,7,2,7,4.5,9,5,1
24,49,24,49,36.5,73,25,20
4,1,1,4,2.5,5,3,0
6,6,6,6,6.0,12,0,5
1,7,1,7,4.0,8,6,0
13,9,9,13,11.0,22,4,7
4,7,4,7,5.5,11,3,3
5,5,5,5,5.0,10,0,3
4,4,4,4,4.0,8,0,3
8,11,8,11,9.5,19,3,6
6,2,2,6,4.0,8,4,1
8,13,8,13,10.5,21,5,7
4,7,4,7,5.5,11,3,3
5,7,5,7,6.0,12,2,4
4,1,1,4,2.5,5,3,0
7,6,6,7,6.5,13,1,5
2,4,2,4,3.0,6,2,1
19,55,19,55,37.0,74,36,11
14,10,10,14,12.0,24,4,8
10,12,10,12,11.0,22,2,9
1,26,1,26,13.5,27,25,0
8,9,8,9,8.5,17,1,7
17,17,17,17,17.0,34,0,15
34,44,34,44,39.0,78,10,30
7,15,7,15,11.0,22,8,6
7,7,7,7,7.0,14,0,5
31,18,18,31,24.5,49,13,14
36,40,36,40,38.0,76,4,31
11,9,9,11,10.0,20,2,8
10,9,9,10,9.5,19,1,7
5,1,1,5,3.0,6,4,0
12,11,11,12,11.5,23,1,10
14,14,14,14,14.0,28,0,13
14,11,11,14,12.5,25,3,9
10,1,1,10,5.5,11,9,0
2,6,2,6,4.0,8,4,1
4,1,1,4,2.5,5,3,0
9,12,9,12,10.5,21,3,7
9,7,7,9,8.0,16,2,6
16,15,15,16,15.5,31,1,12
7,1,1,7,4.0,8,6,0
20,17,17,20,18.5,37,3,16
20,21,20,21,20.5,41,1,18
31,23,23,31,27.0,54,8,22
1,20,1,20,10.5,21,19,0
13,6,6,13,9.5,19,7,2
13,25,13,25,19.0,38,12,12
12,7,7,12,9.5,19,5,5
1,4,1,4,2.5,5,3,0
2,7,2,7,4.5,9,5,1
14,2,2,14,8.0,16,12,0
20,17,17,20,18.5,37,3,16
2,5,2,5,3.5,7,3,1
12,17,12,17,14.5,29,5,5
8,4,4,8,6.0,12,4,3
7,9,7,9,8.0,16,2,6
1,4,1,4,2.5,5,3,0
1,6,1,6,3.5,7,5,0
10,10,10,10,10.0,20,0,7
13,2,2,13,7.5,15,11,1
6,1,1,6,3.5,7,5,0
1,19,1,19,10.0,20,18,0
4,1,1,4,2.5,5,3,0
9,105,9,105,57.0,114,96,3
28,34,28,34,31.0,62,6,27
10,11,10,11,10.5,21,1,7
4,1,1,4,2.5,5,3,0
1,4,1,4,2.5,5,3,0
1,5,1,5,3.0,6,4,0
38,30,30,38,34.0,68,8,26
13,16,13,16,14.5,29,3,12
27,22,22,27,24.5,49,5,18
1,7,1,7,4.0,8,6,0
4,1,1,4,2.5,5,3,0
1,7,1,7,4.0,8,6,0
4,2,2,4,3.0,6,2,0
5,1,1,5,3.0,6,4,0
17,6,6,17,11.5,23,11,5
5,1,1,5,3.0,6,4,0
1,6,1,6,3.5,7,5,0
19,44,19,44,31.5,63,25,17
1,4,1,4,2.5,5,3,0
13,8,8,13,10.5,21,5,7
10,1,1,10,5.5,11,9,0
12,20,12,20,16.0,32,8,10
10,11,10,11,10.5,21,1,8
5,5,5,5,5.0,10,0,4
6,3,3,6,4.5,9,3,2
4,1,1,4,2.5,5,3,0
11,17,11,17,14.0,28,6,10
10,14,10,14,12.0,24,4,5
4,1,1,4,2.5,5,3,0
2,4,2,4,3.0,6,2,1
1,5,1,5,3.0,6,4,0
5,1,1,5,3.0,6,4,0
10,10,10,10,10.0,20,0,9
13,15,13,15,14.0,28,2,12
12,1,1,12,6.5,13,11,0
8,1,1,8,4.5,9,7,0
5,9,5,9,7.0,14,4,3
1,4,1,4,2.5,5,3,0
1,8,1,8,4.5,9,7,0
1,5,1,5,3.0,6,4,0
4,1,1,4,2.5,5,3,0
5,2,2,5,3.5,7,3,1
10,1,1,10,5.5,11,9,0
9,7,7,9,8.0,16,2,3
27,10,10,27,18.5,37,17,3
1,8,1,8,4.5,9,7,0
5,1,1,5,3.0,6,4,0
4,1,1,4,2.5,5,3,0
1,5,1,5,3.0,6,4,0
6,18,6,18,12.0,24,12,5
1,4,1,4,2.5,5,3,0
26,26,26,26,26.0,52,0,25
6,5,5,6,5.5,11,1,4
5,5,5,5,5.0,10,0,4
5,1,1,5,3.0,6,4,0
4,4,4,4,4.0,8,0,3
5,1,1,5,3.0,6,4,0
8,1,1,8,4.5,9,7,0
5,7,5,7,6.0,12,2,4
1,8,1,8,4.5,9,7,0
1,4,1,4,2.5,5,3,0
14,1,1,14,7.5,15,13,0
7,1,1,7,4.0,8,6,0
6,2,2,6,4.0,8,4,1
22,23,22,23,22.5,45,1,21
1,4,1,4,2.5,5,3,0
1,8,1,8,4.5,9,7,0
6,4,4,6,5.0,10,2,1
24,51,24,51,37.5,75,27,23
10,7,7,10,8.5,17,3,6
6,4,4,6,5.0,10,2,3
4,1,1,4,2.5,5,3,0
2,7,2,7,4.5,9,5,1
5,1,1,5,3.0,6,4,0
7,1,1,7,4.0,8,6,0
13,15,13,15,14.0,28,2,6
4,2,2,4,3.0,6,2,1
13,20,13,20,16.5,33,7,11
15,11,11,15,13.0,26,4,9
10,15,10,15,12.5,25,5,9
6,7,6,7,6.5,13,1,4
8,7,7,8,7.5,15,1,5
20,30,20,30,25.0,50,10,17
23,41,23,41,32.0,64,18,21
8,9,8,9,8.5,17,1,4
1,22,1,22,11.5,23,21,0
17,16,16,17,16.5,33,1,7
6,1,1,6,3.5,7,5,0
16,17,16,17,16.5,33,1,12
6,7,6,7,6.5,13,1,5
17,2,2,17,9.5,19,15,0
18,4,4,18,11.0,22,14,3
1,4,1,4,2.5,5,3,0
29,25,25,29,27.0,54,4,19
16,11,11,16,13.5,27,5,9
20,15,15,20,17.5,35,5,10
4,1,1,4,2.5,5,3,0
2,5,2,5,3.5,7,3,1
13,8,8,13,10.5,21,5,5
15,2,2,15,8.5,17,13,0
13,20,13,20,16.5,33,7,12
10,8,8,10,9.0,18,2,6
11,1,1,11,6.0,12,10,0
14,22,14,22,18.0,36,8,11
4,8,4,8,6.0,12,4,1
1,26,1,26,13.5,27,25,0
36,28,28,36,32.0,64,8,17
1,5,1,5,3.0,6,4,0
1,10,1,10,5.5,11,9,0
4,1,1,4,2.5,5,3,0
1,13,1,13,7.0,14,12,0
14,21,14,21,17.5,35,7,13
7,1,1,7,4.0,8,6,0
1,5,1,5,3.0,6,4,0
6,9,6,9,7.5,15,3,3
1,5,1,5,3.0,6,4,0
5,4,4,5,4.5,9,1,3
11,1,1,11,6.0,12,10,0
7,1,1,7,4.0,8,6,0
11,11,11,11,11.0,22,0,10
6,1,1,6,3.5,7,5,0
8,7,7,8,7.5,15,1,5
9,7,7,9,8.0,16,2,2
32,29,29,32,30.5,61,3,24
18,15,15,18,16.5,33,3,9
12,13,12,13,12.5,25,1,10
24,19,19,24,21.5,43,5,18
5,5,5,5,5.0,10,0,4
11,16,11,16,13.5,27,5,8
39,22,22,39,30.5,61,17,21
13,11,11,13,12.0,24,2,10
14,12,12,14,13.0,26,2,10
1,17,1,17,9.0,18,16,0
1,17,1,17,9.0,18,16,0
7,7,7,7,7.0,14,0,4
13,13,13,13,13.0,26,0,12
7,5,5,7,6.0,12,2,0
20,21,20,21,20.5,41,1,18
13,13,13,13,13.0,26,0,12
15,4,4,15,9.5,19,11,1
20,16,16,20,18.0,36,4,14
6,1,1,6,3.5,7,5,0
24,36,24,36,30.0,60,12,17
4,7,4,7,5.5,11,3,2
7,1,1,7,4.0,8,6,0
2,12,2,12,7.0,14,10,1
8,8,8,8,8.0,16,0,6
13,14,13,14,13.5,27,1,9
1,9,1,9,5.0,10,8,0
5,5,5,5,5.0,10,0,2
2,6,2,6,4.0,8,4,1
21,1,1,21,11.0,22,20,0
8,4,4,8,6.0,12,4,3
4,1,1,4,2.5,5,3,0
1,5,1,5,3.0,6,4,0
14,20,14,20,17.0,34,6,8
28,27,27,28,27.5,55,1,26
4,6,4,6,5.0,10,2,2
39,42,39,42,40.5,81,3,38
6,5,5,6,5.5,11,1,2
5,1,1,5,3.0,6,4,0
10,7,7,10,8.5,17,3,4
5,1,1,5,3.0,6,4,0
29,7,7,29,18.0,36,22,6
19,20,19,20,19.5,39,1,15
7,9,7,9,8.0,16,2,6
6,14,6,14,10.0,20,8,5
26,37,26,37,31.5,63,11,19
1,12,1,12,6.5,13,11,0
1,5,1,5,3.0,6,4,0
1,4,1,4,2.5,5,3,0
5,6,5,6,5.5,11,1,4
4,10,4,10,7.0,14,6,3
1,6,1,6,3.5,7,5,0
9,13,9,13,11.0,22,4,7
6,6,6,6,6.0,12,0,5
11,12,11,12,11.5,23,1,8
5,1,1,5,3.0,6,4,0
33,46,33,46,39.5,79,13,24
4,1,1,4,2.5,5,3,0
25,20,20,25,22.5,45,5,16
7,7,7,7,7.0,14,0,2
13,12,12,13,12.5,25,1,9
5,1,1,5,3.0,6,4,0
4,1,1,4,2.5,5,3,0
17,12,12,17,14.5,29,5,11
4,1,1,4,2.5,5,3,0
14,15,14,15,14.5,29,1,13
4,2,2,4,3.0,6,2,1
6,1,1,6,3.5,7,5,0
12,6,6,12,9.0,18,6,3
1,12,1,12,6.5,13,11,0
21,1,1,21,11.0,22,20,0
5,1,1,5,3.0,6,4,0
5,10,5,10,7.5,15,5,4
1,4,1,4,2.5,5,3,0
1,6,1,6,3.5,7,5,0
6,1,1,6,3.5,7,5,0
1,5,1,5,3.0,6,4,0
7,5,5,7,6.0,12,2,1
8,9,8,9,8.5,17,1,7
6,3,3,6,4.5,9,3,1
7,8,7,8,7.5,15,1,6
34,29,29,34,31.5,63,5,24
6,1,1,6,3.5,7,5,0
4,4,4,4,4.0,8,0,3
9,9,9,9,9.0,18,0,7
5,1,1,5,3.0,6,4,0
6,9,6,9,7.5,15,3,4
5,5,5,5,5.0,10,0,3
4,1,1,4,2.5,5,3,0
6,2,2,6,4.0,8,4,1
7,6,6,7,6.5,13,1,4
6,10,6,10,8.0,16,4,5
1,5,1,5,3.0,6,4,0
36,30,30,36,33.0,66,6,29
8,8,8,8,8.0,16,0,7
3,4,3,4,3.5,7,1,2
7,1,1,7,4.0,8,6,0
1,6,1,6,3.5,7,5,0
1,4,1,4,2.5,5,3,0
24,19,19,24,21.5,43,5,10
9,10,9,10,9.5,19,1,3
5,1,1,5,3.0,6,4,0
4,1,1,4,2.5,5,3,0
20,38,20,38,29.0,58,18,19
6,4,4,6,5.0,10,2,2
1,12,1,12,6.5,13,11,0
8,1,1,8,4.5,9,7,0
4,4,4,4,4.0,8,0,3
1,5,1,5,3.0,6,4,0
23,15,15,23,19.0,38,8,12
1,4,1,4,2.5,5,3,0
1,31,1,31,16.0,32,30,0
4,1,1,4,2.5,5,3,0
8,9,8,9,8.5,17,1,7
1,4,1,4,2.5,5,3,0
5,1,1,5,3.0,6,4,0
29,35,29,35,32.0,64,6,23
12,4,4,12,8.0,16,8,3
21,21,21,21,21.0,42,0,18
4,1,1,4,2.5,5,3,0
16,18,16,18,17.0,34,2,7
2,4,2,4,3.0,6,2,0
19,18,18,19,18.5,37,1,16
1,9,1,9,5.0,10,8,0
1,6,1,6,3.5,7,5,0
1,4,1,4,2.5,5,3,0
5,5,5,5,5.0,10,0,4
4,1,1,4,2.5,5,3,0
4,1,1,4,2.5,5,3,0
18,20,18,20,19.0,38,2,17
1,5,1,5,3.0,6,4,0
1,22,1,22,11.5,23,21,0
19,19,19,19,19.0,38,0,17
1,6,1,6,3.5,7,5,0
9,9,9,9,9.0,18,0,4
6,1,1,6,3.5,7,5,0
18,14,14,18,16.0,32,4,8
7,9,7,9,8.0,16,2,3
1,9,1,9,5.0,10,8,0
1,6,1,6,3.5,7,5,0
1,4,1,4,2.5,5,3,0
2,14,2,14,8.0,16,12,0
4,7,4,7,5.5,11,3,0
1,7,1,7,4.0,8,6,0
4,6,4,6,5.0,10,2,3
28,37,28,37,32.5,65,9,10
28,17,17,28,22.5,45,11,7
1,5,1,5,3.0,6,4,0
11,10,10,11,10.5,21,1,9
4,1,1,4,2.5,5,3,0
5,11,5,11,8.0,16,6,4
5,3,3,5,4.0,8,2,2
17,15,15,17,16.0,32,2,14
12,23,12,23,17.5,35,11,11
7,5,5,7,6.0,12,2,3
2,20,2,20,11.0,22,18,0
5,4,4,5,4.5,9,1,3
7,4,4,7,5.5,11,3,2
1,5,1,5,3.0,6,4,0
65,20,20,65,42.5,85,45,17
1,35,1,35,18.0,36,34,0
16,24,16,24,20.0,40,8,15
4,7,4,7,5.5,11,3,2
4,1,1,4,2.5,5,3,0
6,1,1,6,3.5,7,5,0
7,1,1,7,4.0,8,6,0
4,1,1,4,2.5,5,3,0
7,1,1,7,4.0,8,6,0
23,24,23,24,23.5,47,1,21
1,6,1,6,3.5,7,5,0
6,5,5,6,5.5,11,1,3
11,12,11,12,11.5,23,1,0
3,9,3,9,6.0,12,6,2
6,7,6,7,6.5,13,1,3
19,22,19,22,20.5,41,3,9
5,5,5,5,5.0,10,0,4
5,2,2,5,3.5,7,3,1
6,1,1,6,3.5,7,5,0
12,16,12,16,14.0,28,4,1
1,4,1,4,2.5,5,3,0
1,5,1,5,3.0,6,4,0
31,20,20,31,25.5,51,11,17
5,1,1,5,3.0,6,4,0
2,9,2,9,5.5,11,7,0
1,11,1,11,6.0,12,10,0
21,20,20,21,20.5,41,1,18
27,18,18,27,22.5,45,9,14
9,13,9,13,11.0,22,4,8
1,5,1,5,3.0,6,4,0
1,12,1,12,6.5,13,11,0
37,25,25,37,31.0,62,12,19
3,4,3,4,3.5,7,1,1
1,8,1,8,4.5,9,7,0
4,14,4,14,9.0,18,10,1
9,5,5,9,7.0,14,4,1
1,4,1,4,2.5,5,3,0
37,29,29,37,33.0,66,8,11
1,4,1,4,2.5,5,3,0
49,47,47,49,48.0,96,2,46
16,14,14,16,15.0,30,2,10
4,1,1,4,2.5,5,3,0
4,1,1,4,2.5,5,3,0
2,8,2,8,5.0,10,6,1
5,5,5,5,5.0,10,0,4
4,1,1,4,2.5,5,3,0
11,6,6,11,8.5,17,5,5
1,13,1,13,7.0,14,12,0
5,5,5,5,5.0,10,0,4
6,7,6,7,6.5,13,1,5
1,7,1,7,4.0,8,6,0
16,17,16,17,16.5,33,1,12
5,5,5,5,5.0,10,0,4
5,1,1,5,3.0,6,4,0
1,6,1,6,3.5,7,5,0
5,6,5,6,5.5,11,1,1
4,4,4,4,4.0,8,0,3
1,8,1,8,4.5,9,7,0
4,5,4,5,4.5,9,1,3
2,16,2,16,9.0,18,14,1
4,6,4,6,5.0,10,2,1
1,4,1,4,2.5,5,3,0
1,4,1,4,2.5,5,3,0
4,1,1,4,2.5,5,3,0
11,6,6,11,8.5,17,5,4
17,14,14,17,15.5,31,3,13
1,4,1,4,2.5,5,3,0
61,1,1,61,31.0,62,60,0
1,4,1,4,2.5,5,3,0
1,4,1,4,2.5,5,3,0
4,1,1,4,2.5,5,3,0
12,1,1,12,6.5,13,11,0
17,7,7,17,12.0,24,10,6
7,5,5,7,6.0,12,2,4
10,7,7,10,8.5,17,3,1
8,5,5,8,6.5,13,3,4
7,1,1,7,4.0,8,6,0
19,10,10,19,14.5,29,9,9
6,1,1,6,3.5,7,5,0
4,4,4,4,4.0,8,0,1
23,32,23,32,27.5,55,9,19
25,7,7,25,16.0,32,18,1
7,7,7,7,7.0,14,0,4
1,4,1,4,2.5,5,3,0
4,3,3,4,3.5,7,1,0
15,17,15,17,16.0,32,2,13
5,1,1,5,3.0,6,4,0
1,4,1,4,2.5,5,3,0
5,5,5,5,5.0,10,0,4
5,1,1,5,3.0,6,4,0
51,38,38,51,44.5,89,13,20
4,29,4,29,16.5,33,25,2
5,8,5,8,6.5,13,3,4
10,7,7,10,8.5,17,3,3
1,16,1,16,8.5,17,15,0
11,9,9,11,10.0,20,2,7
1,9,1,9,5.0,10,8,0
11,16,11,16,13.5,27,5,9
21,14,14,21,17.5,35,7,12
19,19,19,19,19.0,38,0,12
4,3,3,4,3.5,7,1,2
5,3,3,5,4.0,8,2,2
7,7,7,7,7.0,14,0,5
13,9,9,13,11.0,22,4,8
6,1,1,6,3.5,7,5,0
11,9,9,11,10.0,20,2,8
21,20,20,21,20.5,41,1,17
4,4,4,4,4.0,8,0,3
25,18,18,25,21.5,43,7,13
2,6,2,6,4.0,8,4,1
6,6,6,6,6.0,12,0,5
26,27,26,27,26.5,53,1,25
31,36,31,36,33.5,67,5,17
1,5,1,5,3.0,6,4,0
1,5,1,5,3.0,6,4,0
1,4,1,4,2.5,5,3,0
16,12,12,16,14.0,28,4,11
4,1,1,4,2.5,5,3,0
21,22,21,22,21.5,43,1,20
7,7,7,7,7.0,14,0,6
5,1,1,5,3.0,6,4,0
4,5,4,5,4.5,9,1,3
2,4,2,4,3.0,6,2,0
16,8,8,16,12.0,24,8,1
1,4,1,4,2.5,5,3,0
6,4,4,6,5.0,10,2,0
6,6,6,6,6.0,12,0,5
1,5,1,5,3.0,6,4,0
5,11,5,11,8.0,16,6,4
5,1,1,5,3.0,6,4,0
6,1,1,6,3.5,7,5,0
5,1,1,5,3.0,6,4,0
12,11,11,12,11.5,23,1,10
1,6,1,6,3.5,7,5,0
19,7,7,19,13.0,26,12,6
11,11,11,11,11.0,22,0,10
1,13,1,13,7.0,14,12,0
4,4,4,4,4.0,8,0,3
15,13,13,15,14.0,28,2,11
3,6,3,6,4.5,9,3,1
5,5,5,5,5.0,10,0,2
1,6,1,6,3.5,7,5,0
16,16,16,16,16.0,32,0,9
5,1,1,5,3.0,6,4,0
10,6,6,10,8.0,16,4,3
4,1,1,4,2.5,5,3,0
32,32,32,32,32.0,64,0,31
23,21,21,23,22.0,44,2,20
31,33,31,33,32.0,64,2,30
5,1,1,5,3.0,6,4,0
8,48,8,48,28.0,56,40,7
36,45,36,45,40.5,81,9,31
4,1,1,4,2.5,5,3,0
7,6,6,7,6.5,13,1,3
4,4,4,4,4.0,8,0,2
8,10,8,10,9.0,18,2,7
27,27,27,27,27.0,54,0,26
13,13,13,13,13.0,26,0,11
5,1,1,5,3.0,6,4,0
15,11,11,15,13.0,26,4,9
1,4,1,4,2.5,5,3,0
7,6,6,7,6.5,13,1,0
1,6,1,6,3.5,7,5,0
7,1,1,7,4.0,8,6,0
11,11,11,11,11.0,22,0,10
14,14,14,14,14.0,28,0,13
5,2,2,5,3.5,7,3,1
5,1,1,5,3.0,6,4,0
1,5,1,5,3.0,6,4,0
2,4,2,4,3.0,6,2,1
1,11,1,11,6.0,12,10,0
12,10,10,12,11.0,22,2,9
5,1,1,5,3.0,6,4,0
13,14,13,14,13.5,27,1,10
14,20,14,20,17.0,34,6,11
4,1,1,4,2.5,5,3,0
4,6,4,6,5.0,10,2,3
7,1,1,7,4.0,8,6,0
1,11,1,11,6.0,12,10,0
6,8,6,8,7.0,14,2,4
26,16,16,26,21.0,42,10,15
6,6,6,6,6.0,12,0,5
8,6,6,8,7.0,14,2,4
7,6,6,7,6.5,13,1,4
8,3,3,8,5.5,11,5,1
1,6,1,6,3.5,7,5,0
4,1,1,4,2.5,5,3,0
24,49,24,49,36.5,73,25,20
5,7,5,7,6.0,12,2,4
14,4,4,14,9.0,18,10,3
9,5,5,9,7.0,14,4,4
17,20,17,20,18.5,37,3,16
6,5,5,6,5.5,11,1,4
16,18,16,18,17.0,34,2,14
4,1,1,4,2.5,5,3,0
8,7,7,8,7.5,15,1,2
1,4,1,4,2.5,5,3,0
1,39,1,39,20.0,40,38,0
11,10,10,11,10.5,21,1,9
31,32,31,32,31.5,63,1,29
6,22,6,22,14.0,28,16,2
27,7,7,27,17.0,34,20,5
2,5,2,5,3.5,7,3,0
3,14,3,14,8.5,17,11,2
4,1,1,4,2.5,5,3,0
13,8,8,13,10.5,21,5,6
13,1,1,13,7.0,14,12,0
49,38,38,49,43.5,87,11,37
4,4,4,4,4.0,8,0,3
8,11,8,11,9.5,19,3,7
4,6,4,6,5.0,10,2,3
18,12,12,18,15.0,30,6,11
23,19,19,23,21.0,42,4,15
15,14,14,15,14.5,29,1,10
12,13,12,13,12.5,25,1,10
27,48,27,48,37.5,75,21,18
1,4,1,4,2.5,5,3,0
18,11,11,18,14.5,29,7,9
1,6,1,6,3.5,7,5,0
5,8,5,8,6.5,13,3,4
4,1,1,4,2.5,5,3,0
2,5,2,5,3.5,7,3,1
4,4,4,4,4.0,8,0,3
2,8,2,8,5.0,10,6,0
15,14,14,15,14.5,29,1,12
4,1,1,4,2.5,5,3,0
11,8,8,11,9.5,19,3,7
4,1,1,4,2.5,5,3,0
18,21,18,21,19.5,39,3,16
22,12,12,22,17.0,34,10,10
13,13,13,13,13.0,26,0,9
5,1,1,5,3.0,6,4,0
46,43,43,46,44.5,89,3,33
6,1,1,6,3.5,7,5,0
1,5,1,5,3.0,6,4,0
1,4,1,4,2.5,5,3,0
10,1,1,10,5.5,11,9,0
16,17,16,17,16.5,33,1,13
5,4,4,5,4.5,9,1,3
7,8,7,8,7.5,15,1,5
1,27,1,27,14.0,28,26,0
8,2,2,8,5.0,10,6,1
6,5,5,6,5.5,11,1,4
10,1,1,10,5.5,11,9,0
16,16,16,16,16.0,32,0,12
4,4,4,4,4.0,8,0,2
1,6,1,6,3.5,7,5,0
4,4,4,4,4.0,8,0,3
4,1,1,4,2.5,5,3,0
11,10,10,11,10.5,21,1,5
11,18,11,18,14.5,29,7,9
11,4,4,11,7.5,15,7,3
13,9,9,13,11.0,22,4,8
9,4,4,9,6.5,13,5,3
1,4,1,4,2.5,5,3,0
4,1,1,4,2.5,5,3,0
2,10,2,10,6.0,12,8,0
13,12,12,13,12.5,25,1,10
38,39,38,39,38.5,77,1,32
13,16,13,16,14.5,29,3,10
3,10,3,10,6.5,13,7,0
4,13,4,13,8.5,17,9,1
9,1,1,9,5.0,10,8,0
5,20,5,20,12.5,25,15,4
4,4,4,4,4.0,8,0,3
1,5,1,5,3.0,6,4,0
14,18,14,18,16.0,32,4,12
5,1,1,5,3.0,6,4,0
8,4,4,8,6.0,12,4,3
1,14,1,14,7.5,15,13,0
6,6,6,6,6.0,12,0,4
7,10,7,10,8.5,17,3,6
5,2,2,5,3.5,7,3,1
1,5,1,5,3.0,6,4,0
1,6,1,6,3.5,7,5,0
28,27,27,28,27.5,55,1,26
5,4,4,5,4.5,9,1,2
7,10,7,10,8.5,17,3,6
5,7,5,7,6.0,12,2,4
37,26,26,37,31.5,63,11,22
1,9,1,9,5.0,10,8,0
2,17,2,17,9.5,19,15,0
10,8,8,10,9.0,18,2,7
1,23,1,23,12.0,24,22,0
1,6,1,6,3.5,7,5,0
6,5,5,6,5.5,11,1,4
6,2,2,6,4.0,8,4,1
12,14,12,14,13.0,26,2,10
13,14,13,14,13.5,27,1,11
10,10,10,10,10.0,20,0,9
4,1,1,4,2.5,5,3,0
38,34,34,38,36.0,72,4,32
10,6,6,10,8.0,16,4,4
7,4,4,7,5.5,11,3,0
6,1,1,6,3.5,7,5,0
18,40,18,40,29.0,58,22,11
33,11,11,33,22.0,44,22,8
24,40,24,40,32.0,64,16,22
22,11,11,22,16.5,33,11,7
10,11,10,11,10.5,21,1,9
4,1,1,4,2.5,5,3,0
4,1,1,4,2.5,5,3,0
1,19,1,19,10.0,20,18,0
13,13,13,13,13.0,26,0,12
5,2,2,5,3.5,7,3,0
9,9,9,9,9.0,18,0,8
11,12,11,12,11.5,23,1,10
12,9,9,12,10.5,21,3,8
1,7,1,7,4.0,8,6,0
5,1,1,5,3.0,6,4,0
15,27,15,27,21.0,42,12,6
5,5,5,5,5.0,10,0,4
6,1,1,6,3.5,7,5,0
14,12,12,14,13.0,26,2,11
7,1,1,7,4.0,8,6,0
15,16,15,16,15.5,31,1,14
8,16,8,16,12.0,24,8,7
8,20,8,20,14.0,28,12,3
11,8,8,11,9.5,19,3,7
8,7,7,8,7.5,15,1,3
23,21,21,23,22.0,44,2,18
6,6,6,6,6.0,12,0,5
5,24,5,24,14.5,29,19,1
5,2,2,5,3.5,7,3,0
2,14,2,14,8.0,16,12,0
1,9,1,9,5.0,10,8,0
16,11,11,16,13.5,27,5,7
10,2,2,10,6.0,12,8,1
7,6,6,7,6.5,13,1,5
11,10,10,11,10.5,21,1,8
31,25,25,31,28.0,56,6,16
7,1,1,7,4.0,8,6,0
18,18,18,18,18.0,36,0,12
6,10,6,10,8.0,16,4,4
4,4,4,4,4.0,8,0,2
1,8,1,8,4.5,9,7,0
28,23,23,28,25.5,51,5,1
17,15,15,17,16.0,32,2,13
4,5,4,5,4.5,9,1,3
13,13,13,13,13.0,26,0,12
12,10,10,12,11.0,22,2,8
5,4,4,5,4.5,9,1,0
12,12,12,12,12.0,24,0,8
4,4,4,4,4.0,8,0,2
1,6,1,6,3.5,7,5,0
6,4,4,6,5.0,10,2,2
4,1,1,4,2.5,5,3,0
4,5,4,5,4.5,9,1,3
4,4,4,4,4.0,8,0,3
5,4,4,5,4.5,9,1,3
1,4,1,4,2.5,5,3,0
5,4,4,5,4.5,9,1,3
20,19,19,20,19.5,39,1,18
1,4,1,4,2.5,5,3,0
8,8,8,8,8.0,16,0,3
6,6,6,6,6.0,12,0,5
14,21,14,21,17.5,35,7,13
4,1,1,4,2.5,5,3,0
4,4,4,4,4.0,8,0,3
5,4,4,5,4.5,9,1,3
16,56,16,56,36.0,72,40,11
17,17,17,17,17.0,34,0,16
1,5,1,5,3.0,6,4,0
18,8,8,18,13.0,26,10,6
8,7,7,8,7.5,15,1,6
7,1,1,7,4.0,8,6,0
1,5,1,5,3.0,6,4,0
4,1,1,4,2.5,5,3,0
17,21,17,21,19.0,38,4,13
5,4,4,5,4.5,9,1,0
5,2,2,5,3.5,7,3,0
3,10,3,10,6.5,13,7,2
1,28,1,28,14.5,29,27,0
5,1,1,5,3.0,6,4,0
17,17,17,17,17.0,34,0,12
3,4,3,4,3.5,7,1,2
6,1,1,6,3.5,7,5,0
1,8,1,8,4.5,9,7,0
13,16,13,16,14.5,29,3,11
4,1,1,4,2.5,5,3,0
2,61,2,61,31.5,63,59,0
12,10,10,12,11.0,22,2,9
6,4,4,6,5.0,10,2,3
8,6,6,8,7.0,14,2,3
4,1,1,4,2.5,5,3,0
1,24,1,24,12.5,25,23,0
8,10,8,10,9.0,18,2,5
2,8,2,8,5.0,10,6,1
5,2,2,5,3.5,7,3,1
3,5,3,5,4.0,8,2,2
24,24,24,24,24.0,48,0,23
1,7,1,7,4.0,8,6,0
2,10,2,10,6.0,12,8,1
5,4,4,5,4.5,9,1,1
4,1,1,4,2.5,5,3,0
11,11,11,11,11.0,22,0,10
1,146,1,146,73.5,147,145,0
9,11,9,11,10.0,20,2,7
8,6,6,8,7.0,14,2,5
11,5,5,11,8.0,16,6,2
6,7,6,7,6.5,13,1,2
13,12,12,13,12.5,25,1,10
4,1,1,4,2.5,5,3,0
4,1,1,4,2.5,5,3,0
39,38,38,39,38.5,77,1,31
7,11,7,11,9.0,18,4,6
1,14,1,14,7.5,15,13,0
5,4,4,5,4.5,9,1,3
4,5,4,5,4.5,9,1,3
4,4,4,4,4.0,8,0,3
4,1,1,4,2.5,5,3,0
4,1,1,4,2.5,5,3,0
10,9,9,10,9.5,19,1,8
9,11,9,11,10.0,20,2,8
1,7,1,7,4.0,8,6,0
2,4,2,4,3.0,6,2,0
18,11,11,18,14.5,29,7,6
4,1,1,4,2.5,5,3,0
5,2,2,5,3.5,7,3,1
1,11,1,11,6.0,12,10,0
9,9,9,9,9.0,18,0,7
12,11,11,12,11.5,23,1,8
8,10,8,10,9.0,18,2,7
20,19,19,20,19.5,39,1,18
5,5,5,5,5.0,10,0,2
4,4,4,4,4.0,8,0,0
8,8,8,8,8.0,16,0,7
22,22,22,22,22.0,44,0,17
8,8,8,8,8.0,16,0,7
1,5,1,5,3.0,6,4,0
13,2,2,13,7.5,15,11,0
3,7,3,7,5.0,10,4,2
4,5,4,5,4.5,9,1,3
11,8,8,11,9.5,19,3,6
13,14,13,14,13.5,27,1,11
5,1,1,5,3.0,6,4,0
1,5,1,5,3.0,6,4,0
2,6,2,6,4.0,8,4,1
22,32,22,32,27.0,54,10,17
5,1,1,5,3.0,6,4,0
5,3,3,5,4.0,8,2,2
47,36,36,47,41.5,83,11,32
1,4,1,4,2.5,5,3,0
12,12,12,12,12.0,24,0,5
14,33,14,33,23.5,47,19,10
10,11,10,11,10.5,21,1,9
1,4,1,4,2.5,5,3,0
9,7,7,9,8.0,16,2,5
19,17,17,19,18.0,36,2,10
13,12,12,13,12.5,25,1,11
1,7,1,7,4.0,8,6,0
49,36,36,49,42.5,85,13,32
1,4,1,4,2.5,5,3,0
2,15,2,15,8.5,17,13,1
4,1,1,4,2.5,5,3,0
4,1,1,4,2.5,5,3,0
7,5,5,7,6.0,12,2,0
2,9,2,9,5.5,11,7,0
13,13,13,13,13.0,26,0,7
1,5,1,5,3.0,6,4,0
8,5,5,8,6.5,13,3,0
19,21,19,21,20.0,40,2,18
1,7,1,7,4.0,8,6,0
5,4,4,5,4.5,9,1,3
1,4,1,4,2.5,5,3,0
8,7,7,8,7.5,15,1,3
1,5,1,5,3.0,6,4,0
23,21,21,23,22.0,44,2,16
5,4,4,5,4.5,9,1,2
8,1,1,8,4.5,9,7,0
8,9,8,9,8.5,17,1,7
19,1,1,19,10.0,20,18,0
6,3,3,6,4.5,9,3,2
13,5,5,13,9.0,18,8,4
8,11,8,11,9.5,19,3,2
7,8,7,8,7.5,15,1,6
8,2,2,8,5.0,10,6,1
8,8,8,8,8.0,16,0,3
7,3,3,7,5.0,10,4,2
6,6,6,6,6.0,12,0,5
21,25,21,25,23.0,46,4,20
4,1,1,4,2.5,5,3,0
1,4,1,4,2.5,5,3,0
13,30,13,30,21.5,43,17,5
18,7,7,18,12.5,25,11,6
6,1,1,6,3.5,7,5,0
13,15,13,15,14.0,28,2,12
1,4,1,4,2.5,5,3,0
15,11,11,15,13.0,26,4,10
11,12,11,12,11.5,23,1,10
4,4,4,4,4.0,8,0,3
3,9,3,9,6.0,12,6,0
6,6,6,6,6.0,12,0,5
40,27,27,40,33.5,67,13,22
5,3,3,5,4.0,8,2,1
1,5,1,5,3.0,6,4,0
4,4,4,4,4.0,8,0,3
22,5,5,22,13.5,27,17,3
10,1,1,10,5.5,11,9,0
18,27,18,27,22.5,45,9,16
5,6,5,6,5.5,11,1,4
15,7,7,15,11.0,22,8,5
21,17,17,21,19.0,38,4,15
18,11,11,18,14.5,29,7,7
1,6,1,6,3.5,7,5,0
5,9,5,9,7.0,14,4,1
5,5,5,5,5.0,10,0,4
6,3,3,6,4.5,9,3,2
8,4,4,8,6.0,12,4,1
13,11,11,13,12.0,24,2,10
1,9,1,9,5.0,10,8,0
4,1,1,4,2.5,5,3,0
19,18,18,19,18.5,37,1,16
31,26,26,31,28.5,57,5,24
36,24,24,36,30.0,60,12,17
5,2,2,5,3.5,7,3,1
7,3,3,7,5.0,10,4,2
1,5,1,5,3.0,6,4,0
29,33,29,33,31.0,62,4,15
6,5,5,6,5.5,11,1,4
25,33,25,33,29.0,58,8,16
12,11,11,12,11.5,23,1,10
4,4,4,4,4.0,8,0,3
10,11,10,11,10.5,21,1,9
1,10,1,10,5.5,11,9,0
10,22,10,22,16.0,32,12,8
1,10,1,10,5.5,11,9,0
1,20,1,20,10.5,21,19,0
1,11,1,11,6.0,12,10,0
5,1,1,5,3.0,6,4,0
1,7,1,7,4.0,8,6,0
1,5,1,5,3.0,6,4,0
17,20,17,20,18.5,37,3,14
1,6,1,6,3.5,7,5,0
8,8,8,8,8.0,16,0,7
4,1,1,4,2.5,5,3,0
5,1,1,5,3.0,6,4,0
4,1,1,4,2.5,5,3,0
6,6,6,6,6.0,12,0,4
13,15,13,15,14.0,28,2,12
6,8,6,8,7.0,14,2,5
4,6,4,6,5.0,10,2,0
1,4,1,4,2.5,5,3,0
7,6,6,7,6.5,13,1,4
9,9,9,9,9.0,18,0,8
10,7,7,10,8.5,17,3,4
1,8,1,8,4.5,9,7,0
7,16,7,16,11.5,23,9,0
4,1,1,4,2.5,5,3,0
2,77,2,77,39.5,79,75,0
37,38,37,38,37.5,75,1,27
10,10,10,10,10.0,20,0,9
9,4,4,9,6.5,13,5,3
5,1,1,5,3.0,6,4,0
4,1,1,4,2.5,5,3,0
10,2,2,10,6.0,12,8,0
1,5,1,5,3.0,6,4,0
41,47,41,47,44.0,88,6,39
13,1,1,13,7.0,14,12,0
12,21,12,21,16.5,33,9,11
9,146,9,146,77.5,155,137,0
1,6,1,6,3.5,7,5,0
9,12,9,12,10.5,21,3,8
6,1,1,6,3.5,7,5,0
4,4,4,4,4.0,8,0,2
4,3,3,4,3.5,7,1,2
1,11,1,11,6.0,12,10,0
14,12,12,14,13.0,26,2,11
4,4,4,4,4.0,8,0,2
5,1,1,5,3.0,6,4,0
4,4,4,4,4.0,8,0,1
23,19,19,23,21.0,42,4,18
6,1,1,6,3.5,7,5,0
5,10,5,10,7.5,15,5,0
5,8,5,8,6.5,13,3,3
1,6,1,6,3.5,7,5,0
16,16,16,16,16.0,32,0,12
5,1,1,5,3.0,6,4,0
14,24,14,24,19.0,38,10,6
12,1,1,12,6.5,13,11,0
9,9,9,9,9.0,18,0,7
4,4,4,4,4.0,8,0,3
7,8,7,8,7.5,15,1,5
4,1,1,4,2.5,5,3,0
1,66,1,66,33.5,67,65,0
1,17,1,17,9.0,18,16,0
20,20,20,20,20.0,40,0,17
19,1,1,19,10.0,20,18,0
2,8,2,8,5.0,10,6,1
10,8,8,10,9.0,18,2,4
46,39,39,46,42.5,85,7,30
8,8,8,8,8.0,16,0,7
5,2,2,5,3.5,7,3,0
1,5,1,5,3.0,6,4,0
2,5,2,5,3.5,7,3,1
5,6,5,6,5.5,11,1,4
38,23,23,38,30.5,61,15,19
8,9,8,9,8.5,17,1,6
4,18,4,18,11.0,22,14,0
22,28,22,28,25.0,50,6,14
15,8,8,15,11.5,23,7,7
4,1,1,4,2.5,5,3,0
7,5,5,7,6.0,12,2,4
1,4,1,4,2.5,5,3,0
5,5,5,5,5.0,10,0,2
17,17,17,17,17.0,34,0,16
5,11,5,11,8.0,16,6,4
5,4,4,5,4.5,9,1,3
10,10,10,10,10.0,20,0,9
8,1,1,8,4.5,9,7,0
11,12,11,12,11.5,23,1,9
4,6,4,6,5.0,10,2,3
29,31,29,31,30.0,60,2,23
5,4,4,5,4.5,9,1,3
30,26,26,30,28.0,56,4,18
2,12,2,12,7.0,14,10,0
9,5,5,9,7.0,14,4,4
13,26,13,26,19.5,39,13,11
4,5,4,5,4.5,9,1,1
1,4,1,4,2.5,5,3,0
2,4,2,4,3.0,6,2,1
4,1,1,4,2.5,5,3,0
36,25,25,36,30.5,61,11,21
4,1,1,4,2.5,5,3,0
15,20,15,20,17.5,35,5,14
7,6,6,7,6.5,13,1,5
8,7,7,8,7.5,15,1,5
19,20,19,20,19.5,39,1,16
5,1,1,5,3.0,6,4,0
8,8,8,8,8.0,16,0,7
5,1,1,5,3.0,6,4,0
21,6,6,21,13.5,27,15,5
6,5,5,6,5.5,11,1,4
5,1,1,5,3.0,6,4,0
8,1,1,8,4.5,9,7,0
4,1,1,4,2.5,5,3,0
1,4,1,4,2.5,5,3,0
10,11,10,11,10.5,21,1,9
18,6,6,18,12.0,24,12,4
4,1,1,4,2.5,5,3,0
4,2,2,4,3.0,6,2,0
4,1,1,4,2.5,5,3,0
6,5,5,6,5.5,11,1,3
9,17,9,17,13.0,26,8,6
2,4,2,4,3.0,6,2,1
8,10,8,10,9.0,18,2,6
2,4,2,4,3.0,6,2,1
4,5,4,5,4.5,9,1,3
1,5,1,5,3.0,6,4,0
11,7,7,11,9.0,18,4,4
5,5,5,5,5.0,10,0,2
5,2,2,5,3.5,7,3,1
9,9,9,9,9.0,18,0,3
7,1,1,7,4.0,8,6,0
1,28,1,28,14.5,29,27,0
1,66,1,66,33.5,67,65,0
4,1,1,4,2.5,5,3,0
1,5,1,5,3.0,6,4,0
5,6,5,6,5.5,11,1,4
1,14,1,14,7.5,15,13,0
15,13,13,15,14.0,28,2,10
32,44,32,44,38.0,76,12,25
5,6,5,6,5.5,11,1,3
31,32,31,32,31.5,63,1,29
5,1,1,5,3.0,6,4,0
1,4,1,4,2.5,5,3,0
4,4,4,4,4.0,8,0,1
6,1,1,6,3.5,7,5,0
1,4,1,4,2.5,5,3,0
25,20,20,25,22.5,45,5,10
43,40,40,43,41.5,83,3,38
1,4,1,4,2.5,5,3,0
9,2,2,9,5.5,11,7,1
25,33,25,33,29.0,58,8,20
33,17,17,33,25.0,50,16,12
5,2,2,5,3.5,7,3,1
15,1,1,15,8.0,16,14,0
14,15,14,15,14.5,29,1,12
5,1,1,5,3.0,6,4,0
9,15,9,15,12.0,24,6,7
21,22,21,22,21.5,43,1,20
18,23,18,23,20.5,41,5,15
2,5,2,5,3.5,7,3,1
1,4,1,4,2.5,5,3,0
12,8,8,12,10.0,20,4,7
5,1,1,5,3.0,6,4,0
12,8,8,12,10.0,20,4,5
6,1,1,6,3.5,7,5,0
6,5,5,6,5.5,11,1,3
16,25,16,25,20.5,41,9,14
7,9,7,9,8.0,16,2,0
1,12,1,12,6.5,13,11,0
10,13,10,13,11.5,23,3,8
8,8,8,8,8.0,16,0,7
1,17,1,17,9.0,18,16,0
1,4,1,4,2.5,5,3,0
33,25,25,33,29.0,58,8,20
5,4,4,5,4.5,9,1,0
3,4,3,4,3.5,7,1,2
1,6,1,6,3.5,7,5,0
4,1,1,4,2.5,5,3,0
6,6,6,6,6.0,12,0,5
11,11,11,11,11.0,22,0,8
1,20,1,20,10.5,21,19,0
36,7,7,36,21.5,43,29,5
5,5,5,5,5.0,10,0,3
2,4,2,4,3.0,6,2,1
16,17,16,17,16.5,33,1,14
1,5,1,5,3.0,6,4,0
16,17,16,17,16.5,33,1,13
7,8,7,8,7.5,15,1,6
18,4,4,18,11.0,22,14,0
4,1,1,4,2.5,5,3,0
13,4,4,13,8.5,17,9,1
6,9,6,9,7.5,15,3,3
31,25,25,31,28.0,56,6,22
5,1,1,5,3.0,6,4,0
5,1,1,5,3.0,6,4,0
1,6,1,6,3.5,7,5,0
1,8,1,8,4.5,9,7,0
27,22,22,27,24.5,49,5,17
5,5,5,5,5.0,10,0,4
43,44,43,44,43.5,87,1,32
4,1,1,4,2.5,5,3,0
12,1,1,12,6.5,13,11,0
1,7,1,7,4.0,8,6,0
24,15,15,24,19.5,39,9,10
21,23,21,23,22.0,44,2,16
14,10,10,14,12.0,24,4,7
10,10,10,10,10.0,20,0,7
2,10,2,10,6.0,12,8,1
32,32,32,32,32.0,64,0,30
4,1,1,4,2.5,5,3,0
27,12,12,27,19.5,39,15,8
4,1,1,4,2.5,5,3,0
8,1,1,8,4.5,9,7,0
43,38,38,43,40.5,81,5,33
1,10,1,10,5.5,11,9,0
4,4,4,4,4.0,8,0,3
1,15,1,15,8.0,16,14,0
20,22,20,22,21.0,42,2,18
13,6,6,13,9.5,19,7,3
4,8,4,8,6.0,12,4,2
2,10,2,10,6.0,12,8,0
2,6,2,6,4.0,8,4,0
14,2,2,14,8.0,16,12,0
30,44,30,44,37.0,74,14,25
5,1,1,5,3.0,6,4,0
11,11,11,11,11.0,22,0,10
17,7,7,17,12.0,24,10,6
1,12,1,12,6.5,13,11,0
5,5,5,5,5.0,10,0,4
1,22,1,22,11.5,23,21,0
7,2,2,7,4.5,9,5,1
5,4,4,5,4.5,9,1,2
11,1,1,11,6.0,12,10,0
1,4,1,4,2.5,5,3,0
4,4,4,4,4.0,8,0,3
30,31,30,31,30.5,61,1,27
1,8,1,8,4.5,9,7,0
4,7,4,7,5.5,11,3,3
29,23,23,29,26.0,52,6,21
15,23,15,23,19.0,38,8,11
1,17,1,17,9.0,18,16,0
1,5,1,5,3.0,6,4,0
11,16,11,16,13.5,27,5,8
9,16,9,16,12.5,25,7,8
4,4,4,4,4.0,8,0,3
11,8,8,11,9.5,19,3,7
5,6,5,6,5.5,11,1,4
6,3,3,6,4.5,9,3,1
10,10,10,10,10.0,20,0,9
7,9,7,9,8.0,16,2,0
39,28,28,39,33.5,67,11,16
6,1,1,6,3.5,7,5,0
4,5,4,5,4.5,9,1,3
5,1,1,5,3.0,6,4,0
19,18,18,19,18.5,37,1,16
16,17,16,17,16.5,33,1,8
4,2,2,4,3.0,6,2,0
4,4,4,4,4.0,8,0,3
8,5,5,8,6.5,13,3,1
7,8,7,8,7.5,15,1,3
10,10,10,10,10.0,20,0,8
2,4,2,4,3.0,6,2,0
4,1,1,4,2.5,5,3,0
1,7,1,7,4.0,8,6,0
7,1,1,7,4.0,8,6,0
3,12,3,12,7.5,15,9,2
1,5,1,5,3.0,6,4,0
4,4,4,4,4.0,8,0,3
8,10,8,10,9.0,18,2,7
13,9,9,13,11.0,22,4,8
13,5,5,13,9.0,18,8,1
5,6,5,6,5.5,11,1,3
5,3,3,5,4.0,8,2,2
4,4,4,4,4.0,8,0,2
12,10,10,12,11.0,22,2,8
5,5,5,5,5.0,10,0,4
5,4,4,5,4.5,9,1,3
4,2,2,4,3.0,6,2,1
5,1,1,5,3.0,6,4,0
1,19,1,19,10.0,20,18,0
20,20,20,20,20.0,40,0,16
40,23,23,40,31.5,63,17,15
43,11,11,43,27.0,54,32,10
15,13,13,15,14.0,28,2,12
4,5,4,5,4.5,9,1,3
40,24,24,40,32.0,64,16,20
11,9,9,11,10.0,20,2,7
1,10,1,10,5.5,11,9,0
10,1,1,10,5.5,11,9,0
1,5,1,5,3.0,6,4,0
31,22,22,31,26.5,53,9,20
4,1,1,4,2.5,5,3,0
4,1,1,4,2.5,5,3,0
1,5,1,5,3.0,6,4,0
8,7,7,8,7.5,15,1,1
7,1,1,7,4.0,8,6,0
4,1,1,4,2.5,5,3,0
19,7,7,19,13.0,26,12,6
7,2,2,7,4.5,9,5,1
17,13,13,17,15.0,30,4,10
10,5,5,10,7.5,15,5,4
2,12,2,12,7.0,14,10,1
11,12,11,12,11.5,23,1,8
36,23,23,36,29.5,59,13,21
10,11,10,11,10.5,21,1,5
5,12,5,12,8.5,17,7,3
4,4,4,4,4.0,8,0,3
10,12,10,12,11.0,22,2,6
26,27,26,27,26.5,53,1,25
2,10,2,10,6.0,12,8,0
5,4,4,5,4.5,9,1,3
1,5,1,5,3.0,6,4,0
8,12,8,12,10.0,20,4,5
5,5,5,5,5.0,10,0,4
5,6,5,6,5.5,11,1,4
5,1,1,5,3.0,6,4,0
17,16,16,17,16.5,33,1,14
43,24,24,43,33.5,67,19,23
1,11,1,11,6.0,12,10,0
6,4,4,6,5.0,10,2,3
25,27,25,27,26.0,52,2,20
22,23,22,23,22.5,45,1,20
29,24,24,29,26.5,53,5,14
3,5,3,5,4.0,8,2,2
1,23,1,23,12.0,24,22,0
15,12,12,15,13.5,27,3,10
5,6,5,6,5.5,11,1,4
2,30,2,30,16.0,32,28,1
8,1,1,8,4.5,9,7,0
14,2,2,14,8.0,16,12,0
6,2,2,6,4.0,8,4,1
40,36,36,40,38.0,76,4,27
2,6,2,6,4.0,8,4,1
4,5,4,5,4.5,9,1,3
1,9,1,9,5.0,10,8,0
4,1,1,4,2.5,5,3,0
5,1,1,5,3.0,6,4,0
4,1,1,4,2.5,5,3,0
4,3,3,4,3.5,7,1,2
6,7,6,7,6.5,13,1,4
2,14,2,14,8.0,16,12,0
7,20,7,20,13.5,27,13,4
27,32,27,32,29.5,59,5,23
10,8,8,10,9.0,18,2,5
1,5,1,5,3.0,6,4,0
5,5,5,5,5.0,10,0,3
1,31,1,31,16.0,32,30,0
4,4,4,4,4.0,8,0,2
7,9,7,9,8.0,16,2,5
40,43,40,43,41.5,83,3,38
15,6,6,15,10.5,21,9,3
1,5,1,5,3.0,6,4,0
9,18,9,18,13.5,27,9,7
6,7,6,7,6.5,13,1,5
8,1,1,8,4.5,9,7,0
7,13,7,13,10.0,20,6,3
1,4,1,4,2.5,5,3,0
17,27,17,27,22.0,44,10,15
3,7,3,7,5.0,10,4,2
5,13,5,13,9.0,18,8,4
17,24,17,24,20.5,41,7,15
4,1,1,4,2.5,5,3,0
4,1,1,4,2.5,5,3,0
2,28,2,28,15.0,30,26,0
1,5,1,5,3.0,6,4,0
13,11,11,13,12.0,24,2,10
1,65,1,65,33.0,66,64,0
4,1,1,4,2.5,5,3,0
9,10,9,10,9.5,19,1,8
5,4,4,5,4.5,9,1,0
4,2,2,4,3.0,6,2,1
32,33,32,33,32.5,65,1,30
4,2,2,4,3.0,6,2,1
11,7,7,11,9.0,18,4,2
5,5,5,5,5.0,10,0,0
4,1,1,4,2.5,5,3,0
8,5,5,8,6.5,13,3,4
2,5,2,5,3.5,7,3,1
12,12,12,12,12.0,24,0,11
4,2,2,4,3.0,6,2,0
27,19,19,27,23.0,46,8,16
14,14,14,14,14.0,28,0,12
10,1,1,10,5.5,11,9,0
7,15,7,15,11.0,22,8,5
2,23,2,23,12.5,25,21,1
27,23,23,27,25.0,50,4,22
18,19,18,19,18.5,37,1,17
4,23,4,23,13.5,27,19,3
4,1,1,4,2.5,5,3,0
4,1,1,4,2.5,5,3,0
6,6,6,6,6.0,12,0,5
4,4,4,4,4.0,8,0,0
19,20,19,20,19.5,39,1,18
12,10,10,12,11.0,22,2,9
5,2,2,5,3.5,7,3,1
1,6,1,6,3.5,7,5,0
9,10,9,10,9.5,19,1,8
3,8,3,8,5.5,11,5,2
6,49,6,49,27.5,55,43,4
4,5,4,5,4.5,9,1,3
9,24,9,24,16.5,33,15,8
5,1,1,5,3.0,6,4,0
15,25,15,25,20.0,40,10,10
6,7,6,7,6.5,13,1,4
5,6,5,6,5.5,11,1,3
10,1,1,10,5.5,11,9,0
45,47,45,47,46.0,92,2,44
7,1,1,7,4.0,8,6,0
5,4,4,5,4.5,9,1,3
17,16,16,17,16.5,33,1,14
4,1,1,4,2.5,5,3,0
6,1,1,6,3.5,7,5,0
12,5,5,12,8.5,17,7,3
26,38,26,38,32.0,64,12,22
5,5,5,5,5.0,10,0,0
4,5,4,5,4.5,9,1,2
1,4,1,4,2.5,5,3,0
17,23,17,23,20.0,40,6,15
7,9,7,9,8.0,16,2,3
1,4,1,4,2.5,5,3,0
8,9,8,9,8.5,17,1,4
25,19,19,25,22.0,44,6,16
4,7,4,7,5.5,11,3,0
8,8,8,8,8.0,16,0,4
8,10,8,10,9.0,18,2,5
26,10,10,26,18.0,36,16,9
6,6,6,6,6.0,12,0,5
1,9,1,9,5.0,10,8,0
1,5,1,5,3.0,6,4,0
16,7,7,16,11.5,23,9,6
33,25,25,33,29.0,58,8,13
5,2,2,5,3.5,7,3,1
4,1,1,4,2.5,5,3,0
6,6,6,6,6.0,12,0,5
4,6,4,6,5.0,10,2,2
4,1,1,4,2.5,5,3,0
6,20,6,20,13.0,26,14,5
3,7,3,7,5.0,10,4,2
5,1,1,5,3.0,6,4,0
9,2,2,9,5.5,11,7,1
23,1,1,23,12.0,24,22,0
1,6,1,6,3.5,7,5,0
3,11,3,11,7.0,14,8,2
5,2,2,5,3.5,7,3,0
4,1,1,4,2.5,5,3,0
4,1,1,4,2.5,5,3,0
6,1,1,6,3.5,7,5,0
6,1,1,6,3.5,7,5,0
6,7,6,7,6.5,13,1,0
8,6,6,8,7.0,14,2,3
1,8,1,8,4.5,9,7,0
5,22,5,22,13.5,27,17,1
5,1,1,5,3.0,6,4,0
31,41,31,41,36.0,72,10,24
25,20,20,25,22.5,45,5,19
1,6,1,6,3.5,7,5,0
6,2,2,6,4.0,8,4,0
33,27,27,33,30.0,60,6,22
11,8,8,11,9.5,19,3,6
4,8,4,8,6.0,12,4,3
43,46,43,46,44.5,89,3,32
1,4,1,4,2.5,5,3,0
2,5,2,5,3.5,7,3,1
4,1,1,4,2.5,5,3,0
1,4,1,4,2.5,5,3,0
5,5,5,5,5.0,10,0,3
12,13,12,13,12.5,25,1,11
7,9,7,9,8.0,16,2,6
4,4,4,4,4.0,8,0,3
11,6,6,11,8.5,17,5,4
3,10,3,10,6.5,13,7,1
1,4,1,4,2.5,5,3,0
5,10,5,10,7.5,15,5,0
9,1,1,9,5.0,10,8,0
8,12,8,12,10.0,20,4,5
1,9,1,9,5.0,10,8,0
6,1,1,6,3.5,7,5,0
6,2,2,6,4.0,8,4,1
14,1,1,14,7.5,15,13,0
18,12,12,18,15.0,30,6,11
2,4,2,4,3.0,6,2,0
13,19,13,19,16.0,32,6,11
1,5,1,5,3.0,6,4,0
10,9,9,10,9.5,19,1,8
16,14,14,16,15.0,30,2,9
4,5,4,5,4.5,9,1,0
7,1,1,7,4.0,8,6,0
1,4,1,4,2.5,5,3,0
6,1,1,6,3.5,7,5,0
4,146,4,146,75.0,150,142,0
4,4,4,4,4.0,8,0,3
8,1,1,8,4.5,9,7,0
5,3,3,5,4.0,8,2,2
32,26,26,32,29.0,58,6,24
5,1,1,5,3.0,6,4,0
7,6,6,7,6.5,13,1,5
2,6,2,6,4.0,8,4,0
4,2,2,4,3.0,6,2,1
5,10,5,10,7.5,15,5,4
6,5,5,6,5.5,11,1,4
3,5,3,5,4.0,8,2,1
11,1,1,11,6.0,12,10,0
1,4,1,4,2.5,5,3,0
3,7,3,7,5.0,10,4,2
10,13,10,13,11.5,23,3,8
7,5,5,7,6.0,12,2,4
1,13,1,13,7.0,14,12,0
1,6,1,6,3.5,7,5,0
1,8,1,8,4.5,9,7,0
20,36,20,36,28.0,56,16,18
18,50,18,50,34.0,68,32,16
3,5,3,5,4.0,8,2,2
3,4,3,4,3.5,7,1,1
22,24,22,24,23.0,46,2,20
18,20,18,20,19.0,38,2,14
1,5,1,5,3.0,6,4,0
14,7,7,14,10.5,21,7,5
8,9,8,9,8.5,17,1,7
30,28,28,30,29.0,58,2,23
5,5,5,5,5.0,10,0,4
2,5,2,5,3.5,7,3,0
12,9,9,12,10.5,21,3,8
1,6,1,6,3.5,7,5,0
5,1,1,5,3.0,6,4,0
4,1,1,4,2.5,5,3,0
35,36,35,36,35.5,71,1,30
31,34,31,34,32.5,65,3,23
8,2,2,8,5.0,10,6,1
7,9,7,9,8.0,16,2,4
12,8,8,12,10.0,20,4,7
1,5,1,5,3.0,6,4,0
4,1,1,4,2.5,5,3,0
11,11,11,11,11.0,22,0,10
1,12,1,12,6.5,13,11,0
5,2,2,5,3.5,7,3,1
7,7,7,7,7.0,14,0,6
6,1,1,6,3.5,7,5,0
6,4,4,6,5.0,10,2,2
10,1,1,10,5.5,11,9,0
16,38,16,38,27.0,54,22,15
5,7,5,7,6.0,12,2,3
6,6,6,6,6.0,12,0,5
1,4,1,4,2.5,5,3,0
5,5,5,5,5.0,10,0,0
1,4,1,4,2.5,5,3,0
12,10,10,12,11.0,22,2,9
4,1,1,4,2.5,5,3,0
15,19,15,19,17.0,34,4,14
11,11,11,11,11.0,22,0,10
4,1,1,4,2.5,5,3,0
8,8,8,8,8.0,16,0,7
5,1,1,5,3.0,6,4,0
3,15,3,15,9.0,18,12,2
33,88,33,88,60.5,121,55,26
4,1,1,4,2.5,5,3,0
5,6,5,6,5.5,11,1,3
9,1,1,9,5.0,10,8,0
1,11,1,11,6.0,12,10,0
7,6,6,7,6.5,13,1,4
13,11,11,13,12.0,24,2,2
6,7,6,7,6.5,13,1,5
6,5,5,6,5.5,11,1,3
5,1,1,5,3.0,6,4,0
6,1,1,6,3.5,7,5,0
10,12,10,12,11.0,22,2,8
20,13,13,20,16.5,33,7,12
21,6,6,21,13.5,27,15,5
29,30,29,30,29.5,59,1,20
12,1,1,12,6.5,13,11,0
1,34,1,34,17.5,35,33,0
6,5,5,6,5.5,11,1,2
2,5,2,5,3.5,7,3,1
4,7,4,7,5.5,11,3,0
6,7,6,7,6.5,13,1,5
17,10,10,17,13.5,27,7,8
50,23,23,50,36.5,73,27,21
9,8,8,9,8.5,17,1,7
6,12,6,12,9.0,18,6,3
8,9,8,9,8.5,17,1,6
12,8,8,12,10.0,20,4,7
4,1,1,4,2.5,5,3,0
5,6,5,6,5.5,11,1,4
15,12,12,15,13.5,27,3,9
5,5,5,5,5.0,10,0,4
4,6,4,6,5.0,10,2,3
1,8,1,8,4.5,9,7,0
26,26,26,26,26.0,52,0,23
5,10,5,10,7.5,15,5,4
1,22,1,22,11.5,23,21,0
7,2,2,7,4.5,9,5,1
5,5,5,5,5.0,10,0,4
1,6,1,6,3.5,7,5,0
27,19,19,27,23.0,46,8,18
1,4,1,4,2.5,5,3,0
2,4,2,4,3.0,6,2,1
21,20,20,21,20.5,41,1,15
5,4,4,5,4.5,9,1,1
5,5,5,5,5.0,10,0,4
4,1,1,4,2.5,5,3,0
1,11,1,11,6.0,12,10,0
4,1,1,4,2.5,5,3,0
6,7,6,7,6.5,13,1,5
17,25,17,25,21.0,42,8,11
1,9,1,9,5.0,10,8,0
15,14,14,15,14.5,29,1,11
10,9,9,10,9.5,19,1,8
8,8,8,8,8.0,16,0,7
5,3,3,5,4.0,8,2,2
4,4,4,4,4.0,8,0,2
10,2,2,10,6.0,12,8,1
25,1,1,25,13.0,26,24,0
6,6,6,6,6.0,12,0,5
8,1,1,8,4.5,9,7,0
4,1,1,4,2.5,5,3,0
3,5,3,5,4.0,8,2,0
5,1,1,5,3.0,6,4,0
2,7,2,7,4.5,9,5,1
31,32,31,32,31.5,63,1,29
5,2,2,5,3.5,7,3,0
4,1,1,4,2.5,5,3,0
7,6,6,7,6.5,13,1,5
22,17,17,22,19.5,39,5,15
2,33,2,33,17.5,35,31,1
1,6,1,6,3.5,7,5,0
13,17,13,17,15.0,30,4,10
1,4,1,4,2.5,5,3,0
3,6,3,6,4.5,9,3,2
2,4,2,4,3.0,6,2,1
4,1,1,4,2.5,5,3,0
4,1,1,4,2.5,5,3,0
1,56,1,56,28.5,57,55,0
7,5,5,7,6.0,12,2,3
18,5,5,18,11.5,23,13,0
11,31,11,31,21.0,42,20,0
15,13,13,15,14.0,28,2,8
12,10,10,12,11.0,22,2,9
1,4,1,4,2.5,5,3,0
31,32,31,32,31.5,63,1,30
1,10,1,10,5.5,11,9,0
5,2,2,5,3.5,7,3,1
4,1,1,4,2.5,5,3,0
40,42,40,42,41.0,82,2,31
15,1,1,15,8.0,16,14,0
4,2,2,4,3.0,6,2,1
1,18,1,18,9.5,19,17,0
1,5,1,5,3.0,6,4,0
26,25,25,26,25.5,51,1,23
25,20,20,25,22.5,45,5,19
5,1,1,5,3.0,6,4,0
1,6,1,6,3.5,7,5,0
14,1,1,14,7.5,15,13,0
1,4,1,4,2.5,5,3,0
6,4,4,6,5.0,10,2,1
1,5,1,5,3.0,6,4,0
8,8,8,8,8.0,16,0,3
34,18,18,34,26.0,52,16,16
7,1,1,7,4.0,8,6,0
4,7,4,7,5.5,11,3,3
7,5,5,7,6.0,12,2,1
22,21,21,22,21.5,43,1,19
5,6,5,6,5.5,11,1,4
5,5,5,5,5.0,10,0,4
27,33,27,33,30.0,60,6,9
1,8,1,8,4.5,9,7,0
2,13,2,13,7.5,15,11,1
6,6,6,6,6.0,12,0,1
1,15,1,15,8.0,16,14,0
8,8,8,8,8.0,16,0,7
4,8,4,8,6.0,12,4,0
146,40,40,146,93.0,186,106,26
9,9,9,9,9.0,18,0,7
7,7,7,7,7.0,14,0,5
7,1,1,7,4.0,8,6,0
10,13,10,13,11.5,23,3,9
11,14,11,14,12.5,25,3,8
4,5,4,5,4.5,9,1,3
2,7,2,7,4.5,9,5,1
1,9,1,9,5.0,10,8,0
13,12,12,13,12.5,25,1,10
17,15,15,17,16.0,32,2,12
12,5,5,12,8.5,17,7,0
5,2,2,5,3.5,7,3,0
13,6,6,13,9.5,19,7,4
9,1,1,9,5.0,10,8,0
5,5,5,5,5.0,10,0,4
19,19,19,19,19.0,38,0,16
1,5,1,5,3.0,6,4,0
1,12,1,12,6.5,13,11,0
4,9,4,9,6.5,13,5,1
6,5,5,6,5.5,11,1,2
29,47,29,47,38.0,76,18,28
1,22,1,22,11.5,23,21,0
1,22,1,22,11.5,23,21,0
6,6,6,6,6.0,12,0,5
5,1,1,5,3.0,6,4,0
1,6,1,6,3.5,7,5,0
4,1,1,4,2.5,5,3,0
15,15,15,15,15.0,30,0,13
9,6,6,9,7.5,15,3,5
14,18,14,18,16.0,32,4,12
3,6,3,6,4.5,9,3,2
6,5,5,6,5.5,11,1,4
4,1,1,4,2.5,5,3,0
18,20,18,20,19.0,38,2,17
36,23,23,36,29.5,59,13,20
2,9,2,9,5.5,11,7,1
15,14,14,15,14.5,29,1,11
19,11,11,19,15.0,30,8,0
21,22,21,22,21.5,43,1,19
6,1,1,6,3.5,7,5,0
4,1,1,4,2.5,5,3,0
5,4,4,5,4.5,9,1,3
7,1,1,7,4.0,8,6,0
8,8,8,8,8.0,16,0,7
16,17,16,17,16.5,33,1,9
1,12,1,12,6.5,13,11,0
7,1,1,7,4.0,8,6,0
2,5,2,5,3.5,7,3,1
12,20,12,20,16.0,32,8,11
12,13,12,13,12.5,25,1,7
5,1,1,5,3.0,6,4,0
25,29,25,29,27.0,54,4,19
23,24,23,24,23.5,47,1,21
8,12,8,12,10.0,20,4,2
6,8,6,8,7.0,14,2,4
6,6,6,6,6.0,12,0,5
5,2,2,5,3.5,7,3,0
3,6,3,6,4.5,9,3,2
4,1,1,4,2.5,5,3,0
5,6,5,6,5.5,11,1,4
7,8,7,8,7.5,15,1,6
2,4,2,4,3.0,6,2,1
4,1,1,4,2.5,5,3,0
4,1,1,4,2.5,5,3,0
10,10,10,10,10.0,20,0,8
21,16,16,21,18.5,37,5,15
26,25,25,26,25.5,51,1,24
6,7,6,7,6.5,13,1,5
24,15,15,24,19.5,39,9,12
4,2,2,4,3.0,6,2,0
5,1,1,5,3.0,6,4,0
4,3,3,4,3.5,7,1,1
9,12,9,12,10.5,21,3,8
4,4,4,4,4.0,8,0,3
14,1,1,14,7.5,15,13,0
6,6,6,6,6.0,12,0,5
1,5,1,5,3.0,6,4,0
5,5,5,5,5.0,10,0,4
1,5,1,5,3.0,6,4,0
5,5,5,5,5.0,10,0,4
5,4,4,5,4.5,9,1,2
14,14,14,14,14.0,28,0,13
2,5,2,5,3.5,7,3,1
13,9,9,13,11.0,22,4,8
4,2,2,4,3.0,6,2,1
4,14,4,14,9.0,18,10,0
5,1,1,5,3.0,6,4,0
8,7,7,8,7.5,15,1,3
3,5,3,5,4.0,8,2,2
1,19,1,19,10.0,20,18,0
6,6,6,6,6.0,12,0,5
12,12,12,12,12.0,24,0,11
6,2,2,6,4.0,8,4,1
17,12,12,17,14.5,29,5,11
1,26,1,26,13.5,27,25,0
1,4,1,4,2.5,5,3,0
16,14,14,16,15.0,30,2,12
5,7,5,7,6.0,12,2,4
2,40,2,40,21.0,42,38,0
2,4,2,4,3.0,6,2,1
6,1,1,6,3.5,7,5,0
1,12,1,12,6.5,13,11,0
4,1,1,4,2.5,5,3,0
1,20,1,20,10.5,21,19,0
24,24,24,24,24.0,48,0,23
5,1,1,5,3.0,6,4,0
13,17,13,17,15.0,30,4,11
32,22,22,32,27.0,54,10,14
17,2,2,17,9.5,19,15,0
13,18,13,18,15.5,31,5,10
5,7,5,7,6.0,12,2,4
8,10,8,10,9.0,18,2,6
16,15,15,16,15.5,31,1,13
4,1,1,4,2.5,5,3,0
5,6,5,6,5.5,11,1,0
12,12,12,12,12.0,24,0,11
23,5,5,23,14.0,28,18,2
5,2,2,5,3.5,7,3,1
4,5,4,5,4.5,9,1,3
4,1,1,4,2.5,5,3,0
22,49,22,49,35.5,71,27,19
6,8,6,8,7.0,14,2,5
5,3,3,5,4.0,8,2,2
38,19,19,38,28.5,57,19,18
5,4,4,5,4.5,9,1,2
8,8,8,8,8.0,16,0,7
11,10,10,11,10.5,21,1,9
10,10,10,10,10.0,20,0,9
7,5,5,7,6.0,12,2,4
1,7,1,7,4.0,8,6,0
4,1,1,4,2.5,5,3,0
6,7,6,7,6.5,13,1,5
4,1,1,4,2.5,5,3,0
31,33,31,33,32.0,64,2,30
5,1,1,5,3.0,6,4,0
2,5,2,5,3.5,7,3,1
35,6,6,35,20.5,41,29,0
17,19,17,19,18.0,36,2,15
4,1,1,4,2.5,5,3,0
5,5,5,5,5.0,10,0,3
9,9,9,9,9.0,18,0,7
7,7,7,7,7.0,14,0,5
1,6,1,6,3.5,7,5,0
22,5,5,22,13.5,27,17,3
11,7,7,11,9.0,18,4,6
4,4,4,4,4.0,8,0,3
3,20,3,20,11.5,23,17,0
5,7,5,7,6.0,12,2,4
13,12,12,13,12.5,25,1,11
1,146,1,146,73.5,147,145,0
28,24,24,28,26.0,52,4,20
4,3,3,4,3.5,7,1,2
7,5,5,7,6.0,12,2,4
1,4,1,4,2.5,5,3,0
19,18,18,19,18.5,37,1,11
15,6,6,15,10.5,21,9,0
9,2,2,9,5.5,11,7,0
11,11,11,11,11.0,22,0,8
7,5,5,7,6.0,12,2,4
12,20,12,20,16.0,32,8,6
50,40,40,50,45.0,90,10,19
26,49,26,49,37.5,75,23,24
20,20,20,20,20.0,40,0,19
6,15,6,15,10.5,21,9,5
1,4,1,4,2.5,5,3,0
12,14,12,14,13.0,26,2,10
3,8,3,8,5.5,11,5,2
13,1,1,13,7.0,14,12,0
14,19,14,19,16.5,33,5,9
9,7,7,9,8.0,16,2,6
2,8,2,8,5.0,10,6,1
10,12,10,12,11.0,22,2,9
8,2,2,8,5.0,10,6,1
1,4,1,4,2.5,5,3,0
4,4,4,4,4.0,8,0,3
12,8,8,12,10.0,20,4,2
1,6,1,6,3.5,7,5,0
4,4,4,4,4.0,8,0,3
1,4,1,4,2.5,5,3,0
1,5,1,5,3.0,6,4,0
4,2,2,4,3.0,6,2,0
27,27,27,27,27.0,54,0,18
26,22,22,26,24.0,48,4,17
3,4,3,4,3.5,7,1,2
8,10,8,10,9.0,18,2,6
4,4,4,4,4.0,8,0,3
13,2,2,13,7.5,15,11,1
11,6,6,11,8.5,17,5,3
21,20,20,21,20.5,41,1,19
1,5,1,5,3.0,6,4,0
22,24,22,24,23.0,46,2,18
7,7,7,7,7.0,14,0,6
31,31,31,31,31.0,62,0,30
7,5,5,7,6.0,12,2,4
1,10,1,10,5.5,11,9,0
1,5,1,5,3.0,6,4,0
3,5,3,5,4.0,8,2,2
21,8,8,21,14.5,29,13,4
5,5,5,5,5.0,10,0,1
4,1,1,4,2.5,5,3,0
9,17,9,17,13.0,26,8,6
13,27,13,27,20.0,40,14,10
5,1,1,5,3.0,6,4,0
8,7,7,8,7.5,15,1,4
6,4,4,6,5.0,10,2,0
16,17,16,17,16.5,33,1,12
29,22,22,29,25.5,51,7,18
12,2,2,12,7.0,14,10,1
9,9,9,9,9.0,18,0,7
5,1,1,5,3.0,6,4,0
6,7,6,7,6.5,13,1,5
1,8,1,8,4.5,9,7,0
7,1,1,7,4.0,8,6,0
8,2,2,8,5.0,10,6,1
1,5,1,5,3.0,6,4,0
8,8,8,8,8.0,16,0,7
1,4,1,4,2.5,5,3,0
5,10,5,10,7.5,15,5,4
13,18,13,18,15.5,31,5,12
4,7,4,7,5.5,11,3,2
32,40,32,40,36.0,72,8,22
9,13,9,13,11.0,22,4,8
6,5,5,6,5.5,11,1,3
10,9,9,10,9.5,19,1,8
36,14,14,36,25.0,50,22,13
1,8,1,8,4.5,9,7,0
1,5,1,5,3.0,6,4,0
4,1,1,4,2.5,5,3,0
19,35,19,35,27.0,54,16,17
1,5,1,5,3.0,6,4,0
6,7,6,7,6.5,13,1,2
4,3,3,4,3.5,7,1,2
5,5,5,5,5.0,10,0,4
1,5,1,5,3.0,6,4,0
6,6,6,6,6.0,12,0,3
18,31,18,31,24.5,49,13,12
5,1,1,5,3.0,6,4,0
5,5,5,5,5.0,10,0,4
26,24,24,26,25.0,50,2,22
19,21,19,21,20.0,40,2,17
1,18,1,18,9.5,19,17,0
1,4,1,4,2.5,5,3,0
14,10,10,14,12.0,24,4,7
1,14,1,14,7.5,15,13,0
38,20,20,38,29.0,58,18,19
27,31,27,31,29.0,58,4,26
2,8,2,8,5.0,10,6,1
7,10,7,10,8.5,17,3,6
4,12,4,12,8.0,16,8,2
8,2,2,8,5.0,10,6,1
4,4,4,4,4.0,8,0,3
7,8,7,8,7.5,15,1,5
3,4,3,4,3.5,7,1,2
9,8,8,9,8.5,17,1,7
10,7,7,10,8.5,17,3,5
1,7,1,7,4.0,8,6,0
34,48,34,48,41.0,82,14,29
9,1,1,9,5.0,10,8,0
8,1,1,8,4.5,9,7,0
8,5,5,8,6.5,13,3,3
11,12,11,12,11.5,23,1,8
4,3,3,4,3.5,7,1,2
6,6,6,6,6.0,12,0,5
6,4,4,6,5.0,10,2,0
1,6,1,6,3.5,7,5,0
7,1,1,7,4.0,8,6,0
39,47,39,47,43.0,86,8,31
4,16,4,16,10.0,20,12,0
13,11,11,13,12.0,24,2,10
1,6,1,6,3.5,7,5,0
16,7,7,16,11.5,23,9,2
1,4,1,4,2.5,5,3,0
12,14,12,14,13.0,26,2,10
2,6,2,6,4.0,8,4,0
40,75,40,75,57.5,115,35,1
5,1,1,5,3.0,6,4,0
6,9,6,9,7.5,15,3,5
1,4,1,4,2.5,5,3,0
5,1,1,5,3.0,6,4,0
4,6,4,6,5.0,10,2,3
25,13,13,25,19.0,38,12,6
21,23,21,23,22.0,44,2,15
1,4,1,4,2.5,5,3,0
6,4,4,6,5.0,10,2,3
6,1,1,6,3.5,7,5,0
14,13,13,14,13.5,27,1,12
11,12,11,12,11.5,23,1,10
33,33,33,33,33.0,66,0,32
7,6,6,7,6.5,13,1,5
45,40,40,45,42.5,85,5,31
5,1,1,5,3.0,6,4,0
37,29,29,37,33.0,66,8,27
18,19,18,19,18.5,37,1,16
4,1,1,4,2.5,5,3,0
1,6,1,6,3.5,7,5,0
9,3,3,9,6.0,12,6,2
6,6,6,6,6.0,12,0,5
13,13,13,13,13.0,26,0,10
2,6,2,6,4.0,8,4,1
1,5,1,5,3.0,6,4,0
4,1,1,4,2.5,5,3,0
1,4,1,4,2.5,5,3,0
12,12,12,12,12.0,24,0,11
26,26,26,26,26.0,52,0,24
1,6,1,6,3.5,7,5,0
12,12,12,12,12.0,24,0,11
6,6,6,6,6.0,12,0,5
34,30,30,34,32.0,64,4,23
5,1,1,5,3.0,6,4,0
1,7,1,7,4.0,8,6,0
4,1,1,4,2.5,5,3,0
7,8,7,8,7.5,15,1,6
1,4,1,4,2.5,5,3,0
1,6,1,6,3.5,7,5,0
18,19,18,19,18.5,37,1,17
1,4,1,4,2.5,5,3,0
1,27,1,27,14.0,28,26,0
1,10,1,10,5.5,11,9,0
7,7,7,7,7.0,14,0,0
30,22,22,30,26.0,52,8,21
3,5,3,5,4.0,8,2,1
4,1,1,4,2.5,5,3,0
1,5,1,5,3.0,6,4,0
4,1,1,4,2.5,5,3,0
5,1,1,5,3.0,6,4,0
1,5,1,5,3.0,6,4,0
5,7,5,7,6.0,12,2,4
18,10,10,18,14.0,28,8,8
1,6,1,6,3.5,7,5,0
8,4,4,8,6.0,12,4,2
9,9,9,9,9.0,18,0,8
1,6,1,6,3.5,7,5,0
19,19,19,19,19.0,38,0,18
1,7,1,7,4.0,8,6,0
4,5,4,5,4.5,9,1,1
1,4,1,4,2.5,5,3,0
4,4,4,4,4.0,8,0,1
10,11,10,11,10.5,21,1,9
1,5,1,5,3.0,6,4,0
4,4,4,4,4.0,8,0,3
4,1,1,4,2.5,5,3,0
5,1,1,5,3.0,6,4,0
5,1,1,5,3.0,6,4,0
20,10,10,20,15.0,30,10,9
4,1,1,4,2.5,5,3,0
18,9,9,18,13.5,27,9,7
1,7,1,7,4.0,8,6,0
6,3,3,6,4.5,9,3,2
4,4,4,4,4.0,8,0,3
4,26,4,26,15.0,30,22,0
7,13,7,13,10.0,20,6,6
1,11,1,11,6.0,12,10,0
5,1,1,5,3.0,6,4,0
15,13,13,15,14.0,28,2,11
1,5,1,5,3.0,6,4,0
2,5,2,5,3.5,7,3,0
1,8,1,8,4.5,9,7,0
11,15,11,15,13.0,26,4,8
4,4,4,4,4.0,8,0,3
9,8,8,9,8.5,17,1,6
6,1,1,6,3.5,7,5,0
5,1,1,5,3.0,6,4,0
2,8,2,8,5.0,10,6,1
24,29,24,29,26.5,53,5,21
7,6,6,7,6.5,13,1,4
7,5,5,7,6.0,12,2,3
18,18,18,18,18.0,36,0,14
5,1,1,5,3.0,6,4,0
2,6,2,6,4.0,8,4,0
1,8,1,8,4.5,9,7,0
5,4,4,5,4.5,9,1,3
4,4,4,4,4.0,8,0,3
7,2,2,7,4.5,9,5,1
6,4,4,6,5.0,10,2,3
25,16,16,25,20.5,41,9,15
5,1,1,5,3.0,6,4,0
8,1,1,8,4.5,9,7,0
5,16,5,16,10.5,21,11,4
2,5,2,5,3.5,7,3,1
1,4,1,4,2.5,5,3,0
14,10,10,14,12.0,24,4,9
50,42,42,50,46.0,92,8,25
2,33,2,33,17.5,35,31,1
19,16,16,19,17.5,35,3,15
1,8,1,8,4.5,9,7,0
8,1,1,8,4.5,9,7,0
2,5,2,5,3.5,7,3,0
4,2,2,4,3.0,6,2,1
5,8,5,8,6.5,13,3,4
4,1,1,4,2.5,5,3,0
1,5,1,5,3.0,6,4,0
4,4,4,4,4.0,8,0,3
4,5,4,5,4.5,9,1,3
1,4,1,4,2.5,5,3,0
6,6,6,6,6.0,12,0,1
4,1,1,4,2.5,5,3,0
7,4,4,7,5.5,11,3,2
17,1,1,17,9.0,18,16,0
2,7,2,7,4.5,9,5,0
9,8,8,9,8.5,17,1,7
7,1,1,7,4.0,8,6,0
7,1,1,7,4.0,8,6,0
9,4,4,9,6.5,13,5,3
8,4,4,8,6.0,12,4,3
4,1,1,4,2.5,5,3,0
1,4,1,4,2.5,5,3,0
11,12,11,12,11.5,23,1,7
16,15,15,16,15.5,31,1,14
1,6,1,6,3.5,7,5,0
4,6,4,6,5.0,10,2,3
12,7,7,12,9.5,19,5,3
15,33,15,33,24.0,48,18,6
5,3,3,5,4.0,8,2,0
7,18,7,18,12.5,25,11,5
7,7,7,7,7.0,14,0,6
3,4,3,4,3.5,7,1,2
8,7,7,8,7.5,15,1,4
1,4,1,4,2.5,5,3,0
8,8,8,8,8.0,16,0,7
12,16,12,16,14.0,28,4,8
6,7,6,7,6.5,13,1,5
20,21,20,21,20.5,41,1,18
31,25,25,31,28.0,56,6,24
10,17,10,17,13.5,27,7,9
26,20,20,26,23.0,46,6,18
19,9,9,19,14.0,28,10,7
5,10,5,10,7.5,15,5,2
10,10,10,10,10.0,20,0,0
9,8,8,9,8.5,17,1,7
4,2,2,4,3.0,6,2,0
4,4,4,4,4.0,8,0,2
12,8,8,12,10.0,20,4,2
1,18,1,18,9.5,19,17,0
38,25,25,38,31.5,63,13,20
8,13,8,13,10.5,21,5,6
2,6,2,6,4.0,8,4,1
4,3,3,4,3.5,7,1,2
5,1,1,5,3.0,6,4,0
1,5,1,5,3.0,6,4,0
1,5,1,5,3.0,6,4,0
1,5,1,5,3.0,6,4,0
5,1,1,5,3.0,6,4,0
15,15,15,15,15.0,30,0,11
5,6,5,6,5.5,11,1,4
1,5,1,5,3.0,6,4,0
13,13,13,13,13.0,26,0,6
5,6,5,6,5.5,11,1,4
5,5,5,5,5.0,10,0,3
1,5,1,5,3.0,6,4,0
25,40,25,40,32.5,65,15,23
7,7,7,7,7.0,14,0,6
4,1,1,4,2.5,5,3,0
4,3,3,4,3.5,7,1,2
15,2,2,15,8.5,17,13,1
10,11,10,11,10.5,21,1,9
23,21,21,23,22.0,44,2,20
7,1,1,7,4.0,8,6,0
14,5,5,14,9.5,19,9,1
9,17,9,17,13.0,26,8,5
14,14,14,14,14.0,28,0,13
4,1,1,4,2.5,5,3,0
2,4,2,4,3.0,6,2,1
1,4,1,4,2.5,5,3,0
9,8,8,9,8.5,17,1,7
22,20,20,22,21.0,42,2,18
1,5,1,5,3.0,6,4,0
1,26,1,26,13.5,27,25,0
10,8,8,10,9.0,18,2,7
23,17,17,23,20.0,40,6,12
8,5,5,8,6.5,13,3,0
28,24,24,28,26.0,52,4,23
19,2,2,19,10.5,21,17,1
1,4,1,4,2.5,5,3,0
1,9,1,9,5.0,10,8,0
6,1,1,6,3.5,7,5,0
5,1,1,5,3.0,6,4,0
17,4,4,17,10.5,21,13,0
1,5,1,5,3.0,6,4,0
13,13,13,13,13.0,26,0,10
2,8,2,8,5.0,10,6,0
1,5,1,5,3.0,6,4,0
8,4,4,8,6.0,12,4,1
1,4,1,4,2.5,5,3,0
5,5,5,5,5.0,10,0,1
6,6,6,6,6.0,12,0,4
7,7,7,7,7.0,14,0,6
11,1,1,11,6.0,12,10,0
1,14,1,14,7.5,15,13,0
5,2,2,5,3.5,7,3,1
6,5,5,6,5.5,11,1,4
5,8,5,8,6.5,13,3,0
6,1,1,6,3.5,7,5,0
7,1,1,7,4.0,8,6,0
4,4,4,4,4.0,8,0,2
13,8,8,13,10.5,21,5,7
1,5,1,5,3.0,6,4,0
10,1,1,10,5.5,11,9,0
1,7,1,7,4.0,8,6,0
4,1,1,4,2.5,5,3,0
1,4,1,4,2.5,5,3,0
1,9,1,9,5.0,10,8,0
1,5,1,5,3.0,6,4,0
7,6,6,7,6.5,13,1,2
5,5,5,5,5.0,10,0,2
1,5,1,5,3.0,6,4,0
3,4,3,4,3.5,7,1,2
1,7,1,7,4.0,8,6,0
1,8,1,8,4.5,9,7,0
7,1,1,7,4.0,8,6,0
107,27,27,107,67.0,134,80,17
13,33,13,33,23.0,46,20,11
5,8,5,8,6.5,13,3,4
1,15,1,15,8.0,16,14,0
6,1,1,6,3.5,7,5,0
6,4,4,6,5.0,10,2,0
10,2,2,10,6.0,12,8,0
4,1,1,4,2.5,5,3,0
7,1,1,7,4.0,8,6,0
6,5,5,6,5.5,11,1,4
6,3,3,6,4.5,9,3,2
1,5,1,5,3.0,6,4,0
20,19,19,20,19.5,39,1,18
4,1,1,4,2.5,5,3,0
27,27,27,27,27.0,54,0,26
14,16,14,16,15.0,30,2,11
22,16,16,22,19.0,38,6,12
5,2,2,5,3.5,7,3,1
4,1,1,4,2.5,5,3,0
5,1,1,5,3.0,6,4,0
3,4,3,4,3.5,7,1,2
4,5,4,5,4.5,9,1,3
13,33,13,33,23.0,46,20,12
1,6,1,6,3.5,7,5,0
47,48,47,48,47.5,95,1,35
18,16,16,18,17.0,34,2,13
8,2,2,8,5.0,10,6,1
43,45,43,45,44.0,88,2,42
5,1,1,5,3.0,6,4,0
1,5,1,5,3.0,6,4,0
2,6,2,6,4.0,8,4,1
48,33,33,48,40.5,81,15,30
5,4,4,5,4.5,9,1,0
13,13,13,13,13.0,26,0,12
8,1,1,8,4.5,9,7,0
6,5,5,6,5.5,11,1,4
4,1,1,4,2.5,5,3,0
7,8,7,8,7.5,15,1,6
8,8,8,8,8.0,16,0,7
2,6,2,6,4.0,8,4,0
1,10,1,10,5.5,11,9,0
5,1,1,5,3.0,6,4,0
6,4,4,6,5.0,10,2,2
1,14,1,14,7.5,15,13,0
5,1,1,5,3.0,6,4,0
11,12,11,12,11.5,23,1,10
6,8,6,8,7.0,14,2,5
12,11,11,12,11.5,23,1,10
7,5,5,7,6.0,12,2,4
7,1,1,7,4.0,8,6,0
32,47,32,47,39.5,79,15,30
1,11,1,11,6.0,12,10,0
7,12,7,12,9.5,19,5,1
2,5,2,5,3.5,7,3,1
19,11,11,19,15.0,30,8,8
3,9,3,9,6.0,12,6,2
6,3,3,6,4.5,9,3,2
5,5,5,5,5.0,10,0,4
1,4,1,4,2.5,5,3,0
4,4,4,4,4.0,8,0,3
42,49,42,49,45.5,91,7,41
14,12,12,14,13.0,26,2,11
4,1,1,4,2.5,5,3,0
4,1,1,4,2.5,5,3,0
6,11,6,11,8.5,17,5,5
6,12,6,12,9.0,18,6,5
9,23,9,23,16.0,32,14,1
5,5,5,5,5.0,10,0,0
1,6,1,6,3.5,7,5,0
6,12,6,12,9.0,18,6,4
11,12,11,12,11.5,23,1,10
9,6,6,9,7.5,15,3,4
1,6,1,6,3.5,7,5,0
5,1,1,5,3.0,6,4,0
1,4,1,4,2.5,5,3,0
6,7,6,7,6.5,13,1,5
4,13,4,13,8.5,17,9,0
1,6,1,6,3.5,7,5,0
5,1,1,5,3.0,6,4,0
4,1,1,4,2.5,5,3,0
1,6,1,6,3.5,7,5,0
4,6,4,6,5.0,10,2,1
1,4,1,4,2.5,5,3,0
25,31,25,31,28.0,56,6,24
6,7,6,7,6.5,13,1,5
10,10,10,10,10.0,20,0,7
8,11,8,11,9.5,19,3,5
2,4,2,4,3.0,6,2,0
7,1,1,7,4.0,8,6,0
23,26,23,26,24.5,49,3,19
5,35,5,35,20.0,40,30,0
4,8,4,8,6.0,12,4,3
5,1,1,5,3.0,6,4,0
1,4,1,4,2.5,5,3,0
4,1,1,4,2.5,5,3,0
8,1,1,8,4.5,9,7,0
2,4,2,4,3.0,6,2,0
10,5,5,10,7.5,15,5,4
6,2,2,6,4.0,8,4,1
3,4,3,4,3.5,7,1,2
1,6,1,6,3.5,7,5,0
6,1,1,6,3.5,7,5,0
4,1,1,4,2.5,5,3,0
1,7,1,7,4.0,8,6,0
1,5,1,5,3.0,6,4,0
24,24,24,24,24.0,48,0,23
6,12,6,12,9.0,18,6,3
4,1,1,4,2.5,5,3,0
4,1,1,4,2.5,5,3,0
5,6,5,6,5.5,11,1,4
11,11,11,11,11.0,22,0,10
10,1,1,10,5.5,11,9,0
1,11,1,11,6.0,12,10,0
8,1,1,8,4.5,9,7,0
11,7,7,11,9.0,18,4,2
20,1,1,20,10.5,21,19,0
5,4,4,5,4.5,9,1,0
7,1,1,7,4.0,8,6,0
8,12,8,12,10.0,20,4,2
2,19,2,19,10.5,21,17,0
7,9,7,9,8.0,16,2,5
4,1,1,4,2.5,5,3,0
21,11,11,21,16.0,32,10,8
32,25,25,32,28.5,57,7,24
5,4,4,5,4.5,9,1,3
1,4,1,4,2.5,5,3,0
7,5,5,7,6.0,12,2,4
4,1,1,4,2.5,5,3,0
12,12,12,12,12.0,24,0,11
27,22,22,27,24.5,49,5,19
2,4,2,4,3.0,6,2,0
28,44,28,44,36.0,72,16,25
4,2,2,4,3.0,6,2,0
11,12,11,12,11.5,23,1,10
4,12,4,12,8.0,16,8,0
4,1,1,4,2.5,5,3,0
19,44,19,44,31.5,63,25,12
18,26,18,26,22.0,44,8,10
13,8,8,13,10.5,21,5,7
1,4,1,4,2.5,5,3,0
21,23,21,23,22.0,44,2,16
42,43,42,43,42.5,85,1,40
14,14,14,14,14.0,28,0,13
2,4,2,4,3.0,6,2,0
2,4,2,4,3.0,6,2,1
20,34,20,34,27.0,54,14,16
1,4,1,4,2.5,5,3,0
4,7,4,7,5.5,11,3,3
20,18,18,20,19.0,38,2,16
1,9,1,9,5.0,10,8,0
5,3,3,5,4.0,8,2,2
10,8,8,10,9.0,18,2,6
9,7,7,9,8.0,16,2,5
13,17,13,17,15.0,30,4,12
5,7,5,7,6.0,12,2,0
24,26,24,26,25.0,50,2,23
1,10,1,10,5.5,11,9,0
4,4,4,4,4.0,8,0,3
24,11,11,24,17.5,35,13,9
4,4,4,4,4.0,8,0,3
1,33,1,33,17.0,34,32,0
4,1,1,4,2.5,5,3,0
6,1,1,6,3.5,7,5,0
11,12,11,12,11.5,23,1,9
20,20,20,20,20.0,40,0,19
16,9,9,16,12.5,25,7,0
13,12,12,13,12.5,25,1,10
1,6,1,6,3.5,7,5,0
1,5,1,5,3.0,6,4,0
22,19,19,22,20.5,41,3,18
10,1,1,10,5.5,11,9,0
1,6,1,6,3.5,7,5,0
4,3,3,4,3.5,7,1,2
5,4,4,5,4.5,9,1,3
1,5,1,5,3.0,6,4,0
6,1,1,6,3.5,7,5,0
7,6,6,7,6.5,13,1,5
5,10,5,10,7.5,15,5,4
26,26,26,26,26.0,52,0,25
1,5,1,5,3.0,6,4,0
32,19,19,32,25.5,51,13,18
7,4,4,7,5.5,11,3,3
1,5,1,5,3.0,6,4,0
5,1,1,5,3.0,6,4,0
12,10,10,12,11.0,22,2,7
5,6,5,6,5.5,11,1,4
17,11,11,17,14.0,28,6,8
6,7,6,7,6.5,13,1,4
12,13,12,13,12.5,25,1,11
11,3,3,11,7.0,14,8,2
23,21,21,23,22.0,44,2,19
5,5,5,5,5.0,10,0,3
6,3,3,6,4.5,9,3,0
11,1,1,11,6.0,12,10,0
4,1,1,4,2.5,5,3,0
24,20,20,24,22.0,44,4,18
7,1,1,7,4.0,8,6,0
9,2,2,9,5.5,11,7,1
17,50,17,50,33.5,67,33,16
12,12,12,12,12.0,24,0,11
1,6,1,6,3.5,7,5,0
4,1,1,4,2.5,5,3,0
6,1,1,6,3.5,7,5,0
25,24,24,25,24.5,49,1,16
5,5,5,5,5.0,10,0,0
7,9,7,9,8.0,16,2,5
47,17,17,47,32.0,64,30,16
4,1,1,4,2.5,5,3,0
32,33,32,33,32.5,65,1,31
11,1,1,11,6.0,12,10,0
2,6,2,6,4.0,8,4,1
4,2,2,4,3.0,6,2,1
3,4,3,4,3.5,7,1,0
1,5,1,5,3.0,6,4,0
25,31,25,31,28.0,56,6,16
6,1,1,6,3.5,7,5,0
2,4,2,4,3.0,6,2,1
7,10,7,10,8.5,17,3,5
27,4,4,27,15.5,31,23,1
14,10,10,14,12.0,24,4,9
5,5,5,5,5.0,10,0,4
8,12,8,12,10.0,20,4,5
27,15,15,27,21.0,42,12,12
15,13,13,15,14.0,28,2,12
8,11,8,11,9.5,19,3,6
1,9,1,9,5.0,10,8,0
6,5,5,6,5.5,11,1,4
8,9,8,9,8.5,17,1,5
1,11,1,11,6.0,12,10,0
7,7,7,7,7.0,14,0,6
34,16,16,34,25.0,50,18,14
4,4,4,4,4.0,8,0,0
1,4,1,4,2.5,5,3,0
5,1,1,5,3.0,6,4,0
3,9,3,9,6.0,12,6,2
5,4,4,5,4.5,9,1,3
3,5,3,5,4.0,8,2,2
5,1,1,5,3.0,6,4,0
4,1,1,4,2.5,5,3,0
5,5,5,5,5.0,10,0,4
1,4,1,4,2.5,5,3,0
17,9,9,17,13.0,26,8,7
5,1,1,5,3.0,6,4,0
42,43,42,43,42.5,85,1,40
5,1,1,5,3.0,6,4,0
5,1,1,5,3.0,6,4,0
5,5,5,5,5.0,10,0,0
8,10,8,10,9.0,18,2,6
8,17,8,17,12.5,25,9,4
25,37,25,37,31.0,62,12,21
26,42,26,42,34.0,68,16,23
1,4,1,4,2.5,5,3,0
6,1,1,6,3.5,7,5,0
8,11,8,11,9.5,19,3,7
5,7,5,7,6.0,12,2,4
5,5,5,5,5.0,10,0,4
1,4,1,4,2.5,5,3,0
1,7,1,7,4.0,8,6,0
19,13,13,19,16.0,32,6,10
5,4,4,5,4.5,9,1,3
1,4,1,4,2.5,5,3,0
1,6,1,6,3.5,7,5,0
4,4,4,4,4.0,8,0,3
1,5,1,5,3.0,6,4,0
5,3,3,5,4.0,8,2,2
51,38,38,51,44.5,89,13,19
1,4,1,4,2.5,5,3,0
1,9,1,9,5.0,10,8,0
4,2,2,4,3.0,6,2,1
5,2,2,5,3.5,7,3,1
5,4,4,5,4.5,9,1,3
6,2,2,6,4.0,8,4,1
12,13,12,13,12.5,25,1,10
4,8,4,8,6.0,12,4,2
5,5,5,5,5.0,10,0,4
4,9,4,9,6.5,13,5,2
4,2,2,4,3.0,6,2,1
21,10,10,21,15.5,31,11,8
6,1,1,6,3.5,7,5,0
30,13,13,30,21.5,43,17,9
5,10,5,10,7.5,15,5,0
5,1,1,5,3.0,6,4,0
7,5,5,7,6.0,12,2,4
20,6,6,20,13.0,26,14,2
2,17,2,17,9.5,19,15,1
8,8,8,8,8.0,16,0,7
6,1,1,6,3.5,7,5,0
4,1,1,4,2.5,5,3,0
6,6,6,6,6.0,12,0,5
4,1,1,4,2.5,5,3,0
1,4,1,4,2.5,5,3,0
7,10,7,10,8.5,17,3,6
1,22,1,22,11.5,23,21,0
8,9,8,9,8.5,17,1,4
4,1,1,4,2.5,5,3,0
5,29,5,29,17.0,34,24,0
18,14,14,18,16.0,32,4,12
5,5,5,5,5.0,10,0,4
19,15,15,19,17.0,34,4,14
27,25,25,27,26.0,52,2,13
23,34,23,34,28.5,57,11,14
1,5,1,5,3.0,6,4,0
1,11,1,11,6.0,12,10,0
8,7,7,8,7.5,15,1,5
39,36,36,39,37.5,75,3,32
4,5,4,5,4.5,9,1,3
5,3,3,5,4.0,8,2,2
19,19,19,19,19.0,38,0,18
5,6,5,6,5.5,11,1,4
32,32,32,32,32.0,64,0,30
31,18,18,31,24.5,49,13,12
22,22,22,22,22.0,44,0,3
1,6,1,6,3.5,7,5,0
14,16,14,16,15.0,30,2,13
7,6,6,7,6.5,13,1,5
1,13,1,13,7.0,14,12,0
4,1,1,4,2.5,5,3,0
4,1,1,4,2.5,5,3,0
11,23,11,23,17.0,34,12,4
10,10,10,10,10.0,20,0,8
4,5,4,5,4.5,9,1,3
12,26,12,26,19.0,38,14,3
19,23,19,23,21.0,42,4,18
10,17,10,17,13.5,27,7,9
33,25,25,33,29.0,58,8,24
1,6,1,6,3.5,7,5,0
5,5,5,5,5.0,10,0,4
9,4,4,9,6.5,13,5,1
12,1,1,12,6.5,13,11,0
21,15,15,21,18.0,36,6,13
7,7,7,7,7.0,14,0,4
11,8,8,11,9.5,19,3,7
1,4,1,4,2.5,5,3,0
5,5,5,5,5.0,10,0,4
1,5,1,5,3.0,6,4,0
6,7,6,7,6.5,13,1,5
18,19,18,19,18.5,37,1,16
7,8,7,8,7.5,15,1,6
5,6,5,6,5.5,11,1,2
1,11,1,11,6.0,12,10,0
12,13,12,13,12.5,25,1,10
4,1,1,4,2.5,5,3,0
22,47,22,47,34.5,69,25,15
20,22,20,22,21.0,42,2,17
31,48,31,48,39.5,79,17,28
4,7,4,7,5.5,11,3,3
1,5,1,5,3.0,6,4,0
10,25,10,25,17.5,35,15,8
14,15,14,15,14.5,29,1,11
26,24,24,26,25.0,50,2,22
12,2,2,12,7.0,14,10,0
5,1,1,5,3.0,6,4,0
4,3,3,4,3.5,7,1,2
1,4,1,4,2.5,5,3,0
4,1,1,4,2.5,5,3,0
1,4,1,4,2.5,5,3,0
2,5,2,5,3.5,7,3,1
19,11,11,19,15.0,30,8,6
11,12,11,12,11.5,23,1,10
1,4,1,4,2.5,5,3,0
5,4,4,5,4.5,9,1,2
11,6,6,11,8.5,17,5,5
11,13,11,13,12.0,24,2,7
1,6,1,6,3.5,7,5,0
5,5,5,5,5.0,10,0,4
14,1,1,14,7.5,15,13,0
4,4,4,4,4.0,8,0,2
1,7,1,7,4.0,8,6,0
1,5,1,5,3.0,6,4,0
4,6,4,6,5.0,10,2,3
1,4,1,4,2.5,5,3,0
1,7,1,7,4.0,8,6,0
22,19,19,22,20.5,41,3,17
4,4,4,4,4.0,8,0,3
17,15,15,17,16.0,32,2,14
1,4,1,4,2.5,5,3,0
10,5,5,10,7.5,15,5,4
5,3,3,5,4.0,8,2,2
27,24,24,27,25.5,51,3,23
27,31,27,31,29.0,58,4,26
2,10,2,10,6.0,12,8,0
10,6,6,10,8.0,16,4,0
12,12,12,12,12.0,24,0,10
1,6,1,6,3.5,7,5,0
3,6,3,6,4.5,9,3,2
1,5,1,5,3.0,6,4,0
6,5,5,6,5.5,11,1,3
1,5,1,5,3.0,6,4,0
4,8,4,8,6.0,12,4,1
8,15,8,15,11.5,23,7,7
5,3,3,5,4.0,8,2,2
7,6,6,7,6.5,13,1,4
4,4,4,4,4.0,8,0,2
1,8,1,8,4.5,9,7,0
20,12,12,20,16.0,32,8,7
2,4,2,4,3.0,6,2,0
1,17,1,17,9.0,18,16,0
1,33,1,33,17.0,34,32,0
5,1,1,5,3.0,6,4,0
27,25,25,27,26.0,52,2,24
1,7,1,7,4.0,8,6,0
4,1,1,4,2.5,5,3,0
1,5,1,5,3.0,6,4,0
13,12,12,13,12.5,25,1,11
2,5,2,5,3.5,7,3,0
4,1,1,4,2.5,5,3,0
4,4,4,4,4.0,8,0,3
7,6,6,7,6.5,13,1,5
21,15,15,21,18.0,36,6,12
1,22,1,22,11.5,23,21,0
4,1,1,4,2.5,5,3,0
1,5,1,5,3.0,6,4,0
16,15,15,16,15.5,31,1,13
9,10,9,10,9.5,19,1,8
1,8,1,8,4.5,9,7,0
13,12,12,13,12.5,25,1,11
40,43,40,43,41.5,83,3,31
1,9,1,9,5.0,10,8,0
12,12,12,12,12.0,24,0,11
7,5,5,7,6.0,12,2,4
4,1,1,4,2.5,5,3,0
13,22,13,22,17.5,35,9,4
24,21,21,24,22.5,45,3,20
2,4,2,4,3.0,6,2,0
1,4,1,4,2.5,5,3,0
4,4,4,4,4.0,8,0,2
5,5,5,5,5.0,10,0,3
18,21,18,21,19.5,39,3,15
5,6,5,6,5.5,11,1,2
29,25,25,29,27.0,54,4,18
4,1,1,4,2.5,5,3,0
10,17,10,17,13.5,27,7,6
9,9,9,9,9.0,18,0,8
6,5,5,6,5.5,11,1,4
11,6,6,11,8.5,17,5,4
37,39,37,39,38.0,76,2,34
1,5,1,5,3.0,6,4,0
23,19,19,23,21.0,42,4,10
31,3,3,31,17.0,34,28,2
1,6,1,6,3.5,7,5,0
7,1,1,7,4.0,8,6,0
7,1,1,7,4.0,8,6,0
1,4,1,4,2.5,5,3,0
1,6,1,6,3.5,7,5,0
34,26,26,34,30.0,60,8,23
51,25,25,51,38.0,76,26,24
5,4,4,5,4.5,9,1,1
31,23,23,31,27.0,54,8,22
7,2,2,7,4.5,9,5,1
10,7,7,10,8.5,17,3,6
8,9,8,9,8.5,17,1,7
1,5,1,5,3.0,6,4,0
8,8,8,8,8.0,16,0,6
6,1,1,6,3.5,7,5,0
1,5,1,5,3.0,6,4,0
8,1,1,8,4.5,9,7,0
1,11,1,11,6.0,12,10,0
4,1,1,4,2.5,5,3,0
49,40,40,49,44.5,89,9,19
8,1,1,8,4.5,9,7,0
6,1,1,6,3.5,7,5,0
5,1,1,5,3.0,6,4,0
12,12,12,12,12.0,24,0,11
13,5,5,13,9.0,18,8,2
3,9,3,9,6.0,12,6,2
11,1,1,11,6.0,12,10,0
8,4,4,8,6.0,12,4,3
4,1,1,4,2.5,5,3,0
6,4,4,6,5.0,10,2,2
8,1,1,8,4.5,9,7,0
14,10,10,14,12.0,24,4,4
4,16,4,16,10.0,20,12,0
13,13,13,13,13.0,26,0,12
4,4,4,4,4.0,8,0,3
1,6,1,6,3.5,7,5,0
4,1,1,4,2.5,5,3,0
12,6,6,12,9.0,18,6,5
5,6,5,6,5.5,11,1,4
9,6,6,9,7.5,15,3,2
1,12,1,12,6.5,13,11,0
1,5,1,5,3.0,6,4,0
5,4,4,5,4.5,9,1,0
1,6,1,6,3.5,7,5,0
23,36,23,36,29.5,59,13,21
19,19,19,19,19.0,38,0,18
36,26,26,36,31.0,62,10,20
1,5,1,5,3.0,6,4,0
50,49,49,50,49.5,99,1,30
36,29,29,36,32.5,65,7,24
1,4,1,4,2.5,5,3,0
5,4,4,5,4.5,9,1,3
6,5,5,6,5.5,11,1,4
10,1,1,10,5.5,11,9,0
18,24,18,24,21.0,42,6,15
1,8,1,8,4.5,9,7,0
55,32,32,55,43.5,87,23,27
4,4,4,4,4.0,8,0,0
9,1,1,9,5.0,10,8,0
9,10,9,10,9.5,19,1,6
7,1,1,7,4.0,8,6,0
3,6,3,6,4.5,9,3,2
4,2,2,4,3.0,6,2,1
2,6,2,6,4.0,8,4,1
23,42,23,42,32.5,65,19,20
16,3,3,16,9.5,19,13,2
5,1,1,5,3.0,6,4,0
11,12,11,12,11.5,23,1,10
11,12,11,12,11.5,23,1,10
9,1,1,9,5.0,10,8,0
14,16,14,16,15.0,30,2,11
6,6,6,6,6.0,12,0,1
1,77,1,77,39.0,78,76,0
1,43,1,43,22.0,44,42,0
12,17,12,17,14.5,29,5,10
1,5,1,5,3.0,6,4,0
1,29,1,29,15.0,30,28,0
8,3,3,8,5.5,11,5,0
13,15,13,15,14.0,28,2,12
9,12,9,12,10.5,21,3,4
8,1,1,8,4.5,9,7,0
5,9,5,9,7.0,14,4,4
51,20,20,51,35.5,71,31,19
20,22,20,22,21.0,42,2,16
4,6,4,6,5.0,10,2,3
4,1,1,4,2.5,5,3,0
6,1,1,6,3.5,7,5,0
12,12,12,12,12.0,24,0,10
6,4,4,6,5.0,10,2,3
1,6,1,6,3.5,7,5,0
2,7,2,7,4.5,9,5,0
7,7,7,7,7.0,14,0,6
4,1,1,4,2.5,5,3,0
25,14,14,25,19.5,39,11,12
20,17,17,20,18.5,37,3,9
1,12,1,12,6.5,13,11,0
14,1,1,14,7.5,15,13,0
11,8,8,11,9.5,19,3,6
5,4,4,5,4.5,9,1,3
9,6,6,9,7.5,15,3,5
5,1,1,5,3.0,6,4,0
7,8,7,8,7.5,15,1,6
4,1,1,4,2.5,5,3,0
4,1,1,4,2.5,5,3,0
5,5,5,5,5.0,10,0,4
10,9,9,10,9.5,19,1,8
1,5,1,5,3.0,6,4,0
40,24,24,40,32.0,64,16,18
1,5,1,5,3.0,6,4,0
16,19,16,19,17.5,35,3,7
5,1,1,5,3.0,6,4,0
1,10,1,10,5.5,11,9,0
5,1,1,5,3.0,6,4,0
1,4,1,4,2.5,5,3,0
10,18,10,18,14.0,28,8,7
19,19,19,19,19.0,38,0,18
1,10,1,10,5.5,11,9,0
5,1,1,5,3.0,6,4,0
6,2,2,6,4.0,8,4,1
13,12,12,13,12.5,25,1,11
1,7,1,7,4.0,8,6,0
4,4,4,4,4.0,8,0,3
5,4,4,5,4.5,9,1,1
5,1,1,5,3.0,6,4,0
4,1,1,4,2.5,5,3,0
8,17,8,17,12.5,25,9,7
12,13,12,13,12.5,25,1,10
8,7,7,8,7.5,15,1,6
11,11,11,11,11.0,22,0,10
22,23,22,23,22.5,45,1,20
5,1,1,5,3.0,6,4,0
29,30,29,30,29.5,59,1,21
1,4,1,4,2.5,5,3,0
1,7,1,7,4.0,8,6,0
16,15,15,16,15.5,31,1,14
8,10,8,10,9.0,18,2,6
1,75,1,75,38.0,76,74,0
7,5,5,7,6.0,12,2,4
7,7,7,7,7.0,14,0,6
2,66,2,66,34.0,68,64,0
1,56,1,56,28.5,57,55,0
4,30,4,30,17.0,34,26,3
5,1,1,5,3.0,6,4,0
16,25,16,25,20.5,41,9,13
1,6,1,6,3.5,7,5,0
14,13,13,14,13.5,27,1,12
2,17,2,17,9.5,19,15,1
22,23,22,23,22.5,45,1,21
6,8,6,8,7.0,14,2,4
11,10,10,11,10.5,21,1,6
4,2,2,4,3.0,6,2,1
1,9,1,9,5.0,10,8,0
33,18,18,33,25.5,51,15,16
8,8,8,8,8.0,16,0,3
3,7,3,7,5.0,10,4,2
6,14,6,14,10.0,20,8,2
6,1,1,6,3.5,7,5,0
49,33,33,49,41.0,82,16,29
32,33,32,33,32.5,65,1,30
17,15,15,17,16.0,32,2,7
8,5,5,8,6.5,13,3,3
14,5,5,14,9.5,19,9,4
6,2,2,6,4.0,8,4,0
4,1,1,4,2.5,5,3,0
6,5,5,6,5.5,11,1,4
14,17,14,17,15.5,31,3,13
27,22,22,27,24.5,49,5,21
9,13,9,13,11.0,22,4,8
16,18,16,18,17.0,34,2,12
6,15,6,15,10.5,21,9,2
1,18,1,18,9.5,19,17,0
2,19,2,19,10.5,21,17,0
18,14,14,18,16.0,32,4,11
5,1,1,5,3.0,6,4,0
6,3,3,6,4.5,9,3,2
22,13,13,22,17.5,35,9,11
5,2,2,5,3.5,7,3,1
13,12,12,13,12.5,25,1,11
32,31,31,32,31.5,63,1,28
1,7,1,7,4.0,8,6,0
7,16,7,16,11.5,23,9,6
1,4,1,4,2.5,5,3,0
4,1,1,4,2.5,5,3,0
4,5,4,5,4.5,9,1,3
37,41,37,41,39.0,78,4,34
4,6,4,6,5.0,10,2,0
1,4,1,4,2.5,5,3,0
4,1,1,4,2.5,5,3,0
4,6,4,6,5.0,10,2,3
1,4,1,4,2.5,5,3,0
7,2,2,7,4.5,9,5,0
4,1,1,4,2.5,5,3,0
1,5,1,5,3.0,6,4,0
6,2,2,6,4.0,8,4,1
1,12,1,12,6.5,13,11,0
10,9,9,10,9.5,19,1,8
5,6,5,6,5.5,11,1,3
29,10,10,29,19.5,39,19,3
5,5,5,5,5.0,10,0,1
10,11,10,11,10.5,21,1,7
2,11,2,11,6.5,13,9,0
5,1,1,5,3.0,6,4,0
2,4,2,4,3.0,6,2,1
34,29,29,34,31.5,63,5,21
1,12,1,12,6.5,13,11,0
14,9,9,14,11.5,23,5,8
4,1,1,4,2.5,5,3,0
26,1,1,26,13.5,27,25,0
17,12,12,17,14.5,29,5,10
1,7,1,7,4.0,8,6,0
1,7,1,7,4.0,8,6,0
6,1,1,6,3.5,7,5,0
33,30,30,33,31.5,63,3,27
9,19,9,19,14.0,28,10,3
20,19,19,20,19.5,39,1,18
6,4,4,6,5.0,10,2,2
6,5,5,6,5.5,11,1,4
6,2,2,6,4.0,8,4,1
1,6,1,6,3.5,7,5,0
5,3,3,5,4.0,8,2,1
1,4,1,4,2.5,5,3,0
14,9,9,14,11.5,23,5,6
34,34,34,34,34.0,68,0,30
9,9,9,9,9.0,18,0,8
15,17,15,17,16.0,32,2,13
6,4,4,6,5.0,10,2,3
39,21,21,39,30.0,60,18,14
26,23,23,26,24.5,49,3,21
8,5,5,8,6.5,13,3,4
1,6,1,6,3.5,7,5,0
17,8,8,17,12.5,25,9,6
14,2,2,14,8.0,16,12,1
44,45,44,45,44.5,89,1,33
4,8,4,8,6.0,12,4,3
1,23,1,23,12.0,24,22,0
7,7,7,7,7.0,14,0,0
1,4,1,4,2.5,5,3,0
10,11,10,11,10.5,21,1,9
31,25,25,31,28.0,56,6,24
5,1,1,5,3.0,6,4,0
1,10,1,10,5.5,11,9,0
17,10,10,17,13.5,27,7,9
24,13,13,24,18.5,37,11,11
34,44,34,44,39.0,78,10,21
22,19,19,22,20.5,41,3,17
1,4,1,4,2.5,5,3,0
6,2,2,6,4.0,8,4,1
4,5,4,5,4.5,9,1,3
4,1,1,4,2.5,5,3,0
6,1,1,6,3.5,7,5,0
13,16,13,16,14.5,29,3,8
14,8,8,14,11.0,22,6,7
4,4,4,4,4.0,8,0,2
2,6,2,6,4.0,8,4,0
5,6,5,6,5.5,11,1,4
4,1,1,4,2.5,5,3,0
3,9,3,9,6.0,12,6,2
1,5,1,5,3.0,6,4,0
5,10,5,10,7.5,15,5,3
1,6,1,6,3.5,7,5,0
10,21,10,21,15.5,31,11,6
1,6,1,6,3.5,7,5,0
19,13,13,19,16.0,32,6,11
2,10,2,10,6.0,12,8,0
4,2,2,4,3.0,6,2,1
5,5,5,5,5.0,10,0,3
6,19,6,19,12.5,25,13,5
4,1,1,4,2.5,5,3,0
1,20,1,20,10.5,21,19,0
4,1,1,4,2.5,5,3,0
31,32,31,32,31.5,63,1,30
1,6,1,6,3.5,7,5,0
20,39,20,39,29.5,59,19,16
4,4,4,4,4.0,8,0,3
3,12,3,12,7.5,15,9,2
1,7,1,7,4.0,8,6,0
12,13,12,13,12.5,25,1,11
26,2,2,26,14.0,28,24,0
1,17,1,17,9.0,18,16,0
5,14,5,14,9.5,19,9,2
1,5,1,5,3.0,6,4,0
2,4,2,4,3.0,6,2,0
16,7,7,16,11.5,23,9,6
1,8,1,8,4.5,9,7,0
6,3,3,6,4.5,9,3,2
1,31,1,31,16.0,32,30,0
12,2,2,12,7.0,14,10,0
8,1,1,8,4.5,9,7,0
9,11,9,11,10.0,20,2,5
7,7,7,7,7.0,14,0,5
2,5,2,5,3.5,7,3,0
13,5,5,13,9.0,18,8,4
39,30,30,39,34.5,69,9,29
7,8,7,8,7.5,15,1,5
5,5,5,5,5.0,10,0,4
4,1,1,4,2.5,5,3,0
14,8,8,14,11.0,22,6,7
1,14,1,14,7.5,15,13,0
4,2,2,4,3.0,6,2,0
4,1,1,4,2.5,5,3,0
7,6,6,7,6.5,13,1,5
9,8,8,9,8.5,17,1,7
30,21,21,30,25.5,51,9,20
17,17,17,17,17.0,34,0,14
1,5,1,5,3.0,6,4,0
13,10,10,13,11.5,23,3,7
5,5,5,5,5.0,10,0,4
7,8,7,8,7.5,15,1,6
4,1,1,4,2.5,5,3,0
9,8,8,9,8.5,17,1,7
1,9,1,9,5.0,10,8,0
1,5,1,5,3.0,6,4,0
7,7,7,7,7.0,14,0,6
34,27,27,34,30.5,61,7,23
13,11,11,13,12.0,24,2,8
2,5,2,5,3.5,7,3,1
51,44,44,51,47.5,95,7,26
1,7,1,7,4.0,8,6,0
1,5,1,5,3.0,6,4,0
7,5,5,7,6.0,12,2,4
4,2,2,4,3.0,6,2,1
13,1,1,13,7.0,14,12,0
22,20,20,22,21.0,42,2,17
2,4,2,4,3.0,6,2,1
1,5,1,5,3.0,6,4,0
1,4,1,4,2.5,5,3,0
4,4,4,4,4.0,8,0,3
6,9,6,9,7.5,15,3,0
1,8,1,8,4.5,9,7,0
2,11,2,11,6.5,13,9,1
5,5,5,5,5.0,10,0,4
1,16,1,16,8.5,17,15,0
5,2,2,5,3.5,7,3,1
5,1,1,5,3.0,6,4,0
6,8,6,8,7.0,14,2,5
4,5,4,5,4.5,9,1,3
10,7,7,10,8.5,17,3,4
12,11,11,12,11.5,23,1,9
4,4,4,4,4.0,8,0,3
9,9,9,9,9.0,18,0,8
5,5,5,5,5.0,10,0,4
26,27,26,27,26.5,53,1,25
1,11,1,11,6.0,12,10,0
14,8,8,14,11.0,22,6,7
8,8,8,8,8.0,16,0,7
9,4,4,9,6.5,13,5,3
13,17,13,17,15.0,30,4,11
8,10,8,10,9.0,18,2,6
5,11,5,11,8.0,16,6,4
18,19,18,19,18.5,37,1,17
3,30,3,30,16.5,33,27,0
1,7,1,7,4.0,8,6,0
7,8,7,8,7.5,15,1,6
2,4,2,4,3.0,6,2,1
20,32,20,32,26.0,52,12,16
11,10,10,11,10.5,21,1,9
5,6,5,6,5.5,11,1,4
5,5,5,5,5.0,10,0,3
4,24,4,24,14.0,28,20,0
6,8,6,8,7.0,14,2,1
19,1,1,19,10.0,20,18,0
15,18,15,18,16.5,33,3,11
1,11,1,11,6.0,12,10,0
9,1,1,9,5.0,10,8,0
43,19,19,43,31.0,62,24,12
13,20,13,20,16.5,33,7,11
1,26,1,26,13.5,27,25,0
18,55,18,55,36.5,73,37,17
2,4,2,4,3.0,6,2,1
28,48,28,48,38.0,76,20,20
5,4,4,5,4.5,9,1,2
1,5,1,5,3.0,6,4,0
12,11,11,12,11.5,23,1,10
1,4,1,4,2.5,5,3,0
13,2,2,13,7.5,15,11,0
2,4,2,4,3.0,6,2,0
24,23,23,24,23.5,47,1,22
26,27,26,27,26.5,53,1,25
29,24,24,29,26.5,53,5,14
14,13,13,14,13.5,27,1,5
5,1,1,5,3.0,6,4,0
26,25,25,26,25.5,51,1,22
25,23,23,25,24.0,48,2,14
5,6,5,6,5.5,11,1,4
4,1,1,4,2.5,5,3,0
1,4,1,4,2.5,5,3,0
25,44,25,44,34.5,69,19,20
39,47,39,47,43.0,86,8,35
10,11,10,11,10.5,21,1,8
5,5,5,5,5.0,10,0,4
33,34,33,34,33.5,67,1,29
36,1,1,36,18.5,37,35,0
4,5,4,5,4.5,9,1,0
46,43,43,46,44.5,89,3,33
12,6,6,12,9.0,18,6,1
1,4,1,4,2.5,5,3,0
1,6,1,6,3.5,7,5,0
7,5,5,7,6.0,12,2,2
10,12,10,12,11.0,22,2,5
2,8,2,8,5.0,10,6,0
4,1,1,4,2.5,5,3,0
20,13,13,20,16.5,33,7,8
6,4,4,6,5.0,10,2,1
7,1,1,7,4.0,8,6,0
1,4,1,4,2.5,5,3,0
2,4,2,4,3.0,6,2,1
4,15,4,15,9.5,19,11,2
6,6,6,6,6.0,12,0,5
19,53,19,53,36.0,72,34,10
2,5,2,5,3.5,7,3,1
4,2,2,4,3.0,6,2,1
18,19,18,19,18.5,37,1,17
1,5,1,5,3.0,6,4,0
8,1,1,8,4.5,9,7,0
19,15,15,19,17.0,34,4,8
7,5,5,7,6.0,12,2,4
1,5,1,5,3.0,6,4,0
4,7,4,7,5.5,11,3,3
1,6,1,6,3.5,7,5,0
4,4,4,4,4.0,8,0,2
4,5,4,5,4.5,9,1,2
27,27,27,27,27.0,54,0,26
5,6,5,6,5.5,11,1,1
31,23,23,31,27.0,54,8,22
9,5,5,9,7.0,14,4,0
4,1,1,4,2.5,5,3,0
5,1,1,5,3.0,6,4,0
15,9,9,15,12.0,24,6,6
9,7,7,9,8.0,16,2,6
37,41,37,41,39.0,78,4,28
33,32,32,33,32.5,65,1,31
1,5,1,5,3.0,6,4,0
41,28,28,41,34.5,69,13,23
1,17,1,17,9.0,18,16,0
6,8,6,8,7.0,14,2,5
1,6,1,6,3.5,7,5,0
15,20,15,20,17.5,35,5,14
4,3,3,4,3.5,7,1,2
1,5,1,5,3.0,6,4,0
24,21,21,24,22.5,45,3,20
2,5,2,5,3.5,7,3,1
4,1,1,4,2.5,5,3,0
36,22,22,36,29.0,58,14,15
24,18,18,24,21.0,42,6,16
7,7,7,7,7.0,14,0,5
5,6,5,6,5.5,11,1,4
1,5,1,5,3.0,6,4,0
20,23,20,23,21.5,43,3,14
6,1,1,6,3.5,7,5,0
9,6,6,9,7.5,15,3,3
1,9,1,9,5.0,10,8,0
1,30,1,30,15.5,31,29,0
2,4,2,4,3.0,6,2,1
11,7,7,11,9.0,18,4,3
4,5,4,5,4.5,9,1,3
17,39,17,39,28.0,56,22,13
7,7,7,7,7.0,14,0,6
5,2,2,5,3.5,7,3,1
17,12,12,17,14.5,29,5,7
4,1,1,4,2.5,5,3,0
15,12,12,15,13.5,27,3,11
1,4,1,4,2.5,5,3,0
9,9,9,9,9.0,18,0,8
6,5,5,6,5.5,11,1,4
2,5,2,5,3.5,7,3,1
11,4,4,11,7.5,15,7,3
4,4,4,4,4.0,8,0,3
2,5,2,5,3.5,7,3,1
18,17,17,18,17.5,35,1,16
4,1,1,4,2.5,5,3,0
5,23,5,23,14.0,28,18,1
15,38,15,38,26.5,53,23,14
4,1,1,4,2.5,5,3,0
7,2,2,7,4.5,9,5,1
10,2,2,10,6.0,12,8,0
7,1,1,7,4.0,8,6,0
11,11,11,11,11.0,22,0,9
1,8,1,8,4.5,9,7,0
32,66,32,66,49.0,98,34,23
1,4,1,4,2.5,5,3,0
6,1,1,6,3.5,7,5,0
1,9,1,9,5.0,10,8,0
21,22,21,22,21.5,43,1,18
19,19,19,19,19.0,38,0,16
1,14,1,14,7.5,15,13,0
1,4,1,4,2.5,5,3,0
4,1,1,4,2.5,5,3,0
4,5,4,5,4.5,9,1,3
11,11,11,11,11.0,22,0,5
6,6,6,6,6.0,12,0,5
17,18,17,18,17.5,35,1,15
30,6,6,30,18.0,36,24,5
8,8,8,8,8.0,16,0,5
6,9,6,9,7.5,15,3,5
6,2,2,6,4.0,8,4,1
4,1,1,4,2.5,5,3,0
6,1,1,6,3.5,7,5,0
5,7,5,7,6.0,12,2,0
1,6,1,6,3.5,7,5,0
6,6,6,6,6.0,12,0,4
18,18,18,18,18.0,36,0,17
9,10,9,10,9.5,19,1,6
1,10,1,10,5.5,11,9,0
2,10,2,10,6.0,12,8,0
8,18,8,18,13.0,26,10,6
36,34,34,36,35.0,70,2,32
3,4,3,4,3.5,7,1,0
3,13,3,13,8.0,16,10,1
20,21,20,21,20.5,41,1,19
6,5,5,6,5.5,11,1,4
1,6,1,6,3.5,7,5,0
2,16,2,16,9.0,18,14,1
10,2,2,10,6.0,12,8,0
40,12,12,40,26.0,52,28,10
22,21,21,22,21.5,43,1,18
4,2,2,4,3.0,6,2,0
4,1,1,4,2.5,5,3,0
1,4,1,4,2.5,5,3,0
6,7,6,7,6.5,13,1,3
6,9,6,9,7.5,15,3,4
13,15,13,15,14.0,28,2,12
1,4,1,4,2.5,5,3,0
2,4,2,4,3.0,6,2,1
9,8,8,9,8.5,17,1,7
11,17,11,17,14.0,28,6,9
6,1,1,6,3.5,7,5,0
29,31,29,31,30.0,60,2,21
1,7,1,7,4.0,8,6,0
1,5,1,5,3.0,6,4,0
5,5,5,5,5.0,10,0,4
17,19,17,19,18.0,36,2,6
5,7,5,7,6.0,12,2,3
7,9,7,9,8.0,16,2,6
26,14,14,26,20.0,40,12,10
1,5,1,5,3.0,6,4,0
7,5,5,7,6.0,12,2,3
17,17,17,17,17.0,34,0,13
5,4,4,5,4.5,9,1,2
14,14,14,14,14.0,28,0,13
4,2,2,4,3.0,6,2,1
12,14,12,14,13.0,26,2,9
7,1,1,7,4.0,8,6,0
6,1,1,6,3.5,7,5,0
6,1,1,6,3.5,7,5,0
2,5,2,5,3.5,7,3,0
1,9,1,9,5.0,10,8,0
4,8,4,8,6.0,12,4,3
4,5,4,5,4.5,9,1,0
18,22,18,22,20.0,40,4,16
18,44,18,44,31.0,62,26,17
4,5,4,5,4.5,9,1,3
26,18,18,26,22.0,44,8,13
15,7,7,15,11.0,22,8,5
4,10,4,10,7.0,14,6,3
4,2,2,4,3.0,6,2,1
10,11,10,11,10.5,21,1,7
7,4,4,7,5.5,11,3,0
5,4,4,5,4.5,9,1,3
29,10,10,29,19.5,39,19,7
4,7,4,7,5.5,11,3,2
5,4,4,5,4.5,9,1,3
5,1,1,5,3.0,6,4,0
88,48,48,88,68.0,136,40,32
6,1,1,6,3.5,7,5,0
7,1,1,7,4.0,8,6,0
4,1,1,4,2.5,5,3,0
9,4,4,9,6.5,13,5,3
11,12,11,12,11.5,23,1,10
1,4,1,4,2.5,5,3,0
4,1,1,4,2.5,5,3,0
23,1,1,23,12.0,24,22,0
6,6,6,6,6.0,12,0,2
44,34,34,44,39.0,78,10,27
13,1,1,13,7.0,14,12,0
17,1,1,17,9.0,18,16,0
5,1,1,5,3.0,6,4,0
1,4,1,4,2.5,5,3,0
7,6,6,7,6.5,13,1,5
8,2,2,8,5.0,10,6,0
47,30,30,47,38.5,77,17,29
4,1,1,4,2.5,5,3,0
5,1,1,5,3.0,6,4,0
10,1,1,10,5.5,11,9,0
9,15,9,15,12.0,24,6,8
6,12,6,12,9.0,18,6,5
16,16,16,16,16.0,32,0,15
1,5,1,5,3.0,6,4,0
9,2,2,9,5.5,11,7,1
1,7,1,7,4.0,8,6,0
5,7,5,7,6.0,12,2,4
15,50,15,50,32.5,65,35,13
9,2,2,9,5.5,11,7,1
9,1,1,9,5.0,10,8,0
6,4,4,6,5.0,10,2,3
8,1,1,8,4.5,9,7,0
4,21,4,21,12.5,25,17,1
18,17,17,18,17.5,35,1,16
5,14,5,14,9.5,19,9,4
11,11,11,11,11.0,22,0,9
4,4,4,4,4.0,8,0,3
33,23,23,33,28.0,56,10,19
18,20,18,20,19.0,38,2,16
4,1,1,4,2.5,5,3,0
34,9,9,34,21.5,43,25,7
3,4,3,4,3.5,7,1,2
4,1,1,4,2.5,5,3,0
8,2,2,8,5.0,10,6,0
2,4,2,4,3.0,6,2,0
16,4,4,16,10.0,20,12,0
17,7,7,17,12.0,24,10,6
1,6,1,6,3.5,7,5,0
1,14,1,14,7.5,15,13,0
2,9,2,9,5.5,11,7,1
2,7,2,7,4.5,9,5,0
5,1,1,5,3.0,6,4,0
32,31,31,32,31.5,63,1,30
21,19,19,21,20.0,40,2,16
11,14,11,14,12.5,25,3,6
27,30,27,30,28.5,57,3,26
20,20,20,20,20.0,40,0,14
6,2,2,6,4.0,8,4,0
1,4,1,4,2.5,5,3,0
2,6,2,6,4.0,8,4,1
5,5,5,5,5.0,10,0,4
4,5,4,5,4.5,9,1,3
4,3,3,4,3.5,7,1,2
1,9,1,9,5.0,10,8,0
3,16,3,16,9.5,19,13,0
10,1,1,10,5.5,11,9,0
15,10,10,15,12.5,25,5,6
7,12,7,12,9.5,19,5,6
40,30,30,40,35.0,70,10,22
4,1,1,4,2.5,5,3,0
7,7,7,7,7.0,14,0,6
4,1,1,4,2.5,5,3,0
10,2,2,10,6.0,12,8,0
3,7,3,7,5.0,10,4,2
4,2,2,4,3.0,6,2,0
16,8,8,16,12.0,24,8,7
4,4,4,4,4.0,8,0,3
9,4,4,9,6.5,13,5,3
20,20,20,20,20.0,40,0,18
1,5,1,5,3.0,6,4,0
1,7,1,7,4.0,8,6,0
6,5,5,6,5.5,11,1,4
15,20,15,20,17.5,35,5,14
11,12,11,12,11.5,23,1,10
1,146,1,146,73.5,147,145,0
10,24,10,24,17.0,34,14,4
5,146,5,146,75.5,151,141,0
24,20,20,24,22.0,44,4,9
9,1,1,9,5.0,10,8,0
6,5,5,6,5.5,11,1,2
17,16,16,17,16.5,33,1,15
1,6,1,6,3.5,7,5,0
4,4,4,4,4.0,8,0,3
1,4,1,4,2.5,5,3,0
1,7,1,7,4.0,8,6,0
4,1,1,4,2.5,5,3,0
18,18,18,18,18.0,36,0,17
6,6,6,6,6.0,12,0,5
4,4,4,4,4.0,8,0,3
1,5,1,5,3.0,6,4,0
1,5,1,5,3.0,6,4,0
1,5,1,5,3.0,6,4,0
11,11,11,11,11.0,22,0,10
5,6,5,6,5.5,11,1,4
1,6,1,6,3.5,7,5,0
14,13,13,14,13.5,27,1,11
4,5,4,5,4.5,9,1,3
16,15,15,16,15.5,31,1,12
24,24,24,24,24.0,48,0,15
5,1,1,5,3.0,6,4,0
35,30,30,35,32.5,65,5,23
7,8,7,8,7.5,15,1,5
5,6,5,6,5.5,11,1,3
1,8,1,8,4.5,9,7,0
4,5,4,5,4.5,9,1,3
4,2,2,4,3.0,6,2,0
4,4,4,4,4.0,8,0,3
4,5,4,5,4.5,9,1,3
17,17,17,17,17.0,34,0,16
5,9,5,9,7.0,14,4,1
29,19,19,29,24.0,48,10,10
1,10,1,10,5.5,11,9,0
8,9,8,9,8.5,17,1,4
11,11,11,11,11.0,22,0,10
11,21,11,21,16.0,32,10,9
1,30,1,30,15.5,31,29,0
7,31,7,31,19.0,38,24,0
4,3,3,4,3.5,7,1,2
5,5,5,5,5.0,10,0,4
5,1,1,5,3.0,6,4,0
28,25,25,28,26.5,53,3,23
6,5,5,6,5.5,11,1,4
9,1,1,9,5.0,10,8,0
11,11,11,11,11.0,22,0,10
5,5,5,5,5.0,10,0,4
27,20,20,27,23.5,47,7,18
16,20,16,20,18.0,36,4,15
1,4,1,4,2.5,5,3,0
2,17,2,17,9.5,19,15,0
6,4,4,6,5.0,10,2,3
13,16,13,16,14.5,29,3,8
11,1,1,11,6.0,12,10,0
2,8,2,8,5.0,10,6,1
15,4,4,15,9.5,19,11,1
20,22,20,22,21.0,42,2,17
10,1,1,10,5.5,11,9,0
2,4,2,4,3.0,6,2,1
6,1,1,6,3.5,7,5,0
19,19,19,19,19.0,38,0,18
1,146,1,146,73.5,147,145,0
10,11,10,11,10.5,21,1,8
15,11,11,15,13.0,26,4,10
4,8,4,8,6.0,12,4,2
9,4,4,9,6.5,13,5,1
9,9,9,9,9.0,18,0,8
7,6,6,7,6.5,13,1,5
8,1,1,8,4.5,9,7,0
5,1,1,5,3.0,6,4,0
5,2,2,5,3.5,7,3,0
4,5,4,5,4.5,9,1,3
5,3,3,5,4.0,8,2,2
4,1,1,4,2.5,5,3,0
1,10,1,10,5.5,11,9,0
49,41,41,49,45.0,90,8,34
33,15,15,33,24.0,48,18,12
1,24,1,24,12.5,25,23,0
5,6,5,6,5.5,11,1,4
14,16,14,16,15.0,30,2,12
1,4,1,4,2.5,5,3,0
9,8,8,9,8.5,17,1,7
46,45,45,46,45.5,91,1,33
4,1,1,4,2.5,5,3,0
18,15,15,18,16.5,33,3,13
46,45,45,46,45.5,91,1,44
42,41,41,42,41.5,83,1,40
26,27,26,27,26.5,53,1,25
4,1,1,4,2.5,5,3,0
6,2,2,6,4.0,8,4,0
2,5,2,5,3.5,7,3,0
1,17,1,17,9.0,18,16,0
9,12,9,12,10.5,21,3,6
13,10,10,13,11.5,23,3,5
8,8,8,8,8.0,16,0,6
13,14,13,14,13.5,27,1,12
17,2,2,17,9.5,19,15,1
2,4,2,4,3.0,6,2,1
31,33,31,33,32.0,64,2,30
12,13,12,13,12.5,25,1,8
2,4,2,4,3.0,6,2,0
3,12,3,12,7.5,15,9,0
6,5,5,6,5.5,11,1,2
6,7,6,7,6.5,13,1,5
2,6,2,6,4.0,8,4,1
4,4,4,4,4.0,8,0,1
4,1,1,4,2.5,5,3,0
6,9,6,9,7.5,15,3,4
1,5,1,5,3.0,6,4,0
22,19,19,22,20.5,41,3,16
8,13,8,13,10.5,21,5,6
1,5,1,5,3.0,6,4,0
11,4,4,11,7.5,15,7,3
1,43,1,43,22.0,44,42,0
3,7,3,7,5.0,10,4,2
4,5,4,5,4.5,9,1,3
4,4,4,4,4.0,8,0,1
1,8,1,8,4.5,9,7,0
6,6,6,6,6.0,12,0,5
16,13,13,16,14.5,29,3,11
9,2,2,9,5.5,11,7,0
8,9,8,9,8.5,17,1,6
8,10,8,10,9.0,18,2,2
11,10,10,11,10.5,21,1,8
5,4,4,5,4.5,9,1,3
5,3,3,5,4.0,8,2,2
10,15,10,15,12.5,25,5,9
1,5,1,5,3.0,6,4,0
5,4,4,5,4.5,9,1,3
3,7,3,7,5.0,10,4,2
2,6,2,6,4.0,8,4,0
1,7,1,7,4.0,8,6,0
13,13,13,13,13.0,26,0,12
1,4,1,4,2.5,5,3,0
32,31,31,32,31.5,63,1,29
1,11,1,11,6.0,12,10,0
32,31,31,32,31.5,63,1,30
5,4,4,5,4.5,9,1,3
1,5,1,5,3.0,6,4,0
5,8,5,8,6.5,13,3,4
5,5,5,5,5.0,10,0,4
5,1,1,5,3.0,6,4,0
1,5,1,5,3.0,6,4,0
5,2,2,5,3.5,7,3,1
1,4,1,4,2.5,5,3,0
4,1,1,4,2.5,5,3,0
7,7,7,7,7.0,14,0,6
6,1,1,6,3.5,7,5,0
5,5,5,5,5.0,10,0,3
10,4,4,10,7.0,14,6,0
26,26,26,26,26.0,52,0,25
9,15,9,15,12.0,24,6,4
8,1,1,8,4.5,9,7,0
6,2,2,6,4.0,8,4,1
1,7,1,7,4.0,8,6,0
5,1,1,5,3.0,6,4,0
27,21,21,27,24.0,48,6,20
12,10,10,12,11.0,22,2,9
17,1,1,17,9.0,18,16,0
15,21,15,21,18.0,36,6,11
4,1,1,4,2.5,5,3,0
3,6,3,6,4.5,9,3,2
66,48,48,66,57.0,114,18,31
12,1,1,12,6.5,13,11,0
4,1,1,4,2.5,5,3,0
17,17,17,17,17.0,34,0,16
8,1,1,8,4.5,9,7,0
27,33,27,33,30.0,60,6,6
25,27,25,27,26.0,52,2,21
50,41,41,50,45.5,91,9,24
2,10,2,10,6.0,12,8,1
4,1,1,4,2.5,5,3,0
11,11,11,11,11.0,22,0,8
6,18,6,18,12.0,24,12,5
14,12,12,14,13.0,26,2,11
19,17,17,19,18.0,36,2,15
5,3,3,5,4.0,8,2,2
7,4,4,7,5.5,11,3,3
6,1,1,6,3.5,7,5,0
2,6,2,6,4.0,8,4,1
4,4,4,4,4.0,8,0,3
5,1,1,5,3.0,6,4,0
4,4,4,4,4.0,8,0,3
6,5,5,6,5.5,11,1,4
6,6,6,6,6.0,12,0,5
1,29,1,29,15.0,30,28,0
26,27,26,27,26.5,53,1,25
4,9,4,9,6.5,13,5,0
4,1,1,4,2.5,5,3,0
2,6,2,6,4.0,8,4,1
7,8,7,8,7.5,15,1,6
9,10,9,10,9.5,19,1,6
5,5,5,5,5.0,10,0,4
2,4,2,4,3.0,6,2,0
20,20,20,20,20.0,40,0,16
2,4,2,4,3.0,6,2,1
4,4,4,4,4.0,8,0,3
10,6,6,10,8.0,16,4,1
4,1,1,4,2.5,5,3,0
13,9,9,13,11.0,22,4,7
48,18,18,48,33.0,66,30,12
8,9,8,9,8.5,17,1,7
7,1,1,7,4.0,8,6,0
1,4,1,4,2.5,5,3,0
2,10,2,10,6.0,12,8,0
1,8,1,8,4.5,9,7,0
15,13,13,15,14.0,28,2,11
4,1,1,4,2.5,5,3,0
9,1,1,9,5.0,10,8,0
7,5,5,7,6.0,12,2,4
17,9,9,17,13.0,26,8,7
4,1,1,4,2.5,5,3,0
19,2,2,19,10.5,21,17,1
28,26,26,28,27.0,54,2,18
7,16,7,16,11.5,23,9,5
4,5,4,5,4.5,9,1,0
6,8,6,8,7.0,14,2,4
6,1,1,6,3.5,7,5,0
1,5,1,5,3.0,6,4,0
7,8,7,8,7.5,15,1,5
1,4,1,4,2.5,5,3,0
6,6,6,6,6.0,12,0,5
4,1,1,4,2.5,5,3,0
2,20,2,20,11.0,22,18,0
18,14,14,18,16.0,32,4,13
33,33,33,33,33.0,66,0,32
18,17,17,18,17.5,35,1,16
1,4,1,4,2.5,5,3,0
50,24,24,50,37.0,74,26,23
4,4,4,4,4.0,8,0,2
5,5,5,5,5.0,10,0,4
8,7,7,8,7.5,15,1,5
11,10,10,11,10.5,21,1,9
1,4,1,4,2.5,5,3,0
35,21,21,35,28.0,56,14,18
12,14,12,14,13.0,26,2,10
7,3,3,7,5.0,10,4,1
12,12,12,12,12.0,24,0,11
15,19,15,19,17.0,34,4,13
6,5,5,6,5.5,11,1,0
4,1,1,4,2.5,5,3,0
2,4,2,4,3.0,6,2,1
32,33,32,33,32.5,65,1,31
1,39,1,39,20.0,40,38,0
15,26,15,26,20.5,41,11,9
7,12,7,12,9.5,19,5,6
32,33,32,33,32.5,65,1,31
11,11,11,11,11.0,22,0,10
1,7,1,7,4.0,8,6,0
9,9,9,9,9.0,18,0,8
7,10,7,10,8.5,17,3,5
13,1,1,13,7.0,14,12,0
28,28,28,28,28.0,56,0,24
24,49,24,49,36.5,73,25,20
4,4,4,4,4.0,8,0,2
12,11,11,12,11.5,23,1,7
4,5,4,5,4.5,9,1,2
4,14,4,14,9.0,18,10,0
1,6,1,6,3.5,7,5,0
1,6,1,6,3.5,7,5,0
5,1,1,5,3.0,6,4,0
1,5,1,5,3.0,6,4,0
37,49,37,49,43.0,86,12,31
6,7,6,7,6.5,13,1,5
1,4,1,4,2.5,5,3,0
10,2,2,10,6.0,12,8,1
1,5,1,5,3.0,6,4,0
15,11,11,15,13.0,26,4,9
9,9,9,9,9.0,18,0,4
6,2,2,6,4.0,8,4,1
5,4,4,5,4.5,9,1,3
26,24,24,26,25.0,50,2,23
1,18,1,18,9.5,19,17,0
32,18,18,32,25.0,50,14,16
5,1,1,5,3.0,6,4,0
10,10,10,10,10.0,20,0,8
26,26,26,26,26.0,52,0,25
4,4,4,4,4.0,8,0,3
7,7,7,7,7.0,14,0,1
8,9,8,9,8.5,17,1,7
5,5,5,5,5.0,10,0,4
4,1,1,4,2.5,5,3,0
39,34,34,39,36.5,73,5,26
15,12,12,15,13.5,27,3,11
4,5,4,5,4.5,9,1,3
4,7,4,7,5.5,11,3,2
39,49,39,49,44.0,88,10,35
33,32,32,33,32.5,65,1,28
1,39,1,39,20.0,40,38,0
11,31,11,31,21.0,42,20,9
3,5,3,5,4.0,8,2,2
26,40,26,40,33.0,66,14,23
2,13,2,13,7.5,15,11,0
9,9,9,9,9.0,18,0,8
4,105,4,105,54.5,109,101,0
4,4,4,4,4.0,8,0,2
1,8,1,8,4.5,9,7,0
18,5,5,18,11.5,23,13,4
8,1,1,8,4.5,9,7,0
17,8,8,17,12.5,25,9,6
12,13,12,13,12.5,25,1,8
5,1,1,5,3.0,6,4,0
6,5,5,6,5.5,11,1,4
5,2,2,5,3.5,7,3,0
18,17,17,18,17.5,35,1,16
6,6,6,6,6.0,12,0,5
13,17,13,17,15.0,30,4,12
20,23,20,23,21.5,43,3,19
10,1,1,10,5.5,11,9,0
9,2,2,9,5.5,11,7,1
15,8,8,15,11.5,23,7,7
1,13,1,13,7.0,14,12,0
8,8,8,8,8.0,16,0,7
8,7,7,8,7.5,15,1,6
9,11,9,11,10.0,20,2,8
1,5,1,5,3.0,6,4,0
14,15,14,15,14.5,29,1,12
4,1,1,4,2.5,5,3,0
6,7,6,7,6.5,13,1,5
7,2,2,7,4.5,9,5,1
4,4,4,4,4.0,8,0,3
4,1,1,4,2.5,5,3,0
4,5,4,5,4.5,9,1,3
17,15,15,17,16.0,32,2,13
13,17,13,17,15.0,30,4,11
5,2,2,5,3.5,7,3,0
20,24,20,24,22.0,44,4,14
1,8,1,8,4.5,9,7,0
5,13,5,13,9.0,18,8,4
6,1,1,6,3.5,7,5,0
8,13,8,13,10.5,21,5,4
5,1,1,5,3.0,6,4,0
10,3,3,10,6.5,13,7,1
8,4,4,8,6.0,12,4,3
19,19,19,19,19.0,38,0,18
10,1,1,10,5.5,11,9,0
8,6,6,8,7.0,14,2,5
8,12,8,12,10.0,20,4,7
1,4,1,4,2.5,5,3,0
32,33,32,33,32.5,65,1,20
1,9,1,9,5.0,10,8,0
5,6,5,6,5.5,11,1,3
10,9,9,10,9.5,19,1,8
1,4,1,4,2.5,5,3,0
4,3,3,4,3.5,7,1,2
8,9,8,9,8.5,17,1,7
5,1,1,5,3.0,6,4,0
20,18,18,20,19.0,38,2,16
4,1,1,4,2.5,5,3,0
5,7,5,7,6.0,12,2,3
45,31,31,45,38.0,76,14,28
1,11,1,11,6.0,12,10,0
4,4,4,4,4.0,8,0,3
32,31,31,32,31.5,63,1,28
12,7,7,12,9.5,19,5,5
5,6,5,6,5.5,11,1,2
5,5,5,5,5.0,10,0,1
13,15,13,15,14.0,28,2,12
2,4,2,4,3.0,6,2,1
2,4,2,4,3.0,6,2,1
4,5,4,5,4.5,9,1,3
1,6,1,6,3.5,7,5,0
9,1,1,9,5.0,10,8,0
8,4,4,8,6.0,12,4,3
1,65,1,65,33.0,66,64,0
5,1,1,5,3.0,6,4,0
5,8,5,8,6.5,13,3,4
36,29,29,36,32.5,65,7,27
5,2,2,5,3.5,7,3,1
6,1,1,6,3.5,7,5,0
5,1,1,5,3.0,6,4,0
1,5,1,5,3.0,6,4,0
1,4,1,4,2.5,5,3,0
12,14,12,14,13.0,26,2,10
4,1,1,4,2.5,5,3,0
5,11,5,11,8.0,16,6,0
2,4,2,4,3.0,6,2,1
4,4,4,4,4.0,8,0,3
4,2,2,4,3.0,6,2,1
8,1,1,8,4.5,9,7,0
5,4,4,5,4.5,9,1,3
13,2,2,13,7.5,15,11,1
13,8,8,13,10.5,21,5,7
18,27,18,27,22.5,45,9,14
13,10,10,13,11.5,23,3,5
7,2,2,7,4.5,9,5,1
9,8,8,9,8.5,17,1,7
5,5,5,5,5.0,10,0,4
13,22,13,22,17.5,35,9,12
2,7,2,7,4.5,9,5,1
6,5,5,6,5.5,11,1,2
12,13,12,13,12.5,25,1,11
7,6,6,7,6.5,13,1,5
19,15,15,19,17.0,34,4,11
1,4,1,4,2.5,5,3,0
15,12,12,15,13.5,27,3,6
4,1,1,4,2.5,5,3,0
10,8,8,10,9.0,18,2,6
4,4,4,4,4.0,8,0,3
1,5,1,5,3.0,6,4,0
1,15,1,15,8.0,16,14,0
9,13,9,13,11.0,22,4,8
14,13,13,14,13.5,27,1,11
4,1,1,4,2.5,5,3,0
5,1,1,5,3.0,6,4,0
20,18,18,20,19.0,38,2,16
5,1,1,5,3.0,6,4,0
17,5,5,17,11.0,22,12,4
10,6,6,10,8.0,16,4,5
19,18,18,19,18.5,37,1,17
7,5,5,7,6.0,12,2,4
5,7,5,7,6.0,12,2,4
1,7,1,7,4.0,8,6,0
1,5,1,5,3.0,6,4,0
2,5,2,5,3.5,7,3,1
4,2,2,4,3.0,6,2,1
4,5,4,5,4.5,9,1,3
31,33,31,33,32.0,64,2,25
17,1,1,17,9.0,18,16,0
30,25,25,30,27.5,55,5,24
1,6,1,6,3.5,7,5,0
1,15,1,15,8.0,16,14,0
7,8,7,8,7.5,15,1,6
4,13,4,13,8.5,17,9,2
7,11,7,11,9.0,18,4,6
10,12,10,12,11.0,22,2,8
11,9,9,11,10.0,20,2,8
19,27,19,27,23.0,46,8,16
4,8,4,8,6.0,12,4,1
7,9,7,9,8.0,16,2,5
13,10,10,13,11.5,23,3,8
1,6,1,6,3.5,7,5,0
8,8,8,8,8.0,16,0,7
1,6,1,6,3.5,7,5,0
16,9,9,16,12.5,25,7,7
4,2,2,4,3.0,6,2,0
4,1,1,4,2.5,5,3,0
13,13,13,13,13.0,26,0,12
5,2,2,5,3.5,7,3,0
7,1,1,7,4.0,8,6,0
8,1,1,8,4.5,9,7,0
6,1,1,6,3.5,7,5,0
9,7,7,9,8.0,16,2,6
1,30,1,30,15.5,31,29,0
3,21,3,21,12.0,24,18,0
33,3,3,33,18.0,36,30,1
1,6,1,6,3.5,7,5,0
4,1,1,4,2.5,5,3,0
24,23,23,24,23.5,47,1,16
5,1,1,5,3.0,6,4,0
7,9,7,9,8.0,16,2,5
1,4,1,4,2.5,5,3,0
5,9,5,9,7.0,14,4,0
20,12,12,20,16.0,32,8,10
6,5,5,6,5.5,11,1,4
19,19,19,19,19.0,38,0,16
1,6,1,6,3.5,7,5,0
9,4,4,9,6.5,13,5,3
8,9,8,9,8.5,17,1,6
10,13,10,13,11.5,23,3,8
8,1,1,8,4.5,9,7,0
4,5,4,5,4.5,9,1,0
17,1,1,17,9.0,18,16,0
18,26,18,26,22.0,44,8,13
7,13,7,13,10.0,20,6,2
21,24,21,24,22.5,45,3,18
4,1,1,4,2.5,5,3,0
1,4,1,4,2.5,5,3,0
2,5,2,5,3.5,7,3,0
8,6,6,8,7.0,14,2,5
6,5,5,6,5.5,11,1,4
1,4,1,4,2.5,5,3,0
24,21,21,24,22.5,45,3,20
8,1,1,8,4.5,9,7,0
8,5,5,8,6.5,13,3,4
5,4,4,5,4.5,9,1,3
30,33,30,33,31.5,63,3,29
19,21,19,21,20.0,40,2,18
1,5,1,5,3.0,6,4,0
50,24,24,50,37.0,74,26,20
33,46,33,46,39.5,79,13,29
13,14,13,14,13.5,27,1,12
13,16,13,16,14.5,29,3,12
6,6,6,6,6.0,12,0,5
5,5,5,5,5.0,10,0,4
6,2,2,6,4.0,8,4,0
10,6,6,10,8.0,16,4,1
7,4,4,7,5.5,11,3,3
6,1,1,6,3.5,7,5,0
4,12,4,12,8.0,16,8,3
5,1,1,5,3.0,6,4,0
10,2,2,10,6.0,12,8,0
11,12,11,12,11.5,23,1,10
1,23,1,23,12.0,24,22,0
5,2,2,5,3.5,7,3,0
10,1,1,10,5.5,11,9,0
37,29,29,37,33.0,66,8,19
46,1,1,46,23.5,47,45,0
23,33,23,33,28.0,56,10,14
18,16,16,18,17.0,34,2,14
11,10,10,11,10.5,21,1,7
4,1,1,4,2.5,5,3,0
1,4,1,4,2.5,5,3,0
35,21,21,35,28.0,56,14,20
13,17,13,17,15.0,30,4,11
4,3,3,4,3.5,7,1,0
12,9,9,12,10.5,21,3,8
25,13,13,25,19.0,38,12,9
8,9,8,9,8.5,17,1,6
8,1,1,8,4.5,9,7,0
4,3,3,4,3.5,7,1,2
6,1,1,6,3.5,7,5,0
1,9,1,9,5.0,10,8,0
13,15,13,15,14.0,28,2,8
31,17,17,31,24.0,48,14,12
31,33,31,33,32.0,64,2,25
5,8,5,8,6.5,13,3,4
6,5,5,6,5.5,11,1,3
4,4,4,4,4.0,8,0,3
15,23,15,23,19.0,38,8,14
30,15,15,30,22.5,45,15,9
7,8,7,8,7.5,15,1,6
1,19,1,19,10.0,20,18,0
5,4,4,5,4.5,9,1,3
15,2,2,15,8.5,17,13,1
10,8,8,10,9.0,18,2,6
27,24,24,27,25.5,51,3,19
4,1,1,4,2.5,5,3,0
12,2,2,12,7.0,14,10,0
6,6,6,6,6.0,12,0,4
16,15,15,16,15.5,31,1,13
31,29,29,31,30.0,60,2,26
8,17,8,17,12.5,25,9,7
7,8,7,8,7.5,15,1,5
3,4,3,4,3.5,7,1,2
4,1,1,4,2.5,5,3,0
3,4,3,4,3.5,7,1,2
4,4,4,4,4.0,8,0,3
7,1,1,7,4.0,8,6,0
2,6,2,6,4.0,8,4,0
10,5,5,10,7.5,15,5,3
4,4,4,4,4.0,8,0,3
29,20,20,29,24.5,49,9,17
5,4,4,5,4.5,9,1,2
16,30,16,30,23.0,46,14,0
5,11,5,11,8.0,16,6,3
5,1,1,5,3.0,6,4,0
4,2,2,4,3.0,6,2,1
1,4,1,4,2.5,5,3,0
21,23,21,23,22.0,44,2,18
1,6,1,6,3.5,7,5,0
16,13,13,16,14.5,29,3,7
38,25,25,38,31.5,63,13,19
5,2,2,5,3.5,7,3,1
1,4,1,4,2.5,5,3,0
8,15,8,15,11.5,23,7,4
6,1,1,6,3.5,7,5,0
12,13,12,13,12.5,25,1,10
12,14,12,14,13.0,26,2,11
4,1,1,4,2.5,5,3,0
46,43,43,46,44.5,89,3,33
6,6,6,6,6.0,12,0,5
1,4,1,4,2.5,5,3,0
27,28,27,28,27.5,55,1,26
4,5,4,5,4.5,9,1,3
6,1,1,6,3.5,7,5,0
14,6,6,14,10.0,20,8,3
6,1,1,6,3.5,7,5,0
18,26,18,26,22.0,44,8,14
10,1,1,10,5.5,11,9,0
1,4,1,4,2.5,5,3,0
7,8,7,8,7.5,15,1,5
6,1,1,6,3.5,7,5,0
5,3,3,5,4.0,8,2,2
1,10,1,10,5.5,11,9,0
21,20,20,21,20.5,41,1,16
1,8,1,8,4.5,9,7,0
1,17,1,17,9.0,18,16,0
7,4,4,7,5.5,11,3,2
4,1,1,4,2.5,5,3,0
2,4,2,4,3.0,6,2,0
4,1,1,4,2.5,5,3,0
15,20,15,20,17.5,35,5,13
1,13,1,13,7.0,14,12,0
15,12,12,15,13.5,27,3,11
15,19,15,19,17.0,34,4,11
5,1,1,5,3.0,6,4,0
4,1,1,4,2.5,5,3,0
8,10,8,10,9.0,18,2,0
1,5,1,5,3.0,6,4,0
1,9,1,9,5.0,10,8,0
1,6,1,6,3.5,7,5,0
4,1,1,4,2.5,5,3,0
5,4,4,5,4.5,9,1,3
18,26,18,26,22.0,44,8,15
1,5,1,5,3.0,6,4,0
6,4,4,6,5.0,10,2,3
40,36,36,40,38.0,76,4,32
12,6,6,12,9.0,18,6,3
8,12,8,12,10.0,20,4,3
1,26,1,26,13.5,27,25,0
7,1,1,7,4.0,8,6,0
14,12,12,14,13.0,26,2,11
6,5,5,6,5.5,11,1,4
20,15,15,20,17.5,35,5,11
2,7,2,7,4.5,9,5,1
6,1,1,6,3.5,7,5,0
6,7,6,7,6.5,13,1,5
1,8,1,8,4.5,9,7,0
11,10,10,11,10.5,21,1,7
1,4,1,4,2.5,5,3,0
1,5,1,5,3.0,6,4,0
1,4,1,4,2.5,5,3,0
13,12,12,13,12.5,25,1,11
4,1,1,4,2.5,5,3,0
2,4,2,4,3.0,6,2,1
4,12,4,12,8.0,16,8,1
17,8,8,17,12.5,25,9,5
13,13,13,13,13.0,26,0,12
13,12,12,13,12.5,25,1,11
6,6,6,6,6.0,12,0,3
4,1,1,4,2.5,5,3,0
11,13,11,13,12.0,24,2,9
1,6,1,6,3.5,7,5,0
3,10,3,10,6.5,13,7,1
4,23,4,23,13.5,27,19,3
1,6,1,6,3.5,7,5,0
1,5,1,5,3.0,6,4,0
9,7,7,9,8.0,16,2,6
4,1,1,4,2.5,5,3,0
8,8,8,8,8.0,16,0,5
6,6,6,6,6.0,12,0,5
43,88,43,88,65.5,131,45,38
4,9,4,9,6.5,13,5,3
1,6,1,6,3.5,7,5,0
30,15,15,30,22.5,45,15,8
12,11,11,12,11.5,23,1,9
1,18,1,18,9.5,19,17,0
13,13,13,13,13.0,26,0,12
1,55,1,55,28.0,56,54,0
7,6,6,7,6.5,13,1,5
5,1,1,5,3.0,6,4,0
1,5,1,5,3.0,6,4,0
4,1,1,4,2.5,5,3,0
10,8,8,10,9.0,18,2,7
11,5,5,11,8.0,16,6,4
5,4,4,5,4.5,9,1,3
7,7,7,7,7.0,14,0,6
10,15,10,15,12.5,25,5,8
10,1,1,10,5.5,11,9,0
1,16,1,16,8.5,17,15,0
39,26,26,39,32.5,65,13,24
7,7,7,7,7.0,14,0,6
24,16,16,24,20.0,40,8,9
5,2,2,5,3.5,7,3,1
12,17,12,17,14.5,29,5,11
7,5,5,7,6.0,12,2,4
4,1,1,4,2.5,5,3,0
5,1,1,5,3.0,6,4,0
2,9,2,9,5.5,11,7,1
10,1,1,10,5.5,11,9,0
31,30,30,31,30.5,61,1,27
4,5,4,5,4.5,9,1,3
9,16,9,16,12.5,25,7,6
1,17,1,17,9.0,18,16,0
1,4,1,4,2.5,5,3,0
1,4,1,4,2.5,5,3,0
12,12,12,12,12.0,24,0,11
12,5,5,12,8.5,17,7,0
6,1,1,6,3.5,7,5,0
1,4,1,4,2.5,5,3,0
1,6,1,6,3.5,7,5,0
10,11,10,11,10.5,21,1,8
13,1,1,13,7.0,14,12,0
23,24,23,24,23.5,47,1,22
8,7,7,8,7.5,15,1,5
6,12,6,12,9.0,18,6,5
9,7,7,9,8.0,16,2,1
4,2,2,4,3.0,6,2,1
37,49,37,49,43.0,86,12,34
30,46,30,46,38.0,76,16,23
4,5,4,5,4.5,9,1,3
4,5,4,5,4.5,9,1,3
8,5,5,8,6.5,13,3,4
5,1,1,5,3.0,6,4,0
9,8,8,9,8.5,17,1,7
7,7,7,7,7.0,14,0,6
5,2,2,5,3.5,7,3,0
3,15,3,15,9.0,18,12,0
1,5,1,5,3.0,6,4,0
14,12,12,14,13.0,26,2,11
8,9,8,9,8.5,17,1,0
11,11,11,11,11.0,22,0,10
20,11,11,20,15.5,31,9,9
10,3,3,10,6.5,13,7,1
1,4,1,4,2.5,5,3,0
19,18,18,19,18.5,37,1,16
13,9,9,13,11.0,22,4,2
4,3,3,4,3.5,7,1,2
1,7,1,7,4.0,8,6,0
1,23,1,23,12.0,24,22,0
6,20,6,20,13.0,26,14,5
5,5,5,5,5.0,10,0,4
4,4,4,4,4.0,8,0,3
1,4,1,4,2.5,5,3,0
14,21,14,21,17.5,35,7,11
1,6,1,6,3.5,7,5,0
10,10,10,10,10.0,20,0,8
1,4,1,4,2.5,5,3,0
1,7,1,7,4.0,8,6,0
9,13,9,13,11.0,22,4,4
49,49,49,49,49.0,98,0,48
5,1,1,5,3.0,6,4,0
2,6,2,6,4.0,8,4,1
1,4,1,4,2.5,5,3,0
7,5,5,7,6.0,12,2,1
22,28,22,28,25.0,50,6,19
1,5,1,5,3.0,6,4,0
41,31,31,41,36.0,72,10,24
5,4,4,5,4.5,9,1,0
1,5,1,5,3.0,6,4,0
28,49,28,49,38.5,77,21,27
5,1,1,5,3.0,6,4,0
51,28,28,51,39.5,79,23,24
39,23,23,39,31.0,62,16,19
11,2,2,11,6.5,13,9,0
55,10,10,55,32.5,65,45,0
1,24,1,24,12.5,25,23,0
1,5,1,5,3.0,6,4,0
1,4,1,4,2.5,5,3,0
2,5,2,5,3.5,7,3,0
1,5,1,5,3.0,6,4,0
10,20,10,20,15.0,30,10,8
12,4,4,12,8.0,16,8,3
4,1,1,4,2.5,5,3,0
1,4,1,4,2.5,5,3,0
24,9,9,24,16.5,33,15,8
5,5,5,5,5.0,10,0,4
2,4,2,4,3.0,6,2,1
1,4,1,4,2.5,5,3,0
10,9,9,10,9.5,19,1,7
12,15,12,15,13.5,27,3,11
4,7,4,7,5.5,11,3,0
10,1,1,10,5.5,11,9,0
12,11,11,12,11.5,23,1,10
1,4,1,4,2.5,5,3,0
38,19,19,38,28.5,57,19,14
1,4,1,4,2.5,5,3,0
13,13,13,13,13.0,26,0,12
1,10,1,10,5.5,11,9,0
23,28,23,28,25.5,51,5,21
1,5,1,5,3.0,6,4,0
12,7,7,12,9.5,19,5,4
21,18,18,21,19.5,39,3,17
13,31,13,31,22.0,44,18,10
6,5,5,6,5.5,11,1,1
1,11,1,11,6.0,12,10,0
1,4,1,4,2.5,5,3,0
17,17,17,17,17.0,34,0,16
1,12,1,12,6.5,13,11,0
13,11,11,13,12.0,24,2,9
15,20,15,20,17.5,35,5,9
10,11,10,11,10.5,21,1,9
4,5,4,5,4.5,9,1,3
1,6,1,6,3.5,7,5,0
8,9,8,9,8.5,17,1,7
1,5,1,5,3.0,6,4,0
1,4,1,4,2.5,5,3,0
1,5,1,5,3.0,6,4,0
2,5,2,5,3.5,7,3,1
23,21,21,23,22.0,44,2,20
10,17,10,17,13.5,27,7,6
8,1,1,8,4.5,9,7,0
1,4,1,4,2.5,5,3,0
17,17,17,17,17.0,34,0,13
5,5,5,5,5.0,10,0,4
4,5,4,5,4.5,9,1,0
6,7,6,7,6.5,13,1,4
1,5,1,5,3.0,6,4,0
7,7,7,7,7.0,14,0,6
8,1,1,8,4.5,9,7,0
6,6,6,6,6.0,12,0,4
1,8,1,8,4.5,9,7,0
6,1,1,6,3.5,7,5,0
13,17,13,17,15.0,30,4,6
33,42,33,42,37.5,75,9,27
4,4,4,4,4.0,8,0,2
1,24,1,24,12.5,25,23,0
9,22,9,22,15.5,31,13,8
12,6,6,12,9.0,18,6,4
19,19,19,19,19.0,38,0,16
12,12,12,12,12.0,24,0,9
1,32,1,32,16.5,33,31,0
5,1,1,5,3.0,6,4,0
25,11,11,25,18.0,36,14,10
11,12,11,12,11.5,23,1,10
17,12,12,17,14.5,29,5,10
5,4,4,5,4.5,9,1,3
8,8,8,8,8.0,16,0,7
2,5,2,5,3.5,7,3,0
1,5,1,5,3.0,6,4,0
1,5,1,5,3.0,6,4,0
4,1,1,4,2.5,5,3,0
1,7,1,7,4.0,8,6,0
4,2,2,4,3.0,6,2,0
6,1,1,6,3.5,7,5,0
21,20,20,21,20.5,41,1,16
10,7,7,10,8.5,17,3,5
4,5,4,5,4.5,9,1,2
27,16,16,27,21.5,43,11,13
44,25,25,44,34.5,69,19,20
1,19,1,19,10.0,20,18,0
23,20,20,23,21.5,43,3,15
1,8,1,8,4.5,9,7,0
5,4,4,5,4.5,9,1,3
15,2,2,15,8.5,17,13,0
3,5,3,5,4.0,8,2,0
5,2,2,5,3.5,7,3,1
19,19,19,19,19.0,38,0,16
11,9,9,11,10.0,20,2,4
10,1,1,10,5.5,11,9,0
5,2,2,5,3.5,7,3,1
44,39,39,44,41.5,83,5,35
1,4,1,4,2.5,5,3,0
13,9,9,13,11.0,22,4,7
11,2,2,11,6.5,13,9,1
17,17,17,17,17.0,34,0,15
7,8,7,8,7.5,15,1,5
1,4,1,4,2.5,5,3,0
5,1,1,5,3.0,6,4,0
2,5,2,5,3.5,7,3,0
10,4,4,10,7.0,14,6,3
7,6,6,7,6.5,13,1,5
8,7,7,8,7.5,15,1,6
25,32,25,32,28.5,57,7,23
7,9,7,9,8.0,16,2,6
13,7,7,13,10.0,20,6,5
17,15,15,17,16.0,32,2,14
4,4,4,4,4.0,8,0,3
11,9,9,11,10.0,20,2,7
2,4,2,4,3.0,6,2,1
49,43,43,49,46.0,92,6,41
3,5,3,5,4.0,8,2,2
1,5,1,5,3.0,6,4,0
10,15,10,15,12.5,25,5,6
11,6,6,11,8.5,17,5,5
4,1,1,4,2.5,5,3,0
4,1,1,4,2.5,5,3,0
3,21,3,21,12.0,24,18,2
2,14,2,14,8.0,16,12,1
12,6,6,12,9.0,18,6,5
1,7,1,7,4.0,8,6,0
1,16,1,16,8.5,17,15,0
36,16,16,36,26.0,52,20,11
4,2,2,4,3.0,6,2,1
5,4,4,5,4.5,9,1,2
5,5,5,5,5.0,10,0,4
30,25,25,30,27.5,55,5,23
5,2,2,5,3.5,7,3,1
2,4,2,4,3.0,6,2,0
4,11,4,11,7.5,15,7,1
1,9,1,9,5.0,10,8,0
5,5,5,5,5.0,10,0,4
1,5,1,5,3.0,6,4,0
5,1,1,5,3.0,6,4,0
30,7,7,30,18.5,37,23,0
51,23,23,51,37.0,74,28,21
4,6,4,6,5.0,10,2,3
8,8,8,8,8.0,16,0,6
12,12,12,12,12.0,24,0,10
4,2,2,4,3.0,6,2,0
5,13,5,13,9.0,18,8,4
4,1,1,4,2.5,5,3,0
4,1,1,4,2.5,5,3,0
5,1,1,5,3.0,6,4,0
1,6,1,6,3.5,7,5,0
24,21,21,24,22.5,45,3,19
5,5,5,5,5.0,10,0,4
5,5,5,5,5.0,10,0,4
4,4,4,4,4.0,8,0,3
1,4,1,4,2.5,5,3,0
17,15,15,17,16.0,32,2,14
7,1,1,7,4.0,8,6,0
4,1,1,4,2.5,5,3,0
5,5,5,5,5.0,10,0,4
5,1,1,5,3.0,6,4,0
5,1,1,5,3.0,6,4,0
14,12,12,14,13.0,26,2,10
5,1,1,5,3.0,6,4,0
13,10,10,13,11.5,23,3,9
34,1,1,34,17.5,35,33,0
10,15,10,15,12.5,25,5,7
1,5,1,5,3.0,6,4,0
5,4,4,5,4.5,9,1,0
1,4,1,4,2.5,5,3,0
5,7,5,7,6.0,12,2,0
2,4,2,4,3.0,6,2,0
4,5,4,5,4.5,9,1,0
1,4,1,4,2.5,5,3,0
1,5,1,5,3.0,6,4,0
1,6,1,6,3.5,7,5,0
7,9,7,9,8.0,16,2,6
5,6,5,6,5.5,11,1,4
1,4,1,4,2.5,5,3,0
5,4,4,5,4.5,9,1,3
2,7,2,7,4.5,9,5,0
5,4,4,5,4.5,9,1,3
2,5,2,5,3.5,7,3,0
5,6,5,6,5.5,11,1,4
5,2,2,5,3.5,7,3,0
8,1,1,8,4.5,9,7,0
2,4,2,4,3.0,6,2,0
1,5,1,5,3.0,6,4,0
1,19,1,19,10.0,20,18,0
1,4,1,4,2.5,5,3,0
9,8,8,9,8.5,17,1,5
19,16,16,19,17.5,35,3,14
6,1,1,6,3.5,7,5,0
5,2,2,5,3.5,7,3,1
7,7,7,7,7.0,14,0,6
11,12,11,12,11.5,23,1,10
8,1,1,8,4.5,9,7,0
1,6,1,6,3.5,7,5,0
8,2,2,8,5.0,10,6,1
5,5,5,5,5.0,10,0,4
21,16,16,21,18.5,37,5,12
1,12,1,12,6.5,13,11,0
1,5,1,5,3.0,6,4,0
1,4,1,4,2.5,5,3,0
18,20,18,20,19.0,38,2,17
8,8,8,8,8.0,16,0,7
14,21,14,21,17.5,35,7,13
19,15,15,19,17.0,34,4,13
9,16,9,16,12.5,25,7,3
9,15,9,15,12.0,24,6,8
11,1,1,11,6.0,12,10,0
8,5,5,8,6.5,13,3,0
17,13,13,17,15.0,30,4,9
6,1,1,6,3.5,7,5,0
6,5,5,6,5.5,11,1,2
12,1,1,12,6.5,13,11,0
11,18,11,18,14.5,29,7,8
4,1,1,4,2.5,5,3,0
5,7,5,7,6.0,12,2,4
10,1,1,10,5.5,11,9,0
11,1,1,11,6.0,12,10,0
12,7,7,12,9.5,19,5,5
8,7,7,8,7.5,15,1,6
7,5,5,7,6.0,12,2,4
6,1,1,6,3.5,7,5,0
3,5,3,5,4.0,8,2,2
7,7,7,7,7.0,14,0,4
4,1,1,4,2.5,5,3,0
2,16,2,16,9.0,18,14,1
5,1,1,5,3.0,6,4,0
25,10,10,25,17.5,35,15,5
4,1,1,4,2.5,5,3,0
1,4,1,4,2.5,5,3,0
2,5,2,5,3.5,7,3,1
6,31,6,31,18.5,37,25,3
4,1,1,4,2.5,5,3,0
6,2,2,6,4.0,8,4,1
8,10,8,10,9.0,18,2,5
49,3,3,49,26.0,52,46,2
18,17,17,18,17.5,35,1,13
11,8,8,11,9.5,19,3,7
5,1,1,5,3.0,6,4,0
1,6,1,6,3.5,7,5,0
9,3,3,9,6.0,12,6,2
19,16,16,19,17.5,35,3,11
6,1,1,6,3.5,7,5,0
15,13,13,15,14.0,28,2,12
31,27,27,31,29.0,58,4,26
7,2,2,7,4.5,9,5,1
1,6,1,6,3.5,7,5,0
7,5,5,7,6.0,12,2,3
8,5,5,8,6.5,13,3,3
8,146,8,146,77.0,154,138,0
4,3,3,4,3.5,7,1,2
8,9,8,9,8.5,17,1,7
4,1,1,4,2.5,5,3,0
8,2,2,8,5.0,10,6,0
21,21,21,21,21.0,42,0,19
2,7,2,7,4.5,9,5,1
4,1,1,4,2.5,5,3,0
4,1,1,4,2.5,5,3,0
9,13,9,13,11.0,22,4,5
2,4,2,4,3.0,6,2,0
16,2,2,16,9.0,18,14,1
1,5,1,5,3.0,6,4,0
5,1,1,5,3.0,6,4,0
4,1,1,4,2.5,5,3,0
4,1,1,4,2.5,5,3,0
1,4,1,4,2.5,5,3,0
10,6,6,10,8.0,16,4,5
1,5,1,5,3.0,6,4,0
4,7,4,7,5.5,11,3,3
6,9,6,9,7.5,15,3,4
1,4,1,4,2.5,5,3,0
4,8,4,8,6.0,12,4,1
4,5,4,5,4.5,9,1,3
10,10,10,10,10.0,20,0,8
12,12,12,12,12.0,24,0,9
10,4,4,10,7.0,14,6,3
4,1,1,4,2.5,5,3,0
4,1,1,4,2.5,5,3,0
8,1,1,8,4.5,9,7,0
4,4,4,4,4.0,8,0,3
11,9,9,11,10.0,20,2,7
17,20,17,20,18.5,37,3,15
10,15,10,15,12.5,25,5,6
1,7,1,7,4.0,8,6,0
1,34,1,34,17.5,35,33,0
4,4,4,4,4.0,8,0,3
1,4,1,4,2.5,5,3,0
5,1,1,5,3.0,6,4,0
12,8,8,12,10.0,20,4,5
9,5,5,9,7.0,14,4,4
5,1,1,5,3.0,6,4,0
8,7,7,8,7.5,15,1,6
1,4,1,4,2.5,5,3,0
15,6,6,15,10.5,21,9,5
1,4,1,4,2.5,5,3,0
5,6,5,6,5.5,11,1,2
27,29,27,29,28.0,56,2,14
5,6,5,6,5.5,11,1,4
9,20,9,20,14.5,29,11,8
23,48,23,48,35.5,71,25,19
14,14,14,14,14.0,28,0,9
9,8,8,9,8.5,17,1,6
5,6,5,6,5.5,11,1,0
10,22,10,22,16.0,32,12,1
17,15,15,17,16.0,32,2,12
6,11,6,11,8.5,17,5,0
9,5,5,9,7.0,14,4,2
21,21,21,21,21.0,42,0,18
24,18,18,24,21.0,42,6,12
1,7,1,7,4.0,8,6,0
14,14,14,14,14.0,28,0,13
3,5,3,5,4.0,8,2,2
25,10,10,25,17.5,35,15,6
15,27,15,27,21.0,42,12,14
5,5,5,5,5.0,10,0,4
1,7,1,7,4.0,8,6,0
13,12,12,13,12.5,25,1,11
19,17,17,19,18.0,36,2,15
1,6,1,6,3.5,7,5,0
10,8,8,10,9.0,18,2,6
8,7,7,8,7.5,15,1,4
11,11,11,11,11.0,22,0,10
2,4,2,4,3.0,6,2,1
1,6,1,6,3.5,7,5,0
14,10,10,14,12.0,24,4,8
4,5,4,5,4.5,9,1,3
33,25,25,33,29.0,58,8,22
1,8,1,8,4.5,9,7,0
1,10,1,10,5.5,11,9,0
1,4,1,4,2.5,5,3,0
4,1,1,4,2.5,5,3,0
5,5,5,5,5.0,10,0,3
5,1,1,5,3.0,6,4,0
5,1,1,5,3.0,6,4,0
18,17,17,18,17.5,35,1,14
17,18,17,18,17.5,35,1,15
6,1,1,6,3.5,7,5,0
21,21,21,21,21.0,42,0,20
3,9,3,9,6.0,12,6,0
1,26,1,26,13.5,27,25,0
14,17,14,17,15.5,31,3,13
6,1,1,6,3.5,7,5,0
21,41,21,41,31.0,62,20,18
8,8,8,8,8.0,16,0,6
26,25,25,26,25.5,51,1,23
4,1,1,4,2.5,5,3,0
51,49,49,51,50.0,100,2,48
25,25,25,25,25.0,50,0,24
8,8,8,8,8.0,16,0,7
7,1,1,7,4.0,8,6,0
5,1,1,5,3.0,6,4,0
8,11,8,11,9.5,19,3,6
7,9,7,9,8.0,16,2,0
13,6,6,13,9.5,19,7,5
9,6,6,9,7.5,15,3,4
1,5,1,5,3.0,6,4,0
7,1,1,7,4.0,8,6,0
24,26,24,26,25.0,50,2,18
2,4,2,4,3.0,6,2,0
4,5,4,5,4.5,9,1,3
2,4,2,4,3.0,6,2,0
1,5,1,5,3.0,6,4,0
3,6,3,6,4.5,9,3,1
14,24,14,24,19.0,38,10,12
1,5,1,5,3.0,6,4,0
5,5,5,5,5.0,10,0,4
1,5,1,5,3.0,6,4,0
8,6,6,8,7.0,14,2,5
26,27,26,27,26.5,53,1,24
18,19,18,19,18.5,37,1,16
1,5,1,5,3.0,6,4,0
7,8,7,8,7.5,15,1,5
8,1,1,8,4.5,9,7,0
4,18,4,18,11.0,22,14,2
4,7,4,7,5.5,11,3,2
1,4,1,4,2.5,5,3,0
1,26,1,26,13.5,27,25,0
36,44,36,44,40.0,80,8,33
5,1,1,5,3.0,6,4,0
9,2,2,9,5.5,11,7,1
37,1,1,37,19.0,38,36,0
1,4,1,4,2.5,5,3,0
20,18,18,20,19.0,38,2,17
17,1,1,17,9.0,18,16,0
54,11,11,54,32.5,65,43,8
2,6,2,6,4.0,8,4,0
36,38,36,38,37.0,74,2,29
8,25,8,25,16.5,33,17,0
9,7,7,9,8.0,16,2,3
7,13,7,13,10.0,20,6,3
1,4,1,4,2.5,5,3,0
1,88,1,88,44.5,89,87,0
1,4,1,4,2.5,5,3,0
10,11,10,11,10.5,21,1,8
6,5,5,6,5.5,11,1,3
4,9,4,9,6.5,13,5,0
19,2,2,19,10.5,21,17,0
15,18,15,18,16.5,33,3,8
5,6,5,6,5.5,11,1,4
20,15,15,20,17.5,35,5,13
1,8,1,8,4.5,9,7,0
5,4,4,5,4.5,9,1,3
7,8,7,8,7.5,15,1,5
1,5,1,5,3.0,6,4,0
5,5,5,5,5.0,10,0,4
10,8,8,10,9.0,18,2,2
4,1,1,4,2.5,5,3,0
10,9,9,10,9.5,19,1,7
15,7,7,15,11.0,22,8,5
5,5,5,5,5.0,10,0,4
5,1,1,5,3.0,6,4,0
11,8,8,11,9.5,19,3,7
7,7,7,7,7.0,14,0,6
1,6,1,6,3.5,7,5,0
7,5,5,7,6.0,12,2,4
4,1,1,4,2.5,5,3,0
4,2,2,4,3.0,6,2,1
4,1,1,4,2.5,5,3,0
6,5,5,6,5.5,11,1,3
1,5,1,5,3.0,6,4,0
9,4,4,9,6.5,13,5,1
6,6,6,6,6.0,12,0,2
7,13,7,13,10.0,20,6,6
9,6,6,9,7.5,15,3,3
4,8,4,8,6.0,12,4,0
13,17,13,17,15.0,30,4,7
27,50,27,50,38.5,77,23,19
4,7,4,7,5.5,11,3,0
19,21,19,21,20.0,40,2,18
19,18,18,19,18.5,37,1,17
4,1,1,4,2.5,5,3,0
12,15,12,15,13.5,27,3,10
4,1,1,4,2.5,5,3,0
6,6,6,6,6.0,12,0,2
1,9,1,9,5.0,10,8,0
49,20,20,49,34.5,69,29,19
19,27,19,27,23.0,46,8,16
25,25,25,25,25.0,50,0,24
3,8,3,8,5.5,11,5,2
28,34,28,34,31.0,62,6,10
30,9,9,30,19.5,39,21,0
3,4,3,4,3.5,7,1,0
7,6,6,7,6.5,13,1,5
1,4,1,4,2.5,5,3,0
4,1,1,4,2.5,5,3,0
9,1,1,9,5.0,10,8,0
1,8,1,8,4.5,9,7,0
4,4,4,4,4.0,8,0,3
23,29,23,29,26.0,52,6,15
6,10,6,10,8.0,16,4,5
13,13,13,13,13.0,26,0,12
21,11,11,21,16.0,32,10,9
1,5,1,5,3.0,6,4,0
49,38,38,49,43.5,87,11,19
6,1,1,6,3.5,7,5,0
27,27,27,27,27.0,54,0,19
5,9,5,9,7.0,14,4,2
20,12,12,20,16.0,32,8,11
11,24,11,24,17.5,35,13,7
5,1,1,5,3.0,6,4,0
1,6,1,6,3.5,7,5,0
13,14,13,14,13.5,27,1,12
1,9,1,9,5.0,10,8,0
4,1,1,4,2.5,5,3,0
15,3,3,15,9.0,18,12,0
4,4,4,4,4.0,8,0,2
16,21,16,21,18.5,37,5,11
5,2,2,5,3.5,7,3,1
2,4,2,4,3.0,6,2,0
7,7,7,7,7.0,14,0,6
7,8,7,8,7.5,15,1,6
34,55,34,55,44.5,89,21,22
2,8,2,8,5.0,10,6,1
5,5,5,5,5.0,10,0,4
26,27,26,27,26.5,53,1,25
1,7,1,7,4.0,8,6,0
17,61,17,61,39.0,78,44,8
5,4,4,5,4.5,9,1,3
11,13,11,13,12.0,24,2,8
1,14,1,14,7.5,15,13,0
5,11,5,11,8.0,16,6,0
5,4,4,5,4.5,9,1,1
5,1,1,5,3.0,6,4,0
1,4,1,4,2.5,5,3,0
4,1,1,4,2.5,5,3,0
6,1,1,6,3.5,7,5,0
7,10,7,10,8.5,17,3,5
1,7,1,7,4.0,8,6,0
1,6,1,6,3.5,7,5,0
1,4,1,4,2.5,5,3,0
1,4,1,4,2.5,5,3,0
5,6,5,6,5.5,11,1,4
24,20,20,24,22.0,44,4,12
4,8,4,8,6.0,12,4,3
18,23,18,23,20.5,41,5,17
16,20,16,20,18.0,36,4,14
1,5,1,5,3.0,6,4,0
17,24,17,24,20.5,41,7,14
5,4,4,5,4.5,9,1,2
2,4,2,4,3.0,6,2,1
17,16,16,17,16.5,33,1,9
1,10,1,10,5.5,11,9,0
4,4,4,4,4.0,8,0,3
4,1,1,4,2.5,5,3,0
31,36,31,36,33.5,67,5,28
6,11,6,11,8.5,17,5,5
5,29,5,29,17.0,34,24,0
6,1,1,6,3.5,7,5,0
5,4,4,5,4.5,9,1,3
6,22,6,22,14.0,28,16,0
22,19,19,22,20.5,41,3,18
6,5,5,6,5.5,11,1,2
2,4,2,4,3.0,6,2,1
4,5,4,5,4.5,9,1,3
15,15,15,15,15.0,30,0,13
5,1,1,5,3.0,6,4,0
10,7,7,10,8.5,17,3,4
12,11,11,12,11.5,23,1,8
11,11,11,11,11.0,22,0,10
4,1,1,4,2.5,5,3,0
23,20,20,23,21.5,43,3,17
8,11,8,11,9.5,19,3,6
3,4,3,4,3.5,7,1,2
5,5,5,5,5.0,10,0,4
1,8,1,8,4.5,9,7,0
5,11,5,11,8.0,16,6,4
4,7,4,7,5.5,11,3,1
6,6,6,6,6.0,12,0,5
4,4,4,4,4.0,8,0,3
11,8,8,11,9.5,19,3,5
4,4,4,4,4.0,8,0,3
8,19,8,19,13.5,27,11,4
19,27,19,27,23.0,46,8,17
9,2,2,9,5.5,11,7,1
12,1,1,12,6.5,13,11,0
18,18,18,18,18.0,36,0,17
23,17,17,23,20.0,40,6,14
22,21,21,22,21.5,43,1,16
1,6,1,6,3.5,7,5,0
4,1,1,4,2.5,5,3,0
5,6,5,6,5.5,11,1,3
14,1,1,14,7.5,15,13,0
4,5,4,5,4.5,9,1,3
7,15,7,15,11.0,22,8,6
4,4,4,4,4.0,8,0,3
4,1,1,4,2.5,5,3,0
32,31,31,32,31.5,63,1,28
10,11,10,11,10.5,21,1,5
19,21,19,21,20.0,40,2,9
46,29,29,46,37.5,75,17,20
7,6,6,7,6.5,13,1,5
1,5,1,5,3.0,6,4,0
23,25,23,25,24.0,48,2,21
4,33,4,33,18.5,37,29,1
4,1,1,4,2.5,5,3,0
13,12,12,13,12.5,25,1,11
33,20,20,33,26.5,53,13,18
4,1,1,4,2.5,5,3,0
7,4,4,7,5.5,11,3,3
9,4,4,9,6.5,13,5,0
26,26,26,26,26.0,52,0,25
5,8,5,8,6.5,13,3,2
1,8,1,8,4.5,9,7,0
5,1,1,5,3.0,6,4,0
17,19,17,19,18.0,36,2,16
4,1,1,4,2.5,5,3,0
11,10,10,11,10.5,21,1,1
1,7,1,7,4.0,8,6,0
1,16,1,16,8.5,17,15,0
17,33,17,33,25.0,50,16,14
1,43,1,43,22.0,44,42,0
1,5,1,5,3.0,6,4,0
6,5,5,6,5.5,11,1,3
11,14,11,14,12.5,25,3,10
6,1,1,6,3.5,7,5,0
4,4,4,4,4.0,8,0,1
3,5,3,5,4.0,8,2,1
1,5,1,5,3.0,6,4,0
1,10,1,10,5.5,11,9,0
18,25,18,25,21.5,43,7,6
10,31,10,31,20.5,41,21,0
11,14,11,14,12.5,25,3,6
12,11,11,12,11.5,23,1,10
4,1,1,4,2.5,5,3,0
8,9,8,9,8.5,17,1,6
5,5,5,5,5.0,10,0,4
2,5,2,5,3.5,7,3,1
11,13,11,13,12.0,24,2,10
5,1,1,5,3.0,6,4,0
6,11,6,11,8.5,17,5,4
13,22,13,22,17.5,35,9,7
1,6,1,6,3.5,7,5,0
9,1,1,9,5.0,10,8,0
7,1,1,7,4.0,8,6,0
1,8,1,8,4.5,9,7,0
6,6,6,6,6.0,12,0,5
1,4,1,4,2.5,5,3,0
4,5,4,5,4.5,9,1,3
8,1,1,8,4.5,9,7,0
10,1,1,10,5.5,11,9,0
1,5,1,5,3.0,6,4,0
4,1,1,4,2.5,5,3,0
2,5,2,5,3.5,7,3,1
1,15,1,15,8.0,16,14,0
4,4,4,4,4.0,8,0,3
1,10,1,10,5.5,11,9,0
11,4,4,11,7.5,15,7,2
10,8,8,10,9.0,18,2,7
1,14,1,14,7.5,15,13,0
8,1,1,8,4.5,9,7,0
35,41,35,41,38.0,76,6,27
4,3,3,4,3.5,7,1,2
19,15,15,19,17.0,34,4,9
1,6,1,6,3.5,7,5,0
9,1,1,9,5.0,10,8,0
1,9,1,9,5.0,10,8,0
7,7,7,7,7.0,14,0,4
4,1,1,4,2.5,5,3,0
6,7,6,7,6.5,13,1,4
1,8,1,8,4.5,9,7,0
1,13,1,13,7.0,14,12,0
7,7,7,7,7.0,14,0,5
12,11,11,12,11.5,23,1,9
10,48,10,48,29.0,58,38,7
1,5,1,5,3.0,6,4,0
2,4,2,4,3.0,6,2,1
10,1,1,10,5.5,11,9,0
9,1,1,9,5.0,10,8,0
6,7,6,7,6.5,13,1,5
6,6,6,6,6.0,12,0,5
5,6,5,6,5.5,11,1,4
11,13,11,13,12.0,24,2,10
12,19,12,19,15.5,31,7,11
25,18,18,25,21.5,43,7,14
1,5,1,5,3.0,6,4,0
4,1,1,4,2.5,5,3,0
7,5,5,7,6.0,12,2,4
1,5,1,5,3.0,6,4,0
7,7,7,7,7.0,14,0,6
1,8,1,8,4.5,9,7,0
7,7,7,7,7.0,14,0,6
17,2,2,17,9.5,19,15,1
3,12,3,12,7.5,15,9,2
16,6,6,16,11.0,22,10,5
3,13,3,13,8.0,16,10,1
4,5,4,5,4.5,9,1,0
29,26,26,29,27.5,55,3,25
9,4,4,9,6.5,13,5,3
8,9,8,9,8.5,17,1,7
25,31,25,31,28.0,56,6,24
2,5,2,5,3.5,7,3,0
11,18,11,18,14.5,29,7,10
1,4,1,4,2.5,5,3,0
1,4,1,4,2.5,5,3,0
12,6,6,12,9.0,18,6,3
6,7,6,7,6.5,13,1,5
4,2,2,4,3.0,6,2,0
13,11,11,13,12.0,24,2,9
3,33,3,33,18.0,36,30,1
9,6,6,9,7.5,15,3,5
4,6,4,6,5.0,10,2,1
2,13,2,13,7.5,15,11,0
37,41,37,41,39.0,78,4,27
5,1,1,5,3.0,6,4,0
15,2,2,15,8.5,17,13,1
8,5,5,8,6.5,13,3,2
1,13,1,13,7.0,14,12,0
3,11,3,11,7.0,14,8,1
1,4,1,4,2.5,5,3,0
1,4,1,4,2.5,5,3,0
2,11,2,11,6.5,13,9,0
2,9,2,9,5.5,11,7,0
2,13,2,13,7.5,15,11,1
17,1,1,17,9.0,18,16,0
4,4,4,4,4.0,8,0,2
8,10,8,10,9.0,18,2,2
24,22,22,24,23.0,46,2,17
15,15,15,15,15.0,30,0,13
3,7,3,7,5.0,10,4,1
9,9,9,9,9.0,18,0,8
7,7,7,7,7.0,14,0,2
14,6,6,14,10.0,20,8,5
1,4,1,4,2.5,5,3,0
8,25,8,25,16.5,33,17,7
4,1,1,4,2.5,5,3,0
41,46,41,46,43.5,87,5,39
8,1,1,8,4.5,9,7,0
30,13,13,30,21.5,43,17,9
4,1,1,4,2.5,5,3,0
31,36,31,36,33.5,67,5,29
5,5,5,5,5.0,10,0,2
6,4,4,6,5.0,10,2,2
5,11,5,11,8.0,16,6,2
11,11,11,11,11.0,22,0,10
1,5,1,5,3.0,6,4,0
5,4,4,5,4.5,9,1,3
4,1,1,4,2.5,5,3,0
11,12,11,12,11.5,23,1,10
1,5,1,5,3.0,6,4,0
4,11,4,11,7.5,15,7,3
5,5,5,5,5.0,10,0,3
5,1,1,5,3.0,6,4,0
4,5,4,5,4.5,9,1,3
1,6,1,6,3.5,7,5,0
7,10,7,10,8.5,17,3,5
19,1,1,19,10.0,20,18,0
29,9,9,29,19.0,38,20,3
5,5,5,5,5.0,10,0,4
24,49,24,49,36.5,73,25,14
47,16,16,47,31.5,63,31,13
20,45,20,45,32.5,65,25,19
8,8,8,8,8.0,16,0,7
1,5,1,5,3.0,6,4,0
12,11,11,12,11.5,23,1,8
39,38,38,39,38.5,77,1,28
5,1,1,5,3.0,6,4,0
1,5,1,5,3.0,6,4,0
61,1,1,61,31.0,62,60,0
6,1,1,6,3.5,7,5,0
1,4,1,4,2.5,5,3,0
7,3,3,7,5.0,10,4,2
16,15,15,16,15.5,31,1,11
24,19,19,24,21.5,43,5,10
5,1,1,5,3.0,6,4,0
26,26,26,26,26.0,52,0,25
37,49,37,49,43.0,86,12,32
1,146,1,146,73.5,147,145,0
3,6,3,6,4.5,9,3,2
5,1,1,5,3.0,6,4,0
4,1,1,4,2.5,5,3,0
10,8,8,10,9.0,18,2,7
6,12,6,12,9.0,18,6,5
3,4,3,4,3.5,7,1,2
7,1,1,7,4.0,8,6,0
3,10,3,10,6.5,13,7,0
1,15,1,15,8.0,16,14,0
9,11,9,11,10.0,20,2,7
18,23,18,23,20.5,41,5,16
8,9,8,9,8.5,17,1,6
1,17,1,17,9.0,18,16,0
2,4,2,4,3.0,6,2,1
13,12,12,13,12.5,25,1,8
5,12,5,12,8.5,17,7,0
4,4,4,4,4.0,8,0,3
1,6,1,6,3.5,7,5,0
4,1,1,4,2.5,5,3,0
31,36,31,36,33.5,67,5,28
1,11,1,11,6.0,12,10,0
6,6,6,6,6.0,12,0,3
9,5,5,9,7.0,14,4,2
8,16,8,16,12.0,24,8,5
13,19,13,19,16.0,32,6,11
10,18,10,18,14.0,28,8,8
1,20,1,20,10.5,21,19,0
4,12,4,12,8.0,16,8,3
4,1,1,4,2.5,5,3,0
8,3,3,8,5.5,11,5,2
9,5,5,9,7.0,14,4,4
6,1,1,6,3.5,7,5,0
6,12,6,12,9.0,18,6,5
4,1,1,4,2.5,5,3,0
23,20,20,23,21.5,43,3,19
7,6,6,7,6.5,13,1,3
8,1,1,8,4.5,9,7,0
4,5,4,5,4.5,9,1,3
17,29,17,29,23.0,46,12,14
24,21,21,24,22.5,45,3,19
15,12,12,15,13.5,27,3,10
16,17,16,17,16.5,33,1,14
5,1,1,5,3.0,6,4,0
1,4,1,4,2.5,5,3,0
4,31,4,31,17.5,35,27,0
14,14,14,14,14.0,28,0,12
19,25,19,25,22.0,44,6,12
23,66,23,66,44.5,89,43,20
4,1,1,4,2.5,5,3,0
5,1,1,5,3.0,6,4,0
6,9,6,9,7.5,15,3,5
1,7,1,7,4.0,8,6,0
25,21,21,25,23.0,46,4,20
4,1,1,4,2.5,5,3,0
7,7,7,7,7.0,14,0,6
7,8,7,8,7.5,15,1,6
13,14,13,14,13.5,27,1,7
4,4,4,4,4.0,8,0,3
7,2,2,7,4.5,9,5,0
7,10,7,10,8.5,17,3,5
5,1,1,5,3.0,6,4,0
6,3,3,6,4.5,9,3,2
1,5,1,5,3.0,6,4,0
5,5,5,5,5.0,10,0,4
8,1,1,8,4.5,9,7,0
20,26,20,26,23.0,46,6,17
4,1,1,4,2.5,5,3,0
29,31,29,31,30.0,60,2,20
11,8,8,11,9.5,19,3,7
1,10,1,10,5.5,11,9,0
1,6,1,6,3.5,7,5,0
7,7,7,7,7.0,14,0,5
1,7,1,7,4.0,8,6,0
5,4,4,5,4.5,9,1,3
10,14,10,14,12.0,24,4,8
9,6,6,9,7.5,15,3,4
5,4,4,5,4.5,9,1,3
9,9,9,9,9.0,18,0,8
4,1,1,4,2.5,5,3,0
13,13,13,13,13.0,26,0,9
4,1,1,4,2.5,5,3,0
4,1,1,4,2.5,5,3,0
5,5,5,5,5.0,10,0,4
26,24,24,26,25.0,50,2,23
15,15,15,15,15.0,30,0,10
11,11,11,11,11.0,22,0,10
7,11,7,11,9.0,18,4,5
5,1,1,5,3.0,6,4,0
1,5,1,5,3.0,6,4,0
4,4,4,4,4.0,8,0,3
32,19,19,32,25.5,51,13,18
12,7,7,12,9.5,19,5,4
1,4,1,4,2.5,5,3,0
39,39,39,39,39.0,78,0,34
5,1,1,5,3.0,6,4,0
1,6,1,6,3.5,7,5,0
11,9,9,11,10.0,20,2,8
16,17,16,17,16.5,33,1,10
13,2,2,13,7.5,15,11,0
4,4,4,4,4.0,8,0,3
4,1,1,4,2.5,5,3,0
9,1,1,9,5.0,10,8,0
29,1,1,29,15.0,30,28,0
10,1,1,10,5.5,11,9,0
3,6,3,6,4.5,9,3,1
4,1,1,4,2.5,5,3,0
4,4,4,4,4.0,8,0,3
8,3,3,8,5.5,11,5,1
2,4,2,4,3.0,6,2,0
17,23,17,23,20.0,40,6,15
12,11,11,12,11.5,23,1,1
1,17,1,17,9.0,18,16,0
9,9,9,9,9.0,18,0,8
5,12,5,12,8.5,17,7,4
6,5,5,6,5.5,11,1,4
1,4,1,4,2.5,5,3,0
4,1,1,4,2.5,5,3,0
5,9,5,9,7.0,14,4,2
31,13,13,31,22.0,44,18,10
1,4,1,4,2.5,5,3,0
1,4,1,4,2.5,5,3,0
23,7,7,23,15.0,30,16,3
12,17,12,17,14.5,29,5,10
5,5,5,5,5.0,10,0,4
18,15,15,18,16.5,33,3,13
27,27,27,27,27.0,54,0,26
20,19,19,20,19.5,39,1,17
5,5,5,5,5.0,10,0,4
43,30,30,43,36.5,73,13,16
4,2,2,4,3.0,6,2,1
8,1,1,8,4.5,9,7,0
6,1,1,6,3.5,7,5,0
4,8,4,8,6.0,12,4,0
7,7,7,7,7.0,14,0,6
4,1,1,4,2.5,5,3,0
4,5,4,5,4.5,9,1,0
4,5,4,5,4.5,9,1,0
29,37,29,37,33.0,66,8,26
12,17,12,17,14.5,29,5,10
23,36,23,36,29.5,59,13,22
1,6,1,6,3.5,7,5,0
12,10,10,12,11.0,22,2,7
22,21,21,22,21.5,43,1,16
4,2,2,4,3.0,6,2,0
4,4,4,4,4.0,8,0,3
1,13,1,13,7.0,14,12,0
5,1,1,5,3.0,6,4,0
8,1,1,8,4.5,9,7,0
23,17,17,23,20.0,40,6,1
15,1,1,15,8.0,16,14,0
1,6,1,6,3.5,7,5,0
8,1,1,8,4.5,9,7,0
4,1,1,4,2.5,5,3,0
22,19,19,22,20.5,41,3,18
4,1,1,4,2.5,5,3,0
32,32,32,32,32.0,64,0,31
4,1,1,4,2.5,5,3,0
1,8,1,8,4.5,9,7,0
3,12,3,12,7.5,15,9,2
13,19,13,19,16.0,32,6,12
14,14,14,14,14.0,28,0,13
11,10,10,11,10.5,21,1,8
1,5,1,5,3.0,6,4,0
4,4,4,4,4.0,8,0,3
20,19,19,20,19.5,39,1,18
13,19,13,19,16.0,32,6,9
5,2,2,5,3.5,7,3,1
6,1,1,6,3.5,7,5,0
45,49,45,49,47.0,94,4,36
2,6,2,6,4.0,8,4,1
1,6,1,6,3.5,7,5,0
14,10,10,14,12.0,24,4,9
5,1,1,5,3.0,6,4,0
6,8,6,8,7.0,14,2,5
5,4,4,5,4.5,9,1,3
4,1,1,4,2.5,5,3,0
1,6,1,6,3.5,7,5,0
12,13,12,13,12.5,25,1,11
9,8,8,9,8.5,17,1,6
11,10,10,11,10.5,21,1,8
3,7,3,7,5.0,10,4,2
4,5,4,5,4.5,9,1,0
9,15,9,15,12.0,24,6,6
25,25,25,25,25.0,50,0,24
10,1,1,10,5.5,11,9,0
5,1,1,5,3.0,6,4,0
4,6,4,6,5.0,10,2,1
28,26,26,28,27.0,54,2,23
5,3,3,5,4.0,8,2,2
2,4,2,4,3.0,6,2,1
5,1,1,5,3.0,6,4,0
4,3,3,4,3.5,7,1,1
16,14,14,16,15.0,30,2,10
2,5,2,5,3.5,7,3,1
10,11,10,11,10.5,21,1,9
1,20,1,20,10.5,21,19,0
13,18,13,18,15.5,31,5,11
27,26,26,27,26.5,53,1,25
17,20,17,20,18.5,37,3,13
18,20,18,20,19.0,38,2,17
1,7,1,7,4.0,8,6,0
18,15,15,18,16.5,33,3,12
6,1,1,6,3.5,7,5,0
28,27,27,28,27.5,55,1,9
4,5,4,5,4.5,9,1,1
4,9,4,9,6.5,13,5,1
4,2,2,4,3.0,6,2,0
17,17,17,17,17.0,34,0,16
4,1,1,4,2.5,5,3,0
4,1,1,4,2.5,5,3,0
27,26,26,27,26.5,53,1,25
50,44,44,50,47.0,94,6,26
11,11,11,11,11.0,22,0,10
4,1,1,4,2.5,5,3,0
13,12,12,13,12.5,25,1,11
9,7,7,9,8.0,16,2,4
6,4,4,6,5.0,10,2,3
5,1,1,5,3.0,6,4,0
3,9,3,9,6.0,12,6,1
48,41,41,48,44.5,89,7,38
5,1,1,5,3.0,6,4,0
5,5,5,5,5.0,10,0,4
13,19,13,19,16.0,32,6,10
4,1,1,4,2.5,5,3,0
9,2,2,9,5.5,11,7,1
4,2,2,4,3.0,6,2,0
6,2,2,6,4.0,8,4,0
1,4,1,4,2.5,5,3,0
6,4,4,6,5.0,10,2,1
1,4,1,4,2.5,5,3,0
6,8,6,8,7.0,14,2,5
27,21,21,27,24.0,48,6,20
4,2,2,4,3.0,6,2,1
5,4,4,5,4.5,9,1,3
17,39,17,39,28.0,56,22,8
16,16,16,16,16.0,32,0,14
5,7,5,7,6.0,12,2,3
4,8,4,8,6.0,12,4,0
1,10,1,10,5.5,11,9,0
1,4,1,4,2.5,5,3,0
1,14,1,14,7.5,15,13,0
6,2,2,6,4.0,8,4,1
3,4,3,4,3.5,7,1,2
1,10,1,10,5.5,11,9,0
24,23,23,24,23.5,47,1,18
2,4,2,4,3.0,6,2,1
8,7,7,8,7.5,15,1,4
5,6,5,6,5.5,11,1,3
17,26,17,26,21.5,43,9,14
4,5,4,5,4.5,9,1,2
23,31,23,31,27.0,54,8,19
1,146,1,146,73.5,147,145,0
5,5,5,5,5.0,10,0,4
2,4,2,4,3.0,6,2,1
6,7,6,7,6.5,13,1,5
4,1,1,4,2.5,5,3,0
1,18,1,18,9.5,19,17,0
1,61,1,61,31.0,62,60,0
9,16,9,16,12.5,25,7,6
8,6,6,8,7.0,14,2,0
20,20,20,20,20.0,40,0,19
32,31,31,32,31.5,63,1,24
1,4,1,4,2.5,5,3,0
13,11,11,13,12.0,24,2,5
1,13,1,13,7.0,14,12,0
5,3,3,5,4.0,8,2,2
9,10,9,10,9.5,19,1,7
1,4,1,4,2.5,5,3,0
50,41,41,50,45.5,91,9,24
2,5,2,5,3.5,7,3,1
1,15,1,15,8.0,16,14,0
30,1,1,30,15.5,31,29,0
6,16,6,16,11.0,22,10,0
1,6,1,6,3.5,7,5,0
5,7,5,7,6.0,12,2,4
1,7,1,7,4.0,8,6,0
6,6,6,6,6.0,12,0,4
13,13,13,13,13.0,26,0,12
3,6,3,6,4.5,9,3,2
4,1,1,4,2.5,5,3,0
27,29,27,29,28.0,56,2,25
4,4,4,4,4.0,8,0,2
11,22,11,22,16.5,33,11,7
7,5,5,7,6.0,12,2,2
4,1,1,4,2.5,5,3,0
4,1,1,4,2.5,5,3,0
4,4,4,4,4.0,8,0,3
1,4,1,4,2.5,5,3,0
8,7,7,8,7.5,15,1,3
23,32,23,32,27.5,55,9,20
1,9,1,9,5.0,10,8,0
4,1,1,4,2.5,5,3,0
13,10,10,13,11.5,23,3,9
5,8,5,8,6.5,13,3,4
1,6,1,6,3.5,7,5,0
5,13,5,13,9.0,18,8,4
4,9,4,9,6.5,13,5,0
21,14,14,21,17.5,35,7,9
8,4,4,8,6.0,12,4,3
5,1,1,5,3.0,6,4,0
6,3,3,6,4.5,9,3,2
4,4,4,4,4.0,8,0,0
14,14,14,14,14.0,28,0,11
1,146,1,146,73.5,147,145,0
16,8,8,16,12.0,24,8,3
13,12,12,13,12.5,25,1,11
22,6,6,22,14.0,28,16,4
5,1,1,5,3.0,6,4,0
1,4,1,4,2.5,5,3,0
7,1,1,7,4.0,8,6,0
7,10,7,10,8.5,17,3,6
3,6,3,6,4.5,9,3,2
4,1,1,4,2.5,5,3,0
1,9,1,9,5.0,10,8,0
7,2,2,7,4.5,9,5,1
5,5,5,5,5.0,10,0,4
1,6,1,6,3.5,7,5,0
7,1,1,7,4.0,8,6,0
5,2,2,5,3.5,7,3,1
25,38,25,38,31.5,63,13,17
9,13,9,13,11.0,22,4,7
61,15,15,61,38.0,76,46,11
5,1,1,5,3.0,6,4,0
5,2,2,5,3.5,7,3,0
7,1,1,7,4.0,8,6,0
2,4,2,4,3.0,6,2,1
5,1,1,5,3.0,6,4,0
4,1,1,4,2.5,5,3,0
5,2,2,5,3.5,7,3,0
4,8,4,8,6.0,12,4,0
2,21,2,21,11.5,23,19,1
33,32,32,33,32.5,65,1,31
21,1,1,21,11.0,22,20,0
10,2,2,10,6.0,12,8,0
12,14,12,14,13.0,26,2,7
2,6,2,6,4.0,8,4,1
26,27,26,27,26.5,53,1,25
11,10,10,11,10.5,21,1,8
4,6,4,6,5.0,10,2,0
13,20,13,20,16.5,33,7,11
1,5,1,5,3.0,6,4,0
3,5,3,5,4.0,8,2,2
42,24,24,42,33.0,66,18,23
5,5,5,5,5.0,10,0,3
11,10,10,11,10.5,21,1,9
6,9,6,9,7.5,15,3,4
25,24,24,25,24.5,49,1,12
1,4,1,4,2.5,5,3,0
10,17,10,17,13.5,27,7,8
7,23,7,23,15.0,30,16,0
1,7,1,7,4.0,8,6,0
9,1,1,9,5.0,10,8,0
4,9,4,9,6.5,13,5,3
5,1,1,5,3.0,6,4,0
9,8,8,9,8.5,17,1,7
7,9,7,9,8.0,16,2,5
10,8,8,10,9.0,18,2,7
17,17,17,17,17.0,34,0,12
1,4,1,4,2.5,5,3,0
11,8,8,11,9.5,19,3,7
23,6,6,23,14.5,29,17,5
10,8,8,10,9.0,18,2,7
4,10,4,10,7.0,14,6,2
7,6,6,7,6.5,13,1,2
5,1,1,5,3.0,6,4,0
18,23,18,23,20.5,41,5,15
26,26,26,26,26.0,52,0,25
5,3,3,5,4.0,8,2,2
13,12,12,13,12.5,25,1,11
4,1,1,4,2.5,5,3,0
4,1,1,4,2.5,5,3,0
4,7,4,7,5.5,11,3,1
2,7,2,7,4.5,9,5,0
4,2,2,4,3.0,6,2,1
6,105,6,105,55.5,111,99,0
15,9,9,15,12.0,24,6,8
4,4,4,4,4.0,8,0,3
4,6,4,6,5.0,10,2,3
5,5,5,5,5.0,10,0,3
1,7,1,7,4.0,8,6,0
1,28,1,28,14.5,29,27,0
4,1,1,4,2.5,5,3,0
4,5,4,5,4.5,9,1,3
40,15,15,40,27.5,55,25,11
9,2,2,9,5.5,11,7,1
4,7,4,7,5.5,11,3,3
5,6,5,6,5.5,11,1,3
7,2,2,7,4.5,9,5,1
1,4,1,4,2.5,5,3,0
4,4,4,4,4.0,8,0,3
7,8,7,8,7.5,15,1,4
1,4,1,4,2.5,5,3,0
9,9,9,9,9.0,18,0,7
13,15,13,15,14.0,28,2,11
4,4,4,4,4.0,8,0,2
17,6,6,17,11.5,23,11,3
5,6,5,6,5.5,11,1,4
7,1,1,7,4.0,8,6,0
8,9,8,9,8.5,17,1,7
8,15,8,15,11.5,23,7,7
6,1,1,6,3.5,7,5,0
5,5,5,5,5.0,10,0,4
6,1,1,6,3.5,7,5,0
13,4,4,13,8.5,17,9,0
5,5,5,5,5.0,10,0,3
2,6,2,6,4.0,8,4,1
4,1,1,4,2.5,5,3,0
1,5,1,5,3.0,6,4,0
21,20,20,21,20.5,41,1,18
1,5,1,5,3.0,6,4,0
1,8,1,8,4.5,9,7,0
6,8,6,8,7.0,14,2,4
1,5,1,5,3.0,6,4,0
9,1,1,9,5.0,10,8,0
9,18,9,18,13.5,27,9,8
1,5,1,5,3.0,6,4,0
1,5,1,5,3.0,6,4,0
5,4,4,5,4.5,9,1,3
6,1,1,6,3.5,7,5,0
19,23,19,23,21.0,42,4,18
11,12,11,12,11.5,23,1,9
17,31,17,31,24.0,48,14,15
20,38,20,38,29.0,58,18,19
1,4,1,4,2.5,5,3,0
15,20,15,20,17.5,35,5,14
1,6,1,6,3.5,7,5,0
9,5,5,9,7.0,14,4,3
26,47,26,47,36.5,73,21,25
4,5,4,5,4.5,9,1,3
1,14,1,14,7.5,15,13,0
4,4,4,4,4.0,8,0,3
6,5,5,6,5.5,11,1,4
5,1,1,5,3.0,6,4,0
2,6,2,6,4.0,8,4,0
4,1,1,4,2.5,5,3,0
10,9,9,10,9.5,19,1,8
6,8,6,8,7.0,14,2,2
4,1,1,4,2.5,5,3,0
3,4,3,4,3.5,7,1,2
5,5,5,5,5.0,10,0,2
19,23,19,23,21.0,42,4,18
5,3,3,5,4.0,8,2,2
22,3,3,22,12.5,25,19,2
5,5,5,5,5.0,10,0,4
8,4,4,8,6.0,12,4,3
16,21,16,21,18.5,37,5,11
7,1,1,7,4.0,8,6,0
4,1,1,4,2.5,5,3,0
9,9,9,9,9.0,18,0,6
5,1,1,5,3.0,6,4,0
12,10,10,12,11.0,22,2,8
22,44,22,44,33.0,66,22,20
49,23,23,49,36.0,72,26,22
19,18,18,19,18.5,37,1,15
8,1,1,8,4.5,9,7,0
10,1,1,10,5.5,11,9,0
12,13,12,13,12.5,25,1,11
10,9,9,10,9.5,19,1,8
2,41,2,41,21.5,43,39,1
9,10,9,10,9.5,19,1,8
4,1,1,4,2.5,5,3,0
7,9,7,9,8.0,16,2,6
4,1,1,4,2.5,5,3,0
30,25,25,30,27.5,55,5,15
27,27,27,27,27.0,54,0,26
23,15,15,23,19.0,38,8,12
16,4,4,16,10.0,20,12,0
11,14,11,14,12.5,25,3,6
5,4,4,5,4.5,9,1,3
1,7,1,7,4.0,8,6,0
7,13,7,13,10.0,20,6,4
7,1,1,7,4.0,8,6,0
6,3,3,6,4.5,9,3,2
5,7,5,7,6.0,12,2,4
4,7,4,7,5.5,11,3,2
4,1,1,4,2.5,5,3,0
5,2,2,5,3.5,7,3,1
17,20,17,20,18.5,37,3,16
6,1,1,6,3.5,7,5,0
1,5,1,5,3.0,6,4,0
33,33,33,33,33.0,66,0,26
20,54,20,54,37.0,74,34,10
4,1,1,4,2.5,5,3,0
11,8,8,11,9.5,19,3,5
22,24,22,24,23.0,46,2,18
5,2,2,5,3.5,7,3,0
1,4,1,4,2.5,5,3,0
3,5,3,5,4.0,8,2,1
1,17,1,17,9.0,18,16,0
34,34,34,34,34.0,68,0,31
1,6,1,6,3.5,7,5,0
8,8,8,8,8.0,16,0,4
1,65,1,65,33.0,66,64,0
1,4,1,4,2.5,5,3,0
4,9,4,9,6.5,13,5,0
15,5,5,15,10.0,20,10,0
15,14,14,15,14.5,29,1,7
26,25,25,26,25.5,51,1,24
8,9,8,9,8.5,17,1,7
11,12,11,12,11.5,23,1,8
10,20,10,20,15.0,30,10,9
4,1,1,4,2.5,5,3,0
17,1,1,17,9.0,18,16,0
19,16,16,19,17.5,35,3,13
27,47,27,47,37.0,74,20,20
1,4,1,4,2.5,5,3,0
8,2,2,8,5.0,10,6,0
4,1,1,4,2.5,5,3,0
1,7,1,7,4.0,8,6,0
21,18,18,21,19.5,39,3,17
30,2,2,30,16.0,32,28,1
4,4,4,4,4.0,8,0,3
22,30,22,30,26.0,52,8,21
5,5,5,5,5.0,10,0,4
1,6,1,6,3.5,7,5,0
14,17,14,17,15.5,31,3,1
4,4,4,4,4.0,8,0,3
1,12,1,12,6.5,13,11,0
46,30,30,46,38.0,76,16,27
1,8,1,8,4.5,9,7,0
4,4,4,4,4.0,8,0,0
10,1,1,10,5.5,11,9,0
8,1,1,8,4.5,9,7,0
5,5,5,5,5.0,10,0,4
27,46,27,46,36.5,73,19,20
11,1,1,11,6.0,12,10,0
20,16,16,20,18.0,36,4,14
28,20,20,28,24.0,48,8,19
1,5,1,5,3.0,6,4,0
6,2,2,6,4.0,8,4,0
15,15,15,15,15.0,30,0,12
9,1,1,9,5.0,10,8,0
4,1,1,4,2.5,5,3,0
4,5,4,5,4.5,9,1,3
9,10,9,10,9.5,19,1,7
1,6,1,6,3.5,7,5,0
4,2,2,4,3.0,6,2,1
11,1,1,11,6.0,12,10,0
7,2,2,7,4.5,9,5,1
9,13,9,13,11.0,22,4,7
4,1,1,4,2.5,5,3,0
19,27,19,27,23.0,46,8,18
5,10,5,10,7.5,15,5,4
8,6,6,8,7.0,14,2,5
5,1,1,5,3.0,6,4,0
7,7,7,7,7.0,14,0,6
35,48,35,48,41.5,83,13,22
5,5,5,5,5.0,10,0,3
8,8,8,8,8.0,16,0,7
7,7,7,7,7.0,14,0,6
1,7,1,7,4.0,8,6,0
5,1,1,5,3.0,6,4,0
28,33,28,33,30.5,61,5,20
1,4,1,4,2.5,5,3,0
4,1,1,4,2.5,5,3,0
1,8,1,8,4.5,9,7,0
1,4,1,4,2.5,5,3,0
1,5,1,5,3.0,6,4,0
1,7,1,7,4.0,8,6,0
11,10,10,11,10.5,21,1,9
4,1,1,4,2.5,5,3,0
7,7,7,7,7.0,14,0,6
8,9,8,9,8.5,17,1,4
5,2,2,5,3.5,7,3,1
24,21,21,24,22.5,45,3,17
4,4,4,4,4.0,8,0,3
3,5,3,5,4.0,8,2,0
4,3,3,4,3.5,7,1,2
5,1,1,5,3.0,6,4,0
32,54,32,54,43.0,86,22,21
6,1,1,6,3.5,7,5,0
20,21,20,21,20.5,41,1,17
34,27,27,34,30.5,61,7,23
12,17,12,17,14.5,29,5,11
6,6,6,6,6.0,12,0,4
1,6,1,6,3.5,7,5,0
4,1,1,4,2.5,5,3,0
1,5,1,5,3.0,6,4,0
1,11,1,11,6.0,12,10,0
13,21,13,21,17.0,34,8,11
2,10,2,10,6.0,12,8,1
1,7,1,7,4.0,8,6,0
9,11,9,11,10.0,20,2,7
5,1,1,5,3.0,6,4,0
17,16,16,17,16.5,33,1,13
1,5,1,5,3.0,6,4,0
6,6,6,6,6.0,12,0,5
5,1,1,5,3.0,6,4,0
24,26,24,26,25.0,50,2,23
4,2,2,4,3.0,6,2,1
4,4,4,4,4.0,8,0,3
15,10,10,15,12.5,25,5,7
7,1,1,7,4.0,8,6,0
4,1,1,4,2.5,5,3,0
4,2,2,4,3.0,6,2,0
2,5,2,5,3.5,7,3,1
1,7,1,7,4.0,8,6,0
1,4,1,4,2.5,5,3,0
9,9,9,9,9.0,18,0,7
1,6,1,6,3.5,7,5,0
2,5,2,5,3.5,7,3,0
19,19,19,19,19.0,38,0,18
4,4,4,4,4.0,8,0,3
1,5,1,5,3.0,6,4,0
1,4,1,4,2.5,5,3,0
4,5,4,5,4.5,9,1,3
1,4,1,4,2.5,5,3,0
19,19,19,19,19.0,38,0,18
1,4,1,4,2.5,5,3,0
20,24,20,24,22.0,44,4,15
13,19,13,19,16.0,32,6,11
5,8,5,8,6.5,13,3,4
20,30,20,30,25.0,50,10,17
6,2,2,6,4.0,8,4,0
1,6,1,6,3.5,7,5,0
4,1,1,4,2.5,5,3,0
43,43,43,43,43.0,86,0,40
3,4,3,4,3.5,7,1,0
6,2,2,6,4.0,8,4,0
22,15,15,22,18.5,37,7,14
16,7,7,16,11.5,23,9,5
11,5,5,11,8.0,16,6,4
3,5,3,5,4.0,8,2,2
6,2,2,6,4.0,8,4,1
10,7,7,10,8.5,17,3,6
1,5,1,5,3.0,6,4,0
2,107,2,107,54.5,109,105,0
17,19,17,19,18.0,36,2,15
5,1,1,5,3.0,6,4,0
18,12,12,18,15.0,30,6,7
6,10,6,10,8.0,16,4,4
26,1,1,26,13.5,27,25,0
8,4,4,8,6.0,12,4,3
13,12,12,13,12.5,25,1,7
1,4,1,4,2.5,5,3,0
11,12,11,12,11.5,23,1,7
17,22,17,22,19.5,39,5,9
5,22,5,22,13.5,27,17,3
11,9,9,11,10.0,20,2,8
14,13,13,14,13.5,27,1,12
10,9,9,10,9.5,19,1,6
7,11,7,11,9.0,18,4,4
1,33,1,33,17.0,34,32,0
7,9,7,9,8.0,16,2,5
10,2,2,10,6.0,12,8,1
17,12,12,17,14.5,29,5,9
4,1,1,4,2.5,5,3,0
5,1,1,5,3.0,6,4,0
5,5,5,5,5.0,10,0,4
11,15,11,15,13.0,26,4,8
4,20,4,20,12.0,24,16,0
5,1,1,5,3.0,6,4,0
7,46,7,46,26.5,53,39,3
11,10,10,11,10.5,21,1,4
6,1,1,6,3.5,7,5,0
23,31,23,31,27.0,54,8,19
1,5,1,5,3.0,6,4,0
9,13,9,13,11.0,22,4,1
3,6,3,6,4.5,9,3,2
5,5,5,5,5.0,10,0,0
4,1,1,4,2.5,5,3,0
7,6,6,7,6.5,13,1,5
6,5,5,6,5.5,11,1,0
2,4,2,4,3.0,6,2,0
13,11,11,13,12.0,24,2,6
6,1,1,6,3.5,7,5,0
15,28,15,28,21.5,43,13,14
2,7,2,7,4.5,9,5,0
7,1,1,7,4.0,8,6,0
26,27,26,27,26.5,53,1,25
4,1,1,4,2.5,5,3,0
19,15,15,19,17.0,34,4,11
5,1,1,5,3.0,6,4,0
16,15,15,16,15.5,31,1,14
7,10,7,10,8.5,17,3,6
6,5,5,6,5.5,11,1,4
7,6,6,7,6.5,13,1,5
11,6,6,11,8.5,17,5,4
1,8,1,8,4.5,9,7,0
8,8,8,8,8.0,16,0,7
2,11,2,11,6.5,13,9,0
1,6,1,6,3.5,7,5,0
7,7,7,7,7.0,14,0,5
1,6,1,6,3.5,7,5,0
4,1,1,4,2.5,5,3,0
6,7,6,7,6.5,13,1,4
4,5,4,5,4.5,9,1,1
2,5,2,5,3.5,7,3,1
9,1,1,9,5.0,10,8,0
13,18,13,18,15.5,31,5,10
23,19,19,23,21.0,42,4,10
1,7,1,7,4.0,8,6,0
5,2,2,5,3.5,7,3,0
37,45,37,45,41.0,82,8,28
9,13,9,13,11.0,22,4,8
2,4,2,4,3.0,6,2,1
1,5,1,5,3.0,6,4,0
6,6,6,6,6.0,12,0,5
13,15,13,15,14.0,28,2,9
33,32,32,33,32.5,65,1,29
1,20,1,20,10.5,21,19,0
1,4,1,4,2.5,5,3,0
6,5,5,6,5.5,11,1,4
1,4,1,4,2.5,5,3,0
5,1,1,5,3.0,6,4,0
2,4,2,4,3.0,6,2,1
23,22,22,23,22.5,45,1,20
7,10,7,10,8.5,17,3,4
12,13,12,13,12.5,25,1,10
15,6,6,15,10.5,21,9,3
6,3,3,6,4.5,9,3,2
1,9,1,9,5.0,10,8,0
1,4,1,4,2.5,5,3,0
5,17,5,17,11.0,22,12,1
1,7,1,7,4.0,8,6,0
12,1,1,12,6.5,13,11,0
8,7,7,8,7.5,15,1,2
6,5,5,6,5.5,11,1,3
12,1,1,12,6.5,13,11,0
14,20,14,20,17.0,34,6,8
2,7,2,7,4.5,9,5,1
10,13,10,13,11.5,23,3,9
4,5,4,5,4.5,9,1,0
2,4,2,4,3.0,6,2,1
3,5,3,5,4.0,8,2,2
19,13,13,19,16.0,32,6,11
8,8,8,8,8.0,16,0,7
1,11,1,11,6.0,12,10,0
14,20,14,20,17.0,34,6,11
6,6,6,6,6.0,12,0,4
5,1,1,5,3.0,6,4,0
5,1,1,5,3.0,6,4,0
7,8,7,8,7.5,15,1,5
16,14,14,16,15.0,30,2,12
4,3,3,4,3.5,7,1,2
1,4,1,4,2.5,5,3,0
1,6,1,6,3.5,7,5,0
27,37,27,37,32.0,64,10,25
13,27,13,27,20.0,40,14,12
5,1,1,5,3.0,6,4,0
6,1,1,6,3.5,7,5,0
1,5,1,5,3.0,6,4,0
1,6,1,6,3.5,7,5,0
5,1,1,5,3.0,6,4,0
1,8,1,8,4.5,9,7,0
9,10,9,10,9.5,19,1,8
10,4,4,10,7.0,14,6,2
15,16,15,16,15.5,31,1,14
4,1,1,4,2.5,5,3,0
12,9,9,12,10.5,21,3,3
11,8,8,11,9.5,19,3,2
6,1,1,6,3.5,7,5,0
3,9,3,9,6.0,12,6,2
11,13,11,13,12.0,24,2,10
12,10,10,12,11.0,22,2,4
6,11,6,11,8.5,17,5,3
1,5,1,5,3.0,6,4,0
11,11,11,11,11.0,22,0,10
7,1,1,7,4.0,8,6,0
18,19,18,19,18.5,37,1,15
12,13,12,13,12.5,25,1,11
5,4,4,5,4.5,9,1,2
31,32,31,32,31.5,63,1,29
34,8,8,34,21.0,42,26,5
5,1,1,5,3.0,6,4,0
4,1,1,4,2.5,5,3,0
5,1,1,5,3.0,6,4,0
4,2,2,4,3.0,6,2,1
2,5,2,5,3.5,7,3,0
4,8,4,8,6.0,12,4,3
1,9,1,9,5.0,10,8,0
16,17,16,17,16.5,33,1,15
17,12,12,17,14.5,29,5,11
6,10,6,10,8.0,16,4,5
20,19,19,20,19.5,39,1,18
27,27,27,27,27.0,54,0,26
4,10,4,10,7.0,14,6,3
1,5,1,5,3.0,6,4,0
1,4,1,4,2.5,5,3,0
3,9,3,9,6.0,12,6,2
18,11,11,18,14.5,29,7,9
30,32,30,32,31.0,62,2,29
1,4,1,4,2.5,5,3,0
5,8,5,8,6.5,13,3,4
7,4,4,7,5.5,11,3,2
1,11,1,11,6.0,12,10,0
1,4,1,4,2.5,5,3,0
32,32,32,32,32.0,64,0,29
4,5,4,5,4.5,9,1,3
5,1,1,5,3.0,6,4,0
6,12,6,12,9.0,18,6,0
7,2,2,7,4.5,9,5,1
5,1,1,5,3.0,6,4,0
17,17,17,17,17.0,34,0,15
11,1,1,11,6.0,12,10,0
4,4,4,4,4.0,8,0,3
2,4,2,4,3.0,6,2,0
9,1,1,9,5.0,10,8,0
4,4,4,4,4.0,8,0,2
4,10,4,10,7.0,14,6,3
8,1,1,8,4.5,9,7,0
10,1,1,10,5.5,11,9,0
2,4,2,4,3.0,6,2,0
7,5,5,7,6.0,12,2,4
11,3,3,11,7.0,14,8,0
6,6,6,6,6.0,12,0,5
27,25,25,27,26.0,52,2,24
3,6,3,6,4.5,9,3,2
2,4,2,4,3.0,6,2,1
1,4,1,4,2.5,5,3,0
17,14,14,17,15.5,31,3,8
19,19,19,19,19.0,38,0,17
14,11,11,14,12.5,25,3,10
9,15,9,15,12.0,24,6,8
6,5,5,6,5.5,11,1,3
4,2,2,4,3.0,6,2,0
4,5,4,5,4.5,9,1,3
27,30,27,30,28.5,57,3,20
1,11,1,11,6.0,12,10,0
4,4,4,4,4.0,8,0,3
7,1,1,7,4.0,8,6,0
5,1,1,5,3.0,6,4,0
43,5,5,43,24.0,48,38,4
3,15,3,15,9.0,18,12,1
1,16,1,16,8.5,17,15,0
1,8,1,8,4.5,9,7,0
16,13,13,16,14.5,29,3,9
7,5,5,7,6.0,12,2,4
27,13,13,27,20.0,40,14,12
6,1,1,6,3.5,7,5,0
4,7,4,7,5.5,11,3,0
13,7,7,13,10.0,20,6,4
8,1,1,8,4.5,9,7,0
1,6,1,6,3.5,7,5,0
39,19,19,39,29.0,58,20,9
3,5,3,5,4.0,8,2,2
6,1,1,6,3.5,7,5,0
6,5,5,6,5.5,11,1,1
19,22,19,22,20.5,41,3,18
4,1,1,4,2.5,5,3,0
29,1,1,29,15.0,30,28,0
1,6,1,6,3.5,7,5,0
2,5,2,5,3.5,7,3,0
25,40,25,40,32.5,65,15,21
12,16,12,16,14.0,28,4,8
29,41,29,41,35.0,70,12,25
12,12,12,12,12.0,24,0,11
39,22,22,39,30.5,61,17,14
4,1,1,4,2.5,5,3,0
4,5,4,5,4.5,9,1,3
6,5,5,6,5.5,11,1,4
6,3,3,6,4.5,9,3,2
11,1,1,11,6.0,12,10,0
6,5,5,6,5.5,11,1,4
26,27,26,27,26.5,53,1,25
6,3,3,6,4.5,9,3,2
8,1,1,8,4.5,9,7,0
11,3,3,11,7.0,14,8,1
4,1,1,4,2.5,5,3,0
1,4,1,4,2.5,5,3,0
1,7,1,7,4.0,8,6,0
10,6,6,10,8.0,16,4,5
42,30,30,42,36.0,72,12,25
5,1,1,5,3.0,6,4,0
1,4,1,4,2.5,5,3,0
4,1,1,4,2.5,5,3,0
6,6,6,6,6.0,12,0,3
10,12,10,12,11.0,22,2,8
5,6,5,6,5.5,11,1,3
25,28,25,28,26.5,53,3,20
7,6,6,7,6.5,13,1,5
4,5,4,5,4.5,9,1,3
5,5,5,5,5.0,10,0,4
26,27,26,27,26.5,53,1,25
13,13,13,13,13.0,26,0,12
6,6,6,6,6.0,12,0,4
4,4,4,4,4.0,8,0,3
17,17,17,17,17.0,34,0,14
8,6,6,8,7.0,14,2,4
7,16,7,16,11.5,23,9,5
1,27,1,27,14.0,28,26,0
19,20,19,20,19.5,39,1,17
6,9,6,9,7.5,15,3,2
1,4,1,4,2.5,5,3,0
3,7,3,7,5.0,10,4,2
4,5,4,5,4.5,9,1,2
16,20,16,20,18.0,36,4,14
5,4,4,5,4.5,9,1,3
4,1,1,4,2.5,5,3,0
1,4,1,4,2.5,5,3,0
19,20,19,20,19.5,39,1,18
4,1,1,4,2.5,5,3,0
5,1,1,5,3.0,6,4,0
7,12,7,12,9.5,19,5,6
12,4,4,12,8.0,16,8,2
5,6,5,6,5.5,11,1,4
4,2,2,4,3.0,6,2,1
6,3,3,6,4.5,9,3,2
1,8,1,8,4.5,9,7,0
9,7,7,9,8.0,16,2,4
1,4,1,4,2.5,5,3,0
1,4,1,4,2.5,5,3,0
3,10,3,10,6.5,13,7,0
45,45,45,45,45.0,90,0,44
5,4,4,5,4.5,9,1,3
8,4,4,8,6.0,12,4,3
1,5,1,5,3.0,6,4,0
5,1,1,5,3.0,6,4,0
19,12,12,19,15.5,31,7,10
35,41,35,41,38.0,76,6,27
1,4,1,4,2.5,5,3,0
14,15,14,15,14.5,29,1,13
1,40,1,40,20.5,41,39,0
4,4,4,4,4.0,8,0,2
1,9,1,9,5.0,10,8,0
31,32,31,32,31.5,63,1,30
4,1,1,4,2.5,5,3,0
1,9,1,9,5.0,10,8,0
9,7,7,9,8.0,16,2,2
12,22,12,22,17.0,34,10,11
11,15,11,15,13.0,26,4,8
10,15,10,15,12.5,25,5,6
6,2,2,6,4.0,8,4,1
1,5,1,5,3.0,6,4,0
1,11,1,11,6.0,12,10,0
6,6,6,6,6.0,12,0,5
146,54,54,146,100.0,200,92,30
2,4,2,4,3.0,6,2,1
18,11,11,18,14.5,29,7,8
17,16,16,17,16.5,33,1,10
4,4,4,4,4.0,8,0,3
13,12,12,13,12.5,25,1,7
1,4,1,4,2.5,5,3,0
7,8,7,8,7.5,15,1,2
5,3,3,5,4.0,8,2,2
6,1,1,6,3.5,7,5,0
55,1,1,55,28.0,56,54,0
16,14,14,16,15.0,30,2,8
1,29,1,29,15.0,30,28,0
18,25,18,25,21.5,43,7,9
4,4,4,4,4.0,8,0,3
23,5,5,23,14.0,28,18,2
30,6,6,30,18.0,36,24,2
49,24,24,49,36.5,73,25,21
1,6,1,6,3.5,7,5,0
9,7,7,9,8.0,16,2,6
3,5,3,5,4.0,8,2,1
19,19,19,19,19.0,38,0,17
5,5,5,5,5.0,10,0,4
1,4,1,4,2.5,5,3,0
13,12,12,13,12.5,25,1,10
12,1,1,12,6.5,13,11,0
42,49,42,49,45.5,91,7,25
6,7,6,7,6.5,13,1,0
16,19,16,19,17.5,35,3,14
7,4,4,7,5.5,11,3,3
4,4,4,4,4.0,8,0,3
17,2,2,17,9.5,19,15,0
6,7,6,7,6.5,13,1,4
9,2,2,9,5.5,11,7,1
51,23,23,51,37.0,74,28,19
1,18,1,18,9.5,19,17,0
5,1,1,5,3.0,6,4,0
1,11,1,11,6.0,12,10,0
8,1,1,8,4.5,9,7,0
8,4,4,8,6.0,12,4,1
13,1,1,13,7.0,14,12,0
4,2,2,4,3.0,6,2,1
9,8,8,9,8.5,17,1,7
5,8,5,8,6.5,13,3,4
1,4,1,4,2.5,5,3,0
4,9,4,9,6.5,13,5,1
9,11,9,11,10.0,20,2,8
5,3,3,5,4.0,8,2,1
6,5,5,6,5.5,11,1,3
5,1,1,5,3.0,6,4,0
6,6,6,6,6.0,12,0,5
12,8,8,12,10.0,20,4,4
16,26,16,26,21.0,42,10,12
11,22,11,22,16.5,33,11,10
21,22,21,22,21.5,43,1,20
4,5,4,5,4.5,9,1,3
8,8,8,8,8.0,16,0,3
1,5,1,5,3.0,6,4,0
14,15,14,15,14.5,29,1,13
31,31,31,31,31.0,62,0,28
13,11,11,13,12.0,24,2,6
5,1,1,5,3.0,6,4,0
2,61,2,61,31.5,63,59,0
4,1,1,4,2.5,5,3,0
18,32,18,32,25.0,50,14,13
5,5,5,5,5.0,10,0,4
1,11,1,11,6.0,12,10,0
12,7,7,12,9.5,19,5,6
6,6,6,6,6.0,12,0,5
1,4,1,4,2.5,5,3,0
5,1,1,5,3.0,6,4,0
19,15,15,19,17.0,34,4,14
6,1,1,6,3.5,7,5,0
1,4,1,4,2.5,5,3,0
3,10,3,10,6.5,13,7,2
17,20,17,20,18.5,37,3,15
13,9,9,13,11.0,22,4,7
11,10,10,11,10.5,21,1,7
9,9,9,9,9.0,18,0,5
23,12,12,23,17.5,35,11,10
5,1,1,5,3.0,6,4,0
1,4,1,4,2.5,5,3,0
2,11,2,11,6.5,13,9,1
36,12,12,36,24.0,48,24,9
8,8,8,8,8.0,16,0,7
10,8,8,10,9.0,18,2,7
1,7,1,7,4.0,8,6,0
4,1,1,4,2.5,5,3,0
8,5,5,8,6.5,13,3,2
20,20,20,20,20.0,40,0,16
10,5,5,10,7.5,15,5,3
2,6,2,6,4.0,8,4,1
4,1,1,4,2.5,5,3,0
17,21,17,21,19.0,38,4,13
5,2,2,5,3.5,7,3,0
7,1,1,7,4.0,8,6,0
2,6,2,6,4.0,8,4,0
6,6,6,6,6.0,12,0,4
7,7,7,7,7.0,14,0,6
1,4,1,4,2.5,5,3,0
5,6,5,6,5.5,11,1,4
6,6,6,6,6.0,12,0,4
32,22,22,32,27.0,54,10,21
18,11,11,18,14.5,29,7,9
1,9,1,9,5.0,10,8,0
23,20,20,23,21.5,43,3,15
9,11,9,11,10.0,20,2,6
13,4,4,13,8.5,17,9,0
2,6,2,6,4.0,8,4,0
8,11,8,11,9.5,19,3,7
36,23,23,36,29.5,59,13,19
12,19,12,19,15.5,31,7,11
49,43,43,49,46.0,92,6,35
1,4,1,4,2.5,5,3,0
6,2,2,6,4.0,8,4,1
53,29,29,53,41.0,82,24,24
2,4,2,4,3.0,6,2,1
7,12,7,12,9.5,19,5,4
5,3,3,5,4.0,8,2,2
20,25,20,25,22.5,45,5,18
11,1,1,11,6.0,12,10,0
5,1,1,5,3.0,6,4,0
23,23,23,23,23.0,46,0,21
2,4,2,4,3.0,6,2,1
1,5,1,5,3.0,6,4,0
11,6,6,11,8.5,17,5,4
14,5,5,14,9.5,19,9,0
5,1,1,5,3.0,6,4,0
10,10,10,10,10.0,20,0,9
6,1,1,6,3.5,7,5,0
1,11,1,11,6.0,12,10,0
1,4,1,4,2.5,5,3,0
16,21,16,21,18.5,37,5,14
5,5,5,5,5.0,10,0,4
14,14,14,14,14.0,28,0,12
1,4,1,4,2.5,5,3,0
1,4,1,4,2.5,5,3,0
13,13,13,13,13.0,26,0,12
15,9,9,15,12.0,24,6,8
50,38,38,50,44.0,88,12,19
14,14,14,14,14.0,28,0,9
7,7,7,7,7.0,14,0,5
8,16,8,16,12.0,24,8,5
18,8,8,18,13.0,26,10,3
6,5,5,6,5.5,11,1,3
4,1,1,4,2.5,5,3,0
15,19,15,19,17.0,34,4,7
1,5,1,5,3.0,6,4,0
10,5,5,10,7.5,15,5,4
17,14,14,17,15.5,31,3,12
2,4,2,4,3.0,6,2,0
1,7,1,7,4.0,8,6,0
5,4,4,5,4.5,9,1,2
7,6,6,7,6.5,13,1,5
1,5,1,5,3.0,6,4,0
4,2,2,4,3.0,6,2,0
7,5,5,7,6.0,12,2,4
2,5,2,5,3.5,7,3,1
45,47,45,47,46.0,92,2,38
1,9,1,9,5.0,10,8,0
8,5,5,8,6.5,13,3,4
4,5,4,5,4.5,9,1,2
13,12,12,13,12.5,25,1,11
3,4,3,4,3.5,7,1,2
2,4,2,4,3.0,6,2,1
5,1,1,5,3.0,6,4,0
6,10,6,10,8.0,16,4,4
5,5,5,5,5.0,10,0,4
4,4,4,4,4.0,8,0,3
48,39,39,48,43.5,87,9,35
2,4,2,4,3.0,6,2,1
4,4,4,4,4.0,8,0,3
4,1,1,4,2.5,5,3,0
5,4,4,5,4.5,9,1,3
6,2,2,6,4.0,8,4,0
27,24,24,27,25.5,51,3,20
6,107,6,107,56.5,113,101,0
6,26,6,26,16.0,32,20,5
12,1,1,12,6.5,13,11,0
18,25,18,25,21.5,43,7,17
12,1,1,12,6.5,13,11,0
1,5,1,5,3.0,6,4,0
16,1,1,16,8.5,17,15,0
41,45,41,45,43.0,86,4,40
8,9,8,9,8.5,17,1,7
14,15,14,15,14.5,29,1,11
2,8,2,8,5.0,10,6,1
10,4,4,10,7.0,14,6,2
2,4,2,4,3.0,6,2,1
1,8,1,8,4.5,9,7,0
1,4,1,4,2.5,5,3,0
4,5,4,5,4.5,9,1,3
9,5,5,9,7.0,14,4,4
4,1,1,4,2.5,5,3,0
8,8,8,8,8.0,16,0,7
4,6,4,6,5.0,10,2,3
28,25,25,28,26.5,53,3,24
10,16,10,16,13.0,26,6,8
2,4,2,4,3.0,6,2,1
4,1,1,4,2.5,5,3,0
11,13,11,13,12.0,24,2,9
2,6,2,6,4.0,8,4,0
7,7,7,7,7.0,14,0,6
27,11,11,27,19.0,38,16,10
6,5,5,6,5.5,11,1,2
9,9,9,9,9.0,18,0,7
4,2,2,4,3.0,6,2,1
1,4,1,4,2.5,5,3,0
1,9,1,9,5.0,10,8,0
6,7,6,7,6.5,13,1,5
1,4,1,4,2.5,5,3,0
21,21,21,21,21.0,42,0,20
5,1,1,5,3.0,6,4,0
37,28,28,37,32.5,65,9,21
16,17,16,17,16.5,33,1,15
27,20,20,27,23.5,47,7,14
6,11,6,11,8.5,17,5,4
1,15,1,15,8.0,16,14,0
2,12,2,12,7.0,14,10,1
18,20,18,20,19.0,38,2,17
5,9,5,9,7.0,14,4,2
12,13,12,13,12.5,25,1,11
7,7,7,7,7.0,14,0,6
4,1,1,4,2.5,5,3,0
4,5,4,5,4.5,9,1,3
1,4,1,4,2.5,5,3,0
1,4,1,4,2.5,5,3,0
23,21,21,23,22.0,44,2,20
6,8,6,8,7.0,14,2,5
37,49,37,49,43.0,86,12,29
10,18,10,18,14.0,28,8,5
5,1,1,5,3.0,6,4,0
5,4,4,5,4.5,9,1,3
8,4,4,8,6.0,12,4,3
25,36,25,36,30.5,61,11,17
13,52,13,52,32.5,65,39,4
1,4,1,4,2.5,5,3,0
2,7,2,7,4.5,9,5,0
6,6,6,6,6.0,12,0,3
11,8,8,11,9.5,19,3,6
4,1,1,4,2.5,5,3,0
7,11,7,11,9.0,18,4,4
17,13,13,17,15.0,30,4,3
27,10,10,27,18.5,37,17,6
1,8,1,8,4.5,9,7,0
1,5,1,5,3.0,6,4,0
1,18,1,18,9.5,19,17,0
8,5,5,8,6.5,13,3,0
1,31,1,31,16.0,32,30,0
9,9,9,9,9.0,18,0,8
4,7,4,7,5.5,11,3,1
2,4,2,4,3.0,6,2,1
12,14,12,14,13.0,26,2,11
2,4,2,4,3.0,6,2,0
5,5,5,5,5.0,10,0,4
7,1,1,7,4.0,8,6,0
6,5,5,6,5.5,11,1,4
2,4,2,4,3.0,6,2,0
16,20,16,20,18.0,36,4,12
5,10,5,10,7.5,15,5,3
6,1,1,6,3.5,7,5,0
2,7,2,7,4.5,9,5,1
5,3,3,5,4.0,8,2,2
7,7,7,7,7.0,14,0,6
1,4,1,4,2.5,5,3,0
36,27,27,36,31.5,63,9,25
10,1,1,10,5.5,11,9,0
22,17,17,22,19.5,39,5,16
11,19,11,19,15.0,30,8,8
13,12,12,13,12.5,25,1,11
13,6,6,13,9.5,19,7,4
10,12,10,12,11.0,22,2,9
6,8,6,8,7.0,14,2,5
1,5,1,5,3.0,6,4,0
7,6,6,7,6.5,13,1,4
7,7,7,7,7.0,14,0,5
6,4,4,6,5.0,10,2,2
4,5,4,5,4.5,9,1,3
10,1,1,10,5.5,11,9,0
15,19,15,19,17.0,34,4,14
14,15,14,15,14.5,29,1,13
7,8,7,8,7.5,15,1,3
45,36,36,45,40.5,81,9,32
6,4,4,6,5.0,10,2,3
7,1,1,7,4.0,8,6,0
5,1,1,5,3.0,6,4,0
5,5,5,5,5.0,10,0,4
25,9,9,25,17.0,34,16,7
9,1,1,9,5.0,10,8,0
1,8,1,8,4.5,9,7,0
38,31,31,38,34.5,69,7,28
1,10,1,10,5.5,11,9,0
10,10,10,10,10.0,20,0,8
7,8,7,8,7.5,15,1,6
5,4,4,5,4.5,9,1,0
12,12,12,12,12.0,24,0,11
14,19,14,19,16.5,33,5,7
4,4,4,4,4.0,8,0,3
8,4,4,8,6.0,12,4,0
37,27,27,37,32.0,64,10,25
3,4,3,4,3.5,7,1,2
5,5,5,5,5.0,10,0,3
19,33,19,33,26.0,52,14,17
4,5,4,5,4.5,9,1,3
19,38,19,38,28.5,57,19,11
4,1,1,4,2.5,5,3,0
1,4,1,4,2.5,5,3,0
4,1,1,4,2.5,5,3,0
4,1,1,4,2.5,5,3,0
5,13,5,13,9.0,18,8,2
8,10,8,10,9.0,18,2,4
1,8,1,8,4.5,9,7,0
5,2,2,5,3.5,7,3,0
3,4,3,4,3.5,7,1,2
2,6,2,6,4.0,8,4,1
6,7,6,7,6.5,13,1,5
5,5,5,5,5.0,10,0,1
1,6,1,6,3.5,7,5,0
7,13,7,13,10.0,20,6,6
10,14,10,14,12.0,24,4,6
7,19,7,19,13.0,26,12,5
1,8,1,8,4.5,9,7,0
23,35,23,35,29.0,58,12,22
4,5,4,5,4.5,9,1,3
1,5,1,5,3.0,6,4,0
7,7,7,7,7.0,14,0,6
7,8,7,8,7.5,15,1,6
29,3,3,29,16.0,32,26,1
1,6,1,6,3.5,7,5,0
1,5,1,5,3.0,6,4,0
5,1,1,5,3.0,6,4,0
7,9,7,9,8.0,16,2,5
1,5,1,5,3.0,6,4,0
15,13,13,15,14.0,28,2,11
7,7,7,7,7.0,14,0,4
4,5,4,5,4.5,9,1,1
30,39,30,39,34.5,69,9,12
18,16,16,18,17.0,34,2,14
2,11,2,11,6.5,13,9,1
15,17,15,17,16.0,32,2,9
5,4,4,5,4.5,9,1,3
2,4,2,4,3.0,6,2,1
1,10,1,10,5.5,11,9,0
8,17,8,17,12.5,25,9,6
47,44,44,47,45.5,91,3,33
4,4,4,4,4.0,8,0,3
9,9,9,9,9.0,18,0,8
4,6,4,6,5.0,10,2,0
6,1,1,6,3.5,7,5,0
19,48,19,48,33.5,67,29,15
9,11,9,11,10.0,20,2,8
1,4,1,4,2.5,5,3,0
6,6,6,6,6.0,12,0,5
2,4,2,4,3.0,6,2,1
8,1,1,8,4.5,9,7,0
1,13,1,13,7.0,14,12,0
5,2,2,5,3.5,7,3,1
5,5,5,5,5.0,10,0,4
5,1,1,5,3.0,6,4,0
8,13,8,13,10.5,21,5,7
5,6,5,6,5.5,11,1,4
24,22,22,24,23.0,46,2,20
4,6,4,6,5.0,10,2,2
5,4,4,5,4.5,9,1,2
21,21,21,21,21.0,42,0,18
12,16,12,16,14.0,28,4,11
8,4,4,8,6.0,12,4,1
8,13,8,13,10.5,21,5,6
6,1,1,6,3.5,7,5,0
4,2,2,4,3.0,6,2,1
1,4,1,4,2.5,5,3,0
15,20,15,20,17.5,35,5,10
5,5,5,5,5.0,10,0,1
7,7,7,7,7.0,14,0,6
3,5,3,5,4.0,8,2,2
4,1,1,4,2.5,5,3,0
4,4,4,4,4.0,8,0,3
6,30,6,30,18.0,36,24,0
25,33,25,33,29.0,58,8,11
8,8,8,8,8.0,16,0,7
4,1,1,4,2.5,5,3,0
16,12,12,16,14.0,28,4,9
1,15,1,15,8.0,16,14,0
1,4,1,4,2.5,5,3,0
10,15,10,15,12.5,25,5,7
6,8,6,8,7.0,14,2,4
1,5,1,5,3.0,6,4,0
6,2,2,6,4.0,8,4,1
8,1,1,8,4.5,9,7,0
1,5,1,5,3.0,6,4,0
6,8,6,8,7.0,14,2,5
11,13,11,13,12.0,24,2,10
26,22,22,26,24.0,48,4,20
1,5,1,5,3.0,6,4,0
31,33,31,33,32.0,64,2,27
6,4,4,6,5.0,10,2,3
11,10,10,11,10.5,21,1,9
13,9,9,13,11.0,22,4,6
18,19,18,19,18.5,37,1,17
8,1,1,8,4.5,9,7,0
19,22,19,22,20.5,41,3,17
1,6,1,6,3.5,7,5,0
1,4,1,4,2.5,5,3,0
1,8,1,8,4.5,9,7,0
1,6,1,6,3.5,7,5,0
6,8,6,8,7.0,14,2,3
42,31,31,42,36.5,73,11,21
5,4,4,5,4.5,9,1,3
21,24,21,24,22.5,45,3,20
10,11,10,11,10.5,21,1,9
7,6,6,7,6.5,13,1,5
1,4,1,4,2.5,5,3,0
2,8,2,8,5.0,10,6,1
16,9,9,16,12.5,25,7,8
10,8,8,10,9.0,18,2,6
8,1,1,8,4.5,9,7,0
2,16,2,16,9.0,18,14,0
7,11,7,11,9.0,18,4,5
17,16,16,17,16.5,33,1,14
15,9,9,15,12.0,24,6,7
32,49,32,49,40.5,81,17,27
3,5,3,5,4.0,8,2,0
4,3,3,4,3.5,7,1,2
20,17,17,20,18.5,37,3,14
16,9,9,16,12.5,25,7,3
5,5,5,5,5.0,10,0,4
12,13,12,13,12.5,25,1,10
7,8,7,8,7.5,15,1,5
1,14,1,14,7.5,15,13,0
11,1,1,11,6.0,12,10,0
21,23,21,23,22.0,44,2,16
7,6,6,7,6.5,13,1,5
7,17,7,17,12.0,24,10,0
1,5,1,5,3.0,6,4,0
5,5,5,5,5.0,10,0,4
1,88,1,88,44.5,89,87,0
1,9,1,9,5.0,10,8,0
6,7,6,7,6.5,13,1,4
9,1,1,9,5.0,10,8,0
45,31,31,45,38.0,76,14,29
4,5,4,5,4.5,9,1,0
1,5,1,5,3.0,6,4,0
5,5,5,5,5.0,10,0,0
13,9,9,13,11.0,22,4,8
31,12,12,31,21.5,43,19,10
17,20,17,20,18.5,37,3,15
5,5,5,5,5.0,10,0,3
1,7,1,7,4.0,8,6,0
1,15,1,15,8.0,16,14,0
25,20,20,25,22.5,45,5,11
1,5,1,5,3.0,6,4,0
3,7,3,7,5.0,10,4,2
1,4,1,4,2.5,5,3,0
8,22,8,22,15.0,30,14,7
40,23,23,40,31.5,63,17,19
32,32,32,32,32.0,64,0,31
1,15,1,15,8.0,16,14,0
8,11,8,11,9.5,19,3,4
7,2,2,7,4.5,9,5,1
4,1,1,4,2.5,5,3,0
1,5,1,5,3.0,6,4,0
18,15,15,18,16.5,33,3,9
18,20,18,20,19.0,38,2,13
31,26,26,31,28.5,57,5,24
5,5,5,5,5.0,10,0,4
1,4,1,4,2.5,5,3,0
1,8,1,8,4.5,9,7,0
6,5,5,6,5.5,11,1,1
1,4,1,4,2.5,5,3,0
6,5,5,6,5.5,11,1,4
6,3,3,6,4.5,9,3,0
7,1,1,7,4.0,8,6,0
8,15,8,15,11.5,23,7,6
14,12,12,14,13.0,26,2,11
2,4,2,4,3.0,6,2,1
4,1,1,4,2.5,5,3,0
6,9,6,9,7.5,15,3,5
9,9,9,9,9.0,18,0,8
4,7,4,7,5.5,11,3,1
3,4,3,4,3.5,7,1,2
4,4,4,4,4.0,8,0,2
1,9,1,9,5.0,10,8,0
6,6,6,6,6.0,12,0,4
7,1,1,7,4.0,8,6,0
24,25,24,25,24.5,49,1,23
5,1,1,5,3.0,6,4,0
27,26,26,27,26.5,53,1,25
8,1,1,8,4.5,9,7,0
13,1,1,13,7.0,14,12,0
5,1,1,5,3.0,6,4,0
9,2,2,9,5.5,11,7,1
1,8,1,8,4.5,9,7,0
5,1,1,5,3.0,6,4,0
9,1,1,9,5.0,10,8,0
4,2,2,4,3.0,6,2,1
4,2,2,4,3.0,6,2,1
4,1,1,4,2.5,5,3,0
8,11,8,11,9.5,19,3,7
1,4,1,4,2.5,5,3,0
1,4,1,4,2.5,5,3,0
3,4,3,4,3.5,7,1,2
4,1,1,4,2.5,5,3,0
5,5,5,5,5.0,10,0,3
4,4,4,4,4.0,8,0,3
1,5,1,5,3.0,6,4,0
5,1,1,5,3.0,6,4,0
14,21,14,21,17.5,35,7,12
38,29,29,38,33.5,67,9,22
2,5,2,5,3.5,7,3,0
15,4,4,15,9.5,19,11,0
1,9,1,9,5.0,10,8,0
29,7,7,29,18.0,36,22,0
7,20,7,20,13.5,27,13,4
1,10,1,10,5.5,11,9,0
18,12,12,18,15.0,30,6,9
8,26,8,26,17.0,34,18,5
8,2,2,8,5.0,10,6,1
34,19,19,34,26.5,53,15,18
2,107,2,107,54.5,109,105,0
15,17,15,17,16.0,32,2,9
21,18,18,21,19.5,39,3,14
6,7,6,7,6.5,13,1,4
6,6,6,6,6.0,12,0,2
5,1,1,5,3.0,6,4,0
1,5,1,5,3.0,6,4,0
15,23,15,23,19.0,38,8,14
8,1,1,8,4.5,9,7,0
1,5,1,5,3.0,6,4,0
18,18,18,18,18.0,36,0,14
1,7,1,7,4.0,8,6,0
1,44,1,44,22.5,45,43,0
44,18,18,44,31.0,62,26,17
18,12,12,18,15.0,30,6,9
1,5,1,5,3.0,6,4,0
4,1,1,4,2.5,5,3,0
2,5,2,5,3.5,7,3,1
14,10,10,14,12.0,24,4,6
4,5,4,5,4.5,9,1,3
19,31,19,31,25.0,50,12,14
18,9,9,18,13.5,27,9,2
3,17,3,17,10.0,20,14,0
1,9,1,9,5.0,10,8,0
5,1,1,5,3.0,6,4,0
4,1,1,4,2.5,5,3,0
6,1,1,6,3.5,7,5,0
1,4,1,4,2.5,5,3,0
1,5,1,5,3.0,6,4,0
1,11,1,11,6.0,12,10,0
7,6,6,7,6.5,13,1,5
1,5,1,5,3.0,6,4,0
19,19,19,19,19.0,38,0,18
3,6,3,6,4.5,9,3,2
5,13,5,13,9.0,18,8,4
6,5,5,6,5.5,11,1,4
5,1,1,5,3.0,6,4,0
3,12,3,12,7.5,15,9,2
1,6,1,6,3.5,7,5,0
14,12,12,14,13.0,26,2,9
4,2,2,4,3.0,6,2,1
5,1,1,5,3.0,6,4,0
7,2,2,7,4.5,9,5,0
13,13,13,13,13.0,26,0,12
1,5,1,5,3.0,6,4,0
21,24,21,24,22.5,45,3,14
4,1,1,4,2.5,5,3,0
1,6,1,6,3.5,7,5,0
5,1,1,5,3.0,6,4,0
13,16,13,16,14.5,29,3,9
12,12,12,12,12.0,24,0,10
11,1,1,11,6.0,12,10,0
6,1,1,6,3.5,7,5,0
4,5,4,5,4.5,9,1,3
2,8,2,8,5.0,10,6,1
1,4,1,4,2.5,5,3,0
7,25,7,25,16.0,32,18,6
1,5,1,5,3.0,6,4,0
6,1,1,6,3.5,7,5,0
4,1,1,4,2.5,5,3,0
1,6,1,6,3.5,7,5,0
12,8,8,12,10.0,20,4,7
5,5,5,5,5.0,10,0,3
9,2,2,9,5.5,11,7,1
18,18,18,18,18.0,36,0,15
1,5,1,5,3.0,6,4,0
45,40,40,45,42.5,85,5,31
5,6,5,6,5.5,11,1,4
17,18,17,18,17.5,35,1,12
22,41,22,41,31.5,63,19,19
30,36,30,36,33.0,66,6,0
4,9,4,9,6.5,13,5,1
11,10,10,11,10.5,21,1,9
2,4,2,4,3.0,6,2,0
11,16,11,16,13.5,27,5,10
4,1,1,4,2.5,5,3,0
1,7,1,7,4.0,8,6,0
5,1,1,5,3.0,6,4,0
12,13,12,13,12.5,25,1,11
1,6,1,6,3.5,7,5,0
1,16,1,16,8.5,17,15,0
5,1,1,5,3.0,6,4,0
1,5,1,5,3.0,6,4,0
7,7,7,7,7.0,14,0,5
6,6,6,6,6.0,12,0,4
4,4,4,4,4.0,8,0,3
34,9,9,34,21.5,43,25,6
7,16,7,16,11.5,23,9,6
5,4,4,5,4.5,9,1,2
1,5,1,5,3.0,6,4,0
1,4,1,4,2.5,5,3,0
8,20,8,20,14.0,28,12,6
17,14,14,17,15.5,31,3,8
30,32,30,32,31.0,62,2,29
23,20,20,23,21.5,43,3,16
1,5,1,5,3.0,6,4,0
10,44,10,44,27.0,54,34,6
11,9,9,11,10.0,20,2,5
1,4,1,4,2.5,5,3,0
44,51,44,51,47.5,95,7,26
4,1,1,4,2.5,5,3,0
13,13,13,13,13.0,26,0,8
2,5,2,5,3.5,7,3,1
1,4,1,4,2.5,5,3,0
11,9,9,11,10.0,20,2,8
12,21,12,21,16.5,33,9,11
2,5,2,5,3.5,7,3,1
1,88,1,88,44.5,89,87,0
10,11,10,11,10.5,21,1,9
4,1,1,4,2.5,5,3,0
6,1,1,6,3.5,7,5,0
4,8,4,8,6.0,12,4,0
17,16,16,17,16.5,33,1,14
6,1,1,6,3.5,7,5,0
29,35,29,35,32.0,64,6,18
12,1,1,12,6.5,13,11,0
6,6,6,6,6.0,12,0,5
12,22,12,22,17.0,34,10,8
17,8,8,17,12.5,25,9,3
24,48,24,48,36.0,72,24,17
18,20,18,20,19.0,38,2,16
1,8,1,8,4.5,9,7,0
4,1,1,4,2.5,5,3,0
1,17,1,17,9.0,18,16,0
17,1,1,17,9.0,18,16,0
4,1,1,4,2.5,5,3,0
6,9,6,9,7.5,15,3,3
6,4,4,6,5.0,10,2,3
21,23,21,23,22.0,44,2,19
24,23,23,24,23.5,47,1,21
9,15,9,15,12.0,24,6,1
2,5,2,5,3.5,7,3,0
2,18,2,18,10.0,20,16,1
1,4,1,4,2.5,5,3,0
6,5,5,6,5.5,11,1,4
5,1,1,5,3.0,6,4,0
5,5,5,5,5.0,10,0,4
2,6,2,6,4.0,8,4,0
34,27,27,34,30.5,61,7,23
22,12,12,22,17.0,34,10,10
5,6,5,6,5.5,11,1,4
2,4,2,4,3.0,6,2,1
1,5,1,5,3.0,6,4,0
4,1,1,4,2.5,5,3,0
5,2,2,5,3.5,7,3,1
5,1,1,5,3.0,6,4,0
4,4,4,4,4.0,8,0,3
7,9,7,9,8.0,16,2,3
2,21,2,21,11.5,23,19,1
9,4,4,9,6.5,13,5,3
4,4,4,4,4.0,8,0,3
18,5,5,18,11.5,23,13,3
9,6,6,9,7.5,15,3,4
11,22,11,22,16.5,33,11,8
1,146,1,146,73.5,147,145,0
12,10,10,12,11.0,22,2,7
10,1,1,10,5.5,11,9,0
4,4,4,4,4.0,8,0,2
18,18,18,18,18.0,36,0,14
6,6,6,6,6.0,12,0,3
7,9,7,9,8.0,16,2,6
12,11,11,12,11.5,23,1,3
41,36,36,41,38.5,77,5,31
4,1,1,4,2.5,5,3,0
6,1,1,6,3.5,7,5,0
23,15,15,23,19.0,38,8,13
4,2,2,4,3.0,6,2,1
11,1,1,11,6.0,12,10,0
5,7,5,7,6.0,12,2,0
4,3,3,4,3.5,7,1,2
1,4,1,4,2.5,5,3,0
2,5,2,5,3.5,7,3,1
8,9,8,9,8.5,17,1,7
3,5,3,5,4.0,8,2,2
12,6,6,12,9.0,18,6,0
17,33,17,33,25.0,50,16,13
4,4,4,4,4.0,8,0,3
9,22,9,22,15.5,31,13,0
1,6,1,6,3.5,7,5,0
15,33,15,33,24.0,48,18,9
9,9,9,9,9.0,18,0,8
21,23,21,23,22.0,44,2,18
12,12,12,12,12.0,24,0,7
8,4,4,8,6.0,12,4,2
6,1,1,6,3.5,7,5,0
12,1,1,12,6.5,13,11,0
11,7,7,11,9.0,18,4,5
21,4,4,21,12.5,25,17,1
1,146,1,146,73.5,147,145,0
5,3,3,5,4.0,8,2,2
2,4,2,4,3.0,6,2,0
3,4,3,4,3.5,7,1,2
1,6,1,6,3.5,7,5,0
21,18,18,21,19.5,39,3,16
40,29,29,40,34.5,69,11,27
9,15,9,15,12.0,24,6,8
4,1,1,4,2.5,5,3,0
5,1,1,5,3.0,6,4,0
1,6,1,6,3.5,7,5,0
4,1,1,4,2.5,5,3,0
1,5,1,5,3.0,6,4,0
6,1,1,6,3.5,7,5,0
8,9,8,9,8.5,17,1,4
19,12,12,19,15.5,31,7,11
11,15,11,15,13.0,26,4,10
49,29,29,49,39.0,78,20,20
4,1,1,4,2.5,5,3,0
2,4,2,4,3.0,6,2,0
4,1,1,4,2.5,5,3,0
14,2,2,14,8.0,16,12,1
20,21,20,21,20.5,41,1,19
1,4,1,4,2.5,5,3,0
12,11,11,12,11.5,23,1,7
28,25,25,28,26.5,53,3,23
6,17,6,17,11.5,23,11,1
5,4,4,5,4.5,9,1,3
1,10,1,10,5.5,11,9,0
34,53,34,53,43.5,87,19,24
26,17,17,26,21.5,43,9,0
1,5,1,5,3.0,6,4,0
46,1,1,46,23.5,47,45,0
1,4,1,4,2.5,5,3,0
7,13,7,13,10.0,20,6,1
1,5,1,5,3.0,6,4,0
16,24,16,24,20.0,40,8,10
1,8,1,8,4.5,9,7,0
12,13,12,13,12.5,25,1,11
9,10,9,10,9.5,19,1,8
1,12,1,12,6.5,13,11,0
1,6,1,6,3.5,7,5,0
7,6,6,7,6.5,13,1,5
12,1,1,12,6.5,13,11,0
9,12,9,12,10.5,21,3,5
5,6,5,6,5.5,11,1,3
5,4,4,5,4.5,9,1,3
38,18,18,38,28.0,56,20,16
36,31,31,36,33.5,67,5,27
32,31,31,32,31.5,63,1,24
6,6,6,6,6.0,12,0,2
1,5,1,5,3.0,6,4,0
4,6,4,6,5.0,10,2,2
5,6,5,6,5.5,11,1,4
25,23,23,25,24.0,48,2,17
7,15,7,15,11.0,22,8,6
7,9,7,9,8.0,16,2,6
5,1,1,5,3.0,6,4,0
16,9,9,16,12.5,25,7,8
7,9,7,9,8.0,16,2,6
7,7,7,7,7.0,14,0,6
7,7,7,7,7.0,14,0,6
15,14,14,15,14.5,29,1,13
7,6,6,7,6.5,13,1,2
13,11,11,13,12.0,24,2,9
4,5,4,5,4.5,9,1,1
7,13,7,13,10.0,20,6,6
1,4,1,4,2.5,5,3,0
5,5,5,5,5.0,10,0,4
31,32,31,32,31.5,63,1,29
14,3,3,14,8.5,17,11,0
6,8,6,8,7.0,14,2,4
5,2,2,5,3.5,7,3,0
5,1,1,5,3.0,6,4,0
4,1,1,4,2.5,5,3,0
1,5,1,5,3.0,6,4,0
2,9,2,9,5.5,11,7,1
4,5,4,5,4.5,9,1,2
6,19,6,19,12.5,25,13,5
23,1,1,23,12.0,24,22,0
1,5,1,5,3.0,6,4,0
6,1,1,6,3.5,7,5,0
10,1,1,10,5.5,11,9,0
19,28,19,28,23.5,47,9,16
1,4,1,4,2.5,5,3,0
4,5,4,5,4.5,9,1,3
4,11,4,11,7.5,15,7,2
18,18,18,18,18.0,36,0,16
4,1,1,4,2.5,5,3,0
7,9,7,9,8.0,16,2,6
21,25,21,25,23.0,46,4,20
5,3,3,5,4.0,8,2,2
13,1,1,13,7.0,14,12,0
10,10,10,10,10.0,20,0,9
1,6,1,6,3.5,7,5,0
5,6,5,6,5.5,11,1,0
4,4,4,4,4.0,8,0,3
17,10,10,17,13.5,27,7,9
22,19,19,22,20.5,41,3,16
12,11,11,12,11.5,23,1,9
25,55,25,55,40.0,80,30,23
18,12,12,18,15.0,30,6,9
4,4,4,4,4.0,8,0,3
23,15,15,23,19.0,38,8,12
1,6,1,6,3.5,7,5,0
1,4,1,4,2.5,5,3,0
22,20,20,22,21.0,42,2,15
5,1,1,5,3.0,6,4,0
9,11,9,11,10.0,20,2,7
1,16,1,16,8.5,17,15,0
10,10,10,10,10.0,20,0,8
9,5,5,9,7.0,14,4,4
8,8,8,8,8.0,16,0,7
6,4,4,6,5.0,10,2,3
10,10,10,10,10.0,20,0,9
11,1,1,11,6.0,12,10,0
14,15,14,15,14.5,29,1,11
4,11,4,11,7.5,15,7,3
5,5,5,5,5.0,10,0,3
10,7,7,10,8.5,17,3,4
5,2,2,5,3.5,7,3,1
10,1,1,10,5.5,11,9,0
5,7,5,7,6.0,12,2,4
24,22,22,24,23.0,46,2,16
6,4,4,6,5.0,10,2,3
2,4,2,4,3.0,6,2,1
6,1,1,6,3.5,7,5,0
4,5,4,5,4.5,9,1,1
5,8,5,8,6.5,13,3,4
1,5,1,5,3.0,6,4,0
2,4,2,4,3.0,6,2,1
12,14,12,14,13.0,26,2,11
19,18,18,19,18.5,37,1,17
34,9,9,34,21.5,43,25,5
1,5,1,5,3.0,6,4,0
6,1,1,6,3.5,7,5,0
32,32,32,32,32.0,64,0,30
1,5,1,5,3.0,6,4,0
1,4,1,4,2.5,5,3,0
4,6,4,6,5.0,10,2,3
7,6,6,7,6.5,13,1,5
8,3,3,8,5.5,11,5,0
4,4,4,4,4.0,8,0,3
3,5,3,5,4.0,8,2,2
4,1,1,4,2.5,5,3,0
5,5,5,5,5.0,10,0,2
15,15,15,15,15.0,30,0,13
4,1,1,4,2.5,5,3,0
4,1,1,4,2.5,5,3,0
6,5,5,6,5.5,11,1,4
5,1,1,5,3.0,6,4,0
1,5,1,5,3.0,6,4,0
1,9,1,9,5.0,10,8,0
10,8,8,10,9.0,18,2,6
13,4,4,13,8.5,17,9,3
1,105,1,105,53.0,106,104,0
1,8,1,8,4.5,9,7,0
4,4,4,4,4.0,8,0,3
8,9,8,9,8.5,17,1,4
7,43,7,43,25.0,50,36,0
6,7,6,7,6.5,13,1,5
22,1,1,22,11.5,23,21,0
4,3,3,4,3.5,7,1,2
14,16,14,16,15.0,30,2,10
1,5,1,5,3.0,6,4,0
29,40,29,40,34.5,69,11,27
7,14,7,14,10.5,21,7,4
1,16,1,16,8.5,17,15,0
17,1,1,17,9.0,18,16,0
4,17,4,17,10.5,21,13,0
7,6,6,7,6.5,13,1,4
9,6,6,9,7.5,15,3,4
6,8,6,8,7.0,14,2,5
1,4,1,4,2.5,5,3,0
14,1,1,14,7.5,15,13,0
23,36,23,36,29.5,59,13,22
4,1,1,4,2.5,5,3,0
12,12,12,12,12.0,24,0,10
5,2,2,5,3.5,7,3,1
4,1,1,4,2.5,5,3,0
16,15,15,16,15.5,31,1,13
4,1,1,4,2.5,5,3,0
8,9,8,9,8.5,17,1,4
49,25,25,49,37.0,74,24,24
7,14,7,14,10.5,21,7,6
6,6,6,6,6.0,12,0,4
21,21,21,21,21.0,42,0,19
1,4,1,4,2.5,5,3,0
6,2,2,6,4.0,8,4,1
3,13,3,13,8.0,16,10,1
9,8,8,9,8.5,17,1,7
10,11,10,11,10.5,21,1,9
6,1,1,6,3.5,7,5,0
4,1,1,4,2.5,5,3,0
20,16,16,20,18.0,36,4,13
2,88,2,88,45.0,90,86,0
8,4,4,8,6.0,12,4,3
17,16,16,17,16.5,33,1,14
4,1,1,4,2.5,5,3,0
7,5,5,7,6.0,12,2,4
8,11,8,11,9.5,19,3,3
11,12,11,12,11.5,23,1,10
1,9,1,9,5.0,10,8,0
1,4,1,4,2.5,5,3,0
1,5,1,5,3.0,6,4,0
13,13,13,13,13.0,26,0,12
13,146,13,146,79.5,159,133,0
9,9,9,9,9.0,18,0,7
5,1,1,5,3.0,6,4,0
49,38,38,49,43.5,87,11,19
6,7,6,7,6.5,13,1,3
1,12,1,12,6.5,13,11,0
4,4,4,4,4.0,8,0,3
15,20,15,20,17.5,35,5,13
7,6,6,7,6.5,13,1,5
27,23,23,27,25.0,50,4,21
7,4,4,7,5.5,11,3,1
13,6,6,13,9.5,19,7,4
11,10,10,11,10.5,21,1,9
8,3,3,8,5.5,11,5,1
1,9,1,9,5.0,10,8,0
21,1,1,21,11.0,22,20,0
7,11,7,11,9.0,18,4,6
4,6,4,6,5.0,10,2,3
4,1,1,4,2.5,5,3,0
1,7,1,7,4.0,8,6,0
11,1,1,11,6.0,12,10,0
15,12,12,15,13.5,27,3,11
10,11,10,11,10.5,21,1,7
7,1,1,7,4.0,8,6,0
1,4,1,4,2.5,5,3,0
6,1,1,6,3.5,7,5,0
4,1,1,4,2.5,5,3,0
29,50,29,50,39.5,79,21,26
1,6,1,6,3.5,7,5,0
8,1,1,8,4.5,9,7,0
18,13,13,18,15.5,31,5,11
4,1,1,4,2.5,5,3,0
1,4,1,4,2.5,5,3,0
4,1,1,4,2.5,5,3,0
5,4,4,5,4.5,9,1,0
4,2,2,4,3.0,6,2,1
4,4,4,4,4.0,8,0,3
17,49,17,49,33.0,66,32,8
4,1,1,4,2.5,5,3,0
4,2,2,4,3.0,6,2,0
5,1,1,5,3.0,6,4,0
7,9,7,9,8.0,16,2,6
